age,sex,race,marital_status,relationship_label,functional_weight,education,workclass,occupation,capital_gain,capital_loss,hours_per_week,native_country,target
66,Male,White,Married-civ-spouse,0,36364,HS-grad,Local-gov,Craft-repair,0,2267,40,39,0
32,Male,White,Never-married,1,142675,HS-grad,Private,Craft-repair,0,0,40,39,0
28,Female,Black,Never-married,1,161087,Some-college,Private,Exec-managerial,0,0,45,23,0
39,Male,White,Never-married,1,32146,Masters,Private,Prof-specialty,0,0,60,39,0
31,Male,White,Divorced,3,347166,Some-college,Private,Craft-repair,4650,0,40,39,0
48,Male,White,Married-civ-spouse,0,126754,Masters,Private,Prof-specialty,15024,0,40,39,1
42,Male,White,Divorced,1,20809,HS-grad,Private,Craft-repair,0,0,75,39,1
41,Female,White,Widowed,1,289669,HS-grad,Private,Machine-op-inspct,0,0,40,39,0
27,Male,White,Never-married,4,181280,Masters,Private,Handlers-cleaners,0,0,30,39,0
26,Male,Black,Separated,1,156976,Assoc-voc,Private,Other-service,0,0,40,39,0
50,Female,White,Divorced,1,257933,Some-college,Private,Adm-clerical,0,0,40,39,0
50,Male,White,Married-civ-spouse,0,81548,HS-grad,Private,Prof-specialty,0,0,40,39,0
50,Male,White,Married-civ-spouse,0,196504,Doctorate,Self-emp-not-inc,Prof-specialty,0,0,23,39,0
72,Male,Black,Divorced,1,284080,1st-4th,Private,Other-service,0,0,40,39,0
53,Male,Black,Never-married,1,233722,Assoc-acdm,Local-gov,Adm-clerical,0,0,40,39,0
59,Female,White,Married-civ-spouse,2,268840,Some-college,Private,Adm-clerical,0,0,16,39,1
70,Male,White,Married-civ-spouse,0,131060,7th-8th,Private,Other-service,0,0,25,39,0
60,Male,White,Married-civ-spouse,0,193235,Assoc-acdm,Private,Adm-clerical,0,0,24,39,0
50,Male,White,Married-civ-spouse,0,75472,HS-grad,Private,Craft-repair,4386,0,40,0,0
20,Female,White,Never-married,3,259496,Some-college,Private,Sales,0,0,20,39,0
25,Female,White,Married-spouse-absent,4,35854,Some-college,Private,Sales,0,0,40,39,0
36,Male,White,Married-civ-spouse,0,218015,Some-college,Private,Machine-op-inspct,0,0,48,39,0
74,Female,White,Widowed,1,129879,HS-grad,Private,Adm-clerical,15831,0,40,39,1
41,Male,White,Married-civ-spouse,0,57233,Bachelors,Private,Sales,0,0,70,39,0
32,Male,White,Divorced,3,213179,Some-college,Private,Craft-repair,0,0,40,39,1
17,Female,White,Never-married,3,187539,11th,Other,Other,0,0,10,39,0
28,Male,White,Married-civ-spouse,0,356555,Some-college,Private,Exec-managerial,0,0,48,39,0
52,Male,White,Married-civ-spouse,0,259363,HS-grad,Private,Craft-repair,0,0,50,39,1
21,Male,White,Never-married,3,89154,11th,Private,Other-service,0,0,42,8,0
37,Male,Black,Divorced,1,354929,Assoc-acdm,State-gov,Protective-serv,0,0,38,39,0
35,Female,White,Never-married,1,283305,Bachelors,Private,Exec-managerial,0,0,40,39,0
36,Male,White,Divorced,4,31438,HS-grad,Private,Transport-moving,0,0,43,0,0
27,Male,White,Never-married,1,166350,HS-grad,Private,Sales,0,0,50,39,0
35,Female,White,Divorced,1,270572,Bachelors,Private,Prof-specialty,0,0,40,39,1
19,Male,White,Never-married,3,71650,HS-grad,Private,Farming-fishing,0,0,40,39,0
18,Male,White,Never-married,3,110230,10th,Private,Other-service,0,0,11,39,0
51,Male,White,Divorced,1,311569,HS-grad,Self-emp-not-inc,Sales,0,0,40,39,0
37,Male,White,Married-civ-spouse,0,278632,9th,Private,Transport-moving,0,0,40,39,0
34,Male,White,Never-married,1,319854,Doctorate,Private,Prof-specialty,0,0,40,36,1
19,Female,White,Never-married,3,197384,Some-college,Private,Other-service,0,0,10,39,0
48,Male,White,Married-civ-spouse,0,266764,Some-college,Private,Craft-repair,0,0,45,39,1
51,Male,White,Married-civ-spouse,0,241843,Preschool,Local-gov,Other-service,0,0,40,39,0
26,Male,White,Married-civ-spouse,0,213625,Assoc-acdm,Private,Sales,0,0,40,39,0
50,Male,White,Divorced,1,204447,Some-college,Self-emp-inc,Protective-serv,0,0,40,39,0
31,Male,White,Never-married,1,212235,Some-college,Private,Sales,0,0,45,39,0
72,Male,White,Divorced,1,158092,Bachelors,Private,Sales,0,0,30,39,0
38,Male,White,Married-civ-spouse,0,229009,HS-grad,Private,Other-service,0,0,45,39,0
59,Female,White,Widowed,1,294395,Masters,Private,Prof-specialty,0,0,40,39,0
24,Male,White,Married-civ-spouse,0,216469,HS-grad,Private,Machine-op-inspct,0,1579,50,39,0
49,Male,White,Married-civ-spouse,0,176814,Some-college,Private,Craft-repair,0,0,50,2,0
20,Male,White,Never-married,3,175069,Some-college,Private,Adm-clerical,0,0,40,41,0
57,Male,White,Married-civ-spouse,0,127728,Bachelors,Private,Exec-managerial,15024,0,50,39,1
44,Male,White,Divorced,1,302424,HS-grad,Private,Machine-op-inspct,0,0,55,39,0
29,Male,White,Married-civ-spouse,0,194940,Bachelors,Private,Exec-managerial,0,0,40,39,0
42,Male,White,Married-civ-spouse,0,120837,HS-grad,Self-emp-not-inc,Craft-repair,0,2042,48,39,0
47,Male,White,Married-civ-spouse,0,78529,Bachelors,Private,Sales,0,0,60,39,1
68,Male,White,Married-civ-spouse,0,255276,Some-college,Other,Other,0,0,48,39,1
53,Male,Black,Never-married,1,226135,9th,Private,Craft-repair,0,0,40,23,0
18,Female,White,Never-married,3,267399,12th,Other,Other,0,0,12,39,0
28,Male,White,Never-married,1,209205,Bachelors,Private,Prof-specialty,0,0,60,39,1
31,Male,Black,Never-married,1,219883,HS-grad,Local-gov,Protective-serv,0,0,40,39,0
39,Female,White,Never-married,1,286261,Masters,Self-emp-inc,Prof-specialty,0,0,40,39,0
50,Female,Black,Separated,4,92969,1st-4th,Private,Prof-specialty,0,0,40,39,0
62,Female,White,Married-civ-spouse,5,155094,Assoc-voc,Private,Exec-managerial,0,0,45,39,1
43,Male,White,Married-civ-spouse,0,180096,Assoc-voc,Private,Craft-repair,0,0,50,39,1
26,Male,White,Never-married,1,189590,Some-college,Private,Adm-clerical,0,0,30,39,0
42,Female,White,Divorced,3,192397,Some-college,State-gov,Adm-clerical,0,0,38,39,0
18,Female,White,Never-married,3,171088,Some-college,Private,Sales,0,0,10,39,0
52,Female,White,Married-civ-spouse,5,198262,HS-grad,Without-pay,Adm-clerical,0,0,30,39,0
36,Male,White,Married-civ-spouse,0,321274,Bachelors,Self-emp-not-inc,Farming-fishing,0,0,50,39,0
25,Female,Black,Never-married,2,397962,HS-grad,Private,Adm-clerical,0,0,40,39,0
23,Female,White,Never-married,1,250037,Some-college,Private,Farming-fishing,0,0,50,39,0
30,Male,White,Never-married,3,329425,Some-college,Private,Protective-serv,0,0,48,39,0
44,Male,White,Divorced,3,157614,HS-grad,Private,Sales,0,0,38,39,0
41,Male,White,Married-civ-spouse,0,113324,HS-grad,Private,Handlers-cleaners,0,0,40,39,0
24,Male,Amer-Indian-Eskimo,Never-married,4,259351,Some-college,Private,Craft-repair,0,0,40,26,0
49,Male,White,Married-civ-spouse,0,233639,11th,Private,Other-service,0,0,50,39,0
46,Female,White,Divorced,4,133616,Some-college,Private,Adm-clerical,0,0,40,39,0
60,Female,White,Married-spouse-absent,4,184242,HS-grad,Private,Other-service,0,0,20,39,0
49,Male,White,Married-civ-spouse,0,65087,Masters,Private,Exec-managerial,15024,0,50,39,1
31,Male,White,Divorced,1,133861,Assoc-acdm,Private,Exec-managerial,0,0,40,39,0
54,Male,White,Married-civ-spouse,0,172281,HS-grad,Private,Transport-moving,0,2051,50,39,0
31,Male,White,Married-civ-spouse,0,181091,Bachelors,Private,Sales,0,0,40,39,1
43,Male,White,Married-civ-spouse,0,198316,Bachelors,Self-emp-inc,Exec-managerial,0,0,50,39,1
48,Male,White,Married-civ-spouse,0,216999,HS-grad,Private,Craft-repair,0,0,40,39,1
37,Female,White,Married-spouse-absent,1,176293,Some-college,Private,Prof-specialty,0,0,30,39,0
18,Male,White,Never-married,3,196061,Some-college,Other,Other,0,0,33,39,0
52,Male,White,Married-civ-spouse,0,110748,Masters,Private,Prof-specialty,0,0,50,39,1
54,Female,White,Never-married,1,425804,Some-college,Private,Exec-managerial,0,0,45,39,1
24,Male,White,Never-married,3,121313,Some-college,Private,Transport-moving,0,0,50,39,0
43,Male,White,Married-civ-spouse,0,243432,HS-grad,Self-emp-not-inc,Craft-repair,0,0,60,39,0
38,Male,White,Married-civ-spouse,0,132879,HS-grad,Private,Craft-repair,7298,0,50,39,1
20,Female,White,Never-married,3,205970,Some-college,Private,Craft-repair,0,0,25,39,0
36,Male,White,Married-civ-spouse,0,185099,Prof-school,Private,Prof-specialty,0,0,55,39,1
51,Female,White,Widowed,4,68882,1st-4th,Private,Other-service,0,0,35,32,0
70,Male,White,Married-civ-spouse,0,282642,HS-grad,Private,Handlers-cleaners,0,2174,40,39,1
35,Male,White,Never-married,3,199753,HS-grad,Private,Machine-op-inspct,0,0,48,39,0
36,Male,White,Married-civ-spouse,0,103605,HS-grad,Private,Handlers-cleaners,0,0,40,39,0
64,Male,White,Married-civ-spouse,0,181232,11th,Private,Craft-repair,0,2179,40,39,0
54,Male,White,Married-civ-spouse,0,75235,HS-grad,Federal-gov,Exec-managerial,5178,0,40,39,1
36,Male,White,Married-civ-spouse,0,201117,Bachelors,Private,Exec-managerial,0,0,50,39,0
63,Male,Black,Married-civ-spouse,0,225102,HS-grad,Private,Handlers-cleaners,0,0,40,0,0
54,Female,Black,Divorced,1,50385,Bachelors,Private,Exec-managerial,0,0,45,39,1
29,Male,White,Never-married,1,189565,HS-grad,Private,Exec-managerial,2174,0,50,39,0
23,Female,White,Married-civ-spouse,5,209034,HS-grad,Private,Machine-op-inspct,3942,0,40,39,0
43,Female,White,Separated,1,172364,HS-grad,Private,Exec-managerial,0,0,48,39,0
24,Female,White,Never-married,3,212210,Assoc-acdm,Local-gov,Adm-clerical,0,0,20,0,0
38,Female,White,Separated,4,122952,HS-grad,Private,Craft-repair,0,0,35,39,0
40,Male,White,Married-civ-spouse,0,240504,Assoc-acdm,Local-gov,Exec-managerial,0,0,40,39,1
37,Female,White,Never-married,1,188503,Bachelors,Private,Adm-clerical,0,0,35,39,0
41,Male,White,Married-civ-spouse,0,194636,Assoc-voc,Private,Machine-op-inspct,0,0,40,39,0
37,Male,White,Divorced,4,257042,HS-grad,Private,Craft-repair,1506,0,40,39,0
50,Female,White,Divorced,4,128814,HS-grad,Private,Other-service,0,0,25,39,0
19,Female,White,Never-married,3,100999,11th,Self-emp-not-inc,Adm-clerical,0,0,30,39,0
28,Male,White,Married-civ-spouse,0,156257,Some-college,Private,Craft-repair,0,0,60,39,1
28,Male,White,Separated,2,204600,HS-grad,Private,Protective-serv,0,0,40,39,0
35,Male,White,Married-civ-spouse,0,126675,HS-grad,Private,Exec-managerial,0,0,48,39,0
38,Male,Black,Never-married,3,279315,HS-grad,Private,Other-service,0,0,40,39,0
48,Male,Asian-Pac-Islander,Married-civ-spouse,0,91251,7th-8th,Private,Other-service,0,0,30,3,0
23,Male,Black,Never-married,3,291407,Some-college,Private,Sales,0,0,25,39,0
21,Male,White,Never-married,1,32732,Some-college,Private,Sales,0,0,40,39,0
21,Male,White,Never-married,3,278391,Some-college,Other,Other,0,0,16,39,0
58,Male,White,Married-civ-spouse,0,104333,Some-college,Private,Craft-repair,0,0,40,39,1
48,Female,White,Divorced,4,54759,HS-grad,Private,Prof-specialty,0,0,38,39,0
23,Female,White,Married-civ-spouse,5,169188,Some-college,Private,Exec-managerial,0,0,25,39,0
32,Female,White,Never-married,1,118551,Masters,Private,Exec-managerial,0,0,45,39,1
25,Male,White,Never-married,1,242464,Bachelors,Private,Adm-clerical,0,0,40,39,0
23,Female,White,Never-married,3,170091,Some-college,State-gov,Prof-specialty,0,0,6,39,0
43,Female,White,Married-civ-spouse,5,105862,Some-college,Local-gov,Adm-clerical,0,1902,40,39,1
43,Male,White,Never-married,1,144778,Bachelors,Federal-gov,Exec-managerial,0,0,40,39,1
23,Female,White,Never-married,1,305498,Assoc-voc,State-gov,Tech-support,0,0,40,39,0
35,Male,White,Married-civ-spouse,0,171968,HS-grad,Private,Machine-op-inspct,0,0,40,39,0
61,Male,White,Married-civ-spouse,0,129246,10th,Private,Craft-repair,0,0,48,39,0
33,Male,Asian-Pac-Islander,Never-married,3,69251,Assoc-voc,Private,Sales,0,0,40,30,0
41,Female,Black,Separated,4,190591,HS-grad,Private,Other-service,0,0,20,39,0
40,Male,White,Married-civ-spouse,0,252392,5th-6th,Private,Other-service,0,0,40,26,0
45,Male,Black,Married-civ-spouse,0,261192,HS-grad,Private,Other-service,0,0,40,39,0
48,Female,White,Married-civ-spouse,5,31264,Some-college,Local-gov,Exec-managerial,5178,0,40,39,1
58,Male,White,Married-civ-spouse,0,209423,1st-4th,Private,Other-service,0,0,38,5,0
58,Male,White,Married-civ-spouse,0,34788,Some-college,Private,Sales,0,1887,40,39,1
22,Female,White,Never-married,3,127647,HS-grad,Private,Other-service,0,0,36,39,0
53,Male,White,Married-civ-spouse,0,240914,Some-college,Private,Craft-repair,0,0,40,39,0
32,Male,White,Never-married,4,244147,HS-grad,Private,Craft-repair,0,0,10,39,0
22,Male,White,Married-civ-spouse,0,180449,Some-college,Private,Handlers-cleaners,0,0,28,39,0
26,Female,Black,Never-married,4,159897,Some-college,Private,Exec-managerial,0,0,40,39,0
23,Female,White,Never-married,1,193090,Bachelors,Private,Prof-specialty,0,0,38,39,0
18,Female,White,Never-married,1,301814,HS-grad,Private,Sales,0,0,20,39,0
41,Male,White,Married-civ-spouse,0,220531,Doctorate,Private,Prof-specialty,0,0,50,39,1
29,Male,White,Married-civ-spouse,0,149324,Some-college,Private,Craft-repair,0,1485,40,39,1
29,Male,White,Married-civ-spouse,0,132874,HS-grad,Private,Craft-repair,0,0,40,39,0
26,Female,White,Divorced,3,176008,HS-grad,Private,Adm-clerical,0,0,40,39,0
45,Male,White,Married-civ-spouse,0,168038,Bachelors,Private,Exec-managerial,0,0,32,39,0
33,Male,White,Married-civ-spouse,0,192256,Bachelors,Self-emp-not-inc,Craft-repair,0,0,50,39,0
47,Male,White,Divorced,1,233511,Masters,Private,Sales,27828,0,60,39,1
49,Male,White,Never-married,2,240869,7th-8th,Private,Other-service,0,0,35,39,0
39,Female,White,Divorced,1,245361,Bachelors,Private,Exec-managerial,0,0,25,39,0
21,Male,White,Never-married,2,252024,HS-grad,Private,Handlers-cleaners,0,0,20,26,0
26,Male,White,Never-married,3,120268,Bachelors,Private,Adm-clerical,0,0,24,39,0
30,Female,Asian-Pac-Islander,Separated,4,88913,Some-college,Private,Other-service,0,0,40,39,0
47,Male,Black,Married-civ-spouse,0,402975,Some-college,Federal-gov,Exec-managerial,0,0,40,39,0
49,Male,White,Divorced,4,259323,HS-grad,Private,Craft-repair,0,0,40,39,0
36,Female,White,Married-civ-spouse,5,340091,Doctorate,State-gov,Prof-specialty,0,0,36,39,1
27,Male,White,Married-civ-spouse,0,185670,Bachelors,Private,Sales,0,0,60,39,1
47,Male,White,Married-civ-spouse,0,148576,Prof-school,Local-gov,Prof-specialty,0,0,35,39,0
51,Male,White,Never-married,1,64643,HS-grad,Private,Farming-fishing,0,0,60,0,0
50,Male,White,Married-civ-spouse,0,356619,HS-grad,State-gov,Prof-specialty,0,0,48,39,1
40,Male,White,Married-civ-spouse,0,260761,Bachelors,Private,Adm-clerical,0,0,40,26,0
34,Male,White,Married-civ-spouse,0,154120,Masters,Self-emp-inc,Sales,0,0,60,39,1
37,Male,White,Married-civ-spouse,0,214738,HS-grad,Private,Machine-op-inspct,0,0,40,39,0
66,Male,White,Married-civ-spouse,0,186324,Bachelors,Private,Sales,0,0,5,39,1
48,Male,White,Married-civ-spouse,0,96359,Bachelors,Private,Exec-managerial,0,0,60,12,1
54,Female,White,Divorced,4,177675,HS-grad,Private,Adm-clerical,0,0,42,39,0
38,Male,White,Married-civ-spouse,0,190759,11th,Private,Craft-repair,0,0,40,39,0
50,Male,Asian-Pac-Islander,Married-civ-spouse,0,339547,Prof-school,Local-gov,Adm-clerical,0,0,40,25,1
22,Female,White,Never-married,1,117363,Some-college,Private,Adm-clerical,0,0,35,39,0
42,Female,White,Divorced,4,66460,Some-college,Private,Exec-managerial,0,0,45,39,0
50,Male,Asian-Pac-Islander,Married-civ-spouse,0,302708,Bachelors,Self-emp-inc,Exec-managerial,7688,0,50,24,1
29,Female,White,Divorced,4,65372,Some-college,Other,Other,0,0,40,39,0
49,Male,White,Married-civ-spouse,0,203067,Some-college,Private,Prof-specialty,0,0,40,39,1
35,Female,White,Never-married,1,190174,Some-college,Private,Exec-managerial,0,0,40,39,0
19,Female,White,Never-married,3,57145,HS-grad,Private,Other-service,0,0,25,39,0
47,Male,White,Married-civ-spouse,0,359461,Bachelors,Private,Craft-repair,0,0,40,39,0
27,Male,White,Married-civ-spouse,0,133696,Some-college,Private,Prof-specialty,0,0,88,39,0
53,Male,White,Married-civ-spouse,0,228500,HS-grad,Private,Machine-op-inspct,0,0,40,39,1
30,Male,White,Married-civ-spouse,0,197558,HS-grad,Private,Handlers-cleaners,0,0,40,39,0
47,Male,White,Married-civ-spouse,0,101684,HS-grad,Private,Craft-repair,0,0,40,39,0
45,Female,White,Divorced,4,164427,Bachelors,Local-gov,Prof-specialty,0,0,40,39,0
19,Female,White,Never-married,1,356272,Some-college,Private,Adm-clerical,0,0,25,39,0
52,Male,White,Married-spouse-absent,1,89041,Bachelors,Private,Prof-specialty,0,0,30,39,1
47,Male,White,Divorced,1,150768,Bachelors,Private,Handlers-cleaners,0,1564,51,39,1
68,Female,White,Widowed,4,214521,Prof-school,Private,Prof-specialty,0,0,16,39,0
46,Male,White,Divorced,1,45363,Prof-school,Private,Prof-specialty,0,2824,40,39,1
41,Male,White,Married-civ-spouse,0,126094,HS-grad,Self-emp-not-inc,Exec-managerial,0,0,38,39,0
41,Male,White,Married-civ-spouse,0,125831,HS-grad,Self-emp-inc,Sales,0,1887,55,39,1
25,Male,White,Married-civ-spouse,0,75759,HS-grad,Private,Transport-moving,0,0,44,39,1
36,Male,White,Married-civ-spouse,0,68273,Bachelors,Private,Sales,0,0,40,39,1
63,Male,White,Widowed,4,181929,HS-grad,Private,Exec-managerial,0,0,50,39,1
34,Male,White,Married-civ-spouse,0,202046,HS-grad,Private,Craft-repair,0,0,35,39,1
54,Female,White,Divorced,4,21698,10th,Private,Other-service,0,0,40,39,0
28,Male,White,Never-married,1,72443,Some-college,Private,Exec-managerial,0,1669,60,39,0
61,Female,White,Widowed,1,161279,HS-grad,Other,Other,0,0,36,39,0
36,Male,White,Married-civ-spouse,0,136343,Bachelors,Private,Prof-specialty,0,0,40,39,1
23,Female,White,Never-married,3,104443,Some-college,Private,Adm-clerical,0,0,40,39,0
33,Male,White,Married-civ-spouse,0,206609,HS-grad,Self-emp-inc,Exec-managerial,0,0,50,39,0
67,Male,White,Married-civ-spouse,0,101132,7th-8th,Private,Craft-repair,1797,0,40,39,0
30,Male,White,Never-married,1,113129,Some-college,Private,Other-service,0,0,24,39,0
21,Male,White,Never-married,4,190227,HS-grad,Private,Adm-clerical,0,0,40,39,0
41,Male,White,Married-civ-spouse,0,67065,Assoc-voc,Private,Sales,0,0,40,39,0
21,Female,White,Never-married,1,96844,Some-college,Private,Adm-clerical,0,0,20,39,0
75,Male,Asian-Pac-Islander,Widowed,2,81534,HS-grad,Self-emp-inc,Sales,0,0,35,39,1
47,Male,White,Married-civ-spouse,0,148884,HS-grad,Private,Transport-moving,0,0,60,39,0
40,Female,White,Divorced,1,197012,Bachelors,Local-gov,Tech-support,8614,0,40,9,1
49,Female,White,Married-civ-spouse,5,266150,HS-grad,Private,Machine-op-inspct,0,0,40,39,0
24,Female,White,Never-married,1,103064,Bachelors,Private,Prof-specialty,0,0,40,39,0
20,Male,White,Never-married,3,278155,Some-college,Private,Adm-clerical,0,0,40,39,0
28,Male,White,Never-married,3,159001,HS-grad,Private,Handlers-cleaners,0,0,30,39,0
53,Male,Black,Married-civ-spouse,0,208321,HS-grad,Private,Other-service,0,1740,40,39,0
28,Female,White,Never-married,4,66434,10th,Private,Other-service,0,0,15,39,0
24,Male,White,Never-married,1,232918,Bachelors,State-gov,Prof-specialty,0,0,20,39,0
43,Male,White,Married-civ-spouse,0,260960,Bachelors,State-gov,Prof-specialty,0,0,50,39,0
30,Male,White,Married-civ-spouse,0,45796,Some-college,Self-emp-not-inc,Machine-op-inspct,0,0,40,39,0
45,Male,White,Married-civ-spouse,0,252079,Some-college,Private,Prof-specialty,0,0,50,39,1
24,Female,White,Never-married,1,215251,Bachelors,Private,Exec-managerial,0,0,50,39,0
34,Female,Black,Separated,4,184147,HS-grad,Private,Sales,0,0,20,39,0
31,Male,White,Never-married,1,218322,Some-college,Private,Other-service,0,0,30,39,0
29,Male,White,Never-married,1,48895,HS-grad,Private,Craft-repair,0,0,50,39,0
46,Male,White,Married-civ-spouse,0,249935,Doctorate,Private,Prof-specialty,0,0,70,39,0
20,Female,White,Never-married,4,137300,Assoc-voc,Private,Machine-op-inspct,0,0,40,39,0
38,Male,Black,Widowed,4,254439,10th,Private,Transport-moving,114,0,40,39,0
68,Female,White,Widowed,4,223486,HS-grad,Private,Other-service,0,0,7,9,0
27,Male,White,Married-civ-spouse,0,120126,Bachelors,Self-emp-inc,Exec-managerial,0,1887,45,39,1
34,Male,White,Married-civ-spouse,0,177675,Bachelors,Local-gov,Exec-managerial,0,0,55,39,1
25,Female,White,Never-married,1,234057,HS-grad,Private,Craft-repair,0,0,40,39,0
26,Male,White,Never-married,3,164386,HS-grad,Private,Craft-repair,0,0,48,39,0
36,Male,White,Married-civ-spouse,0,117381,HS-grad,Private,Machine-op-inspct,0,0,40,39,0
33,Male,White,Married-civ-spouse,0,279173,HS-grad,Private,Prof-specialty,0,0,60,39,0
37,Male,White,Never-married,1,116960,Bachelors,Private,Prof-specialty,0,0,45,39,1
28,Male,White,Never-married,3,115549,Some-college,Private,Machine-op-inspct,0,0,60,39,0
21,Female,White,Never-married,4,356772,HS-grad,Other,Other,0,0,40,39,0
24,Female,White,Never-married,4,188300,11th,Private,Machine-op-inspct,0,0,40,39,0
40,Male,White,Married-civ-spouse,0,99185,Bachelors,Self-emp-inc,Prof-specialty,0,0,60,39,0
60,Male,Asian-Pac-Islander,Married-civ-spouse,0,85995,Masters,Private,Adm-clerical,0,0,50,35,1
32,Female,White,Never-married,1,211028,Some-college,Private,Adm-clerical,0,0,40,39,0
22,Female,White,Never-married,3,289982,Bachelors,Local-gov,Prof-specialty,0,0,35,39,0
59,Male,White,Married-civ-spouse,0,52822,Bachelors,Self-emp-inc,Craft-repair,0,0,60,39,0
31,Male,White,Married-civ-spouse,0,236599,Bachelors,Private,Exec-managerial,0,0,45,39,1
34,Male,White,Married-civ-spouse,0,107793,HS-grad,Private,Craft-repair,0,0,40,11,1
51,Female,White,Divorced,4,194259,Bachelors,Private,Tech-support,0,0,40,39,0
35,Male,White,Married-civ-spouse,0,161141,HS-grad,Private,Machine-op-inspct,0,0,40,39,0
56,Female,White,Divorced,1,435836,Masters,Local-gov,Prof-specialty,0,0,40,39,0
35,Male,White,Married-civ-spouse,0,110402,11th,Private,Sales,0,0,35,39,0
40,Female,White,Never-married,3,264663,Bachelors,Private,Prof-specialty,0,0,60,39,0
42,Female,White,Never-married,4,191149,Masters,Local-gov,Prof-specialty,0,0,40,39,0
40,Male,White,Married-civ-spouse,0,188436,Some-college,Local-gov,Protective-serv,7298,0,40,39,1
46,Female,White,Married-civ-spouse,3,428350,HS-grad,Private,Other-service,0,0,15,39,0
63,Female,White,Widowed,1,216413,Bachelors,Private,Adm-clerical,0,0,25,39,0
37,Male,White,Married-civ-spouse,0,173968,HS-grad,Private,Transport-moving,0,0,40,39,0
25,Male,White,Never-married,3,176162,Assoc-voc,Local-gov,Protective-serv,0,0,30,39,0
31,Male,White,Never-married,1,227325,Some-college,Private,Craft-repair,0,0,40,39,0
44,Male,White,Married-civ-spouse,0,214242,Some-college,Private,Transport-moving,0,0,50,39,1
55,Male,White,Married-civ-spouse,0,175127,Bachelors,State-gov,Adm-clerical,7688,0,38,39,1
62,Female,White,Widowed,2,136684,HS-grad,Self-emp-not-inc,Adm-clerical,0,0,30,39,0
28,Male,White,Married-civ-spouse,0,183151,11th,Private,Handlers-cleaners,7688,0,40,39,1
32,Male,White,Married-civ-spouse,0,281437,Some-college,Private,Transport-moving,0,0,55,39,0
21,Female,White,Never-married,3,211301,Some-college,Private,Adm-clerical,0,0,8,39,0
45,Female,White,Divorced,4,97176,11th,Private,Adm-clerical,0,0,16,39,0
59,Male,White,Married-civ-spouse,0,75867,Masters,Private,Prof-specialty,0,0,60,39,0
32,Male,White,Never-married,3,172714,HS-grad,Private,Craft-repair,0,0,40,39,0
41,Male,White,Married-civ-spouse,0,205153,Assoc-voc,Private,Exec-managerial,0,0,40,39,0
30,Male,White,Never-married,1,197886,Some-college,Private,Sales,0,0,45,39,1
57,Male,White,Married-civ-spouse,0,319733,Bachelors,Private,Machine-op-inspct,0,0,40,31,1
45,Male,White,Married-civ-spouse,0,170871,HS-grad,Private,Craft-repair,7298,0,60,39,1
30,Male,White,Married-civ-spouse,0,75167,Some-college,Private,Machine-op-inspct,0,0,40,39,1
47,Male,White,Married-civ-spouse,0,93557,HS-grad,Private,Farming-fishing,0,0,40,39,0
31,Male,White,Married-civ-spouse,0,240771,Some-college,Private,Craft-repair,4386,0,50,39,1
28,Male,White,Divorced,1,208249,Some-college,Private,Tech-support,0,0,24,39,0
35,Female,White,Never-married,1,187329,Bachelors,Private,Prof-specialty,0,0,40,39,0
44,Male,Black,Married-civ-spouse,0,191295,Bachelors,Federal-gov,Exec-managerial,0,0,48,39,0
19,Female,White,Never-married,3,271118,HS-grad,Private,Adm-clerical,0,0,28,39,0
23,Male,Black,Never-married,2,291248,HS-grad,Private,Machine-op-inspct,0,0,40,39,0
25,Male,White,Never-married,1,44363,HS-grad,Private,Handlers-cleaners,0,0,35,39,0
31,Female,White,Never-married,1,170430,Prof-school,Private,Prof-specialty,0,0,80,0,0
40,Male,White,Married-civ-spouse,0,132222,Some-college,Private,Machine-op-inspct,4386,0,50,39,1
61,Male,White,Married-civ-spouse,0,95450,Bachelors,Local-gov,Exec-managerial,5178,0,50,39,1
37,Male,White,Married-civ-spouse,0,251396,Assoc-acdm,Local-gov,Prof-specialty,0,0,45,2,1
30,Female,White,Never-married,2,219318,HS-grad,Private,Machine-op-inspct,0,0,35,33,0
48,Male,White,Married-civ-spouse,0,237525,Bachelors,Private,Exec-managerial,7688,0,65,39,1
25,Male,Black,Separated,1,122756,11th,Private,Machine-op-inspct,0,0,35,39,0
55,Male,Black,Married-civ-spouse,0,190508,Some-college,Private,Transport-moving,0,0,35,39,0
32,Male,Black,Never-married,3,53042,HS-grad,Other,Other,0,0,40,39,0
28,Male,White,Divorced,4,236861,Bachelors,Private,Craft-repair,0,0,50,39,0
51,Male,White,Married-civ-spouse,0,82578,Masters,Private,Prof-specialty,0,0,38,2,1
52,Male,White,Married-civ-spouse,0,42924,12th,Private,Craft-repair,0,0,45,39,0
39,Male,White,Married-civ-spouse,0,77146,Bachelors,Private,Exec-managerial,0,1887,50,39,1
37,Male,White,Married-civ-spouse,0,204501,Bachelors,Self-emp-not-inc,Sales,0,0,20,2,1
22,Female,White,Never-married,4,416165,Some-college,Private,Sales,0,0,32,39,0
53,Male,White,Married-civ-spouse,0,246117,HS-grad,Private,Craft-repair,0,0,40,26,0
48,Male,White,Married-civ-spouse,0,67725,Bachelors,Private,Sales,0,0,45,39,0
19,Female,White,Never-married,1,530454,HS-grad,Private,Other-service,0,0,50,39,0
53,Female,Asian-Pac-Islander,Married-civ-spouse,5,173093,Some-college,Federal-gov,Exec-managerial,0,1887,40,30,1
55,Female,White,Married-civ-spouse,5,308373,Some-college,Private,Exec-managerial,0,0,40,39,1
28,Male,Other,Never-married,1,138054,Assoc-acdm,Private,Other-service,0,0,40,39,0
27,Male,White,Divorced,1,50132,Some-college,Private,Sales,0,0,50,39,0
33,Male,White,Married-civ-spouse,0,174789,HS-grad,Private,Craft-repair,0,0,40,39,0
37,Male,White,Married-civ-spouse,0,42645,HS-grad,Private,Farming-fishing,0,0,40,39,0
35,Male,White,Married-civ-spouse,0,112077,HS-grad,Private,Handlers-cleaners,5013,0,40,39,0
38,Male,White,Never-married,1,82552,HS-grad,Private,Handlers-cleaners,594,0,50,39,0
22,Male,Black,Never-married,3,230704,Assoc-acdm,Private,Handlers-cleaners,0,0,20,23,0
34,Male,White,Married-civ-spouse,0,108454,Some-college,Private,Exec-managerial,0,0,45,39,0
51,Male,White,Married-civ-spouse,0,207449,Bachelors,Private,Exec-managerial,0,0,55,39,0
41,Male,White,Married-civ-spouse,0,253060,Bachelors,Self-emp-inc,Sales,7688,0,45,39,1
33,Male,White,Married-civ-spouse,0,155343,HS-grad,Private,Sales,3103,0,40,39,1
36,Male,White,Never-married,3,46706,HS-grad,Private,Other-service,0,0,40,39,0
36,Female,Black,Never-married,3,44364,HS-grad,Federal-gov,Adm-clerical,0,0,36,39,0
25,Female,Black,Never-married,1,251854,Some-college,Private,Adm-clerical,0,0,40,23,0
51,Male,White,Married-civ-spouse,0,124963,Bachelors,Private,Sales,0,0,40,39,1
44,Female,White,Never-married,1,367749,Bachelors,Private,Prof-specialty,0,0,45,26,0
52,Male,White,Married-civ-spouse,0,135716,HS-grad,Self-emp-not-inc,Farming-fishing,0,0,70,39,0
45,Female,White,Married-civ-spouse,5,320192,1st-4th,Private,Other-service,0,0,40,39,0
26,Female,White,Divorced,1,90980,Assoc-voc,Private,Adm-clerical,0,0,55,39,0
62,Male,White,Married-civ-spouse,0,266037,Some-college,Other,Other,0,0,40,39,0
18,Male,White,Separated,3,163085,HS-grad,Other,Other,0,0,20,39,0
53,Male,White,Married-civ-spouse,0,114758,Masters,Private,Exec-managerial,15024,0,65,39,1
31,Male,White,Married-civ-spouse,0,106753,Assoc-voc,Private,Craft-repair,0,1740,40,39,0
48,Male,Asian-Pac-Islander,Married-civ-spouse,0,119471,Doctorate,Private,Prof-specialty,0,0,40,19,1
25,Male,White,Never-married,1,182227,Assoc-acdm,Private,Prof-specialty,0,0,55,39,0
26,Male,White,Married-civ-spouse,0,35917,HS-grad,Private,Sales,0,0,40,39,0
46,Male,White,Never-married,1,20534,Bachelors,State-gov,Exec-managerial,0,0,45,39,0
28,Female,White,Married-civ-spouse,5,100829,Bachelors,Private,Exec-managerial,0,0,50,39,1
19,Male,White,Never-married,2,168601,11th,Private,Other-service,0,0,30,39,0
32,Male,White,Married-civ-spouse,0,298332,Bachelors,Self-emp-not-inc,Prof-specialty,0,0,45,39,1
22,Female,White,Never-married,1,50058,Some-college,Private,Adm-clerical,0,0,35,39,0
53,Male,White,Divorced,1,124963,HS-grad,Private,Handlers-cleaners,0,0,40,39,0
34,Male,White,Married-civ-spouse,0,254304,HS-grad,Self-emp-not-inc,Farming-fishing,4508,0,90,39,0
48,Male,Black,Married-civ-spouse,0,156410,HS-grad,Federal-gov,Adm-clerical,0,0,50,39,1
29,Male,White,Never-married,3,142519,HS-grad,Private,Handlers-cleaners,0,0,40,39,0
21,Male,White,Never-married,3,119309,Some-college,Private,Tech-support,0,1602,16,39,0
56,Male,White,Divorced,1,70720,Masters,Self-emp-inc,Exec-managerial,27828,0,60,39,1
74,Male,Black,Married-civ-spouse,0,209454,5th-6th,Private,Transport-moving,0,0,40,39,0
76,Male,White,Married-civ-spouse,0,259612,HS-grad,Local-gov,Protective-serv,0,0,15,39,0
51,Female,White,Widowed,4,122288,Some-college,Private,Machine-op-inspct,0,0,36,39,0
19,Female,Black,Never-married,3,176831,Some-college,Local-gov,Other-service,0,0,35,39,0
43,Male,White,Married-civ-spouse,0,114537,Bachelors,Federal-gov,Prof-specialty,0,0,40,39,0
41,Male,White,Divorced,1,60949,HS-grad,Self-emp-inc,Craft-repair,0,0,55,39,0
42,Male,White,Married-civ-spouse,0,251229,Bachelors,Private,Transport-moving,0,0,40,39,0
47,Male,White,Married-civ-spouse,0,34845,Bachelors,Federal-gov,Adm-clerical,0,0,45,11,1
37,Male,White,Married-civ-spouse,0,143058,Some-college,Private,Craft-repair,0,0,40,39,0
52,Male,White,Married-civ-spouse,0,270728,7th-8th,Private,Other-service,0,0,48,5,0
46,Female,White,Separated,4,87250,Bachelors,Private,Tech-support,0,0,40,39,0
49,Female,White,Married-civ-spouse,5,119904,Bachelors,Local-gov,Prof-specialty,7688,0,30,39,1
21,Male,White,Never-married,3,494638,Assoc-acdm,Other,Other,0,0,15,39,0
45,Male,White,Married-civ-spouse,0,341762,Masters,Private,Exec-managerial,0,0,65,39,1
36,Male,White,Married-civ-spouse,0,66304,Some-college,Private,Transport-moving,0,0,45,39,0
46,Female,White,Widowed,1,200949,Bachelors,Self-emp-inc,Exec-managerial,0,0,50,0,0
21,Male,Black,Never-married,3,67804,9th,Private,Machine-op-inspct,0,0,20,39,0
38,Male,White,Divorced,4,192939,HS-grad,Private,Craft-repair,0,0,40,39,0
24,Male,White,Never-married,1,94395,Some-college,Private,Craft-repair,0,0,40,39,0
37,Female,White,Married-civ-spouse,5,221740,Bachelors,Local-gov,Prof-specialty,0,0,30,39,1
35,Male,Asian-Pac-Islander,Married-civ-spouse,0,202397,Bachelors,Private,Craft-repair,0,0,40,30,1
45,Female,White,Never-married,1,118291,Some-college,Private,Craft-repair,0,0,80,39,0
22,Male,White,Never-married,2,166371,HS-grad,Private,Other-service,0,0,40,0,0
44,Male,Other,Married-spouse-absent,1,232421,HS-grad,Private,Transport-moving,0,0,32,2,0
35,Male,White,Never-married,1,245372,HS-grad,Federal-gov,Adm-clerical,0,0,40,39,0
58,Male,White,Divorced,1,104333,HS-grad,Self-emp-inc,Sales,0,0,50,39,0
58,Male,Black,Married-civ-spouse,0,188982,HS-grad,Private,Handlers-cleaners,0,0,20,39,1
38,Male,White,Married-civ-spouse,0,119992,Some-college,Private,Prof-specialty,0,0,40,39,0
40,Male,White,Divorced,3,248406,Some-college,Private,Machine-op-inspct,0,0,32,39,0
59,Male,White,Married-civ-spouse,0,179594,HS-grad,Private,Sales,0,0,40,39,0
37,Male,White,Married-civ-spouse,0,48063,Bachelors,Self-emp-not-inc,Prof-specialty,0,0,55,39,1
41,Male,White,Married-civ-spouse,0,236021,Bachelors,Self-emp-inc,Prof-specialty,15024,0,40,39,1
43,Female,Black,Divorced,4,253759,HS-grad,Private,Adm-clerical,0,0,45,39,0
29,Female,White,Married-civ-spouse,5,159782,Masters,State-gov,Prof-specialty,0,0,45,39,1
33,Male,White,Never-married,1,183000,Some-college,Private,Other-service,0,0,24,39,0
42,Male,White,Married-civ-spouse,0,111483,Bachelors,Private,Tech-support,0,0,50,39,1
49,Male,Black,Divorced,1,337666,HS-grad,Private,Machine-op-inspct,0,0,40,39,0
56,Male,White,Separated,4,205735,1st-4th,Private,Machine-op-inspct,0,0,40,39,0
25,Male,White,Married-civ-spouse,0,138765,Some-college,Private,Machine-op-inspct,0,0,40,39,0
56,Male,White,Married-civ-spouse,2,201318,9th,Self-emp-not-inc,Exec-managerial,3411,0,50,4,0
33,Female,White,Divorced,1,100734,HS-grad,Local-gov,Tech-support,0,0,55,39,0
21,Male,White,Never-married,3,25631,Some-college,Self-emp-not-inc,Farming-fishing,0,0,40,39,0
67,Male,White,Divorced,1,158301,HS-grad,Private,Transport-moving,0,0,60,39,0
40,Male,White,Married-civ-spouse,0,115161,HS-grad,Private,Transport-moving,0,0,30,39,0
39,Male,White,Married-civ-spouse,0,131288,Assoc-acdm,Self-emp-inc,Sales,5178,0,48,39,1
36,Male,White,Married-civ-spouse,0,111377,10th,Private,Craft-repair,0,0,40,39,0
42,Male,White,Widowed,4,257328,HS-grad,Private,Transport-moving,0,0,40,39,0
34,Female,White,Divorced,4,167999,HS-grad,Local-gov,Adm-clerical,0,0,33,39,0
41,Female,White,Divorced,4,59938,HS-grad,Private,Adm-clerical,0,0,43,39,0
48,Male,White,Divorced,1,240629,HS-grad,Private,Transport-moving,0,0,65,39,0
45,Male,White,Married-civ-spouse,0,201699,Assoc-voc,Private,Machine-op-inspct,0,0,40,39,1
27,Male,White,Never-married,1,177351,Bachelors,Private,Sales,0,0,45,39,0
47,Male,Black,Married-civ-spouse,0,583755,HS-grad,Private,Adm-clerical,0,0,40,39,1
23,Female,White,Never-married,1,41031,Some-college,Federal-gov,Sales,0,0,35,39,0
55,Male,White,Married-civ-spouse,0,255364,Some-college,Private,Exec-managerial,0,0,60,39,1
37,Female,White,Divorced,4,234807,Bachelors,Private,Exec-managerial,7430,0,45,39,1
37,Male,White,Never-married,1,30267,11th,Private,Transport-moving,0,0,60,39,1
45,Male,White,Married-civ-spouse,0,31339,Bachelors,Private,Adm-clerical,0,0,45,39,1
38,Male,White,Married-civ-spouse,0,91039,Bachelors,Private,Sales,15024,0,60,39,1
37,Male,White,Married-civ-spouse,0,114605,HS-grad,Private,Farming-fishing,0,0,40,39,0
27,Male,Black,Married-civ-spouse,0,132963,HS-grad,Private,Handlers-cleaners,0,0,40,39,0
25,Female,White,Divorced,3,175370,Some-college,Private,Machine-op-inspct,0,0,40,39,0
55,Male,White,Married-civ-spouse,0,184702,HS-grad,Self-emp-not-inc,Sales,0,0,40,39,0
41,Female,Asian-Pac-Islander,Divorced,1,97632,Some-college,Private,Sales,0,0,32,39,0
56,Male,White,Married-civ-spouse,0,98418,Prof-school,Self-emp-inc,Prof-specialty,99999,0,40,39,1
38,Male,White,Divorced,3,316211,HS-grad,Private,Craft-repair,0,0,40,39,0
35,Female,White,Divorced,4,332588,HS-grad,Private,Other-service,0,0,30,39,0
24,Male,White,Never-married,1,262570,HS-grad,Private,Machine-op-inspct,0,0,40,39,0
62,Male,Asian-Pac-Islander,Married-civ-spouse,0,81534,Some-college,Private,Sales,0,0,40,39,1
44,Male,White,Married-civ-spouse,0,174283,Bachelors,Private,Sales,0,0,50,39,1
59,Male,White,Never-married,1,96459,11th,Private,Machine-op-inspct,0,0,40,39,0
39,Male,Asian-Pac-Islander,Never-married,3,315640,Bachelors,Self-emp-not-inc,Sales,0,0,60,20,0
37,Male,White,Married-civ-spouse,0,405723,1st-4th,Private,Machine-op-inspct,0,0,40,26,0
56,Female,Black,Divorced,4,172071,HS-grad,Private,Other-service,0,0,40,23,0
19,Male,White,Married-civ-spouse,0,299050,11th,Private,Craft-repair,0,0,60,39,0
40,Female,White,Divorced,4,177083,HS-grad,Private,Exec-managerial,0,0,50,39,0
26,Male,White,Married-civ-spouse,0,248990,11th,Private,Adm-clerical,0,0,40,39,1
39,Male,Black,Never-married,1,267581,HS-grad,State-gov,Other-service,0,0,40,39,0
54,Female,White,Never-married,1,188809,Doctorate,State-gov,Exec-managerial,0,0,50,39,1
18,Female,Other,Never-married,2,139003,HS-grad,Other,Other,0,0,12,39,0
26,Female,Black,Married-civ-spouse,5,287233,Bachelors,Local-gov,Prof-specialty,0,0,40,39,1
37,Male,White,Married-civ-spouse,0,77820,Bachelors,Private,Exec-managerial,0,0,50,39,1
52,Female,White,Married-civ-spouse,5,155141,Doctorate,Local-gov,Prof-specialty,0,0,40,39,1
30,Male,White,Married-civ-spouse,0,329425,HS-grad,Private,Craft-repair,0,0,40,39,0
25,Male,White,Never-married,3,125863,Bachelors,Local-gov,Prof-specialty,0,0,35,39,0
58,Male,White,Married-civ-spouse,0,139290,Bachelors,Federal-gov,Adm-clerical,0,0,40,39,1
65,Male,White,Married-civ-spouse,0,111483,Some-college,Self-emp-not-inc,Exec-managerial,0,2174,10,39,1
19,Female,White,Never-married,2,119234,Some-college,Other,Other,0,0,15,39,0
17,Female,White,Never-married,3,216137,11th,Private,Sales,0,0,8,39,0
28,Female,White,Married-civ-spouse,5,421967,Bachelors,Private,Exec-managerial,0,0,60,39,1
45,Male,White,Married-civ-spouse,0,188330,Bachelors,Self-emp-inc,Exec-managerial,0,0,60,39,0
26,Female,White,Never-married,1,250066,Assoc-voc,Private,Other-service,0,0,40,39,0
33,Female,White,Married-civ-spouse,5,220066,Doctorate,State-gov,Prof-specialty,0,0,48,39,1
52,Male,White,Married-civ-spouse,0,165681,Some-college,Private,Exec-managerial,0,0,40,39,0
20,Female,White,Never-married,1,324469,Some-college,Private,Machine-op-inspct,0,0,40,39,0
38,Male,White,Divorced,1,272944,HS-grad,State-gov,Other-service,0,0,40,39,0
34,Female,White,Separated,4,173524,HS-grad,Private,Adm-clerical,0,0,40,39,0
49,Male,White,Married-civ-spouse,0,218676,Some-college,Private,Machine-op-inspct,0,0,43,39,0
49,Male,White,Never-married,1,123598,HS-grad,Self-emp-not-inc,Craft-repair,0,0,30,39,0
56,Male,White,Separated,1,236731,1st-4th,Self-emp-not-inc,Exec-managerial,0,0,25,0,0
34,Male,White,Never-married,3,213722,HS-grad,Private,Handlers-cleaners,0,0,40,39,0
56,Female,White,Divorced,1,175964,Some-college,Self-emp-not-inc,Other-service,0,0,40,39,0
22,Male,White,Married-civ-spouse,0,112693,HS-grad,Private,Craft-repair,0,0,35,39,0
26,Female,White,Divorced,1,147982,11th,Private,Craft-repair,0,0,40,39,0
46,Male,White,Married-civ-spouse,0,52291,Bachelors,Private,Prof-specialty,7688,0,45,39,1
33,Male,White,Never-married,1,100882,Masters,Private,Exec-managerial,0,0,40,39,1
54,Female,White,Never-married,4,175083,HS-grad,Federal-gov,Adm-clerical,0,0,20,39,0
48,Male,White,Divorced,1,96798,Masters,Private,Sales,0,0,35,39,0
47,Male,White,Married-civ-spouse,0,215620,Masters,Self-emp-inc,Exec-managerial,15024,0,55,39,1
65,Female,White,Widowed,2,29276,7th-8th,State-gov,Other-service,0,0,24,39,0
25,Female,White,Never-married,3,135845,Some-college,Private,Adm-clerical,0,0,40,39,0
45,Male,White,Married-civ-spouse,0,260490,Masters,Private,Exec-managerial,0,0,50,39,1
44,Male,White,Divorced,4,126199,Some-college,Private,Transport-moving,1831,0,50,39,0
39,Female,White,Never-married,3,115418,Some-college,Private,Adm-clerical,2174,0,45,39,0
42,Male,White,Married-civ-spouse,0,137390,HS-grad,Other,Other,0,0,40,39,0
45,Male,White,Divorced,1,140644,Bachelors,Local-gov,Protective-serv,0,0,40,39,1
24,Female,White,Never-married,1,208826,Doctorate,State-gov,Prof-specialty,0,0,99,9,0
45,Female,White,Divorced,1,189802,Some-college,Private,Adm-clerical,0,0,40,39,0
35,Male,White,Never-married,3,174308,Some-college,Private,Transport-moving,0,0,40,39,0
50,Male,White,Married-civ-spouse,0,140516,HS-grad,Private,Protective-serv,0,0,40,39,1
41,Male,White,Married-civ-spouse,0,227644,HS-grad,Private,Transport-moving,0,0,50,39,0
38,Male,White,Married-civ-spouse,0,168055,Assoc-voc,Private,Other-service,0,0,40,39,0
68,Male,White,Married-civ-spouse,0,170376,Bachelors,Private,Exec-managerial,0,0,40,39,1
23,Male,White,Never-married,3,149204,Bachelors,Private,Exec-managerial,0,0,40,39,0
44,Male,White,Married-civ-spouse,0,191814,Some-college,Private,Craft-repair,0,0,45,39,0
37,Male,Black,Never-married,1,188377,HS-grad,Private,Machine-op-inspct,0,0,40,39,0
47,Female,Black,Separated,2,160187,HS-grad,Private,Prof-specialty,14084,0,38,39,1
62,Male,White,Never-married,1,138253,Masters,Private,Handlers-cleaners,4650,0,40,39,0
51,Male,White,Divorced,4,154891,HS-grad,Local-gov,Protective-serv,0,0,52,39,0
21,Male,White,Never-married,1,132320,11th,Private,Craft-repair,0,0,35,39,0
26,Male,White,Divorced,1,203492,HS-grad,Private,Craft-repair,0,0,40,39,0
45,Male,White,Married-civ-spouse,0,274689,10th,Private,Craft-repair,0,0,60,39,0
55,Male,Black,Married-civ-spouse,0,175071,Some-college,Private,Craft-repair,15024,0,40,39,1
71,Female,White,Married-civ-spouse,5,133821,HS-grad,Self-emp-inc,Adm-clerical,0,0,20,39,1
44,Male,White,Married-civ-spouse,0,267717,Masters,Private,Prof-specialty,0,0,42,39,1
55,Female,White,Widowed,4,225365,HS-grad,Private,Other-service,0,0,30,39,0
29,Male,White,Married-civ-spouse,0,307812,HS-grad,Private,Craft-repair,0,0,60,39,0
31,Male,White,Married-civ-spouse,0,260782,Some-college,Private,Transport-moving,0,1579,45,8,0
51,Female,White,Married-civ-spouse,5,194908,HS-grad,Private,Adm-clerical,0,0,40,39,0
35,Male,White,Married-civ-spouse,0,37778,Assoc-voc,Self-emp-not-inc,Farming-fishing,3103,0,55,39,0
23,Male,White,Never-married,1,186634,12th,State-gov,Exec-managerial,0,0,40,39,0
34,Male,Black,Married-civ-spouse,0,193036,Some-college,Private,Adm-clerical,0,0,40,39,1
36,Female,White,Separated,1,84848,HS-grad,Self-emp-not-inc,Other-service,0,0,16,39,0
23,Female,White,Never-married,1,227594,HS-grad,Private,Adm-clerical,0,0,30,39,0
33,Male,White,Divorced,1,206512,Some-college,Private,Prof-specialty,0,0,40,39,0
42,Male,White,Married-civ-spouse,0,37937,Bachelors,Private,Exec-managerial,0,0,55,39,1
34,Male,White,Married-civ-spouse,0,80249,Some-college,Self-emp-inc,Farming-fishing,0,0,72,39,0
21,Male,White,Never-married,4,346693,7th-8th,Private,Farming-fishing,0,0,40,39,0
38,Male,White,Married-civ-spouse,0,312232,Some-college,Self-emp-inc,Sales,0,0,50,39,1
61,Male,White,Married-civ-spouse,0,248595,1st-4th,Local-gov,Other-service,0,0,40,26,0
21,Male,White,Never-married,3,175374,HS-grad,Private,Adm-clerical,0,0,40,39,0
41,Male,White,Married-civ-spouse,3,124692,Some-college,Private,Exec-managerial,0,0,40,39,1
26,Female,White,Divorced,4,177035,11th,State-gov,Other-service,0,0,40,39,0
38,Male,White,Married-civ-spouse,0,192337,Masters,Private,Prof-specialty,0,0,40,9,1
20,Male,White,Never-married,3,173724,Some-college,Private,Handlers-cleaners,0,0,20,39,0
42,Female,White,Divorced,1,168515,Assoc-voc,Private,Prof-specialty,0,0,40,39,0
32,Male,White,Married-civ-spouse,0,317660,HS-grad,Self-emp-inc,Craft-repair,7688,0,40,39,1
40,Male,White,Married-civ-spouse,0,92036,HS-grad,Private,Handlers-cleaners,0,0,40,39,1
53,Male,Black,Married-civ-spouse,0,234721,11th,Private,Handlers-cleaners,0,0,40,39,0
25,Male,White,Married-spouse-absent,1,280093,11th,Private,Handlers-cleaners,0,0,40,26,0
18,Female,White,Never-married,2,59202,HS-grad,Private,Priv-house-serv,0,0,10,39,0
18,Female,White,Never-married,3,146378,Some-college,Private,Other-service,0,0,40,0,0
37,Male,White,Married-civ-spouse,0,148266,Prof-school,Other,Other,0,0,6,26,0
50,Male,Asian-Pac-Islander,Married-civ-spouse,0,171225,Bachelors,Private,Exec-managerial,0,0,40,30,1
28,Female,White,Never-married,3,297742,Some-college,Private,Machine-op-inspct,0,0,40,39,0
70,Male,White,Married-civ-spouse,0,278139,HS-grad,Private,Sales,3432,0,40,39,0
46,Male,White,Divorced,1,368561,Assoc-acdm,Self-emp-not-inc,Craft-repair,0,0,40,39,0
59,Female,White,Divorced,3,80467,HS-grad,Self-emp-not-inc,Other-service,0,0,24,39,0
63,Female,White,Widowed,1,169983,11th,Private,Sales,2176,0,30,39,0
41,Female,White,Never-married,1,190368,Bachelors,Local-gov,Prof-specialty,0,0,70,39,0
44,Male,White,Married-civ-spouse,0,222434,HS-grad,Private,Craft-repair,0,0,40,39,0
46,Male,White,Married-civ-spouse,0,208872,Assoc-voc,Private,Prof-specialty,0,0,40,39,1
22,Male,White,Married-civ-spouse,0,253799,Bachelors,Private,Machine-op-inspct,0,0,45,0,0
40,Male,White,Married-civ-spouse,0,218995,Some-college,Local-gov,Exec-managerial,0,0,42,39,1
68,Male,White,Separated,1,123653,5th-6th,Private,Other-service,0,0,12,22,0
25,Female,White,Never-married,4,159603,HS-grad,Private,Other-service,0,0,34,39,0
26,Female,White,Married-civ-spouse,5,192302,Some-college,Private,Exec-managerial,0,0,25,39,0
34,Male,White,Married-civ-spouse,0,231043,Assoc-voc,Private,Adm-clerical,3908,0,45,39,0
36,Female,Black,Never-married,1,190350,HS-grad,Private,Adm-clerical,0,0,40,39,0
38,Female,White,Divorced,1,314052,HS-grad,State-gov,Adm-clerical,0,0,38,39,0
46,Female,White,Divorced,4,175625,Prof-school,Private,Prof-specialty,0,0,40,39,0
30,Male,White,Never-married,2,425627,Some-college,Private,Craft-repair,0,0,40,26,0
54,Male,White,Married-civ-spouse,0,98436,Masters,Private,Other-service,0,0,40,39,0
29,Male,White,Married-civ-spouse,0,210464,9th,Private,Machine-op-inspct,0,0,40,39,0
41,Female,White,Married-civ-spouse,5,253770,Some-college,Federal-gov,Transport-moving,7298,0,40,39,1
31,Male,White,Married-civ-spouse,0,128567,HS-grad,Private,Craft-repair,0,0,40,39,0
64,Female,White,Widowed,1,22186,Some-college,Private,Tech-support,0,0,35,39,0
35,Male,White,Divorced,1,231180,HS-grad,Private,Transport-moving,0,0,60,39,0
30,Male,White,Married-civ-spouse,0,112115,Bachelors,Private,Exec-managerial,0,0,50,39,1
21,Female,White,Never-married,1,198050,HS-grad,Private,Other-service,0,0,28,39,0
38,Female,White,Married-civ-spouse,5,478346,HS-grad,Private,Exec-managerial,7688,0,40,39,1
27,Female,White,Never-married,1,147340,HS-grad,Private,Other-service,0,0,50,39,1
61,Male,White,Married-civ-spouse,0,186451,Prof-school,State-gov,Prof-specialty,0,1902,40,39,1
53,Male,White,Divorced,4,177647,Bachelors,Private,Exec-managerial,0,0,40,39,0
44,Male,White,Married-civ-spouse,0,120277,Masters,Private,Exec-managerial,0,0,38,39,1
60,Male,White,Married-civ-spouse,0,88055,10th,Private,Transport-moving,0,0,40,39,0
33,Male,White,Divorced,1,203488,Some-college,Private,Sales,0,0,40,39,0
32,Male,White,Divorced,1,191385,Assoc-acdm,Federal-gov,Protective-serv,2174,0,40,39,0
20,Female,Other,Never-married,2,154779,Some-college,Private,Sales,0,0,40,39,0
20,Female,Asian-Pac-Islander,Never-married,4,163003,HS-grad,Private,Adm-clerical,0,0,15,39,0
44,Female,White,Divorced,4,105936,Assoc-acdm,Private,Adm-clerical,0,0,40,39,0
56,Male,White,Divorced,3,35723,HS-grad,Other,Other,0,0,40,39,0
64,Female,White,Widowed,1,143110,Bachelors,Private,Prof-specialty,0,0,30,39,0
49,Male,White,Married-civ-spouse,0,211762,HS-grad,Self-emp-not-inc,Craft-repair,0,0,40,39,1
58,Female,White,Divorced,1,119386,Assoc-voc,Private,Adm-clerical,0,0,60,39,0
19,Female,White,Never-married,1,227178,11th,Private,Sales,0,0,25,39,0
44,Male,White,Married-civ-spouse,0,35166,Bachelors,Self-emp-not-inc,Farming-fishing,0,0,90,39,0
48,Male,Black,Married-civ-spouse,0,165267,10th,Private,Farming-fishing,0,0,40,39,0
30,Male,White,Widowed,1,154882,Prof-school,Private,Other-service,0,0,35,39,0
48,Male,White,Married-civ-spouse,0,195949,Some-college,Local-gov,Protective-serv,0,0,42,39,1
48,Male,White,Never-married,1,149640,Masters,Private,Exec-managerial,0,0,40,39,0
33,Male,Black,Separated,1,275369,7th-8th,Private,Handlers-cleaners,0,0,35,14,0
40,Male,Black,Married-civ-spouse,0,294708,HS-grad,Private,Transport-moving,0,0,40,39,1
46,Male,White,Married-civ-spouse,0,191357,Bachelors,Private,Tech-support,0,0,40,39,0
45,Female,White,Divorced,1,240356,Some-college,Private,Sales,0,0,55,39,0
31,Male,White,Never-married,1,1033222,Bachelors,Private,Adm-clerical,8614,0,40,39,1
33,Male,White,Married-civ-spouse,0,169496,HS-grad,Private,Handlers-cleaners,0,0,40,39,0
30,Female,White,Married-civ-spouse,3,177522,HS-grad,Private,Adm-clerical,0,0,20,39,0
45,Male,White,Never-married,2,28035,Some-college,Private,Farming-fishing,0,0,50,39,0
34,Male,White,Married-civ-spouse,0,167893,Some-college,Private,Prof-specialty,0,0,64,39,1
35,Male,White,Married-civ-spouse,0,106347,HS-grad,Private,Exec-managerial,0,0,45,39,0
30,Male,White,Married-civ-spouse,0,226443,Bachelors,Private,Sales,0,0,50,39,1
37,Male,White,Married-civ-spouse,0,89718,Some-college,Private,Transport-moving,0,0,45,39,0
33,Male,White,Married-civ-spouse,0,296453,Masters,Private,Tech-support,0,0,15,39,0
29,Female,Black,Never-married,3,153167,Some-college,Other,Other,0,0,40,39,0
25,Male,White,Never-married,1,323229,Bachelors,Private,Adm-clerical,0,0,40,39,0
39,Male,White,Married-civ-spouse,0,52187,HS-grad,Self-emp-not-inc,Exec-managerial,0,0,40,39,0
39,Female,White,Divorced,1,179352,Some-college,Other,Other,0,0,35,39,0
47,Male,White,Married-civ-spouse,0,61885,Bachelors,Private,Prof-specialty,15024,0,50,39,1
27,Male,White,Married-civ-spouse,0,215955,Some-college,Private,Adm-clerical,2829,0,40,39,0
67,Female,White,Divorced,1,118363,Bachelors,Private,Exec-managerial,0,2206,5,39,0
28,Male,White,Married-civ-spouse,0,89564,Bachelors,State-gov,Protective-serv,0,0,50,39,0
46,Female,White,Divorced,4,295566,Doctorate,Private,Prof-specialty,25236,0,65,39,1
30,Female,White,Married-civ-spouse,5,100734,Bachelors,Private,Prof-specialty,0,0,38,39,0
65,Female,White,Widowed,4,31740,Some-college,Self-emp-not-inc,Exec-managerial,0,0,45,39,0
28,Male,White,Married-civ-spouse,0,327533,HS-grad,Local-gov,Protective-serv,3908,0,40,39,0
17,Female,White,Never-married,3,275778,9th,Other,Other,0,0,25,26,0
58,Male,Black,Married-civ-spouse,0,158002,Some-college,Private,Sales,0,0,40,39,0
18,Male,White,Never-married,1,374969,10th,Private,Transport-moving,0,0,56,39,0
54,Male,Black,Married-civ-spouse,0,406468,HS-grad,Self-emp-not-inc,Sales,0,0,40,39,0
47,Male,White,Married-civ-spouse,0,155659,HS-grad,Private,Exec-managerial,0,0,60,39,0
37,Female,White,Divorced,4,184556,Some-college,Private,Tech-support,0,0,40,39,0
24,Male,White,Never-married,3,138768,Assoc-acdm,Private,Handlers-cleaners,0,0,30,39,0
35,Male,White,Married-civ-spouse,0,112271,Some-college,Private,Craft-repair,0,0,45,39,0
37,Male,White,Never-married,1,338320,Masters,Self-emp-not-inc,Exec-managerial,0,0,60,39,0
17,Male,White,Never-married,3,254859,11th,Self-emp-inc,Prof-specialty,0,0,20,39,0
34,Female,Black,Never-married,4,362787,HS-grad,Other,Other,0,0,35,39,0
38,Male,White,Married-civ-spouse,0,207568,Bachelors,Private,Exec-managerial,5178,0,40,39,1
49,Male,White,Married-civ-spouse,0,31478,7th-8th,Other,Other,0,0,99,39,0
31,Female,White,Never-married,1,225779,HS-grad,Private,Machine-op-inspct,0,0,40,39,0
50,Male,White,Married-civ-spouse,0,196232,HS-grad,Private,Exec-managerial,7688,0,50,39,1
28,Male,Other,Married-civ-spouse,2,158737,12th,Private,Machine-op-inspct,0,0,40,7,0
21,Male,White,Never-married,3,143062,Some-college,Private,Other-service,0,0,32,39,0
34,Female,Black,Never-married,4,202210,HS-grad,Private,Other-service,0,0,40,39,0
35,Male,White,Married-civ-spouse,0,191628,Some-college,Private,Prof-specialty,0,0,40,39,0
28,Female,White,Married-civ-spouse,3,48894,HS-grad,Private,Adm-clerical,0,0,40,39,0
31,Male,White,Never-married,3,252210,5th-6th,Private,Other-service,0,0,40,26,0
54,Male,White,Married-civ-spouse,0,135840,Some-college,Other,Other,0,0,50,39,0
42,Male,White,Married-civ-spouse,0,280167,Masters,Private,Prof-specialty,0,0,40,39,1
50,Male,White,Married-civ-spouse,0,192982,HS-grad,Private,Tech-support,0,1848,40,39,1
35,Male,White,Married-civ-spouse,0,65876,HS-grad,Private,Craft-repair,0,0,40,39,0
35,Male,White,Married-civ-spouse,0,77820,Some-college,Private,Craft-repair,0,0,60,39,0
58,Male,White,Married-civ-spouse,0,160662,10th,Private,Craft-repair,0,0,40,39,1
39,Male,White,Married-civ-spouse,0,173175,Bachelors,Private,Exec-managerial,15024,0,50,39,1
49,Female,White,Divorced,1,379779,Bachelors,Private,Exec-managerial,0,0,40,39,0
18,Male,White,Never-married,3,80616,10th,Private,Handlers-cleaners,0,0,27,39,0
27,Male,White,Never-married,3,142075,Some-college,Private,Other-service,0,0,24,39,0
43,Female,Black,Married-civ-spouse,5,95902,Assoc-acdm,Federal-gov,Prof-specialty,0,0,40,39,0
40,Male,White,Married-civ-spouse,0,316820,Some-college,Private,Other-service,0,1485,40,39,0
41,Female,White,Divorced,4,444743,HS-grad,Private,Tech-support,0,0,40,39,0
42,Female,White,Divorced,4,200187,Assoc-voc,Private,Other-service,0,0,32,39,0
47,Male,White,Married-civ-spouse,0,205712,Some-college,State-gov,Other-service,0,0,38,39,0
39,Male,White,Married-civ-spouse,0,147548,HS-grad,Private,Craft-repair,0,0,40,39,0
28,Male,White,Separated,1,191027,Assoc-acdm,Private,Other-service,0,0,40,39,0
54,Male,Black,Married-civ-spouse,0,167552,1st-4th,Private,Craft-repair,0,0,40,14,1
35,Male,White,Married-civ-spouse,0,241998,HS-grad,Private,Craft-repair,0,0,40,39,1
40,Female,White,Married-spouse-absent,1,170230,Bachelors,Private,Other-service,0,0,40,0,0
77,Male,White,Married-civ-spouse,0,185426,HS-grad,Other,Other,0,0,15,39,0
23,Male,White,Never-married,3,113700,Bachelors,Other,Other,0,0,50,39,0
25,Male,White,Married-civ-spouse,0,363707,HS-grad,Private,Handlers-cleaners,0,0,40,39,0
30,Male,Black,Married-civ-spouse,0,291951,HS-grad,Private,Craft-repair,0,0,40,39,0
36,Male,White,Separated,1,151094,Assoc-voc,Self-emp-not-inc,Exec-managerial,0,0,48,39,0
21,Male,White,Never-married,3,136610,12th,Private,Handlers-cleaners,0,0,32,39,0
38,Male,White,Married-civ-spouse,0,248919,HS-grad,Federal-gov,Transport-moving,0,2051,40,39,0
39,Male,White,Married-civ-spouse,0,30673,9th,Federal-gov,Machine-op-inspct,0,0,40,39,1
22,Male,White,Never-married,3,116800,Assoc-acdm,Private,Protective-serv,0,0,60,39,0
36,Male,White,Married-civ-spouse,0,131459,7th-8th,Private,Craft-repair,0,0,40,39,0
43,Male,White,Married-civ-spouse,0,462180,Prof-school,Private,Prof-specialty,99999,0,60,39,1
19,Male,White,Never-married,3,170125,HS-grad,Self-emp-inc,Sales,0,0,40,39,0
65,Male,White,Married-civ-spouse,0,194456,Bachelors,Private,Craft-repair,0,0,40,9,1
37,Male,White,Never-married,1,164526,Doctorate,Self-emp-not-inc,Prof-specialty,14084,0,45,39,1
41,Female,Black,Divorced,2,138907,HS-grad,Private,Priv-house-serv,0,0,40,39,0
67,Male,White,Married-civ-spouse,0,34122,5th-6th,Other,Other,0,0,40,39,0
37,Female,White,Divorced,4,133328,HS-grad,Private,Sales,0,0,40,39,0
27,Female,Black,Never-married,3,321577,HS-grad,Private,Machine-op-inspct,0,0,40,39,0
42,Female,White,Divorced,1,184682,Assoc-acdm,State-gov,Other-service,0,0,40,39,0
40,Male,White,Married-civ-spouse,0,198692,Some-college,Private,Adm-clerical,5178,0,60,39,1
32,Female,White,Never-married,1,282611,Bachelors,Private,Exec-managerial,0,0,40,39,0
60,Male,White,Married-civ-spouse,0,372838,HS-grad,Private,Craft-repair,0,0,40,39,0
47,Male,White,Married-civ-spouse,0,173783,Bachelors,Self-emp-inc,Sales,15024,0,60,39,1
26,Male,White,Married-civ-spouse,0,158846,HS-grad,Private,Machine-op-inspct,0,0,45,39,0
34,Female,White,Never-married,1,734193,Some-college,Private,Exec-managerial,0,0,50,39,0
30,Male,Asian-Pac-Islander,Married-civ-spouse,0,70617,Masters,State-gov,Prof-specialty,0,0,10,3,0
63,Female,White,Widowed,4,158609,Assoc-voc,Private,Adm-clerical,0,0,8,39,0
49,Female,White,Divorced,1,247378,Some-college,State-gov,Prof-specialty,0,0,20,39,0
49,Male,White,Married-civ-spouse,0,125892,HS-grad,Private,Sales,0,0,40,39,0
18,Male,White,Married-civ-spouse,0,212370,HS-grad,Private,Craft-repair,0,0,25,39,0
34,Male,White,Married-civ-spouse,0,286675,HS-grad,Private,Transport-moving,0,0,40,39,0
23,Male,White,Never-married,3,214542,Some-college,Private,Adm-clerical,0,0,20,39,0
24,Female,White,Never-married,1,210736,HS-grad,Federal-gov,Adm-clerical,0,1974,40,39,0
18,Male,White,Never-married,1,294387,11th,Private,Handlers-cleaners,0,0,40,39,0
54,Male,White,Married-civ-spouse,0,27432,HS-grad,Federal-gov,Adm-clerical,0,0,40,39,1
42,Male,White,Married-civ-spouse,0,285066,Bachelors,Private,Prof-specialty,0,0,45,39,1
51,Female,White,Widowed,1,122159,Some-college,Private,Prof-specialty,3325,0,40,39,0
36,Male,White,Married-civ-spouse,0,223433,Masters,Private,Sales,7688,0,50,39,1
41,Male,White,Divorced,1,104196,Some-college,Private,Transport-moving,0,0,60,39,0
26,Male,White,Never-married,4,245628,11th,Private,Handlers-cleaners,0,0,20,39,0
42,Male,White,Married-civ-spouse,0,127314,Bachelors,Private,Tech-support,0,0,45,39,1
29,Female,White,Never-married,1,253814,Bachelors,Private,Exec-managerial,0,0,45,39,0
46,Male,White,Married-civ-spouse,0,238162,Assoc-acdm,Local-gov,Protective-serv,0,1887,50,39,1
19,Female,White,Never-married,3,194205,Some-college,Self-emp-not-inc,Other-service,0,0,40,26,0
29,Male,White,Married-civ-spouse,0,191722,Some-college,Private,Protective-serv,7688,0,54,39,1
26,Female,White,Separated,2,137951,10th,Other,Other,0,0,40,33,0
38,Female,Black,Widowed,4,204640,Some-college,Private,Adm-clerical,0,0,40,39,0
28,Male,White,Never-married,1,155397,Bachelors,State-gov,Exec-managerial,0,0,55,39,0
26,Male,White,Never-married,1,18827,Some-college,Private,Transport-moving,0,0,40,39,0
88,Male,White,Married-civ-spouse,0,187097,Prof-school,Self-emp-not-inc,Exec-managerial,0,0,40,39,0
45,Female,White,Married-civ-spouse,5,50567,HS-grad,State-gov,Exec-managerial,0,0,40,39,0
33,Male,White,Married-civ-spouse,0,275632,HS-grad,Private,Transport-moving,0,0,40,39,0
20,Male,White,Never-married,3,385077,12th,Private,Machine-op-inspct,0,0,40,39,0
48,Male,White,Married-civ-spouse,0,187454,Bachelors,Self-emp-not-inc,Prof-specialty,0,0,40,39,0
62,Male,Black,Widowed,1,73091,7th-8th,Other,Other,0,0,40,39,0
37,Male,White,Married-civ-spouse,0,186934,11th,Private,Machine-op-inspct,3103,0,44,39,1
52,Male,White,Divorced,1,202930,Bachelors,Private,Exec-managerial,0,0,40,39,1
36,Male,White,Married-civ-spouse,0,403489,Masters,Federal-gov,Prof-specialty,0,0,45,39,1
43,Male,White,Married-civ-spouse,0,48193,Assoc-acdm,Private,Tech-support,0,0,40,39,0
22,Female,White,Married-civ-spouse,5,35448,HS-grad,Other,Other,0,0,22,39,0
30,Male,Asian-Pac-Islander,Married-civ-spouse,0,122889,Masters,Private,Prof-specialty,0,0,50,19,1
36,Male,White,Married-civ-spouse,0,200352,Bachelors,Private,Prof-specialty,0,0,45,39,0
28,Male,Black,Married-civ-spouse,0,83879,HS-grad,Private,Machine-op-inspct,0,0,40,39,0
51,Female,White,Widowed,4,134808,HS-grad,Local-gov,Other-service,0,0,40,39,0
61,Male,White,Married-civ-spouse,0,180418,HS-grad,Private,Transport-moving,0,0,40,39,1
32,Male,White,Never-married,3,159589,HS-grad,Private,Handlers-cleaners,0,0,50,39,0
21,Female,Other,Never-married,4,213055,Some-college,Other,Other,0,0,40,39,0
27,Male,White,Married-civ-spouse,0,128059,Some-college,Federal-gov,Craft-repair,0,0,50,39,0
77,Female,White,Widowed,4,142646,7th-8th,Private,Priv-house-serv,0,0,23,39,0
40,Male,White,Never-married,1,259307,Some-college,Private,Exec-managerial,0,0,50,39,0
23,Male,White,Never-married,3,272185,Assoc-voc,Private,Craft-repair,0,0,33,39,0
25,Male,White,Never-married,2,292058,HS-grad,Private,Other-service,0,0,30,39,0
40,Male,White,Married-civ-spouse,0,94080,Assoc-acdm,Private,Exec-managerial,0,0,40,39,1
33,Male,White,Never-married,4,168782,Assoc-voc,Private,Craft-repair,0,0,40,39,0
63,Male,White,Married-civ-spouse,0,267101,Bachelors,Self-emp-inc,Exec-managerial,0,0,60,39,0
30,Female,White,Never-married,1,43953,Assoc-acdm,Federal-gov,Prof-specialty,0,0,40,39,0
19,Female,White,Never-married,3,263340,Some-college,Private,Other-service,0,0,15,39,0
39,Female,White,Married-civ-spouse,5,174368,HS-grad,Private,Adm-clerical,0,0,40,39,1
21,Male,White,Never-married,3,152328,Some-college,Other,Other,0,0,20,39,0
63,Male,White,Married-civ-spouse,0,257876,Prof-school,Other,Other,0,0,40,39,0
35,Male,White,Divorced,2,175232,HS-grad,Private,Handlers-cleaners,0,0,40,39,0
21,Male,White,Never-married,3,118693,Some-college,Private,Machine-op-inspct,0,0,40,39,0
48,Female,White,Divorced,1,202117,11th,Private,Other-service,0,0,34,39,0
43,Male,White,Married-civ-spouse,0,221172,Prof-school,Self-emp-inc,Prof-specialty,0,1977,40,39,1
36,Male,White,Married-spouse-absent,2,252327,5th-6th,Private,Craft-repair,0,0,40,26,0
19,Male,White,Never-married,3,251579,Some-college,Private,Other-service,0,0,14,39,0
40,Female,Amer-Indian-Eskimo,Never-married,4,50442,Some-college,Local-gov,Adm-clerical,2977,0,35,39,0
55,Female,White,Divorced,1,24694,Some-college,Private,Prof-specialty,0,0,40,39,0
47,Female,White,Married-civ-spouse,5,160646,Assoc-voc,Federal-gov,Adm-clerical,0,0,35,39,0
24,Male,White,Married-civ-spouse,0,100321,Bachelors,Private,Prof-specialty,0,0,45,39,0
39,Male,White,Married-civ-spouse,0,280570,Bachelors,Private,Exec-managerial,3103,0,50,39,1
32,Male,Asian-Pac-Islander,Never-married,2,72338,Assoc-voc,Federal-gov,Prof-specialty,0,0,40,39,0
30,Male,White,Never-married,1,293936,HS-grad,Private,Other-service,0,0,50,0,0
21,Male,White,Married-civ-spouse,0,308237,5th-6th,Private,Handlers-cleaners,0,0,40,26,0
22,Female,White,Never-married,3,99829,Some-college,Private,Machine-op-inspct,0,0,30,39,0
20,Female,White,Never-married,3,211049,Some-college,Private,Exec-managerial,0,0,30,39,0
52,Male,White,Married-civ-spouse,0,208302,HS-grad,Private,Sales,0,0,36,39,0
45,Female,White,Divorced,1,200363,Assoc-voc,Private,Exec-managerial,0,0,44,39,0
26,Female,White,Never-married,3,176981,Bachelors,Self-emp-inc,Adm-clerical,0,0,50,39,0
61,Female,Black,Divorced,1,141745,HS-grad,Private,Other-service,0,0,40,39,0
30,Male,White,Married-civ-spouse,0,236599,HS-grad,Private,Exec-managerial,0,0,50,39,0
39,Male,White,Never-married,1,248694,HS-grad,Private,Craft-repair,0,0,60,39,0
56,Female,White,Divorced,1,444089,11th,Private,Sales,0,0,40,39,0
38,Male,White,Never-married,4,305597,HS-grad,Private,Transport-moving,0,0,40,39,0
46,Female,White,Divorced,3,111558,Some-college,Local-gov,Machine-op-inspct,0,0,40,39,0
76,Male,White,Married-civ-spouse,0,237624,7th-8th,Self-emp-not-inc,Craft-repair,0,0,10,39,0
23,Female,White,Never-married,3,82889,Some-college,Private,Adm-clerical,0,0,16,39,0
24,Male,Asian-Pac-Islander,Never-married,3,90934,Bachelors,Private,Sales,0,0,55,39,0
56,Female,White,Never-married,1,174533,Bachelors,Private,Exec-managerial,0,0,45,39,1
28,Male,Amer-Indian-Eskimo,Never-married,1,65389,HS-grad,Private,Other-service,0,0,30,39,0
39,Female,White,Divorced,4,57424,Bachelors,Local-gov,Adm-clerical,0,0,35,39,0
33,Male,White,Married-civ-spouse,0,278736,Assoc-voc,Private,Machine-op-inspct,0,0,50,39,0
53,Male,White,Divorced,1,82783,HS-grad,Local-gov,Exec-managerial,0,0,40,39,0
37,Male,White,Married-civ-spouse,0,104359,Some-college,Private,Handlers-cleaners,0,0,40,39,0
35,Male,Asian-Pac-Islander,Never-married,3,101709,HS-grad,Private,Transport-moving,0,0,60,39,0
24,Female,White,Never-married,3,227594,Some-college,Private,Sales,0,0,20,39,0
22,Male,White,Never-married,1,341227,Some-college,Private,Adm-clerical,0,0,20,39,0
19,Male,White,Never-married,3,138760,HS-grad,Private,Machine-op-inspct,0,0,40,39,0
39,Male,White,Never-married,1,325374,Some-college,Private,Adm-clerical,0,0,40,39,0
25,Male,White,Never-married,3,164488,Some-college,Private,Handlers-cleaners,0,0,40,39,0
41,Female,Amer-Indian-Eskimo,Married-civ-spouse,5,47170,Bachelors,State-gov,Prof-specialty,0,0,48,39,1
33,Male,White,Never-married,1,194901,HS-grad,Private,Craft-repair,0,0,45,39,0
28,Male,White,Married-civ-spouse,0,480861,HS-grad,Private,Machine-op-inspct,0,0,45,39,0
51,Male,White,Married-civ-spouse,0,99185,Assoc-acdm,Self-emp-not-inc,Exec-managerial,0,0,40,39,1
46,Male,White,Married-civ-spouse,0,233974,HS-grad,Self-emp-not-inc,Farming-fishing,0,0,35,39,0
22,Female,White,Never-married,1,198244,HS-grad,Private,Adm-clerical,0,0,39,39,0
61,Male,White,Married-civ-spouse,0,228287,HS-grad,Private,Craft-repair,0,0,50,39,0
74,Male,White,Married-civ-spouse,0,109101,Some-college,Self-emp-not-inc,Exec-managerial,0,0,4,39,0
56,Male,White,Married-civ-spouse,0,105582,Some-college,Self-emp-inc,Exec-managerial,7688,0,50,39,1
43,Male,White,Married-civ-spouse,0,301638,12th,Local-gov,Transport-moving,0,1579,40,39,0
37,Male,White,Married-civ-spouse,0,37778,Assoc-voc,Private,Sales,0,0,54,39,0
28,Male,White,Never-married,1,32922,Assoc-voc,Self-emp-inc,Sales,0,0,60,39,0
17,Female,White,Never-married,3,169658,10th,Private,Other-service,0,0,21,39,0
45,Male,White,Married-civ-spouse,0,109434,Bachelors,Private,Prof-specialty,0,0,55,39,0
60,Male,White,Married-civ-spouse,0,165827,Doctorate,State-gov,Prof-specialty,0,0,55,39,0
23,Male,White,Never-married,1,154921,5th-6th,Other,Other,0,0,50,39,0
49,Male,Black,Married-civ-spouse,0,149210,HS-grad,Private,Transport-moving,0,0,40,39,0
77,Male,White,Married-civ-spouse,0,152900,5th-6th,Other,Other,0,0,20,39,0
25,Female,White,Never-married,1,195994,1st-4th,Private,Priv-house-serv,0,0,40,13,0
26,Male,White,Never-married,1,32276,HS-grad,Private,Farming-fishing,0,0,40,39,0
27,Male,White,Married-civ-spouse,0,160731,Bachelors,Private,Prof-specialty,0,0,40,39,0
64,Male,White,Widowed,1,43738,Doctorate,Private,Prof-specialty,0,0,80,39,1
40,Male,White,Married-civ-spouse,0,89226,Bachelors,Private,Sales,0,0,40,39,1
33,Female,White,Separated,3,125249,HS-grad,Private,Protective-serv,0,0,40,39,0
25,Female,White,Separated,4,108301,HS-grad,Private,Other-service,0,0,20,39,0
31,Male,Asian-Pac-Islander,Married-civ-spouse,0,341672,Some-college,Private,Adm-clerical,0,0,50,19,0
42,Male,White,Married-civ-spouse,0,341178,5th-6th,Private,Other-service,0,0,44,26,0
26,Male,White,Never-married,1,176520,HS-grad,Private,Adm-clerical,0,0,53,39,0
20,Female,White,Never-married,2,55233,Some-college,Federal-gov,Adm-clerical,0,0,40,39,0
44,Male,White,Married-civ-spouse,0,125461,Bachelors,Private,Sales,0,0,40,39,1
31,Male,White,Married-civ-spouse,0,156763,HS-grad,Private,Sales,2829,0,40,39,0
43,Male,White,Never-married,1,184378,Bachelors,Private,Prof-specialty,0,0,40,39,0
26,Male,White,Married-civ-spouse,0,190762,Some-college,Private,Sales,0,0,18,39,0
77,Male,Other,Married-civ-spouse,0,253642,7th-8th,Private,Machine-op-inspct,0,0,30,39,0
34,Male,Black,Married-civ-spouse,0,310525,HS-grad,Other,Other,0,0,10,39,0
41,Male,White,Never-married,1,287037,Some-college,Private,Farming-fishing,0,0,40,39,0
19,Male,White,Never-married,1,283033,11th,Private,Other-service,0,0,40,39,0
44,Male,White,Married-civ-spouse,0,174283,HS-grad,Private,Craft-repair,0,0,40,39,1
30,Female,Asian-Pac-Islander,Married-civ-spouse,5,285295,Bachelors,Private,Other-service,0,0,40,30,0
58,Male,White,Divorced,1,234328,Bachelors,Private,Sales,0,0,40,39,0
43,Female,White,Never-married,1,209544,Masters,Local-gov,Exec-managerial,10520,0,50,39,1
55,Male,White,Married-civ-spouse,0,141549,HS-grad,Private,Craft-repair,0,0,40,39,0
64,Female,White,Widowed,1,239529,11th,Other,Other,3674,0,35,39,0
29,Male,White,Married-civ-spouse,0,109001,Some-college,Self-emp-not-inc,Craft-repair,0,0,35,39,0
31,Male,White,Married-civ-spouse,0,197252,7th-8th,Private,Other-service,0,0,40,26,0
50,Male,Black,Married-civ-spouse,0,118565,11th,Private,Machine-op-inspct,0,0,40,39,0
35,Male,Amer-Indian-Eskimo,Married-civ-spouse,0,27763,HS-grad,Local-gov,Other-service,0,0,40,39,0
24,Female,White,Never-married,4,211049,7th-8th,State-gov,Tech-support,0,0,20,39,0
47,Male,Black,Never-married,1,262244,Bachelors,Private,Sales,0,0,60,39,1
42,Male,Asian-Pac-Islander,Married-civ-spouse,0,198341,Masters,Private,Prof-specialty,0,1902,55,19,1
54,Male,White,Married-civ-spouse,0,53407,HS-grad,Private,Craft-repair,0,0,40,39,0
40,Male,Black,Separated,4,289403,Bachelors,Private,Adm-clerical,0,0,35,39,0
26,Male,White,Never-married,3,485117,Bachelors,Private,Transport-moving,0,0,20,39,0
20,Female,White,Never-married,3,103840,HS-grad,Private,Machine-op-inspct,0,0,42,39,0
62,Female,White,Widowed,2,26857,7th-8th,Self-emp-not-inc,Farming-fishing,0,0,35,39,0
54,Male,White,Married-civ-spouse,0,34832,Doctorate,Local-gov,Exec-managerial,0,0,60,39,1
43,Male,White,Married-civ-spouse,0,120277,HS-grad,Private,Craft-repair,0,0,40,39,1
25,Male,White,Married-civ-spouse,0,192273,Bachelors,Private,Prof-specialty,0,0,40,39,0
42,Female,White,Divorced,1,143342,Some-college,Private,Machine-op-inspct,0,0,40,39,0
30,Male,White,Never-married,1,145714,Assoc-voc,Private,Prof-specialty,0,0,40,39,0
59,Female,Black,Divorced,1,143372,10th,Private,Adm-clerical,0,0,40,39,0
75,Female,White,Widowed,1,316119,Some-college,Private,Prof-specialty,0,0,8,39,0
35,Male,Black,Married-civ-spouse,0,287658,Some-college,Federal-gov,Protective-serv,0,0,40,39,1
63,Male,White,Married-civ-spouse,0,194682,Doctorate,State-gov,Exec-managerial,0,1902,50,39,1
35,Male,White,Divorced,1,77146,Assoc-voc,Private,Exec-managerial,0,0,45,39,0
36,Male,White,Married-civ-spouse,0,129150,HS-grad,Self-emp-not-inc,Farming-fishing,0,0,50,39,1
68,Female,White,Married-civ-spouse,5,108683,Some-college,Other,Other,0,0,12,39,1
58,Female,Black,Married-civ-spouse,5,294313,Some-college,Local-gov,Adm-clerical,0,0,55,39,0
57,Male,Amer-Indian-Eskimo,Married-spouse-absent,4,174760,Assoc-acdm,Self-emp-not-inc,Farming-fishing,0,0,40,39,0
45,Male,Asian-Pac-Islander,Married-civ-spouse,0,338105,Some-college,Private,Craft-repair,0,0,40,40,0
38,Male,White,Married-civ-spouse,0,278924,Bachelors,Private,Exec-managerial,0,1887,50,39,1
51,Female,White,Married-civ-spouse,5,189762,Some-college,Private,Exec-managerial,0,0,15,39,1
21,Female,White,Never-married,3,282484,Some-college,Private,Other-service,0,0,40,39,0
26,Female,White,Never-married,3,109564,HS-grad,Other,Other,0,0,40,39,0
19,Female,White,Never-married,1,64112,12th,Private,Adm-clerical,0,0,40,39,0
53,Female,White,Divorced,1,139127,HS-grad,Private,Other-service,0,0,40,39,0
35,Female,White,Divorced,1,234271,Some-college,Private,Adm-clerical,0,0,40,39,0
23,Female,White,Married-civ-spouse,3,189468,Assoc-voc,Private,Machine-op-inspct,0,0,30,39,0
29,Male,White,Never-married,4,277342,Some-college,Private,Transport-moving,0,0,40,39,0
41,Male,White,Divorced,1,227890,Some-college,Private,Craft-repair,0,0,46,39,1
44,Male,White,Married-civ-spouse,0,265266,10th,Private,Transport-moving,0,0,40,39,0
55,Female,Black,Never-married,4,88856,7th-8th,Local-gov,Other-service,0,0,40,39,0
49,Male,White,Married-civ-spouse,0,209146,HS-grad,Private,Transport-moving,0,0,40,39,0
19,Female,White,Never-married,3,175083,HS-grad,Private,Sales,0,0,8,39,0
28,Female,White,Never-married,1,107411,HS-grad,Private,Exec-managerial,0,0,45,39,0
23,Male,White,Divorced,1,159709,HS-grad,Private,Craft-repair,0,0,40,39,0
39,Male,White,Married-civ-spouse,0,191807,HS-grad,Private,Sales,15024,0,50,39,1
34,Male,White,Married-civ-spouse,0,35595,Bachelors,Other,Other,0,0,30,39,0
47,Male,White,Married-spouse-absent,1,343579,1st-4th,Private,Farming-fishing,0,0,12,26,0
23,Female,White,Never-married,1,117789,Bachelors,Private,Prof-specialty,0,0,60,39,0
26,Male,White,Married-civ-spouse,0,276624,Some-college,Private,Protective-serv,0,0,40,39,0
55,Female,White,Divorced,1,212448,HS-grad,Local-gov,Adm-clerical,0,0,40,39,0
66,Male,White,Married-civ-spouse,0,298834,Some-college,Private,Protective-serv,0,0,40,2,0
21,Male,White,Married-civ-spouse,0,109952,HS-grad,Private,Craft-repair,0,0,40,39,0
25,Female,White,Divorced,4,206002,HS-grad,Local-gov,Tech-support,0,0,40,39,0
51,Male,White,Divorced,1,249644,Some-college,Private,Craft-repair,0,0,48,39,1
18,Female,White,Never-married,3,164441,Some-college,Private,Adm-clerical,0,0,38,39,0
33,Male,White,Married-civ-spouse,0,248584,Some-college,Private,Other-service,0,0,50,39,0
33,Female,White,Never-married,4,268147,9th,Private,Sales,0,0,40,39,0
20,Male,White,Never-married,3,211466,HS-grad,Self-emp-not-inc,Transport-moving,0,0,80,39,0
46,Male,White,Married-civ-spouse,0,122026,Bachelors,Private,Craft-repair,0,0,44,39,1
29,Male,White,Never-married,3,29616,HS-grad,Self-emp-not-inc,Farming-fishing,0,0,65,39,0
61,Male,White,Married-civ-spouse,0,113544,Bachelors,Other,Other,0,0,55,39,0
35,Female,Black,Divorced,1,197495,Some-college,State-gov,Exec-managerial,0,0,40,39,0
25,Female,White,Divorced,1,194352,Bachelors,Private,Prof-specialty,0,0,44,39,0
58,Male,White,Married-civ-spouse,0,118253,HS-grad,Self-emp-not-inc,Farming-fishing,0,0,70,39,0
31,Male,White,Married-civ-spouse,0,164870,11th,Private,Craft-repair,0,0,40,26,0
25,Female,White,Never-married,1,366796,Bachelors,Local-gov,Prof-specialty,0,0,40,39,0
38,Male,White,Married-civ-spouse,0,256864,HS-grad,Private,Tech-support,0,0,50,39,1
40,Male,White,Married-civ-spouse,0,194360,9th,Private,Handlers-cleaners,0,0,40,39,0
24,Male,Black,Married-civ-spouse,0,291407,HS-grad,Private,Transport-moving,0,0,40,39,0
35,Female,White,Divorced,4,108946,HS-grad,Private,Tech-support,0,0,40,39,0
32,Male,White,Never-married,1,156015,Bachelors,Private,Prof-specialty,0,0,40,39,0
20,Male,White,Never-married,3,150084,HS-grad,Other,Other,0,0,25,39,0
46,Male,Amer-Indian-Eskimo,Divorced,4,176552,11th,Private,Prof-specialty,0,0,40,39,1
35,Female,White,Never-married,3,139770,HS-grad,Private,Adm-clerical,6849,0,40,39,0
18,Male,White,Never-married,1,423024,HS-grad,Private,Other-service,0,0,20,39,0
59,Male,White,Married-civ-spouse,0,395736,HS-grad,Private,Handlers-cleaners,0,0,40,39,1
61,Male,White,Married-civ-spouse,0,166855,Bachelors,Other,Other,0,0,10,39,0
24,Male,Black,Married-civ-spouse,0,220323,Some-college,Private,Prof-specialty,0,0,40,39,0
45,Male,White,Married-civ-spouse,0,46406,Masters,Private,Prof-specialty,0,0,36,9,1
64,Male,White,Married-civ-spouse,0,134378,Masters,Private,Exec-managerial,0,0,50,39,1
49,Male,White,Married-civ-spouse,0,115784,Assoc-voc,Private,Handlers-cleaners,0,0,45,39,0
23,Female,White,Never-married,3,102729,Some-college,Private,Sales,0,0,15,39,0
59,Female,White,Widowed,1,130532,Some-college,Local-gov,Other-service,0,0,40,31,0
29,Male,White,Married-civ-spouse,0,95423,Masters,State-gov,Adm-clerical,0,0,36,39,0
39,Male,White,Married-civ-spouse,0,151029,HS-grad,Self-emp-inc,Exec-managerial,0,0,40,39,1
23,Male,White,Never-married,1,189017,Bachelors,Private,Sales,0,0,55,39,0
36,Male,White,Married-civ-spouse,0,151835,HS-grad,Private,Other-service,0,0,60,39,1
49,Male,White,Married-civ-spouse,0,350759,HS-grad,Other,Other,0,0,40,39,0
33,Male,White,Married-civ-spouse,0,170769,HS-grad,Private,Craft-repair,0,0,40,39,0
44,Female,Black,Separated,4,108438,10th,Private,Machine-op-inspct,0,0,40,39,0
29,Male,White,Married-civ-spouse,0,282944,Doctorate,Private,Prof-specialty,0,0,50,39,1
59,Male,White,Married-civ-spouse,0,96459,7th-8th,Self-emp-not-inc,Craft-repair,0,0,40,39,0
28,Male,White,Married-civ-spouse,0,192838,Assoc-voc,Self-emp-not-inc,Craft-repair,0,0,45,39,0
66,Male,White,Widowed,1,134130,Bachelors,Private,Other-service,0,0,12,39,0
36,Female,White,Married-civ-spouse,5,149833,HS-grad,Private,Exec-managerial,0,0,40,39,0
27,Male,Asian-Pac-Islander,Never-married,4,190650,Bachelors,Other,Other,0,0,25,30,0
54,Male,White,Never-married,1,205337,Bachelors,Private,Exec-managerial,0,0,50,39,1
30,Female,White,Never-married,1,130078,Bachelors,Private,Sales,0,0,45,39,0
39,Male,White,Married-civ-spouse,0,195253,HS-grad,Private,Machine-op-inspct,0,0,40,39,1
42,Male,White,Married-civ-spouse,0,255675,Some-college,Local-gov,Craft-repair,0,0,40,39,1
37,Male,White,Separated,1,109133,Masters,Private,Exec-managerial,27828,0,60,20,1
29,Female,Asian-Pac-Islander,Married-spouse-absent,3,130620,Some-college,Private,Sales,0,0,26,19,0
39,Female,Asian-Pac-Islander,Never-married,3,121468,Bachelors,Private,Exec-managerial,0,0,35,39,0
42,Female,Black,Divorced,4,189956,Bachelors,Local-gov,Prof-specialty,0,0,30,39,0
23,Male,White,Never-married,1,162282,Some-college,Private,Handlers-cleaners,0,0,25,39,0
40,Female,White,Married-civ-spouse,5,202872,HS-grad,Private,Sales,0,0,40,39,1
41,Female,White,Divorced,4,65372,Doctorate,Private,Sales,0,0,50,39,1
44,Male,White,Never-married,3,27242,Some-college,Self-emp-not-inc,Farming-fishing,0,0,60,39,0
25,Male,Amer-Indian-Eskimo,Never-married,4,312338,Assoc-voc,Private,Craft-repair,0,0,40,39,0
30,Female,White,Married-civ-spouse,2,210906,HS-grad,Private,Exec-managerial,0,0,40,39,0
23,Female,Black,Never-married,3,183327,HS-grad,Private,Craft-repair,0,1594,20,39,0
31,Male,Other,Married-civ-spouse,0,409622,Bachelors,Private,Machine-op-inspct,0,0,36,26,0
32,Male,White,Married-civ-spouse,0,33678,Some-college,Private,Transport-moving,0,0,50,39,1
20,Male,White,Never-married,3,196643,Some-college,Private,Other-service,0,0,20,39,0
51,Female,White,Divorced,1,169364,Some-college,Private,Handlers-cleaners,0,0,40,21,0
32,Male,White,Married-civ-spouse,0,209103,HS-grad,Private,Transport-moving,0,0,20,39,1
24,Female,White,Married-civ-spouse,3,211585,HS-grad,Private,Transport-moving,0,0,40,39,0
63,Male,White,Married-civ-spouse,0,152163,HS-grad,Local-gov,Protective-serv,0,0,40,39,0
32,Female,Asian-Pac-Islander,Divorced,1,77723,Bachelors,State-gov,Exec-managerial,0,0,40,39,0
45,Male,White,Married-civ-spouse,0,40666,Assoc-voc,Self-emp-not-inc,Farming-fishing,0,0,60,39,0
62,Male,Asian-Pac-Islander,Married-civ-spouse,0,137354,Masters,Self-emp-inc,Prof-specialty,0,0,40,35,0
37,Male,White,Married-civ-spouse,0,147258,9th,Private,Machine-op-inspct,0,0,50,39,1
18,Male,White,Never-married,3,423460,11th,Other,Other,0,0,36,39,0
33,Female,White,Never-married,1,356823,Bachelors,Private,Prof-specialty,10520,0,45,39,1
45,Male,White,Never-married,3,108993,HS-grad,Private,Craft-repair,0,0,40,39,0
34,Female,White,Married-civ-spouse,3,123084,11th,Private,Machine-op-inspct,0,0,40,39,0
52,Male,White,Divorced,4,101017,HS-grad,Self-emp-inc,Exec-managerial,0,0,38,39,0
43,Female,White,Separated,1,347934,HS-grad,Private,Sales,0,0,30,39,0
17,Female,White,Never-married,3,184198,11th,Private,Sales,0,0,13,39,0
34,Female,Black,Married-civ-spouse,2,268051,Some-college,Private,Protective-serv,0,0,25,14,0
37,Male,White,Married-civ-spouse,0,343721,Bachelors,Private,Prof-specialty,0,0,40,39,1
34,Male,White,Married-civ-spouse,0,119422,Assoc-voc,Private,Machine-op-inspct,0,1672,50,39,0
54,Male,White,Married-civ-spouse,0,224934,Masters,Local-gov,Prof-specialty,0,0,50,39,1
56,Female,White,Divorced,1,229335,HS-grad,Private,Adm-clerical,0,0,40,39,0
29,Male,White,Married-civ-spouse,0,110442,HS-grad,Private,Handlers-cleaners,0,0,45,39,0
71,Female,White,Divorced,1,93202,HS-grad,Private,Other-service,0,0,16,39,0
46,Female,Black,Never-married,1,253116,Bachelors,Local-gov,Prof-specialty,0,0,40,39,0
79,Male,White,Married-civ-spouse,0,163140,HS-grad,Other,Other,0,0,40,39,1
20,Female,White,Never-married,3,196678,12th,Private,Adm-clerical,0,0,40,39,0
36,Female,White,Married-spouse-absent,4,275653,7th-8th,Private,Machine-op-inspct,2977,0,40,33,0
51,Male,White,Never-married,1,386773,Bachelors,Private,Sales,0,0,55,39,1
52,Male,White,Married-civ-spouse,0,208137,Assoc-voc,Private,Adm-clerical,0,0,40,39,0
33,Male,White,Never-married,1,229732,Bachelors,Private,Sales,0,0,45,39,1
25,Female,White,Never-married,1,91709,Assoc-acdm,Private,Tech-support,0,0,45,39,0
39,Male,White,Married-civ-spouse,0,34180,Assoc-voc,Self-emp-inc,Farming-fishing,0,0,60,39,1
31,Male,White,Never-married,1,446358,Doctorate,Local-gov,Prof-specialty,0,0,50,26,1
20,Male,White,Separated,1,132320,Some-college,Private,Craft-repair,0,0,40,39,0
36,Male,Black,Divorced,4,313853,Bachelors,Self-emp-not-inc,Other-service,0,0,45,39,1
43,Female,White,Separated,4,35824,Some-college,Private,Prof-specialty,0,0,40,39,0
20,Female,White,Never-married,3,249956,Some-college,Private,Adm-clerical,0,0,10,39,0
33,Male,White,Married-civ-spouse,0,231043,HS-grad,Private,Craft-repair,0,0,50,39,1
50,Male,White,Married-civ-spouse,0,128478,HS-grad,Private,Craft-repair,0,0,60,39,1
38,Male,White,Married-civ-spouse,0,102178,HS-grad,Private,Transport-moving,0,0,50,39,0
34,Male,Asian-Pac-Islander,Married-civ-spouse,0,198664,Bachelors,Self-emp-not-inc,Craft-repair,15024,0,70,35,1
31,Female,White,Never-married,3,259705,HS-grad,Private,Farming-fishing,0,0,40,39,0
28,Male,White,Married-civ-spouse,0,209934,5th-6th,Self-emp-not-inc,Handlers-cleaners,0,0,25,26,0
41,Male,Other,Married-civ-spouse,0,230020,5th-6th,Other,Other,0,0,40,39,0
36,Male,White,Married-civ-spouse,0,37778,Some-college,Private,Exec-managerial,0,0,40,39,0
32,Male,White,Married-civ-spouse,0,350624,12th,Self-emp-not-inc,Craft-repair,0,0,40,39,0
18,Male,White,Never-married,3,446771,Some-college,Private,Adm-clerical,0,0,25,39,0
52,Male,White,Married-civ-spouse,0,334273,Doctorate,Self-emp-inc,Prof-specialty,99999,0,65,39,1
38,Male,White,Married-civ-spouse,0,190895,Bachelors,Federal-gov,Prof-specialty,0,0,40,0,1
41,Female,White,Divorced,4,97064,Assoc-voc,Local-gov,Adm-clerical,0,0,44,39,0
59,Female,White,Separated,1,192983,HS-grad,Private,Other-service,0,0,40,39,0
48,Male,Black,Married-civ-spouse,0,247895,Bachelors,Private,Exec-managerial,0,0,40,39,1
42,Female,Black,Separated,4,46366,HS-grad,Federal-gov,Adm-clerical,0,0,40,39,0
57,Male,White,Married-civ-spouse,0,99364,9th,Private,Machine-op-inspct,0,0,40,33,0
44,Male,White,Married-civ-spouse,0,320984,Bachelors,Private,Sales,0,0,60,39,1
42,Female,White,Married-civ-spouse,5,184837,HS-grad,Private,Machine-op-inspct,7298,0,40,39,1
47,Male,White,Married-civ-spouse,0,185385,10th,Private,Machine-op-inspct,0,0,40,39,1
49,Male,White,Married-civ-spouse,0,195612,Some-college,Private,Exec-managerial,7298,0,40,39,1
46,Male,White,Never-married,1,192779,Bachelors,Private,Sales,0,0,45,39,1
54,Male,Black,Never-married,1,133050,Some-college,Private,Sales,0,0,41,39,0
50,Female,White,Never-married,4,92968,Bachelors,Private,Sales,0,0,32,39,0
49,Female,Black,Divorced,1,131302,Assoc-voc,State-gov,Adm-clerical,0,0,44,39,0
29,Male,White,Never-married,1,106153,HS-grad,Private,Craft-repair,0,0,50,39,0
32,Male,White,Married-civ-spouse,0,194426,Bachelors,Private,Tech-support,15024,0,40,39,1
33,Male,White,Married-civ-spouse,0,231826,7th-8th,Private,Machine-op-inspct,0,0,40,26,0
35,Male,White,Married-civ-spouse,0,224889,Bachelors,Private,Sales,0,0,40,39,0
25,Female,White,Divorced,1,338013,Some-college,Private,Tech-support,0,0,40,39,0
35,Male,White,Separated,1,101978,HS-grad,Private,Transport-moving,0,0,50,39,0
55,Female,White,Never-married,1,92215,HS-grad,Private,Adm-clerical,0,0,45,39,0
28,Male,White,Married-civ-spouse,0,65078,HS-grad,Private,Craft-repair,0,0,40,39,1
33,Male,White,Divorced,1,155198,9th,Private,Machine-op-inspct,0,0,35,39,0
31,Male,White,Never-married,1,117507,HS-grad,Private,Craft-repair,0,0,45,39,0
40,Male,White,Married-civ-spouse,0,136986,Some-college,Private,Machine-op-inspct,0,0,50,39,1
63,Male,White,Divorced,1,117681,HS-grad,Private,Farming-fishing,0,0,25,39,0
30,Male,White,Never-married,1,159888,Bachelors,Private,Sales,0,0,60,39,1
25,Female,White,Married-civ-spouse,5,255647,HS-grad,Private,Other-service,0,0,25,26,0
27,Male,Black,Never-married,3,195562,HS-grad,Private,Craft-repair,0,0,20,39,0
33,Male,White,Married-civ-spouse,2,238002,9th,Private,Transport-moving,0,0,40,26,0
57,Female,White,Divorced,1,161097,HS-grad,Private,Sales,0,0,26,39,0
22,Female,White,Never-married,3,374116,HS-grad,Private,Priv-house-serv,0,0,36,39,0
41,Male,White,Married-civ-spouse,0,106900,Bachelors,Private,Tech-support,0,1902,42,39,1
26,Female,White,Never-married,1,109193,Some-college,State-gov,Craft-repair,0,0,40,39,0
40,Female,White,Married-civ-spouse,5,136244,Some-college,Private,Adm-clerical,0,0,40,39,0
31,Male,White,Married-civ-spouse,0,194901,HS-grad,Private,Sales,0,0,50,39,1
29,Male,White,Never-married,1,200468,10th,Private,Prof-specialty,0,0,40,39,0
47,Male,White,Married-civ-spouse,0,123681,Masters,Local-gov,Prof-specialty,7688,0,60,39,1
37,Male,White,Married-civ-spouse,0,227128,5th-6th,Private,Craft-repair,0,0,40,39,0
40,Male,White,Married-civ-spouse,0,445382,HS-grad,Private,Exec-managerial,0,0,40,39,1
56,Male,White,Married-civ-spouse,0,216851,Bachelors,Local-gov,Tech-support,0,0,40,39,1
47,Male,White,Married-civ-spouse,0,188330,HS-grad,Private,Transport-moving,0,0,25,39,0
59,Male,White,Separated,1,140569,Some-college,Private,Sales,14084,0,60,39,1
20,Male,White,Never-married,4,38772,10th,Private,Handlers-cleaners,0,0,50,39,0
44,Male,White,Married-civ-spouse,0,136419,10th,Other,Other,0,0,40,39,0
21,Female,White,Never-married,1,82847,Some-college,Private,Tech-support,0,0,50,39,0
19,Male,White,Never-married,3,439779,Some-college,Private,Sales,0,0,15,39,0
42,Male,White,Married-civ-spouse,0,198692,Some-college,Self-emp-not-inc,Craft-repair,0,0,45,39,1
23,Male,White,Never-married,1,312017,Some-college,Private,Exec-managerial,0,0,40,39,0
55,Male,Black,Married-civ-spouse,0,217802,Some-college,Private,Adm-clerical,0,0,25,39,0
50,Male,White,Married-civ-spouse,0,69345,Assoc-acdm,Federal-gov,Exec-managerial,0,0,60,39,0
40,Male,White,Married-civ-spouse,0,145160,Doctorate,Private,Prof-specialty,0,0,40,39,1
19,Male,White,Never-married,3,181572,Some-college,Private,Adm-clerical,0,0,40,39,0
85,Male,White,Widowed,4,115364,HS-grad,Private,Sales,0,0,35,39,0
24,Female,Asian-Pac-Islander,Never-married,2,281221,Bachelors,Private,Adm-clerical,0,0,40,36,0
57,Male,White,Married-civ-spouse,0,201991,Bachelors,Private,Prof-specialty,0,0,40,39,0
17,Female,White,Never-married,3,297117,11th,Other,Other,0,0,40,39,0
31,Male,White,Married-civ-spouse,0,149726,HS-grad,Self-emp-inc,Craft-repair,0,0,50,39,0
26,Male,Other,Married-civ-spouse,0,328663,HS-grad,Private,Transport-moving,0,0,40,39,0
77,Male,White,Married-civ-spouse,0,28678,Masters,Other,Other,9386,0,6,39,1
20,Female,White,Never-married,3,745817,Some-college,Private,Tech-support,0,0,15,39,0
43,Male,White,Married-civ-spouse,0,159549,HS-grad,Private,Craft-repair,0,0,40,39,0
35,Male,White,Never-married,1,168817,HS-grad,Private,Machine-op-inspct,0,0,40,39,0
40,Male,White,Married-civ-spouse,0,182437,Assoc-acdm,Self-emp-inc,Sales,15024,0,50,39,1
24,Female,White,Married-AF-spouse,5,188505,Bachelors,Private,Prof-specialty,0,0,40,39,1
52,Male,White,Married-civ-spouse,0,183611,1st-4th,Private,Farming-fishing,0,0,40,39,0
28,Female,White,Never-married,1,496526,HS-grad,Private,Adm-clerical,0,0,40,39,0
42,Male,White,Married-civ-spouse,0,373469,HS-grad,Private,Craft-repair,0,0,40,39,1
48,Male,White,Married-civ-spouse,0,207277,Masters,Private,Exec-managerial,15024,0,40,39,1
43,Male,White,Married-civ-spouse,0,184378,Bachelors,Private,Prof-specialty,0,0,35,39,0
48,Male,White,Married-civ-spouse,0,440706,7th-8th,Private,Machine-op-inspct,0,0,40,39,1
65,Male,White,Married-civ-spouse,0,139272,Bachelors,Self-emp-inc,Sales,99999,0,60,39,1
18,Male,Black,Never-married,3,274057,11th,Private,Other-service,0,0,8,39,0
38,Male,Asian-Pac-Islander,Married-civ-spouse,0,125499,Bachelors,State-gov,Prof-specialty,7688,0,60,19,1
69,Male,White,Married-civ-spouse,0,208869,Masters,State-gov,Prof-specialty,0,0,11,39,0
29,Male,White,Married-civ-spouse,0,81648,HS-grad,Private,Sales,0,1887,55,39,1
59,Male,White,Married-civ-spouse,0,175942,HS-grad,Private,Transport-moving,0,0,45,39,1
57,Male,White,Married-civ-spouse,0,425161,Masters,Federal-gov,Sales,15024,0,40,39,1
21,Female,Black,Married-spouse-absent,3,293968,Some-college,Private,Sales,0,0,20,39,0
37,Male,White,Divorced,1,295127,Some-college,Private,Other-service,0,0,47,39,0
44,Male,White,Married-civ-spouse,0,373050,HS-grad,Private,Transport-moving,0,0,40,39,0
61,Male,White,Married-civ-spouse,0,143800,10th,Private,Transport-moving,0,0,50,39,1
32,Female,White,Separated,4,100135,Bachelors,Private,Prof-specialty,0,0,32,39,0
39,Male,White,Married-civ-spouse,0,192614,HS-grad,Private,Transport-moving,0,0,56,39,0
41,Female,White,Never-married,1,149385,HS-grad,Other,Other,0,0,30,39,0
67,Male,Black,Married-civ-spouse,0,45537,Masters,Other,Other,0,0,40,39,1
27,Female,White,Divorced,4,192936,HS-grad,Private,Adm-clerical,0,0,40,39,0
44,Male,White,Married-civ-spouse,0,226129,Assoc-voc,Private,Prof-specialty,0,0,50,39,1
30,Male,Other,Never-married,1,215441,Some-college,Private,Adm-clerical,0,0,40,0,0
51,Male,White,Married-civ-spouse,0,116286,Masters,Local-gov,Prof-specialty,0,0,60,39,1
50,Male,White,Married-civ-spouse,0,24013,Some-college,Private,Exec-managerial,0,0,84,39,1
49,Male,White,Married-civ-spouse,0,175622,Bachelors,Self-emp-not-inc,Prof-specialty,0,0,40,39,1
27,Male,White,Married-civ-spouse,0,210498,HS-grad,Private,Craft-repair,5178,0,40,39,1
56,Female,White,Widowed,4,62539,11th,Self-emp-not-inc,Other-service,0,0,65,12,1
26,Female,White,Never-married,2,191648,Assoc-acdm,Private,Machine-op-inspct,0,0,15,39,0
32,Male,White,Married-civ-spouse,0,73585,Assoc-voc,Private,Craft-repair,0,0,40,39,0
31,Male,White,Never-married,1,125457,HS-grad,Private,Craft-repair,0,0,45,39,0
20,Female,White,Never-married,3,41183,Some-college,Other,Other,0,0,30,39,0
35,Male,White,Never-married,3,228493,Some-college,Private,Sales,0,0,48,39,0
22,Male,White,Never-married,3,51985,Some-college,Private,Craft-repair,0,0,30,39,0
19,Male,White,Never-married,3,43003,Some-college,Private,Other-service,0,0,20,39,0
46,Female,White,Divorced,1,128645,Some-college,Private,Prof-specialty,0,0,40,39,0
19,Female,White,Never-married,3,306467,Some-college,Private,Other-service,0,0,20,39,0
26,Male,White,Never-married,3,45869,Bachelors,Private,Handlers-cleaners,0,0,40,39,0
45,Male,White,Divorced,1,221780,Some-college,Private,Handlers-cleaners,0,0,30,39,0
60,Male,White,Married-civ-spouse,0,317083,Bachelors,Private,Exec-managerial,0,0,45,39,1
42,Male,White,Widowed,4,219288,7th-8th,Private,Craft-repair,0,0,40,39,0
39,Male,White,Divorced,1,154641,HS-grad,Self-emp-not-inc,Farming-fishing,8614,0,50,39,1
20,Male,Black,Never-married,3,462294,Some-college,Never-worked,Other,0,0,40,39,0
61,Male,Black,Married-civ-spouse,0,355645,9th,Private,Machine-op-inspct,0,0,20,38,0
39,Male,White,Married-civ-spouse,0,181705,HS-grad,Private,Prof-specialty,0,0,45,39,0
34,Female,White,Married-AF-spouse,5,436341,Some-college,Federal-gov,Adm-clerical,0,0,40,39,1
40,Male,White,Married-civ-spouse,0,225165,HS-grad,Self-emp-inc,Exec-managerial,0,0,40,39,0
43,Female,Black,Divorced,4,160246,Some-college,Private,Prof-specialty,0,0,40,39,0
44,Female,Asian-Pac-Islander,Married-civ-spouse,5,19914,HS-grad,Private,Other-service,0,0,50,30,0
59,Male,White,Married-civ-spouse,0,50929,Some-college,Local-gov,Exec-managerial,0,0,60,39,1
47,Female,White,Widowed,4,160045,Some-college,Self-emp-not-inc,Other-service,0,0,35,39,0
22,Female,White,Never-married,1,58916,Some-college,Private,Adm-clerical,0,0,30,39,0
58,Male,White,Married-civ-spouse,0,95835,Some-college,Private,Tech-support,0,0,36,39,0
26,Female,White,Never-married,1,40915,Bachelors,Private,Other-service,0,0,25,39,0
49,Male,White,Married-civ-spouse,0,58359,Some-college,Self-emp-inc,Exec-managerial,15024,0,50,39,1
36,Female,White,Divorced,1,181322,Bachelors,Private,Exec-managerial,0,0,45,39,0
51,Female,White,Married-civ-spouse,5,205100,Masters,Self-emp-not-inc,Prof-specialty,0,0,30,39,1
36,Male,White,Divorced,1,126954,HS-grad,Private,Transport-moving,0,0,40,39,0
28,Male,White,Married-civ-spouse,0,161607,Some-college,Private,Transport-moving,0,0,45,39,0
41,Male,White,Married-civ-spouse,0,29762,Some-college,Self-emp-not-inc,Farming-fishing,5013,0,70,39,0
34,Male,Black,Married-civ-spouse,0,304030,HS-grad,Private,Adm-clerical,0,0,40,39,0
32,Female,Asian-Pac-Islander,Separated,4,114746,HS-grad,Private,Handlers-cleaners,0,0,60,35,0
36,Female,White,Married-civ-spouse,5,117312,Some-college,Local-gov,Transport-moving,0,0,40,39,0
29,Female,White,Never-married,1,165360,Assoc-voc,Private,Adm-clerical,0,0,40,39,0
47,Male,White,Married-civ-spouse,0,139268,HS-grad,Private,Tech-support,0,0,40,39,0
29,Male,White,Married-civ-spouse,0,160786,HS-grad,Self-emp-not-inc,Exec-managerial,0,0,55,39,0
90,Female,White,Separated,3,171956,Some-college,Private,Adm-clerical,0,0,40,33,0
24,Female,Black,Never-married,4,247075,HS-grad,State-gov,Adm-clerical,0,0,20,39,0
34,Male,White,Married-civ-spouse,0,345360,Bachelors,Private,Tech-support,0,0,40,9,0
63,Male,White,Married-civ-spouse,0,117473,Some-college,Private,Prof-specialty,4386,0,40,39,1
34,Female,White,Never-married,1,62396,Bachelors,Self-emp-inc,Prof-specialty,0,0,62,39,1
23,Male,Asian-Pac-Islander,Never-married,1,230315,Some-college,Private,Other-service,0,0,40,6,0
20,Female,White,Never-married,3,151105,Assoc-acdm,Private,Sales,0,0,25,39,0
40,Male,White,Married-civ-spouse,0,163455,Some-college,Private,Tech-support,0,0,55,39,1
20,Female,White,Never-married,4,232577,Some-college,Private,Other-service,0,0,40,39,0
23,Male,Amer-Indian-Eskimo,Never-married,3,27415,11th,Other,Other,0,0,40,39,0
30,Female,White,Never-married,1,117393,HS-grad,Private,Sales,0,0,40,39,0
36,Female,White,Never-married,3,150042,HS-grad,Private,Adm-clerical,0,0,40,39,0
28,Male,White,Married-civ-spouse,0,92262,Bachelors,Private,Sales,0,0,40,39,0
56,Male,White,Married-spouse-absent,1,249368,HS-grad,Self-emp-not-inc,Exec-managerial,0,0,70,39,0
48,Female,White,Married-civ-spouse,5,317360,Bachelors,Self-emp-not-inc,Prof-specialty,0,0,20,39,1
44,Male,White,Married-civ-spouse,0,167280,Bachelors,Self-emp-not-inc,Sales,0,0,40,39,0
50,Male,White,Married-civ-spouse,0,57758,Assoc-voc,Self-emp-not-inc,Sales,0,0,60,39,1
46,Male,White,Married-civ-spouse,0,78022,HS-grad,Federal-gov,Adm-clerical,0,0,40,39,1
51,Male,White,Divorced,1,29887,HS-grad,Private,Exec-managerial,0,0,44,39,0
61,Female,White,Divorced,1,158712,HS-grad,Other,Other,0,0,99,39,0
42,Male,White,Married-civ-spouse,0,31251,Assoc-voc,Private,Sales,0,0,37,39,0
20,Male,White,Never-married,3,381357,9th,Private,Handlers-cleaners,0,0,28,39,0
27,Male,White,Never-married,1,209472,Bachelors,Private,Exec-managerial,0,0,50,39,0
65,Male,White,Married-civ-spouse,0,131417,5th-6th,Self-emp-not-inc,Farming-fishing,1797,0,21,39,0
22,Female,White,Separated,4,203182,Some-college,Private,Sales,0,0,43,39,0
29,Male,Asian-Pac-Islander,Married-civ-spouse,0,138537,Assoc-voc,Private,Craft-repair,0,0,40,25,0
41,Female,White,Divorced,1,77937,12th,Other,Other,0,0,40,2,0
58,Male,White,Separated,1,203039,9th,Self-emp-not-inc,Craft-repair,0,0,40,39,0
33,Male,White,Married-civ-spouse,0,291494,Doctorate,State-gov,Prof-specialty,0,0,50,39,1
19,Female,White,Never-married,3,406078,Some-college,Private,Adm-clerical,0,0,25,39,0
47,Male,White,Married-civ-spouse,0,362835,Bachelors,Private,Sales,0,0,60,39,1
18,Male,Black,Never-married,3,317425,11th,Private,Other-service,0,0,7,39,0
21,Male,White,Never-married,3,57916,HS-grad,Private,Protective-serv,0,0,40,39,0
42,Male,White,Married-civ-spouse,0,322385,Assoc-voc,Private,Machine-op-inspct,2407,0,40,39,0
48,Male,White,Married-civ-spouse,0,127921,Bachelors,Local-gov,Prof-specialty,0,0,40,39,0
43,Male,White,Never-married,1,144928,HS-grad,Self-emp-not-inc,Farming-fishing,0,0,60,39,0
48,Male,White,Never-married,1,255439,Some-college,Private,Handlers-cleaners,0,0,40,39,0
41,Male,White,Married-civ-spouse,0,32185,Bachelors,Self-emp-inc,Tech-support,0,0,40,39,0
17,Female,White,Never-married,3,208463,HS-grad,Private,Sales,0,0,20,39,0
18,Male,White,Never-married,3,184101,Some-college,Other,Other,0,0,25,39,0
28,Male,White,Married-civ-spouse,0,194940,HS-grad,Private,Machine-op-inspct,0,0,40,39,0
48,Female,Black,Separated,1,240917,11th,Private,Other-service,0,0,35,39,0
52,Male,White,Married-civ-spouse,0,180062,Some-college,Private,Exec-managerial,0,0,60,39,0
21,Male,White,Never-married,1,438139,HS-grad,Private,Sales,0,0,50,39,0
34,Male,White,Married-civ-spouse,0,226296,HS-grad,Self-emp-not-inc,Prof-specialty,0,0,51,39,0
55,Male,White,Married-civ-spouse,0,124137,Some-college,Self-emp-inc,Sales,0,0,40,39,1
30,Male,White,Married-civ-spouse,0,55291,Bachelors,Private,Prof-specialty,0,0,40,39,1
21,Male,White,Never-married,3,259510,HS-grad,Private,Handlers-cleaners,0,0,36,39,0
34,Male,White,Married-civ-spouse,0,245378,Bachelors,Private,Exec-managerial,0,0,45,39,0
50,Male,White,Married-civ-spouse,0,144361,HS-grad,Private,Machine-op-inspct,0,0,50,39,1
46,Male,White,Married-civ-spouse,0,156926,Some-college,Private,Exec-managerial,0,0,60,39,1
33,Male,White,Married-civ-spouse,3,409172,Bachelors,Private,Exec-managerial,0,0,55,39,0
34,Female,White,Never-married,1,44464,Doctorate,State-gov,Prof-specialty,0,0,60,39,0
48,Male,White,Married-civ-spouse,0,332465,Bachelors,Private,Prof-specialty,0,0,35,39,0
39,Male,White,Married-civ-spouse,0,186130,Prof-school,Private,Exec-managerial,0,0,55,39,1
45,Male,White,Married-civ-spouse,0,123681,HS-grad,Private,Sales,0,0,40,39,1
28,Male,White,Never-married,3,411587,Some-college,Private,Protective-serv,0,0,40,16,0
59,Female,White,Divorced,1,100776,Assoc-voc,Local-gov,Adm-clerical,0,0,40,39,0
50,Male,White,Married-civ-spouse,0,165050,10th,Private,Craft-repair,0,0,40,39,1
38,Male,Amer-Indian-Eskimo,Never-married,1,175732,HS-grad,Self-emp-not-inc,Craft-repair,0,0,15,39,0
26,Male,Black,Never-married,2,257405,5th-6th,Private,Farming-fishing,0,0,40,26,0
22,Male,White,Never-married,3,54560,HS-grad,Private,Other-service,0,0,40,39,0
54,Male,White,Married-civ-spouse,0,186117,Bachelors,Private,Craft-repair,0,0,45,39,1
34,Male,White,Never-married,1,50276,Bachelors,Private,Sales,27828,0,40,39,1
69,Male,Black,Married-civ-spouse,0,128348,Bachelors,Private,Exec-managerial,9386,0,50,39,1
20,Female,White,Never-married,3,284317,Some-college,Private,Other-service,0,0,35,39,0
42,Male,White,Married-civ-spouse,0,93853,Some-college,Self-emp-not-inc,Craft-repair,0,0,45,39,0
49,Male,White,Divorced,4,231961,Doctorate,State-gov,Prof-specialty,0,0,50,39,1
57,Male,White,Married-civ-spouse,0,50990,HS-grad,Self-emp-not-inc,Farming-fishing,0,0,30,39,0
70,Male,White,Married-civ-spouse,0,35494,HS-grad,Private,Exec-managerial,0,0,30,39,0
47,Male,White,Married-civ-spouse,0,96798,HS-grad,Self-emp-inc,Exec-managerial,0,0,80,39,1
25,Female,White,Never-married,1,172581,Bachelors,Private,Prof-specialty,0,0,40,39,0
64,Female,White,Widowed,1,170421,Some-college,Self-emp-not-inc,Craft-repair,0,0,8,39,0
51,Male,White,Divorced,1,177705,Bachelors,Private,Sales,0,0,50,39,1
20,Male,White,Never-married,3,174714,Some-college,Other,Other,0,0,16,39,0
39,Female,White,Widowed,1,362685,Preschool,Other,Other,0,0,20,8,0
24,Female,White,Married-civ-spouse,5,152140,HS-grad,Other,Other,0,0,40,39,0
44,Female,White,Never-married,1,62258,11th,Private,Other-service,0,0,40,39,0
46,Female,White,Divorced,2,62793,HS-grad,Private,Sales,0,0,40,39,0
18,Female,White,Never-married,1,102182,12th,Private,Priv-house-serv,0,0,30,39,0
56,Female,White,Divorced,1,264436,Some-college,Local-gov,Exec-managerial,0,0,40,39,0
21,Male,White,Never-married,3,232591,HS-grad,Private,Adm-clerical,0,0,40,39,0
24,Male,White,Never-married,4,306460,HS-grad,Private,Farming-fishing,0,0,40,39,0
38,Male,White,Married-civ-spouse,0,198170,Assoc-voc,Private,Sales,0,0,40,39,0
43,Female,Black,Divorced,1,117627,Some-college,Private,Exec-managerial,0,0,40,39,0
55,Male,White,Married-civ-spouse,0,238216,HS-grad,Private,Craft-repair,0,0,40,39,0
43,Male,White,Married-civ-spouse,0,50356,Some-college,Private,Craft-repair,0,1485,50,39,0
26,Male,White,Married-civ-spouse,0,169727,HS-grad,Private,Tech-support,0,0,40,39,0
36,Male,White,Married-civ-spouse,0,334291,Some-college,Private,Craft-repair,0,1887,40,39,1
19,Female,Black,Never-married,4,188864,HS-grad,Private,Sales,0,0,20,39,0
59,Male,White,Married-civ-spouse,0,46466,HS-grad,Private,Transport-moving,0,0,40,39,1
25,Female,White,Never-married,3,171818,Bachelors,Private,Exec-managerial,0,0,40,39,0
38,Male,White,Married-civ-spouse,0,245372,Bachelors,Private,Prof-specialty,7688,0,45,39,1
36,Male,White,Married-civ-spouse,0,152621,Some-college,Private,Craft-repair,0,0,40,2,1
37,Male,White,Divorced,1,69481,HS-grad,Private,Machine-op-inspct,0,0,40,39,0
37,Female,Asian-Pac-Islander,Divorced,1,122265,HS-grad,Other,Other,0,0,42,0,0
59,Male,White,Widowed,4,147707,HS-grad,Local-gov,Farming-fishing,0,2339,40,39,0
20,Male,White,Married-civ-spouse,0,146538,HS-grad,Private,Machine-op-inspct,0,0,40,39,0
36,Female,White,Never-married,3,210830,Masters,State-gov,Prof-specialty,0,0,30,39,0
61,Male,White,Married-civ-spouse,0,172037,HS-grad,Private,Other-service,0,0,40,39,0
39,Male,White,Married-civ-spouse,2,251323,9th,Self-emp-not-inc,Farming-fishing,0,0,40,5,0
48,Female,White,Separated,1,280422,Some-college,Private,Other-service,0,0,25,29,0
40,Female,White,Never-married,1,207025,HS-grad,Private,Adm-clerical,6849,0,38,39,0
38,Male,Asian-Pac-Islander,Married-civ-spouse,0,93206,Bachelors,Self-emp-not-inc,Exec-managerial,0,1902,65,39,1
65,Male,White,Married-civ-spouse,0,144822,9th,Self-emp-not-inc,Craft-repair,0,0,45,39,0
29,Male,Black,Never-married,1,125159,Some-college,Other,Other,0,0,36,0,0
52,Male,White,Married-spouse-absent,2,181901,HS-grad,Private,Farming-fishing,0,0,20,26,0
29,Female,White,Married-civ-spouse,5,85572,11th,Self-emp-not-inc,Other-service,0,0,5,39,0
43,Female,Black,Separated,4,598606,9th,Private,Handlers-cleaners,0,0,50,39,0
29,Female,White,Married-civ-spouse,5,253752,10th,Private,Farming-fishing,0,0,40,39,0
26,Male,White,Never-married,3,160300,HS-grad,Private,Machine-op-inspct,0,0,40,39,0
54,Male,White,Married-civ-spouse,0,93605,HS-grad,Private,Sales,0,1848,40,39,1
34,Male,White,Married-civ-spouse,0,167474,HS-grad,Private,Exec-managerial,0,0,40,39,0
22,Female,White,Never-married,3,264710,Bachelors,State-gov,Tech-support,0,0,40,39,0
51,Female,Black,Married-spouse-absent,1,155408,HS-grad,Private,Sales,0,0,38,39,0
44,Male,White,Married-civ-spouse,0,467799,HS-grad,Private,Craft-repair,0,0,40,39,0
22,Female,White,Never-married,1,210474,HS-grad,Private,Other-service,0,0,40,39,0
34,Female,White,Never-married,1,226629,HS-grad,Private,Priv-house-serv,0,0,40,26,0
58,Male,White,Married-civ-spouse,0,31732,Some-college,Private,Sales,0,0,45,39,1
61,Male,White,Married-civ-spouse,0,86067,Assoc-acdm,Private,Sales,15024,0,40,39,1
52,Male,White,Married-civ-spouse,0,114971,Some-college,Private,Craft-repair,0,0,40,39,1
28,Male,White,Married-civ-spouse,0,183802,HS-grad,Private,Transport-moving,0,0,55,39,0
24,Female,Black,Never-married,2,349691,Some-college,Private,Sales,0,0,40,39,0
27,Male,White,Never-married,1,37088,Assoc-acdm,Private,Other-service,0,0,40,39,0
37,Female,Black,Divorced,4,220644,HS-grad,Private,Other-service,0,0,40,0,0
37,Male,White,Married-civ-spouse,0,98389,HS-grad,Self-emp-inc,Exec-managerial,0,0,50,39,1
44,Female,Asian-Pac-Islander,Never-married,1,87282,Bachelors,State-gov,Prof-specialty,0,0,38,39,0
40,Male,White,Married-civ-spouse,0,219591,10th,Private,Craft-repair,0,0,50,39,0
68,Male,White,Married-civ-spouse,0,336329,HS-grad,Self-emp-not-inc,Exec-managerial,0,0,10,39,0
42,Male,White,Married-civ-spouse,0,173704,Masters,Private,Prof-specialty,0,0,40,39,0
37,Male,White,Married-civ-spouse,0,42044,Some-college,Self-emp-not-inc,Farming-fishing,0,0,84,39,0
44,Male,White,Married-civ-spouse,0,173590,Bachelors,Private,Prof-specialty,0,0,3,39,0
31,Female,White,Widowed,1,128220,7th-8th,Private,Adm-clerical,0,0,35,39,0
68,Male,White,Married-civ-spouse,0,165017,HS-grad,Private,Prof-specialty,0,0,40,22,1
31,Male,Black,Married-civ-spouse,0,53042,Some-college,Private,Machine-op-inspct,0,0,40,38,0
33,Female,White,Never-married,1,99761,Bachelors,Self-emp-not-inc,Other-service,0,0,15,39,0
23,Female,White,Never-married,3,37783,Some-college,Private,Sales,0,0,40,39,0
26,Male,White,Never-married,3,366900,HS-grad,Private,Craft-repair,0,0,40,39,0
37,Male,White,Married-civ-spouse,0,80410,11th,Private,Other-service,0,0,40,39,0
42,Male,Black,Married-civ-spouse,0,310632,Some-college,Private,Craft-repair,0,0,40,39,1
59,Male,White,Married-civ-spouse,0,102193,HS-grad,Private,Transport-moving,0,0,45,39,0
45,Male,White,Married-civ-spouse,0,188950,Masters,Private,Exec-managerial,0,0,50,39,1
44,Male,Black,Married-civ-spouse,0,691903,Masters,State-gov,Prof-specialty,0,0,60,39,1
42,Male,Asian-Pac-Islander,Married-civ-spouse,0,139012,Doctorate,Private,Prof-specialty,0,0,40,36,1
47,Female,Amer-Indian-Eskimo,Divorced,1,184005,HS-grad,Private,Exec-managerial,3325,0,45,39,0
54,Male,White,Married-civ-spouse,0,163671,HS-grad,Private,Transport-moving,0,1887,65,39,1
41,Female,White,Divorced,4,107327,Assoc-voc,Local-gov,Prof-specialty,0,0,40,39,0
42,Male,White,Married-civ-spouse,0,376072,HS-grad,Private,Transport-moving,0,0,30,39,0
54,Male,White,Married-civ-spouse,0,43269,HS-grad,Private,Transport-moving,0,0,50,39,1
54,Female,White,Separated,4,44172,HS-grad,State-gov,Exec-managerial,0,0,38,39,0
34,Male,White,Married-civ-spouse,0,381153,HS-grad,Private,Exec-managerial,0,0,40,39,1
52,Female,White,Never-married,4,195638,HS-grad,Private,Other-service,0,0,45,39,0
21,Female,White,Never-married,2,123727,HS-grad,Private,Exec-managerial,0,0,40,39,0
36,Female,White,Never-married,1,282092,Assoc-acdm,Private,Tech-support,0,0,40,39,0
24,Male,White,Married-civ-spouse,2,221955,Bachelors,Private,Sales,0,0,40,39,0
46,Male,Asian-Pac-Islander,Married-civ-spouse,0,149161,Some-college,Private,Exec-managerial,0,0,60,0,0
47,Male,White,Married-civ-spouse,0,312088,HS-grad,Private,Craft-repair,0,0,40,39,0
55,Male,White,Married-civ-spouse,0,163083,Masters,Private,Prof-specialty,0,0,40,39,1
40,Male,White,Married-civ-spouse,0,112362,Masters,Local-gov,Prof-specialty,0,0,40,39,0
58,Female,White,Divorced,1,284834,Assoc-acdm,Private,Adm-clerical,0,0,40,39,0
31,Male,White,Never-married,1,51259,Bachelors,Private,Prof-specialty,0,0,47,39,0
75,Male,White,Married-civ-spouse,0,128224,5th-6th,Other,Other,0,0,25,39,0
20,Male,White,Never-married,2,138352,HS-grad,Private,Other-service,0,0,30,39,0
47,Male,White,Married-civ-spouse,0,175958,Prof-school,Private,Sales,0,0,45,39,1
62,Male,White,Married-civ-spouse,0,69867,Bachelors,Private,Prof-specialty,0,0,55,39,1
31,Male,White,Divorced,1,272069,Assoc-voc,Private,Transport-moving,0,0,40,39,0
24,Female,White,Never-married,1,210781,Bachelors,Private,Craft-repair,0,0,40,39,0
32,Male,White,Married-civ-spouse,0,90705,HS-grad,Private,Transport-moving,0,0,60,39,1
34,Female,White,Never-married,1,160216,Bachelors,Private,Exec-managerial,0,0,55,39,1
20,Female,White,Separated,3,344278,11th,Private,Other-service,0,0,40,39,0
66,Male,White,Married-civ-spouse,0,177351,Bachelors,Other,Other,0,2174,40,39,1
38,Male,White,Married-civ-spouse,0,190023,HS-grad,Self-emp-not-inc,Transport-moving,0,0,40,39,1
38,Male,White,Divorced,1,141550,10th,Private,Craft-repair,0,0,40,39,0
23,Female,White,Never-married,1,62507,Some-college,Other,Other,0,0,12,39,0
31,Male,White,Married-civ-spouse,0,118161,HS-grad,Private,Other-service,0,0,40,39,0
20,Female,Black,Never-married,4,247115,Some-college,Private,Adm-clerical,0,0,35,39,0
25,Male,White,Married-civ-spouse,0,236267,HS-grad,Private,Handlers-cleaners,0,0,40,39,0
24,Male,White,Never-married,4,604537,HS-grad,Private,Transport-moving,0,0,40,26,0
48,Male,White,Married-civ-spouse,0,155659,Assoc-voc,Private,Craft-repair,0,0,40,39,0
32,Male,White,Never-married,4,176992,10th,Private,Craft-repair,0,0,40,39,0
33,Male,White,Never-married,3,164190,Masters,Private,Prof-specialty,0,0,20,39,0
48,Male,White,Married-civ-spouse,0,254291,Masters,Private,Prof-specialty,0,0,40,39,1
23,Male,White,Divorced,1,46561,HS-grad,Private,Craft-repair,0,0,60,39,0
27,Male,White,Never-married,3,168138,HS-grad,Private,Exec-managerial,0,0,40,39,0
32,Male,White,Married-civ-spouse,0,52647,10th,Self-emp-not-inc,Exec-managerial,0,0,45,39,0
25,Female,White,Never-married,1,476599,Bachelors,Local-gov,Prof-specialty,0,0,40,39,0
35,Female,White,Married-civ-spouse,5,117528,Assoc-voc,Other,Other,0,0,40,39,1
33,Female,Other,Divorced,2,110978,Some-college,Private,Craft-repair,0,0,40,39,0
27,Male,White,Never-married,3,83517,HS-grad,Private,Transport-moving,0,0,60,39,0
48,Female,White,Divorced,1,216734,Some-college,Private,Exec-managerial,0,0,40,39,0
29,Female,White,Separated,4,349116,HS-grad,Private,Sales,0,0,25,39,0
18,Male,White,Never-married,3,183930,HS-grad,Private,Other-service,0,0,12,39,0
43,Male,White,Married-civ-spouse,0,145711,Some-college,Private,Sales,0,0,72,39,1
50,Male,Asian-Pac-Islander,Married-civ-spouse,0,172052,HS-grad,Private,Prof-specialty,0,0,35,35,1
34,Male,White,Married-civ-spouse,0,113838,Some-college,Private,Craft-repair,0,0,45,39,0
38,Female,White,Never-married,1,65466,Bachelors,Private,Adm-clerical,0,0,50,39,0
26,Female,Black,Never-married,3,216522,Bachelors,Local-gov,Prof-specialty,0,0,42,39,0
51,Female,White,Divorced,4,180807,Some-college,Private,Exec-managerial,0,0,40,39,0
45,Male,White,Never-married,1,241350,HS-grad,Private,Transport-moving,0,0,40,39,0
54,Male,White,Married-civ-spouse,0,298215,Bachelors,Self-emp-inc,Exec-managerial,0,0,50,39,1
32,Male,White,Married-civ-spouse,0,240979,Some-college,Local-gov,Craft-repair,0,0,60,39,1
30,Male,White,Never-married,1,310889,Some-college,Private,Handlers-cleaners,0,0,55,39,0
21,Male,White,Never-married,3,163870,Some-college,Private,Handlers-cleaners,0,0,30,39,0
23,Female,White,Never-married,3,24395,HS-grad,Private,Handlers-cleaners,0,0,30,39,0
27,Female,White,Divorced,1,131679,Assoc-voc,Private,Sales,0,0,40,39,0
61,Female,White,Divorced,1,153408,Masters,Local-gov,Prof-specialty,0,0,40,39,1
35,Male,White,Married-civ-spouse,3,186845,Bachelors,Self-emp-inc,Sales,5178,0,50,39,1
50,Female,Amer-Indian-Eskimo,Divorced,1,150975,HS-grad,Private,Machine-op-inspct,0,0,40,39,0
50,Male,White,Married-civ-spouse,0,124094,HS-grad,Private,Craft-repair,0,0,40,31,0
27,Male,White,Married-civ-spouse,0,66473,Bachelors,Self-emp-not-inc,Exec-managerial,0,0,50,39,0
38,Male,White,Married-civ-spouse,0,119177,HS-grad,Private,Sales,0,0,55,39,1
46,Male,White,Married-civ-spouse,0,176814,Prof-school,Private,Prof-specialty,99999,0,50,39,1
42,Male,White,Married-civ-spouse,0,235786,Assoc-acdm,Private,Craft-repair,0,0,50,39,1
21,Male,Black,Never-married,3,232719,HS-grad,Without-pay,Craft-repair,0,0,40,39,0
59,Male,White,Married-civ-spouse,0,97168,10th,Private,Craft-repair,0,0,40,39,1
24,Male,Black,Never-married,3,202570,Bachelors,Private,Prof-specialty,0,0,15,39,0
63,Female,White,Divorced,1,147440,Some-college,Local-gov,Exec-managerial,0,0,35,39,0
38,Female,White,Married-civ-spouse,5,186325,Some-college,Private,Exec-managerial,0,0,38,39,1
37,Male,White,Never-married,3,167482,10th,Private,Craft-repair,0,0,35,39,0
35,Male,White,Married-civ-spouse,0,187711,HS-grad,Private,Craft-repair,0,0,40,39,0
58,Male,White,Never-married,3,216851,9th,Private,Handlers-cleaners,0,0,40,8,0
43,Female,White,Divorced,1,233851,Bachelors,Private,Adm-clerical,0,0,40,39,0
43,Female,White,Divorced,4,188280,Masters,Local-gov,Prof-specialty,914,0,40,39,0
31,Male,Asian-Pac-Islander,Never-married,1,368517,Assoc-acdm,Private,Prof-specialty,0,0,40,39,0
30,Male,White,Never-married,1,347166,HS-grad,Private,Exec-managerial,0,0,60,39,0
50,Male,White,Married-civ-spouse,0,34233,HS-grad,Private,Farming-fishing,0,0,50,39,0
42,Male,White,Married-civ-spouse,0,176063,Assoc-voc,Private,Exec-managerial,15024,0,55,39,1
51,Male,White,Married-civ-spouse,0,231495,Doctorate,State-gov,Exec-managerial,7688,0,55,39,1
56,Male,White,Married-civ-spouse,0,203580,HS-grad,Private,Adm-clerical,0,0,35,0,0
46,Male,Black,Married-civ-spouse,0,219293,HS-grad,Federal-gov,Adm-clerical,0,0,80,39,1
29,Male,White,Never-married,3,34292,HS-grad,Private,Other-service,0,0,38,39,0
21,Male,White,Never-married,3,162228,Some-college,Private,Adm-clerical,0,0,40,39,0
54,Female,White,Married-civ-spouse,5,138026,HS-grad,Private,Adm-clerical,0,0,40,39,0
35,Male,White,Married-civ-spouse,0,186489,9th,Private,Handlers-cleaners,0,0,46,39,0
46,Male,White,Married-civ-spouse,0,173243,HS-grad,Private,Craft-repair,0,0,40,39,0
32,Male,White,Divorced,1,42596,Bachelors,Local-gov,Prof-specialty,0,0,40,39,0
51,Female,White,Divorced,1,149770,HS-grad,Self-emp-not-inc,Sales,0,0,44,39,0
49,Male,White,Divorced,1,149949,HS-grad,Private,Craft-repair,0,1876,40,39,0
70,Female,White,Divorced,1,176285,HS-grad,Private,Other-service,0,0,23,39,0
47,Female,White,Divorced,1,173613,Some-college,Self-emp-not-inc,Exec-managerial,0,0,65,39,0
28,Male,White,Married-civ-spouse,0,213276,HS-grad,Private,Exec-managerial,0,0,50,39,0
21,Male,White,Never-married,3,119665,Some-college,Private,Tech-support,0,0,35,39,0
55,Male,Black,Married-civ-spouse,0,270228,Assoc-acdm,Other,Other,7688,0,40,39,1
28,Male,White,Married-civ-spouse,0,185647,Some-college,Private,Craft-repair,0,0,45,39,0
25,Female,White,Never-married,3,189219,Bachelors,Private,Sales,0,0,40,39,0
28,Male,White,Never-married,1,328518,Bachelors,Private,Adm-clerical,0,0,40,39,0
27,Male,White,Never-married,3,136094,HS-grad,Private,Handlers-cleaners,0,0,40,39,0
42,Male,White,Married-civ-spouse,0,104334,HS-grad,Local-gov,Farming-fishing,0,0,40,8,0
50,Female,Asian-Pac-Islander,Divorced,4,221336,Some-college,Self-emp-not-inc,Exec-managerial,0,0,40,0,0
31,Male,White,Married-civ-spouse,0,137444,HS-grad,Private,Machine-op-inspct,0,0,40,39,1
41,Male,White,Never-married,1,121287,HS-grad,Private,Machine-op-inspct,0,0,40,39,0
46,Male,Black,Married-civ-spouse,0,207940,Some-college,Private,Craft-repair,0,0,40,39,1
59,Female,White,Married-civ-spouse,5,23789,HS-grad,Federal-gov,Sales,0,0,40,39,1
59,Male,White,Married-civ-spouse,0,121912,Some-college,Private,Exec-managerial,0,0,40,39,1
54,Male,White,Married-civ-spouse,0,117674,Masters,Private,Prof-specialty,0,0,40,39,1
44,Male,White,Divorced,1,193755,Bachelors,Private,Exec-managerial,0,0,50,39,1
37,Male,White,Never-married,1,108366,Bachelors,Private,Transport-moving,0,0,46,39,0
65,Male,White,Married-civ-spouse,0,198766,Masters,Private,Sales,20051,0,40,39,1
45,Female,White,Divorced,4,177543,HS-grad,Private,Adm-clerical,0,0,28,39,0
67,Female,White,Divorced,1,342175,Masters,Local-gov,Adm-clerical,2009,0,40,39,0
68,Female,White,Married-civ-spouse,5,192052,Some-college,Other,Other,0,2457,40,39,0
51,Male,White,Married-civ-spouse,0,123011,Masters,Local-gov,Prof-specialty,0,1977,35,39,1
46,Male,White,Married-civ-spouse,0,196858,Masters,Private,Prof-specialty,0,0,35,39,1
23,Male,White,Never-married,3,378546,Some-college,Private,Craft-repair,0,0,40,39,0
36,Female,Black,Separated,1,358373,HS-grad,Private,Machine-op-inspct,0,0,36,39,0
52,Male,White,Married-civ-spouse,0,159755,Assoc-voc,Other,Other,0,0,50,39,1
47,Male,Asian-Pac-Islander,Married-civ-spouse,0,135803,HS-grad,Private,Other-service,0,0,25,30,0
38,Male,White,Married-civ-spouse,0,26698,HS-grad,Private,Tech-support,0,0,40,39,0
23,Female,Black,Never-married,4,206129,Assoc-voc,Private,Craft-repair,0,0,40,39,0
18,Female,White,Never-married,3,137646,11th,Private,Other-service,0,0,15,39,0
33,Female,Black,Never-married,4,221324,HS-grad,Private,Machine-op-inspct,0,0,40,39,0
29,Male,Amer-Indian-Eskimo,Married-civ-spouse,0,59732,HS-grad,Private,Craft-repair,0,0,40,39,0
44,Male,White,Married-civ-spouse,0,174147,Some-college,Other,Other,0,0,40,39,0
22,Female,White,Never-married,3,401690,Some-college,Private,Sales,0,0,20,26,0
62,Male,White,Married-civ-spouse,0,226546,Prof-school,Self-emp-not-inc,Prof-specialty,0,0,16,39,0
40,Male,White,Divorced,1,175935,Bachelors,Private,Sales,14084,0,40,39,1
36,Male,White,Never-married,1,51089,Bachelors,Private,Craft-repair,0,0,60,39,0
34,Female,White,Divorced,4,187251,HS-grad,Private,Prof-specialty,0,0,25,39,0
41,Male,White,Divorced,1,74182,HS-grad,Private,Craft-repair,0,0,40,39,0
40,Male,White,Never-married,1,29036,Some-college,Self-emp-not-inc,Machine-op-inspct,0,0,35,39,0
74,Female,White,Widowed,1,29887,HS-grad,Other,Other,0,0,10,39,0
34,Male,White,Married-civ-spouse,0,203408,Bachelors,Private,Prof-specialty,7688,0,50,39,1
28,Male,White,Never-married,1,189186,Assoc-voc,Private,Sales,0,0,40,39,0
42,Male,White,Married-spouse-absent,1,177937,Bachelors,Self-emp-not-inc,Exec-managerial,0,0,45,31,0
51,Female,White,Separated,4,183709,Assoc-voc,Private,Prof-specialty,0,0,40,39,0
35,Male,White,Married-civ-spouse,0,368825,Some-college,Self-emp-inc,Sales,0,0,60,39,1
22,Female,White,Never-married,3,214399,Some-college,Private,Sales,0,0,15,39,0
37,Male,White,Never-married,1,333651,HS-grad,Private,Adm-clerical,0,0,42,39,0
51,Male,White,Married-civ-spouse,0,29580,11th,Private,Sales,4386,0,30,39,1
23,Male,White,Never-married,3,211527,Some-college,Private,Handlers-cleaners,0,0,60,39,0
38,Male,White,Married-civ-spouse,0,22245,Assoc-voc,Private,Craft-repair,0,0,40,39,0
41,Male,Black,Divorced,4,529216,Bachelors,Private,Tech-support,7430,0,45,0,1
45,Male,White,Married-civ-spouse,0,182313,Bachelors,Private,Exec-managerial,7688,0,50,39,1
34,Female,White,Married-spouse-absent,1,141118,Bachelors,Private,Prof-specialty,0,0,35,39,0
29,Female,White,Never-married,1,159788,Masters,Private,Prof-specialty,0,0,80,39,0
36,Male,White,Married-civ-spouse,0,231037,7th-8th,Private,Machine-op-inspct,0,0,40,39,0
23,Female,White,Never-married,1,140798,Bachelors,Private,Adm-clerical,0,0,40,39,0
40,Male,White,Married-civ-spouse,0,544792,Some-college,Federal-gov,Farming-fishing,0,0,40,39,0
38,Male,White,Married-civ-spouse,0,112093,11th,Private,Transport-moving,0,0,40,39,0
43,Male,Black,Married-civ-spouse,0,236985,HS-grad,Private,Craft-repair,0,0,40,39,0
22,Male,White,Never-married,3,281432,Some-college,Private,Handlers-cleaners,0,0,30,39,0
49,Male,White,Married-civ-spouse,0,115784,HS-grad,Private,Machine-op-inspct,0,0,40,39,0
42,Male,White,Married-civ-spouse,0,185129,Doctorate,Local-gov,Exec-managerial,0,0,43,0,1
23,Female,White,Never-married,3,177265,HS-grad,Local-gov,Other-service,0,0,45,39,0
27,Male,White,Married-civ-spouse,0,130807,Assoc-acdm,Private,Tech-support,0,0,40,39,0
26,Male,White,Never-married,2,96130,HS-grad,Private,Craft-repair,0,0,40,39,0
44,Male,White,Married-civ-spouse,0,176063,HS-grad,Private,Transport-moving,0,0,50,39,1
42,Female,White,Divorced,4,159911,HS-grad,Private,Other-service,0,0,40,39,0
41,Female,Black,Widowed,4,105616,Some-college,Private,Adm-clerical,0,0,48,39,0
40,Male,White,Married-civ-spouse,0,25005,Bachelors,Private,Prof-specialty,15024,0,99,39,1
27,Male,Amer-Indian-Eskimo,Married-civ-spouse,0,56658,HS-grad,Private,Handlers-cleaners,0,0,8,39,0
37,Female,White,Divorced,1,269329,Assoc-voc,Private,Prof-specialty,8614,0,45,39,1
44,Female,White,Divorced,4,118550,HS-grad,Private,Other-service,0,0,33,39,0
62,Male,White,Married-civ-spouse,0,83439,7th-8th,Other,Other,0,0,40,39,0
27,Female,White,Never-married,1,36440,Bachelors,Private,Sales,0,0,40,39,0
27,Male,Black,Married-civ-spouse,0,181284,12th,Other,Other,0,0,45,39,0
19,Male,White,Never-married,3,117595,HS-grad,Private,Other-service,0,0,24,39,0
48,Female,White,Married-civ-spouse,5,28791,HS-grad,Self-emp-not-inc,Sales,0,0,50,39,0
28,Male,White,Married-civ-spouse,0,209109,Bachelors,Private,Other-service,0,0,50,39,0
29,Male,Other,Never-married,1,185019,12th,Private,Other-service,0,0,40,39,0
54,Male,White,Married-civ-spouse,0,332243,12th,Federal-gov,Adm-clerical,0,0,40,39,0
25,Female,White,Never-married,3,197651,Some-college,Private,Tech-support,0,0,43,39,0
23,Female,White,Never-married,3,193949,Bachelors,Private,Sales,0,0,60,39,0
37,Male,White,Married-civ-spouse,0,126954,Bachelors,Private,Exec-managerial,0,0,50,39,1
35,Male,White,Married-civ-spouse,0,189623,Doctorate,Private,Exec-managerial,0,0,45,39,1
29,Male,White,Divorced,1,297054,HS-grad,Other,Other,0,0,40,39,0
36,Female,White,Married-civ-spouse,3,183739,HS-grad,Private,Craft-repair,0,2002,40,39,0
54,Male,Asian-Pac-Islander,Married-civ-spouse,0,219276,Bachelors,Local-gov,Exec-managerial,0,0,40,30,1
35,Male,White,Married-civ-spouse,0,238802,HS-grad,Self-emp-not-inc,Farming-fishing,0,0,50,39,0
59,Male,White,Divorced,1,108496,Some-college,Private,Craft-repair,2907,0,40,39,0
55,Male,White,Married-civ-spouse,0,477867,Bachelors,Self-emp-not-inc,Exec-managerial,0,0,40,39,1
36,Male,White,Married-civ-spouse,0,111128,Bachelors,Private,Prof-specialty,0,0,48,39,1
25,Male,White,Married-civ-spouse,0,169679,HS-grad,Private,Transport-moving,0,0,40,39,0
41,Male,White,Married-civ-spouse,0,144032,HS-grad,Private,Exec-managerial,0,0,60,39,0
36,Female,White,Divorced,1,168276,10th,Private,Other-service,0,0,40,39,0
24,Male,White,Never-married,1,147253,Some-college,State-gov,Tech-support,0,0,50,39,0
57,Male,White,Divorced,1,290661,Doctorate,State-gov,Prof-specialty,0,0,60,39,1
52,Male,White,Married-civ-spouse,0,221532,Bachelors,Federal-gov,Exec-managerial,0,0,45,39,1
45,Male,White,Married-civ-spouse,0,155489,Some-college,Private,Sales,0,0,60,39,1
17,Female,White,Never-married,3,413557,11th,Private,Adm-clerical,0,0,32,39,0
47,Male,White,Married-civ-spouse,0,120131,HS-grad,Private,Craft-repair,0,0,50,39,1
26,Female,Black,Never-married,3,90915,Assoc-acdm,Private,Other-service,0,0,15,39,0
21,Male,White,Never-married,3,148294,HS-grad,Private,Farming-fishing,0,0,20,39,0
52,Male,Black,Married-civ-spouse,0,321959,Some-college,Private,Tech-support,0,0,40,39,1
27,Male,White,Never-married,3,169815,Bachelors,Private,Sales,0,0,40,39,0
19,Female,White,Never-married,1,46400,Some-college,Other,Other,0,0,24,39,0
35,Male,White,Married-civ-spouse,0,178322,Bachelors,Private,Sales,0,0,40,39,1
46,Male,White,Never-married,3,194698,Bachelors,Private,Prof-specialty,0,0,60,39,0
33,Female,White,Divorced,1,141229,Some-college,Private,Other-service,0,0,50,39,0
52,Female,White,Never-married,4,178915,HS-grad,Private,Exec-managerial,0,0,40,39,0
19,Female,White,Never-married,3,205830,HS-grad,Private,Other-service,0,0,40,8,0
49,Male,White,Separated,3,143459,9th,Private,Handlers-cleaners,0,0,38,39,0
41,Male,Asian-Pac-Islander,Married-civ-spouse,0,167106,Bachelors,Private,Adm-clerical,3103,0,35,30,1
32,Male,White,Married-civ-spouse,0,170017,HS-grad,Private,Craft-repair,0,0,50,39,0
58,Male,White,Married-civ-spouse,0,314092,Assoc-voc,Private,Craft-repair,0,1887,48,39,1
39,Male,White,Married-civ-spouse,0,152307,Bachelors,State-gov,Prof-specialty,0,0,40,39,0
23,Female,White,Never-married,3,112683,Some-college,Private,Sales,0,0,12,39,0
45,Male,White,Married-civ-spouse,0,201865,Doctorate,Private,Exec-managerial,0,0,45,39,1
24,Male,White,Never-married,1,165064,Some-college,Private,Handlers-cleaners,0,0,40,39,0
32,Male,White,Married-civ-spouse,0,35595,HS-grad,Self-emp-not-inc,Craft-repair,0,0,50,39,0
25,Male,White,Married-civ-spouse,0,279667,10th,Private,Craft-repair,0,0,45,39,0
21,Female,White,Never-married,1,126613,HS-grad,Private,Sales,0,0,40,39,0
63,Female,White,Widowed,1,163809,Some-college,Private,Sales,0,0,20,39,0
59,Male,White,Married-civ-spouse,0,328525,HS-grad,Private,Adm-clerical,2414,0,15,39,0
38,Male,White,Married-civ-spouse,0,357173,HS-grad,Private,Craft-repair,0,0,40,39,0
33,Male,Black,Never-married,1,238381,Some-college,Private,Craft-repair,8614,0,40,39,1
35,Male,White,Divorced,4,275364,Bachelors,Private,Tech-support,7430,0,40,11,1
30,Male,White,Married-civ-spouse,0,378009,Masters,Private,Exec-managerial,0,0,50,39,1
45,Male,White,Divorced,4,275445,Bachelors,Self-emp-not-inc,Exec-managerial,0,0,50,39,0
51,Male,White,Divorced,1,35576,HS-grad,Private,Craft-repair,0,0,38,39,0
32,Female,White,Never-married,1,177216,Bachelors,State-gov,Prof-specialty,0,0,40,39,0
42,Male,White,Married-civ-spouse,0,118652,Assoc-acdm,Private,Tech-support,0,0,40,39,0
31,Female,White,Divorced,4,402089,HS-grad,Local-gov,Adm-clerical,0,0,40,39,0
49,Female,White,Separated,4,288548,Masters,Local-gov,Prof-specialty,0,0,50,39,0
31,Male,White,Married-civ-spouse,0,348038,Bachelors,Self-emp-not-inc,Prof-specialty,0,1902,50,33,1
39,Male,White,Married-civ-spouse,0,129573,Some-college,Federal-gov,Adm-clerical,0,0,50,39,0
18,Male,White,Never-married,3,188241,11th,Private,Other-service,0,0,16,39,0
28,Female,White,Divorced,1,226198,HS-grad,Self-emp-not-inc,Exec-managerial,0,0,40,39,0
62,Female,White,Divorced,3,177791,10th,Private,Other-service,0,0,40,39,0
51,Male,White,Married-civ-spouse,0,125417,Masters,Self-emp-not-inc,Exec-managerial,0,0,42,39,1
36,Male,White,Married-civ-spouse,0,171482,Some-college,Local-gov,Protective-serv,0,0,56,39,1
49,Male,White,Married-civ-spouse,0,102583,Some-college,Private,Prof-specialty,0,1848,44,39,1
56,Female,Black,Widowed,1,128900,Some-college,Other,Other,0,0,40,39,0
62,Male,White,Married-civ-spouse,0,71751,Some-college,Private,Exec-managerial,0,1977,98,39,1
47,Female,White,Divorced,4,164423,HS-grad,Private,Exec-managerial,0,0,43,39,0
43,Female,White,Divorced,4,498079,Bachelors,Private,Exec-managerial,0,0,40,39,0
68,Male,White,Widowed,1,103161,HS-grad,Other,Other,0,0,32,39,0
42,Male,White,Married-civ-spouse,0,177307,Prof-school,Self-emp-not-inc,Farming-fishing,0,0,65,39,1
17,Female,White,Never-married,3,183066,10th,Private,Other-service,0,0,25,39,0
27,Male,White,Married-civ-spouse,0,208406,Bachelors,Self-emp-not-inc,Exec-managerial,0,0,60,39,1
45,Male,White,Married-civ-spouse,0,117605,HS-grad,Self-emp-inc,Exec-managerial,0,0,48,39,1
47,Female,Black,Never-married,1,111797,Some-college,Private,Other-service,0,0,35,28,0
36,Male,White,Married-civ-spouse,0,79649,Some-college,Private,Sales,0,0,40,39,0
50,Female,White,Married-spouse-absent,1,207367,Some-college,Private,Other-service,0,0,40,5,0
59,Male,White,Married-civ-spouse,0,157932,10th,Private,Craft-repair,0,0,40,39,1
35,Male,White,Divorced,1,87556,HS-grad,Private,Craft-repair,0,0,40,39,0
34,Male,White,Married-civ-spouse,0,103596,HS-grad,Private,Handlers-cleaners,0,0,40,39,0
45,Male,White,Married-civ-spouse,0,54098,Assoc-voc,Self-emp-not-inc,Farming-fishing,0,0,50,39,1
32,Male,White,Married-civ-spouse,0,188246,HS-grad,Private,Craft-repair,0,0,40,39,0
77,Male,White,Married-civ-spouse,0,177550,Bachelors,Local-gov,Adm-clerical,3818,0,14,39,0
35,Male,White,Married-civ-spouse,0,193241,HS-grad,State-gov,Craft-repair,0,1651,40,39,0
36,Female,White,Married-civ-spouse,5,268620,Some-college,Private,Exec-managerial,0,0,33,39,0
23,Female,White,Never-married,3,197552,Some-college,Private,Sales,0,0,35,39,0
18,Male,Amer-Indian-Eskimo,Never-married,3,53109,11th,Private,Other-service,0,0,20,39,0
42,Male,White,Married-civ-spouse,0,198316,Masters,Federal-gov,Exec-managerial,0,0,40,39,1
45,Male,White,Married-civ-spouse,0,188823,Masters,Local-gov,Prof-specialty,0,0,50,39,1
18,Female,White,Never-married,3,163787,Some-college,Private,Sales,0,0,15,39,0
40,Male,White,Married-civ-spouse,0,191429,Prof-school,Self-emp-inc,Prof-specialty,15024,0,40,39,1
19,Male,White,Never-married,3,144429,Some-college,State-gov,Prof-specialty,0,0,10,39,0
24,Male,White,Never-married,1,247564,HS-grad,Private,Craft-repair,0,0,40,39,0
22,Female,White,Never-married,4,203182,Bachelors,Private,Exec-managerial,0,0,30,39,0
29,Male,White,Married-civ-spouse,0,121523,11th,Private,Transport-moving,0,0,60,39,0
35,Male,White,Never-married,1,102976,Masters,Private,Exec-managerial,0,0,40,39,1
50,Female,Black,Divorced,1,108926,Some-college,Private,Machine-op-inspct,0,0,40,39,0
29,Male,White,Married-civ-spouse,0,297544,HS-grad,Private,Craft-repair,0,0,40,39,0
19,Female,White,Never-married,3,100999,Some-college,Private,Other-service,0,0,20,39,0
30,Female,White,Divorced,1,117570,HS-grad,Self-emp-inc,Other-service,0,0,60,39,0
29,Male,White,Married-civ-spouse,0,270421,Bachelors,Private,Craft-repair,0,0,50,39,1
54,Female,White,Divorced,4,21698,Bachelors,Federal-gov,Exec-managerial,0,0,40,39,0
19,Female,White,Never-married,3,243960,Some-college,Local-gov,Sales,0,0,16,39,0
30,Female,White,Widowed,1,129227,HS-grad,Private,Adm-clerical,0,0,40,39,0
37,Male,White,Married-civ-spouse,0,39089,Some-college,Self-emp-inc,Exec-managerial,3103,0,50,39,1
20,Male,White,Never-married,3,122346,HS-grad,Private,Machine-op-inspct,0,0,40,39,0
56,Male,White,Married-civ-spouse,0,145574,HS-grad,Self-emp-not-inc,Other-service,0,1902,60,39,1
20,Male,White,Never-married,1,432052,Some-college,State-gov,Handlers-cleaners,0,0,15,39,0
40,Male,White,Married-civ-spouse,2,224658,Some-college,Private,Sales,0,0,40,39,0
40,Male,White,Married-civ-spouse,0,277647,Bachelors,Private,Prof-specialty,0,0,40,39,1
19,Female,White,Never-married,3,138153,Some-college,Private,Adm-clerical,0,0,10,39,0
62,Male,Black,Married-civ-spouse,0,271431,9th,Private,Other-service,0,0,42,39,0
28,Female,White,Never-married,3,157391,Bachelors,Private,Sales,0,0,40,39,0
35,Male,White,Never-married,1,203628,Masters,Private,Prof-specialty,0,0,60,39,1
36,Male,White,Married-civ-spouse,0,129573,Assoc-acdm,Private,Sales,0,0,60,39,1
31,Male,White,Divorced,1,156464,10th,Private,Other-service,0,0,40,39,0
50,Male,White,Married-civ-spouse,0,339954,Assoc-voc,Private,Craft-repair,0,0,40,39,1
28,Male,White,Never-married,3,207213,Assoc-acdm,Local-gov,Craft-repair,0,0,5,39,0
32,Male,Black,Never-married,1,273287,Some-college,Private,Exec-managerial,0,0,40,23,0
37,Male,White,Married-civ-spouse,0,468713,Some-college,Private,Adm-clerical,0,0,40,39,0
48,Male,White,Married-civ-spouse,0,435503,Masters,Federal-gov,Prof-specialty,0,0,40,39,1
53,Male,White,Married-civ-spouse,0,162576,7th-8th,Self-emp-not-inc,Tech-support,0,0,99,39,0
57,Male,Asian-Pac-Islander,Married-civ-spouse,0,41762,HS-grad,Private,Craft-repair,0,0,40,35,1
26,Male,White,Married-civ-spouse,0,238367,HS-grad,Private,Adm-clerical,0,0,40,39,0
29,Female,Black,Never-married,2,138597,Assoc-acdm,Self-emp-inc,Prof-specialty,0,0,40,39,0
72,Female,White,Widowed,1,496538,HS-grad,Private,Adm-clerical,6360,0,40,39,0
51,Male,White,Married-civ-spouse,0,171924,Some-college,Self-emp-not-inc,Sales,0,0,50,39,0
30,Female,White,Married-AF-spouse,5,169583,Bachelors,Private,Exec-managerial,0,0,40,39,1
19,Male,White,Never-married,1,331433,HS-grad,Private,Protective-serv,0,0,32,39,0
57,Male,White,Married-civ-spouse,0,195835,HS-grad,Self-emp-inc,Exec-managerial,0,0,40,39,0
23,Male,White,Never-married,3,65038,HS-grad,Private,Sales,0,0,40,39,0
52,Male,White,Married-civ-spouse,0,149650,Doctorate,State-gov,Prof-specialty,0,0,40,20,1
25,Female,White,Never-married,3,191271,HS-grad,Private,Adm-clerical,0,0,40,39,0
58,Female,Black,Divorced,1,72998,11th,Federal-gov,Craft-repair,14084,0,40,39,1
29,Female,White,Married-civ-spouse,5,412435,HS-grad,Private,Exec-managerial,0,0,40,28,0
68,Female,White,Widowed,4,136218,HS-grad,Self-emp-inc,Other-service,0,0,15,39,0
26,Male,White,Never-married,1,256263,HS-grad,Private,Craft-repair,0,0,25,39,0
50,Female,White,Never-married,2,140741,11th,Private,Machine-op-inspct,0,0,40,39,0
43,Male,White,Married-civ-spouse,0,475322,Some-college,Private,Transport-moving,0,0,50,39,1
53,Female,Black,Widowed,4,217568,HS-grad,Private,Craft-repair,0,0,40,39,0
37,Male,White,Divorced,1,538443,HS-grad,Private,Craft-repair,14344,0,40,39,1
40,Male,White,Married-civ-spouse,0,193494,HS-grad,Private,Handlers-cleaners,0,0,46,39,0
61,Female,White,Married-civ-spouse,2,339358,5th-6th,Private,Farming-fishing,0,0,45,26,0
63,Male,White,Divorced,1,287277,HS-grad,Private,Protective-serv,0,0,40,39,0
26,Male,White,Married-civ-spouse,0,180246,Some-college,Private,Exec-managerial,7688,0,40,39,1
51,Male,White,Married-civ-spouse,0,138852,HS-grad,Private,Tech-support,0,0,40,39,0
33,Male,White,Married-civ-spouse,0,196266,HS-grad,Private,Craft-repair,0,0,40,39,1
48,Male,White,Married-civ-spouse,0,175221,HS-grad,Private,Machine-op-inspct,0,0,40,39,0
31,Male,White,Married-civ-spouse,0,94235,Bachelors,Private,Craft-repair,0,0,46,39,0
46,Female,Black,Separated,1,282538,Assoc-voc,Private,Machine-op-inspct,0,0,40,39,0
33,Female,White,Divorced,4,48010,Some-college,Private,Exec-managerial,0,0,40,39,0
44,Female,White,Married-civ-spouse,5,199191,HS-grad,Private,Adm-clerical,0,0,30,39,0
18,Male,White,Married-civ-spouse,3,78045,11th,Private,Handlers-cleaners,0,0,40,39,0
29,Male,White,Married-civ-spouse,0,164607,Assoc-voc,Self-emp-not-inc,Farming-fishing,0,0,50,39,0
48,Female,White,Divorced,4,49278,Assoc-acdm,Private,Adm-clerical,0,0,40,39,0
46,Male,White,Divorced,3,65353,Some-college,Private,Transport-moving,3325,0,55,39,0
43,Male,White,Divorced,1,64506,Some-college,Private,Other-service,0,0,30,39,0
33,Male,White,Married-civ-spouse,0,178429,Bachelors,Private,Prof-specialty,0,0,40,39,1
23,Female,White,Never-married,3,314894,HS-grad,Private,Exec-managerial,0,0,45,39,0
20,Male,White,Never-married,3,227943,HS-grad,Private,Handlers-cleaners,0,0,45,39,0
31,Male,White,Married-civ-spouse,0,190401,Masters,Local-gov,Prof-specialty,0,0,40,39,0
23,Male,White,Never-married,1,32950,Some-college,Private,Transport-moving,4101,0,40,39,0
35,Male,White,Married-civ-spouse,0,156728,HS-grad,Private,Farming-fishing,0,0,40,39,0
32,Male,White,Married-civ-spouse,0,30497,Assoc-voc,Private,Tech-support,0,0,40,39,0
37,Male,White,Married-civ-spouse,0,117381,Masters,Private,Prof-specialty,0,0,45,39,0
52,Female,Black,Never-married,2,143533,7th-8th,Local-gov,Other-service,0,0,40,39,0
44,Male,Black,Married-civ-spouse,0,174325,Masters,State-gov,Prof-specialty,7688,0,40,39,1
29,Male,White,Married-civ-spouse,0,404998,Assoc-voc,Self-emp-not-inc,Farming-fishing,0,0,90,39,0
18,Male,White,Never-married,3,167147,12th,Private,Sales,0,0,24,39,0
33,Male,White,Married-civ-spouse,0,248346,Assoc-acdm,Local-gov,Craft-repair,0,0,50,39,0
36,Female,Black,Separated,4,930948,Some-college,Federal-gov,Adm-clerical,6497,0,56,39,0
40,Male,White,Married-civ-spouse,0,154374,Masters,Private,Prof-specialty,7688,0,40,39,1
32,Male,White,Married-civ-spouse,0,216908,HS-grad,Other,Other,0,0,24,39,0
41,Male,White,Married-civ-spouse,0,130126,Prof-school,Private,Prof-specialty,0,0,80,39,1
57,Female,White,Never-married,4,103809,HS-grad,Private,Sales,0,0,40,39,0
27,Male,White,Never-married,2,132805,10th,Private,Sales,0,1980,40,39,0
32,Female,White,Never-married,1,317219,Masters,Private,Prof-specialty,0,1590,40,39,0
27,Male,White,Married-civ-spouse,0,336951,HS-grad,Private,Transport-moving,0,0,99,39,0
39,Male,White,Married-civ-spouse,0,290321,10th,Private,Machine-op-inspct,0,0,40,39,0
44,Female,Black,Widowed,4,174491,HS-grad,Private,Other-service,0,0,30,39,0
24,Male,White,Never-married,1,117779,Bachelors,Private,Prof-specialty,0,0,10,18,0
44,Male,White,Married-civ-spouse,0,230684,Bachelors,Private,Exec-managerial,7688,0,50,39,1
26,Male,White,Married-civ-spouse,0,173992,Some-college,Private,Craft-repair,0,0,45,39,1
45,Male,Asian-Pac-Islander,Married-civ-spouse,0,304570,Bachelors,Private,Exec-managerial,0,0,60,3,1
33,Female,White,Never-married,1,182714,Prof-school,Federal-gov,Prof-specialty,0,0,65,39,1
22,Male,White,Married-civ-spouse,0,290504,HS-grad,Private,Craft-repair,0,0,40,39,0
41,Male,White,Never-married,1,163258,Bachelors,Private,Tech-support,0,0,40,39,0
29,Male,White,Never-married,1,457402,5th-6th,Private,Other-service,0,0,25,26,0
46,Male,White,Married-civ-spouse,0,428405,Bachelors,Private,Exec-managerial,0,0,40,39,1
58,Male,White,Married-civ-spouse,0,147707,HS-grad,Private,Exec-managerial,15024,0,60,39,1
23,Female,White,Never-married,4,41356,Assoc-acdm,Federal-gov,Exec-managerial,0,0,32,39,0
19,Female,White,Never-married,1,120277,HS-grad,Private,Other-service,0,0,30,39,0
26,Male,White,Never-married,3,188767,Bachelors,Private,Sales,0,0,40,39,0
43,Male,White,Married-civ-spouse,0,206139,Bachelors,State-gov,Adm-clerical,0,0,50,39,1
23,Female,White,Never-married,3,222835,Bachelors,Private,Other-service,0,0,30,39,0
46,Female,Black,Divorced,4,384795,Bachelors,Private,Prof-specialty,0,0,32,39,0
18,Male,White,Never-married,3,205894,Some-college,Private,Sales,0,0,25,0,0
30,Female,White,Married-civ-spouse,2,432565,Assoc-voc,Private,Tech-support,0,0,40,2,1
51,Female,White,Married-civ-spouse,2,70767,HS-grad,Private,Adm-clerical,0,0,40,39,0
30,Male,Black,Separated,1,277314,HS-grad,Private,Machine-op-inspct,0,0,40,39,0
44,Female,White,Married-civ-spouse,5,889965,HS-grad,Private,Handlers-cleaners,3137,0,30,39,0
39,Male,Black,Married-civ-spouse,0,288551,HS-grad,Private,Craft-repair,0,0,40,39,0
80,Male,White,Widowed,1,34340,7th-8th,Self-emp-not-inc,Farming-fishing,0,0,35,39,0
37,Male,White,Married-civ-spouse,0,107737,HS-grad,Self-emp-not-inc,Craft-repair,0,0,45,39,0
19,Female,White,Never-married,3,235909,Some-college,Private,Adm-clerical,0,0,20,39,0
52,Male,White,Never-married,1,338816,Masters,State-gov,Adm-clerical,0,0,70,39,1
41,Male,White,Married-civ-spouse,0,92775,Bachelors,Private,Exec-managerial,0,0,60,39,1
51,Male,White,Married-civ-spouse,0,43354,11th,Private,Craft-repair,0,0,40,39,1
50,Male,White,Married-civ-spouse,0,31621,HS-grad,Private,Craft-repair,0,0,40,39,1
19,Male,White,Never-married,3,431745,11th,State-gov,Other-service,0,0,30,39,0
39,Male,White,Married-civ-spouse,0,174308,HS-grad,Self-emp-not-inc,Exec-managerial,0,0,40,39,0
37,Male,White,Never-married,4,224566,HS-grad,Private,Craft-repair,0,0,40,39,0
42,Male,White,Married-civ-spouse,0,70055,HS-grad,Private,Handlers-cleaners,0,0,40,39,0
25,Male,White,Never-married,1,190916,HS-grad,Private,Adm-clerical,0,0,40,39,0
35,Male,Black,Divorced,4,417136,HS-grad,Private,Craft-repair,0,0,40,39,0
21,Male,White,Never-married,2,262241,HS-grad,Other,Other,0,0,40,39,0
35,Female,White,Divorced,3,233571,HS-grad,Private,Other-service,0,0,50,39,0
45,Female,Black,Divorced,4,170600,Assoc-voc,Private,Adm-clerical,0,0,40,39,0
23,Female,Black,Never-married,3,180837,HS-grad,Private,Machine-op-inspct,0,0,40,39,0
45,Female,White,Married-civ-spouse,5,159816,Masters,Local-gov,Prof-specialty,0,1977,35,39,1
51,Male,White,Married-civ-spouse,0,159755,Assoc-voc,Self-emp-not-inc,Tech-support,0,0,38,39,1
26,Female,White,Never-married,1,55929,Masters,Private,Exec-managerial,0,0,48,39,0
26,Male,White,Never-married,3,302603,HS-grad,Private,Transport-moving,0,0,45,39,0
21,Male,White,Married-civ-spouse,0,766115,10th,Private,Handlers-cleaners,0,0,35,39,0
26,Male,White,Divorced,1,160445,HS-grad,Private,Craft-repair,0,0,40,39,0
48,Male,White,Married-civ-spouse,0,26145,10th,Self-emp-inc,Farming-fishing,0,0,80,39,0
27,Male,Black,Married-civ-spouse,0,212232,Some-college,State-gov,Exec-managerial,0,0,40,39,1
24,Male,White,Never-married,1,268525,Bachelors,Private,Adm-clerical,0,0,32,39,0
28,Male,Black,Never-married,1,55360,Some-college,Private,Sales,0,0,50,39,0
29,Female,White,Never-married,3,173611,Some-college,Private,Sales,0,0,40,39,0
42,Male,White,Married-civ-spouse,0,69333,Assoc-voc,Self-emp-not-inc,Transport-moving,4386,0,80,39,1
46,Male,White,Married-civ-spouse,0,327886,Assoc-acdm,Local-gov,Adm-clerical,0,0,40,39,0
44,Male,White,Married-civ-spouse,0,156413,Some-college,Private,Tech-support,0,0,44,39,1
42,Male,White,Married-civ-spouse,0,190179,Bachelors,Private,Prof-specialty,99999,0,40,39,1
33,Male,White,Married-civ-spouse,0,361497,HS-grad,Self-emp-not-inc,Craft-repair,0,0,40,39,0
39,Male,White,Married-civ-spouse,0,243409,HS-grad,Private,Exec-managerial,0,0,60,39,1
61,Male,White,Married-civ-spouse,0,179761,HS-grad,Other,Other,0,0,40,39,1
59,Male,White,Divorced,1,83542,Assoc-acdm,Self-emp-not-inc,Tech-support,0,0,40,39,0
69,Male,White,Married-civ-spouse,0,197080,12th,Private,Transport-moving,9386,0,60,39,1
27,Male,White,Married-civ-spouse,0,123302,HS-grad,Private,Other-service,0,0,40,31,0
36,Female,Asian-Pac-Islander,Never-married,2,156780,HS-grad,Private,Sales,0,0,40,0,0
22,Male,White,Never-married,1,52262,Some-college,Private,Other-service,0,0,40,39,0
73,Male,Asian-Pac-Islander,Married-civ-spouse,0,77884,HS-grad,Private,Farming-fishing,0,0,40,30,0
50,Male,White,Never-married,1,301583,HS-grad,Private,Machine-op-inspct,0,0,40,39,0
47,Male,White,Married-civ-spouse,0,211239,Some-college,Private,Craft-repair,0,0,40,39,0
28,Male,White,Never-married,1,94880,Some-college,Private,Craft-repair,0,0,43,26,0
45,Male,White,Married-civ-spouse,0,43479,Some-college,Private,Transport-moving,0,0,48,39,0
70,Male,White,Married-civ-spouse,0,225780,Some-college,Self-emp-inc,Exec-managerial,0,0,20,39,1
55,Female,White,Never-married,1,170994,HS-grad,Other,Other,0,0,40,39,0
43,Male,White,Married-civ-spouse,0,56063,Bachelors,Federal-gov,Sales,0,0,60,39,0
57,Male,White,Married-civ-spouse,0,206206,Bachelors,Private,Sales,0,0,40,39,1
32,Male,White,Married-civ-spouse,0,53373,Some-college,Private,Craft-repair,0,0,36,39,0
53,Female,Black,Married-civ-spouse,5,335481,HS-grad,Private,Adm-clerical,0,0,32,39,0
55,Male,White,Married-civ-spouse,0,52267,Masters,Other,Other,0,0,18,39,0
57,Male,Asian-Pac-Islander,Married-civ-spouse,0,148509,Bachelors,Local-gov,Prof-specialty,0,0,35,19,0
19,Female,White,Never-married,1,195985,HS-grad,Private,Other-service,0,0,40,39,0
24,Male,White,Never-married,3,219754,HS-grad,Private,Adm-clerical,0,0,40,39,0
42,Male,White,Married-civ-spouse,0,196029,Bachelors,Private,Transport-moving,0,0,48,39,1
46,Male,Black,Married-civ-spouse,0,269045,Prof-school,Private,Prof-specialty,0,0,40,39,1
45,Male,White,Married-civ-spouse,0,198759,Doctorate,Private,Exec-managerial,0,0,60,39,0
23,Female,White,Never-married,3,267471,12th,Private,Sales,0,0,25,39,0
46,Male,White,Divorced,1,109089,HS-grad,Private,Craft-repair,0,0,37,39,0
56,Female,White,Never-married,1,132930,Masters,Other,Other,0,0,50,39,1
43,Male,White,Married-civ-spouse,0,142682,HS-grad,Private,Transport-moving,0,0,30,6,0
25,Female,Black,Never-married,4,230856,HS-grad,Other,Other,0,0,40,39,0
31,Female,White,Divorced,4,121768,Assoc-acdm,Private,Adm-clerical,0,0,35,31,0
35,Male,White,Married-civ-spouse,0,61518,HS-grad,Private,Exec-managerial,0,0,35,39,0
64,Female,White,Widowed,1,60940,HS-grad,Private,Sales,8614,0,50,10,1
22,Female,White,Never-married,4,239098,HS-grad,Private,Other-service,0,0,40,39,0
35,Male,White,Separated,4,108907,HS-grad,Private,Machine-op-inspct,0,0,40,39,0
23,Male,White,Married-civ-spouse,0,380544,Some-college,Private,Adm-clerical,0,0,40,39,1
48,Male,White,Married-civ-spouse,0,50880,Some-college,Private,Craft-repair,0,0,40,11,0
47,Male,White,Married-civ-spouse,0,102308,Prof-school,Self-emp-inc,Prof-specialty,0,2415,45,39,1
31,Female,Black,Never-married,1,142470,Bachelors,Federal-gov,Exec-managerial,0,0,40,39,0
28,Female,White,Never-married,1,175710,Bachelors,Private,Adm-clerical,0,0,30,0,0
64,Female,White,Widowed,1,285052,Some-college,Private,Exec-managerial,0,0,10,39,0
53,Female,White,Widowed,4,89400,Some-college,Private,Exec-managerial,0,0,40,39,0
32,Male,White,Married-civ-spouse,0,190511,Some-college,Private,Exec-managerial,0,0,40,39,1
63,Female,White,Divorced,1,102479,Bachelors,Private,Exec-managerial,0,0,40,39,0
26,Male,White,Never-married,3,333677,Bachelors,Private,Exec-managerial,2463,0,35,39,0
27,Female,White,Never-married,3,335421,Masters,Private,Exec-managerial,0,0,40,39,0
42,Male,White,Married-civ-spouse,0,175674,9th,Local-gov,Other-service,0,0,40,39,0
28,Female,Black,Never-married,3,55950,Bachelors,Other,Other,0,0,40,11,0
35,Female,Amer-Indian-Eskimo,Never-married,1,103214,Doctorate,Federal-gov,Prof-specialty,0,0,60,39,1
43,Male,White,Married-civ-spouse,0,274363,Bachelors,Private,Exec-managerial,0,1902,40,9,1
33,Male,White,Married-civ-spouse,0,149184,Prof-school,Private,Prof-specialty,0,1977,50,39,1
34,Male,White,Married-civ-spouse,0,117963,Bachelors,Private,Craft-repair,0,0,40,39,1
40,Male,White,Divorced,3,116632,Bachelors,Private,Sales,0,0,80,39,0
17,Female,White,Never-married,3,132680,10th,Private,Other-service,0,1602,10,39,0
31,Female,White,Never-married,1,173350,HS-grad,Private,Other-service,0,0,30,39,0
40,Female,White,Separated,2,282155,HS-grad,Private,Other-service,0,0,25,39,0
45,Female,White,Divorced,4,275517,HS-grad,Private,Craft-repair,0,0,40,39,0
17,Female,White,Never-married,3,108909,HS-grad,Private,Sales,0,0,20,39,0
23,Male,White,Never-married,3,205865,Bachelors,Private,Exec-managerial,0,0,28,39,0
37,Male,White,Married-civ-spouse,0,305379,Bachelors,Private,Exec-managerial,0,0,50,39,1
43,Female,White,Married-civ-spouse,5,183273,Masters,Private,Exec-managerial,15024,0,32,39,1
18,Female,White,Never-married,3,34125,10th,Private,Other-service,0,0,28,39,0
57,Male,White,Married-civ-spouse,0,215175,Masters,Local-gov,Prof-specialty,0,0,60,39,0
28,Male,Asian-Pac-Islander,Married-civ-spouse,0,168901,Bachelors,Private,Prof-specialty,0,0,40,36,0
35,Male,White,Married-civ-spouse,0,28572,Some-college,Private,Craft-repair,4064,0,35,39,0
23,Male,White,Never-married,3,292023,HS-grad,Private,Machine-op-inspct,0,0,30,39,0
23,Male,White,Married-civ-spouse,0,62278,Some-college,Private,Sales,0,0,45,39,0
26,Female,White,Never-married,1,103148,HS-grad,Local-gov,Adm-clerical,0,0,40,39,0
19,Male,White,Never-married,3,278115,Some-college,Private,Other-service,0,0,12,39,0
20,Male,Black,Never-married,3,303565,Some-college,Private,Handlers-cleaners,0,0,40,11,0
33,Female,White,Never-married,1,161942,Bachelors,Local-gov,Adm-clerical,1055,0,40,39,0
37,Male,White,Married-civ-spouse,0,138940,11th,Private,Craft-repair,0,0,40,39,0
28,Male,White,Married-civ-spouse,0,206351,Some-college,Private,Sales,0,0,40,39,0
39,Male,White,Married-civ-spouse,0,236391,HS-grad,Private,Craft-repair,0,0,45,39,0
60,Male,White,Married-civ-spouse,0,199947,HS-grad,Other,Other,0,0,32,39,0
52,Male,White,Married-civ-spouse,0,154342,HS-grad,Private,Craft-repair,0,0,48,39,1
46,Male,White,Married-civ-spouse,0,155659,Bachelors,Private,Machine-op-inspct,0,0,40,11,1
24,Male,White,Never-married,3,62952,HS-grad,Private,Craft-repair,0,0,40,39,0
38,Male,White,Married-civ-spouse,0,52738,Some-college,Private,Craft-repair,0,0,40,39,0
43,Male,White,Married-civ-spouse,0,133060,HS-grad,Self-emp-inc,Craft-repair,0,0,40,39,0
19,Female,White,Never-married,1,410543,HS-grad,Private,Adm-clerical,0,0,40,39,0
41,Male,Asian-Pac-Islander,Married-civ-spouse,0,143003,Assoc-voc,Private,Other-service,7298,0,60,19,1
71,Male,White,Married-civ-spouse,0,178295,Assoc-acdm,Other,Other,0,0,3,39,0
35,Female,Asian-Pac-Islander,Never-married,1,66297,Bachelors,Private,Prof-specialty,0,0,40,30,1
21,Female,White,Never-married,3,165107,Some-college,Private,Priv-house-serv,0,0,40,39,0
54,Male,White,Married-civ-spouse,0,168723,HS-grad,Self-emp-not-inc,Sales,0,0,40,39,0
42,Female,Asian-Pac-Islander,Married-civ-spouse,5,230959,Bachelors,Private,Adm-clerical,0,1887,40,30,1
45,Male,White,Never-married,1,38950,Bachelors,Private,Craft-repair,0,0,40,39,0
41,Male,White,Married-civ-spouse,0,155106,HS-grad,Private,Handlers-cleaners,0,0,40,39,0
19,Male,Black,Never-married,3,167859,HS-grad,Private,Other-service,0,0,40,39,0
18,Female,White,Never-married,3,59342,11th,State-gov,Adm-clerical,0,0,5,39,0
22,Female,White,Never-married,1,188569,Some-college,Private,Adm-clerical,0,0,20,39,0
48,Male,White,Divorced,1,247685,Some-college,Private,Craft-repair,3325,0,40,39,0
37,Male,White,Married-civ-spouse,0,65390,Bachelors,Private,Farming-fishing,0,0,50,39,0
41,Male,White,Never-married,1,109762,Masters,State-gov,Prof-specialty,0,0,40,39,0
23,Male,White,Married-civ-spouse,0,140414,HS-grad,Private,Craft-repair,0,0,40,39,0
24,Female,White,Never-married,1,65743,Bachelors,Private,Adm-clerical,0,0,30,39,0
46,Male,White,Married-spouse-absent,1,256909,HS-grad,Self-emp-inc,Farming-fishing,3325,0,45,39,0
39,Male,White,Never-married,1,87556,Masters,Private,Prof-specialty,6849,0,40,39,0
69,Male,White,Married-civ-spouse,0,122850,10th,Local-gov,Exec-managerial,0,0,20,39,0
51,Female,White,Divorced,4,162988,10th,Private,Other-service,0,0,25,39,0
45,Male,White,Married-civ-spouse,0,213646,Bachelors,State-gov,Exec-managerial,7298,0,40,39,1
30,Male,White,Divorced,4,149368,HS-grad,Private,Sales,1151,0,30,39,0
44,Male,White,Married-civ-spouse,0,230478,Bachelors,Private,Exec-managerial,0,0,40,39,1
51,Female,White,Widowed,1,143865,10th,Local-gov,Other-service,0,0,24,39,0
25,Male,White,Married-civ-spouse,0,178037,HS-grad,Private,Transport-moving,0,0,40,39,0
33,Male,White,Married-civ-spouse,0,194901,Bachelors,Local-gov,Prof-specialty,0,0,40,39,1
44,Male,White,Married-civ-spouse,0,192381,Bachelors,Private,Prof-specialty,0,1848,40,39,1
18,Male,White,Never-married,3,324011,9th,Private,Farming-fishing,0,0,20,39,0
43,Male,White,Married-civ-spouse,0,167265,Bachelors,Private,Craft-repair,0,0,84,39,1
44,Male,White,Married-civ-spouse,0,138845,Some-college,Private,Transport-moving,0,0,40,39,0
22,Male,White,Married-civ-spouse,0,48121,Some-college,State-gov,Other-service,0,0,25,39,0
28,Female,White,Divorced,4,395022,Assoc-voc,Private,Prof-specialty,0,0,40,39,0
42,Male,White,Divorced,4,184018,Some-college,Other,Other,0,0,40,39,0
44,Male,White,Divorced,1,216907,HS-grad,Private,Other-service,0,0,37,39,0
25,Male,White,Never-married,1,503012,5th-6th,Private,Craft-repair,0,0,40,26,0
34,Male,White,Married-civ-spouse,0,111415,HS-grad,Private,Sales,0,0,70,39,0
52,Male,White,Divorced,1,201310,Bachelors,Private,Exec-managerial,0,0,40,0,0
40,Male,White,Married-civ-spouse,0,244522,Masters,Local-gov,Prof-specialty,0,1902,48,39,1
42,Male,White,Married-civ-spouse,0,107762,Masters,Private,Prof-specialty,0,0,40,39,1
58,Male,White,Divorced,1,164065,Masters,Self-emp-not-inc,Sales,0,0,18,39,0
39,Female,White,Divorced,4,203763,Doctorate,Private,Prof-specialty,0,0,80,39,0
19,Male,White,Never-married,3,168294,HS-grad,Private,Craft-repair,0,0,40,39,0
56,Male,White,Married-civ-spouse,0,73684,7th-8th,Private,Craft-repair,0,0,40,32,0
50,Male,White,Divorced,1,421561,Some-college,Private,Exec-managerial,0,0,40,39,0
46,Male,White,Married-civ-spouse,0,170850,HS-grad,Self-emp-inc,Sales,0,0,50,39,1
40,Female,White,Divorced,3,208277,Some-college,Private,Adm-clerical,0,0,44,39,1
41,Female,Other,Never-married,1,213055,Assoc-acdm,Private,Adm-clerical,0,0,50,39,0
47,Male,White,Married-civ-spouse,0,46044,Masters,Private,Exec-managerial,0,0,40,39,0
62,Male,White,Married-civ-spouse,0,140851,HS-grad,Local-gov,Other-service,0,0,40,39,1
45,Male,White,Never-married,3,187730,Bachelors,Private,Prof-specialty,0,0,40,39,0
37,Male,White,Married-civ-spouse,0,167415,Prof-school,Private,Prof-specialty,0,0,60,39,1
30,Male,White,Never-married,1,213722,Some-college,Private,Sales,0,0,50,39,1
20,Female,White,Never-married,3,85041,Some-college,Private,Exec-managerial,0,0,20,39,0
59,Male,White,Married-civ-spouse,0,309124,HS-grad,Self-emp-not-inc,Transport-moving,0,0,40,39,1
43,Male,White,Divorced,1,162003,Some-college,Private,Machine-op-inspct,0,0,40,39,0
31,Male,White,Never-married,4,169269,7th-8th,Private,Craft-repair,0,0,40,39,0
24,Male,White,Never-married,1,278155,Some-college,Private,Machine-op-inspct,0,0,30,39,0
58,Female,White,Divorced,4,109015,Some-college,Private,Adm-clerical,0,0,40,39,0
66,Male,White,Married-civ-spouse,0,102686,Masters,Self-emp-not-inc,Exec-managerial,0,0,20,39,1
39,Female,White,Separated,1,214896,HS-grad,Private,Other-service,0,0,40,8,0
20,Female,White,Never-married,3,104443,Some-college,Self-emp-inc,Adm-clerical,0,0,20,39,0
27,Male,White,Never-married,1,113635,Bachelors,Private,Other-service,0,0,35,39,0
40,Male,White,Divorced,1,79036,Assoc-voc,Private,Transport-moving,0,0,50,39,1
36,Male,White,Married-civ-spouse,0,111545,HS-grad,Private,Craft-repair,0,0,70,39,0
43,Male,White,Married-civ-spouse,0,237993,Some-college,Private,Tech-support,0,0,40,39,1
47,Male,Black,Divorced,1,344916,Assoc-acdm,Private,Transport-moving,0,0,40,39,0
19,Female,White,Never-married,3,240686,11th,Private,Sales,0,0,25,39,0
23,Male,Asian-Pac-Islander,Never-married,1,256211,Some-college,Private,Adm-clerical,0,0,24,40,0
23,Male,Black,Never-married,3,543028,HS-grad,Private,Sales,0,0,40,39,0
20,Male,White,Never-married,3,33087,Assoc-voc,Private,Farming-fishing,0,0,40,39,0
29,Male,Amer-Indian-Eskimo,Married-civ-spouse,0,107108,Some-college,Private,Adm-clerical,0,0,40,39,0
33,Male,White,Married-civ-spouse,0,112820,Assoc-voc,Private,Protective-serv,0,0,40,39,0
57,Male,White,Married-civ-spouse,0,250976,HS-grad,State-gov,Craft-repair,0,0,40,39,0
45,Female,Black,Never-married,1,183092,Assoc-acdm,Private,Adm-clerical,0,0,40,39,0
37,Male,White,Married-civ-spouse,0,36989,Some-college,Self-emp-not-inc,Farming-fishing,0,0,40,39,0
46,Male,Black,Married-civ-spouse,0,367251,Some-college,Local-gov,Craft-repair,0,0,40,39,1
68,Male,White,Married-civ-spouse,0,32779,HS-grad,Private,Transport-moving,0,419,12,39,0
23,Female,Black,Never-married,4,129042,HS-grad,Private,Machine-op-inspct,0,0,40,39,0
44,Male,White,Married-civ-spouse,0,124924,HS-grad,Private,Exec-managerial,0,0,40,26,0
37,Male,White,Divorced,3,126011,Assoc-voc,Private,Tech-support,0,0,40,39,0
30,Female,White,Separated,4,299507,Assoc-acdm,Private,Other-service,0,0,40,39,0
39,Male,White,Married-civ-spouse,0,255407,HS-grad,Federal-gov,Craft-repair,0,0,40,39,0
31,Female,White,Never-married,4,316672,HS-grad,Private,Other-service,0,0,40,26,0
21,Female,White,Never-married,3,518530,Some-college,Private,Adm-clerical,0,0,40,39,0
49,Male,White,Married-civ-spouse,0,246183,HS-grad,Private,Sales,0,0,40,39,1
31,Male,White,Never-married,1,121308,11th,Private,Other-service,0,0,40,39,0
21,Male,Black,Never-married,3,143995,Some-college,Other,Other,0,0,20,39,0
21,Female,White,Never-married,3,163665,Some-college,Other,Other,0,0,40,39,0
23,Male,White,Never-married,3,120046,Assoc-acdm,Private,Adm-clerical,0,0,40,39,0
19,Female,White,Never-married,3,45381,Some-college,Private,Adm-clerical,0,0,8,39,0
90,Male,Asian-Pac-Islander,Never-married,1,52386,Bachelors,Private,Prof-specialty,0,0,40,39,0
43,Male,White,Married-civ-spouse,0,74581,HS-grad,Private,Craft-repair,0,0,48,39,1
66,Male,White,Married-civ-spouse,0,216856,Masters,Private,Sales,0,0,50,39,0
19,Female,White,Never-married,1,298891,11th,Private,Sales,0,0,40,16,0
26,Male,White,Never-married,3,58371,HS-grad,Private,Adm-clerical,0,0,40,39,0
23,Male,Asian-Pac-Islander,Never-married,3,239539,HS-grad,Private,Machine-op-inspct,0,0,40,30,0
18,Male,White,Never-married,3,232082,HS-grad,Private,Machine-op-inspct,0,0,40,39,0
28,Male,White,Never-married,1,233275,Bachelors,Private,Prof-specialty,0,0,45,39,0
28,Female,White,Never-married,3,153475,Bachelors,Private,Adm-clerical,0,0,16,8,0
45,Male,White,Never-married,1,371886,Bachelors,Private,Prof-specialty,0,0,46,39,0
57,Male,White,Married-civ-spouse,0,183810,Some-college,Private,Prof-specialty,0,0,40,39,1
37,Male,Black,Married-civ-spouse,0,247750,Assoc-voc,Local-gov,Protective-serv,0,0,40,39,0
36,Male,White,Never-married,1,184456,Bachelors,Self-emp-inc,Tech-support,27828,0,55,39,1
33,Female,White,Widowed,4,147921,HS-grad,Local-gov,Other-service,0,0,40,39,0
46,Male,White,Married-civ-spouse,0,27802,Assoc-acdm,State-gov,Tech-support,0,0,38,39,1
68,Male,White,Married-civ-spouse,0,117236,Bachelors,Private,Exec-managerial,20051,0,45,39,1
39,Male,Black,Separated,1,272166,Bachelors,Local-gov,Prof-specialty,0,0,30,39,0
58,Female,White,Widowed,1,202652,HS-grad,Private,Adm-clerical,0,0,37,39,0
22,Male,White,Married-civ-spouse,3,43646,HS-grad,Private,Craft-repair,0,0,40,39,0
55,Male,White,Married-civ-spouse,0,101338,10th,Private,Craft-repair,0,0,40,39,0
51,Male,White,Married-civ-spouse,0,111939,HS-grad,Self-emp-not-inc,Transport-moving,0,0,35,39,1
69,Male,White,Married-civ-spouse,0,168794,7th-8th,Other,Other,0,0,48,39,0
41,Female,White,Divorced,1,26669,Some-college,Local-gov,Exec-managerial,0,0,40,39,0
27,Male,White,Married-civ-spouse,0,38353,Assoc-voc,Private,Sales,0,0,60,39,0
25,Male,Amer-Indian-Eskimo,Never-married,3,194897,HS-grad,Private,Sales,6849,0,40,39,0
34,Male,White,Married-civ-spouse,0,106742,HS-grad,Private,Craft-repair,0,0,45,39,0
32,Male,White,Married-civ-spouse,0,183811,HS-grad,Private,Handlers-cleaners,2829,0,40,39,0
29,Male,Black,Married-civ-spouse,0,220656,Bachelors,Local-gov,Exec-managerial,0,0,40,39,1
56,Male,White,Married-civ-spouse,0,425497,Assoc-acdm,Other,Other,0,0,20,39,0
28,Male,White,Married-civ-spouse,0,336951,HS-grad,Private,Exec-managerial,0,0,50,39,1
19,Female,White,Never-married,3,164585,HS-grad,Private,Machine-op-inspct,0,0,40,39,0
27,Male,White,Never-married,4,206903,Bachelors,Private,Handlers-cleaners,0,0,35,39,0
72,Female,Black,Divorced,1,426562,11th,Private,Other-service,0,0,35,39,0
19,Male,White,Never-married,3,36012,HS-grad,Self-emp-not-inc,Craft-repair,0,0,40,39,0
57,Female,Black,Widowed,4,220871,7th-8th,Private,Machine-op-inspct,0,0,40,39,0
25,Male,White,Married-civ-spouse,0,476334,Some-college,Private,Craft-repair,0,0,40,39,0
42,Male,White,Married-civ-spouse,0,175515,HS-grad,Private,Craft-repair,0,0,40,39,0
23,Male,White,Never-married,1,165474,Some-college,Private,Craft-repair,0,0,40,39,0
61,Male,White,Married-civ-spouse,0,147845,7th-8th,Private,Transport-moving,0,0,31,39,0
30,Male,White,Never-married,1,303990,HS-grad,Private,Transport-moving,0,0,60,39,0
26,Male,White,Separated,3,290213,Some-college,Private,Farming-fishing,0,0,40,39,0
43,Male,White,Separated,4,180985,Bachelors,Self-emp-not-inc,Craft-repair,0,0,35,39,0
53,Female,White,Never-married,4,177212,Some-college,Federal-gov,Prof-specialty,0,0,40,39,0
49,Female,Black,Divorced,1,116892,Bachelors,Local-gov,Prof-specialty,0,0,40,39,0
34,Female,White,Married-civ-spouse,5,287737,Some-college,Private,Exec-managerial,0,1485,40,39,1
35,Male,White,Divorced,1,133454,10th,Private,Machine-op-inspct,0,0,50,39,0
51,Female,White,Divorced,4,77905,Assoc-voc,State-gov,Prof-specialty,0,0,40,39,0
41,Male,White,Married-civ-spouse,0,34987,Some-college,Self-emp-inc,Farming-fishing,0,0,54,39,1
41,Male,White,Married-spouse-absent,1,160837,11th,Private,Machine-op-inspct,0,0,40,13,0
36,Male,White,Married-civ-spouse,0,76417,HS-grad,Private,Craft-repair,0,0,52,39,0
28,Female,White,Never-married,1,124680,Bachelors,Private,Exec-managerial,6849,0,60,39,0
61,Male,White,Married-civ-spouse,0,135285,HS-grad,Other,Other,0,2603,32,39,0
42,Female,White,Divorced,4,97277,Masters,Local-gov,Prof-specialty,0,0,40,39,0
18,Male,White,Never-married,3,242893,11th,Private,Craft-repair,0,0,35,39,0
29,Male,White,Never-married,1,177651,Some-college,Private,Exec-managerial,0,0,45,39,0
44,Male,Black,Divorced,1,215479,HS-grad,Private,Transport-moving,0,0,20,14,0
26,Female,Asian-Pac-Islander,Never-married,1,306225,Bachelors,Private,Exec-managerial,0,0,40,31,0
37,Female,Black,Married-spouse-absent,4,249720,Assoc-voc,Private,Sales,0,0,32,39,0
36,Male,White,Married-civ-spouse,0,298717,HS-grad,Local-gov,Exec-managerial,0,0,40,39,0
43,Female,White,Widowed,1,152569,Assoc-voc,Other,Other,0,2339,36,39,0
31,Male,White,Never-married,4,381153,Some-college,Private,Exec-managerial,0,0,60,39,0
51,Male,White,Married-civ-spouse,0,159755,HS-grad,Private,Craft-repair,0,0,20,39,0
32,Male,White,Never-married,2,375833,11th,Private,Craft-repair,0,0,40,39,0
17,Male,White,Never-married,3,210547,10th,Other,Other,0,0,40,39,0
64,Male,White,Married-civ-spouse,0,388594,Prof-school,Federal-gov,Prof-specialty,15024,0,45,0,1
31,Female,White,Divorced,4,25216,Bachelors,Private,Exec-managerial,0,0,40,39,0
19,Female,White,Never-married,1,188568,Some-college,Private,Priv-house-serv,0,0,40,39,0
47,Male,White,Married-civ-spouse,0,39986,Bachelors,Local-gov,Prof-specialty,0,0,40,39,0
23,Female,White,Never-married,3,85088,Some-college,Private,Other-service,0,0,37,39,0
24,Male,White,Never-married,1,172496,Bachelors,Private,Tech-support,0,0,55,39,0
24,Male,White,Never-married,1,195808,HS-grad,Local-gov,Protective-serv,0,0,40,39,0
32,Male,White,Married-civ-spouse,0,111363,Prof-school,State-gov,Prof-specialty,0,0,75,39,1
53,Male,White,Married-civ-spouse,0,152810,Masters,Private,Exec-managerial,0,1977,55,39,1
27,Female,White,Never-married,1,284741,Some-college,Private,Sales,0,0,30,39,0
22,Male,White,Never-married,1,137876,Some-college,Private,Protective-serv,0,0,20,39,0
37,Female,Black,Never-married,4,448337,HS-grad,Federal-gov,Exec-managerial,0,0,40,39,0
30,Female,White,Divorced,4,263150,HS-grad,Private,Machine-op-inspct,0,0,20,39,0
41,Male,White,Married-civ-spouse,0,185267,Bachelors,Private,Prof-specialty,0,0,40,39,0
37,Male,White,Married-civ-spouse,0,49626,Assoc-voc,Private,Tech-support,0,0,43,39,0
40,Male,White,Divorced,3,204046,10th,Private,Transport-moving,0,0,40,39,0
32,Female,White,Married-civ-spouse,5,194981,HS-grad,Private,Tech-support,0,0,36,39,0
34,Female,White,Married-civ-spouse,5,190040,HS-grad,Private,Adm-clerical,0,0,40,39,0
35,Female,White,Married-civ-spouse,5,145704,HS-grad,Private,Prof-specialty,3942,0,35,39,0
46,Male,Black,Married-civ-spouse,0,154405,HS-grad,Private,Handlers-cleaners,0,0,40,39,0
55,Male,White,Married-civ-spouse,0,178644,9th,Private,Craft-repair,0,0,55,39,0
68,Female,White,Divorced,2,144137,Some-college,Private,Priv-house-serv,0,0,30,39,0
59,Male,White,Married-civ-spouse,0,186385,10th,Private,Machine-op-inspct,0,0,40,39,0
30,Male,White,Married-civ-spouse,0,288419,5th-6th,Other,Other,0,0,40,26,0
55,Female,White,Divorced,1,143030,HS-grad,Private,Machine-op-inspct,0,0,40,39,0
40,Male,White,Never-married,1,147372,Some-college,Local-gov,Protective-serv,0,2444,40,39,1
35,Female,White,Married-civ-spouse,5,119421,Bachelors,State-gov,Exec-managerial,0,0,35,39,1
31,Male,White,Married-civ-spouse,0,373432,Bachelors,State-gov,Prof-specialty,7298,0,55,39,1
36,Male,White,Married-civ-spouse,0,198237,Bachelors,Private,Prof-specialty,15024,0,50,39,1
43,Male,White,Married-civ-spouse,0,137722,HS-grad,Private,Handlers-cleaners,0,0,40,39,0
54,Male,White,Divorced,1,154785,Bachelors,Self-emp-not-inc,Exec-managerial,0,0,50,39,0
64,Female,White,Married-civ-spouse,5,132832,HS-grad,Self-emp-inc,Adm-clerical,20051,0,40,0,1
37,Male,White,Married-civ-spouse,0,35330,HS-grad,Self-emp-not-inc,Other-service,0,0,42,39,0
35,Male,White,Never-married,1,140854,HS-grad,Self-emp-inc,Transport-moving,0,0,60,39,0
44,Male,White,Married-civ-spouse,0,194924,HS-grad,Private,Sales,0,0,35,39,1
54,Male,White,Divorced,1,71344,Masters,Self-emp-not-inc,Prof-specialty,0,0,50,39,1
32,Male,White,Married-civ-spouse,0,209538,Masters,Private,Exec-managerial,0,0,55,39,1
18,Female,White,Never-married,3,137363,Some-college,Other,Other,0,0,30,39,0
45,Male,White,Married-civ-spouse,0,233511,Bachelors,Private,Exec-managerial,0,1977,60,39,1
19,Male,White,Never-married,3,229431,Some-college,Private,Prof-specialty,0,0,11,39,0
35,Male,White,Divorced,1,335777,Some-college,Private,Exec-managerial,0,0,40,26,0
46,Male,White,Married-civ-spouse,0,237731,Assoc-voc,Private,Adm-clerical,0,0,40,39,0
29,Female,White,Never-married,1,146719,HS-grad,Private,Transport-moving,0,0,45,39,0
34,Male,White,Married-civ-spouse,0,62463,Some-college,Local-gov,Transport-moving,0,1579,40,39,0
19,Female,White,Never-married,3,211553,Some-college,Other,Other,0,0,35,39,0
22,Male,White,Never-married,1,445758,5th-6th,Private,Handlers-cleaners,0,0,40,26,0
36,Male,White,Never-married,3,135162,HS-grad,Private,Sales,0,0,45,0,0
60,Male,White,Married-civ-spouse,0,338345,HS-grad,Private,Craft-repair,0,0,45,39,1
57,Female,White,Divorced,4,19520,Doctorate,State-gov,Prof-specialty,0,0,50,39,0
18,Female,White,Never-married,3,365683,HS-grad,Private,Adm-clerical,0,0,16,39,0
42,Male,White,Married-civ-spouse,0,37937,Assoc-voc,Private,Other-service,0,0,45,39,0
42,Female,White,Married-spouse-absent,1,193537,7th-8th,Local-gov,Other-service,0,0,35,33,0
28,Male,White,Never-married,4,77760,HS-grad,Private,Other-service,0,0,40,39,0
51,Male,White,Married-civ-spouse,0,55500,12th,Private,Transport-moving,0,0,40,39,0
26,Female,White,Never-married,1,132749,Bachelors,Other,Other,0,0,80,39,0
41,Male,White,Married-civ-spouse,0,208470,HS-grad,Private,Exec-managerial,0,0,40,39,1
31,Male,White,Married-civ-spouse,0,113364,HS-grad,Private,Craft-repair,0,0,40,39,1
26,Male,White,Married-civ-spouse,0,161007,Assoc-voc,Private,Handlers-cleaners,0,0,80,39,0
35,Male,White,Married-civ-spouse,0,182898,HS-grad,Federal-gov,Adm-clerical,0,0,40,39,0
50,Female,White,Divorced,1,117791,HS-grad,Local-gov,Adm-clerical,0,0,40,39,0
44,Male,White,Never-married,1,178510,Some-college,Self-emp-inc,Sales,0,2258,60,39,0
51,Female,White,Married-civ-spouse,5,268639,Some-college,Self-emp-not-inc,Prof-specialty,0,2057,60,2,0
67,Male,White,Married-civ-spouse,0,180539,HS-grad,Private,Sales,0,0,10,39,0
34,Male,White,Never-married,1,174463,Assoc-voc,Self-emp-not-inc,Farming-fishing,0,0,50,39,0
33,Male,White,Married-civ-spouse,0,150154,HS-grad,Private,Craft-repair,0,0,40,39,0
59,Male,White,Married-civ-spouse,0,325732,HS-grad,Self-emp-not-inc,Exec-managerial,0,1902,52,39,1
39,Female,White,Married-civ-spouse,5,170382,Masters,Local-gov,Prof-specialty,0,0,50,9,1
46,Female,White,Married-civ-spouse,5,180010,Bachelors,Local-gov,Prof-specialty,0,0,40,39,1
38,Female,White,Divorced,4,680390,HS-grad,Private,Adm-clerical,0,0,20,39,0
42,Female,White,Married-civ-spouse,5,246011,Bachelors,Private,Prof-specialty,0,0,55,39,0
31,Male,Black,Married-spouse-absent,1,591711,Some-college,Private,Transport-moving,0,0,40,0,0
37,Male,White,Married-civ-spouse,0,323155,1st-4th,Private,Farming-fishing,0,0,85,26,0
46,Female,Amer-Indian-Eskimo,Married-civ-spouse,5,320124,HS-grad,Self-emp-inc,Exec-managerial,15024,0,40,39,1
49,Male,White,Divorced,3,206577,Some-college,State-gov,Adm-clerical,0,0,40,39,0
20,Female,Black,Never-married,2,169184,Some-college,Other,Other,0,0,40,39,0
44,Female,White,Divorced,4,47818,HS-grad,Self-emp-not-inc,Exec-managerial,0,0,60,39,0
31,Female,White,Never-married,3,173002,HS-grad,Private,Adm-clerical,0,0,40,39,0
45,Female,White,Never-married,4,98765,HS-grad,Private,Machine-op-inspct,0,0,40,2,0
20,Male,White,Never-married,2,290504,HS-grad,Private,Other-service,0,0,40,39,0
24,Male,Black,Never-married,1,283092,11th,Private,Craft-repair,0,0,35,23,0
35,Female,White,Divorced,4,190728,HS-grad,Private,Prof-specialty,0,0,40,39,0
43,Female,Asian-Pac-Islander,Married-civ-spouse,5,143582,5th-6th,Private,Machine-op-inspct,0,2129,72,0,0
59,Male,White,Married-civ-spouse,0,349910,Bachelors,State-gov,Exec-managerial,10605,0,50,39,1
24,Male,White,Never-married,3,283731,Bachelors,Other,Other,0,0,40,39,0
38,Male,Asian-Pac-Islander,Married-civ-spouse,0,123031,HS-grad,Private,Adm-clerical,0,0,48,38,0
22,Male,White,Married-civ-spouse,0,216867,7th-8th,Private,Machine-op-inspct,0,0,40,26,0
67,Male,White,Married-civ-spouse,0,65475,HS-grad,Federal-gov,Tech-support,0,0,40,39,1
41,Male,White,Married-civ-spouse,0,220531,Prof-school,Private,Prof-specialty,0,0,60,39,1
42,Male,Black,Divorced,4,358677,HS-grad,Private,Other-service,0,0,35,39,0
32,Male,White,Married-civ-spouse,0,175856,Some-college,Private,Sales,0,0,40,39,0
35,Female,White,Married-civ-spouse,5,322171,Some-college,Private,Other-service,0,0,40,39,1
19,Female,White,Never-married,3,185695,Some-college,Private,Other-service,0,0,20,39,0
36,Male,White,Married-civ-spouse,0,269318,Bachelors,Private,Exec-managerial,0,0,50,39,1
44,Male,White,Married-civ-spouse,0,181762,Bachelors,Private,Transport-moving,15024,0,55,39,1
33,Female,White,Divorced,1,160776,Assoc-voc,Other,Other,0,0,40,10,0
22,Male,White,Never-married,3,138768,HS-grad,Private,Adm-clerical,0,0,40,39,0
42,Male,Asian-Pac-Islander,Married-civ-spouse,0,101709,Assoc-voc,Self-emp-not-inc,Craft-repair,2885,0,40,39,0
24,Male,White,Never-married,1,263498,11th,Private,Craft-repair,0,0,40,39,0
30,Male,White,Married-civ-spouse,0,155343,HS-grad,Private,Craft-repair,5013,0,40,39,0
20,Female,White,Never-married,3,212582,Some-college,Private,Other-service,0,0,16,39,0
36,Male,White,Married-civ-spouse,0,347491,Doctorate,Self-emp-not-inc,Prof-specialty,0,0,35,39,0
27,Male,White,Never-married,3,177072,HS-grad,Private,Handlers-cleaners,0,0,40,39,0
71,Male,White,Married-civ-spouse,0,250263,Some-college,Other,Other,3432,0,30,39,0
47,Female,White,Divorced,4,173271,HS-grad,Private,Adm-clerical,0,0,40,39,0
27,Male,White,Never-married,1,134566,HS-grad,Private,Adm-clerical,0,0,40,39,0
54,Male,White,Widowed,1,128378,Some-college,Private,Prof-specialty,0,0,50,39,0
24,Male,White,Married-civ-spouse,3,236696,HS-grad,Private,Handlers-cleaners,0,0,35,39,0
47,Male,White,Divorced,1,111563,Assoc-voc,Other,Other,0,0,40,39,0
19,Male,White,Never-married,1,127491,HS-grad,Private,Other-service,0,0,40,39,0
27,Female,Black,Never-married,4,248402,Bachelors,Private,Tech-support,0,0,40,39,0
44,Male,White,Married-civ-spouse,0,89413,Assoc-voc,Private,Craft-repair,0,0,40,39,0
55,Male,White,Married-civ-spouse,0,70088,Masters,Private,Prof-specialty,0,0,40,39,1
27,Female,White,Separated,4,194024,9th,Other,Other,0,0,50,39,0
36,Female,White,Divorced,4,309122,HS-grad,Private,Adm-clerical,0,0,35,39,0
28,Female,Black,Never-married,4,139903,Bachelors,Private,Machine-op-inspct,0,0,40,39,0
43,Male,White,Married-civ-spouse,0,125461,Bachelors,Private,Sales,0,1902,55,39,1
43,Female,White,Never-married,1,169203,Assoc-voc,Local-gov,Adm-clerical,0,0,35,39,0
23,Female,White,Never-married,3,176486,Assoc-voc,Private,Adm-clerical,0,0,36,39,0
34,Male,Black,Married-civ-spouse,0,300687,HS-grad,Private,Craft-repair,0,0,40,39,0
24,Female,White,Never-married,1,89347,11th,Private,Machine-op-inspct,0,0,40,39,0
20,Male,White,Never-married,3,117618,Some-college,Other,Other,0,0,40,39,0
22,Female,White,Never-married,1,167787,HS-grad,Private,Other-service,0,0,40,39,0
33,Male,White,Married-civ-spouse,0,115496,Doctorate,Private,Prof-specialty,0,0,60,39,1
34,Male,White,Married-civ-spouse,0,98101,7th-8th,Private,Transport-moving,0,0,40,39,0
22,Male,Black,Never-married,3,141028,HS-grad,Private,Other-service,0,0,30,39,0
55,Male,White,Married-civ-spouse,0,130957,HS-grad,Private,Craft-repair,0,0,45,39,0
63,Female,White,Divorced,1,219540,HS-grad,Private,Craft-repair,0,0,40,39,0
43,Male,Asian-Pac-Islander,Married-civ-spouse,2,140988,Bachelors,Self-emp-inc,Sales,0,0,45,19,0
41,Male,White,Married-civ-spouse,0,179533,HS-grad,Private,Transport-moving,0,0,35,39,0
20,Male,White,Married-civ-spouse,3,82777,HS-grad,Private,Sales,0,0,40,39,0
49,Female,Black,Divorced,4,249289,Bachelors,Local-gov,Prof-specialty,0,0,40,39,0
34,Male,White,Married-civ-spouse,0,418020,Doctorate,Private,Prof-specialty,0,0,50,39,1
34,Male,White,Married-civ-spouse,0,238912,HS-grad,Private,Exec-managerial,0,0,40,39,0
21,Male,White,Never-married,1,64520,HS-grad,Private,Sales,0,0,55,39,0
27,Male,White,Divorced,3,224421,Some-college,Other,Other,0,0,40,39,0
35,Male,White,Married-civ-spouse,0,340110,Some-college,Self-emp-inc,Sales,0,0,50,39,1
48,Female,White,Divorced,4,70209,Some-college,Private,Prof-specialty,0,0,20,39,0
26,Male,White,Never-married,3,239390,Bachelors,Private,Sales,0,0,18,39,0
32,Female,Black,Never-married,1,191777,Assoc-voc,Private,Exec-managerial,0,0,35,9,0
31,Male,Black,Divorced,2,120672,11th,Private,Handlers-cleaners,0,1721,40,39,0
29,Male,White,Never-married,1,183285,Some-college,State-gov,Protective-serv,0,0,36,39,0
30,Male,White,Never-married,3,196342,Some-college,Self-emp-not-inc,Sales,0,0,25,39,0
35,Male,White,Married-civ-spouse,0,361888,Assoc-acdm,Private,Tech-support,0,0,40,39,1
19,Male,White,Never-married,3,374262,12th,Private,Handlers-cleaners,0,0,20,39,0
38,Male,White,Married-civ-spouse,0,234901,Some-college,Private,Prof-specialty,0,0,40,39,0
34,Male,White,Married-civ-spouse,0,313729,Some-college,Self-emp-not-inc,Farming-fishing,0,0,50,39,0
39,Male,Black,Never-married,1,484475,11th,Private,Craft-repair,0,0,40,39,0
44,Male,White,Married-civ-spouse,0,205474,Bachelors,Private,Sales,0,0,40,39,1
60,Male,White,Married-civ-spouse,0,165827,Doctorate,State-gov,Prof-specialty,7688,0,60,39,1
40,Male,White,Married-civ-spouse,0,48087,HS-grad,Private,Sales,7298,0,45,39,1
33,Female,White,Never-married,1,108328,Some-college,Private,Adm-clerical,6849,0,50,39,0
47,Male,White,Married-civ-spouse,0,214800,Assoc-voc,Private,Handlers-cleaners,0,0,40,39,0
49,Female,Black,Widowed,4,225124,HS-grad,Private,Machine-op-inspct,0,0,40,39,0
27,Male,White,Never-married,1,204098,10th,Private,Craft-repair,0,0,30,39,0
25,Female,White,Never-married,4,104614,11th,Other,Other,0,0,40,39,0
52,Male,White,Married-civ-spouse,0,279337,HS-grad,Federal-gov,Adm-clerical,0,0,40,39,0
36,Female,White,Married-civ-spouse,5,86805,Some-college,State-gov,Exec-managerial,7298,0,39,39,1
24,Male,White,Never-married,4,144898,Some-college,Other,Other,0,0,40,39,0
22,Male,White,Never-married,1,117618,Bachelors,Other,Other,0,0,25,39,0
57,Male,White,Married-civ-spouse,0,254949,HS-grad,State-gov,Exec-managerial,0,0,40,39,1
49,Male,White,Married-civ-spouse,0,191277,Some-college,Self-emp-inc,Exec-managerial,15024,0,50,39,1
59,Male,White,Married-civ-spouse,0,159008,Assoc-acdm,Private,Craft-repair,7298,0,20,39,1
52,Female,White,Divorced,4,222107,Some-college,Private,Sales,0,0,50,39,0
45,Female,Black,Divorced,4,172111,Bachelors,Local-gov,Exec-managerial,0,0,60,39,0
31,Male,White,Never-married,1,213750,Some-college,Private,Sales,0,0,45,39,0
58,Male,White,Never-married,3,131991,Bachelors,Self-emp-not-inc,Farming-fishing,0,0,72,39,0
45,Female,White,Divorced,4,151627,Some-college,Private,Adm-clerical,0,0,45,39,0
22,Female,White,Never-married,3,129508,HS-grad,Private,Adm-clerical,0,0,28,39,0
29,Male,White,Divorced,1,105598,Some-college,Private,Tech-support,0,0,58,39,0
19,Female,White,Never-married,3,236879,Some-college,Private,Exec-managerial,0,0,35,39,0
35,Male,Asian-Pac-Islander,Married-civ-spouse,0,193260,Masters,Self-emp-not-inc,Sales,0,0,40,0,1
51,Female,White,Divorced,1,241346,HS-grad,Private,Adm-clerical,0,0,43,39,0
50,Male,White,Married-civ-spouse,0,97449,Some-college,Local-gov,Protective-serv,0,0,48,39,0
63,Male,White,Married-civ-spouse,0,97823,11th,Other,Other,0,0,40,39,0
41,Male,White,Married-civ-spouse,0,122215,Masters,Private,Prof-specialty,15024,0,40,39,1
25,Male,White,Married-civ-spouse,0,443855,HS-grad,Private,Other-service,0,0,40,26,0
25,Female,Black,Never-married,4,212311,Some-college,Private,Adm-clerical,0,0,40,39,0
24,Male,White,Never-married,3,60668,HS-grad,Self-emp-inc,Craft-repair,0,0,40,39,0
31,Female,White,Separated,4,210926,HS-grad,Federal-gov,Handlers-cleaners,0,0,40,39,0
52,Male,White,Married-civ-spouse,0,317032,HS-grad,Private,Craft-repair,0,0,50,39,1
29,Female,White,Never-married,1,175738,Bachelors,Private,Exec-managerial,0,0,45,39,1
37,Male,White,Married-civ-spouse,0,201531,Assoc-acdm,Private,Machine-op-inspct,0,0,40,39,1
57,Male,White,Married-civ-spouse,0,31532,Bachelors,Private,Transport-moving,0,0,40,39,0
62,Male,White,Married-civ-spouse,0,139391,Some-college,Other,Other,0,0,24,39,0
40,Female,White,Divorced,4,382499,HS-grad,Private,Adm-clerical,0,0,50,39,0
18,Female,White,Never-married,3,202516,HS-grad,Other,Other,0,0,35,39,0
23,Male,White,Never-married,3,380281,Assoc-acdm,Private,Other-service,0,0,25,4,0
29,Male,White,Never-married,3,78261,Prof-school,Private,Prof-specialty,0,0,50,39,0
31,Male,White,Married-civ-spouse,0,47276,Bachelors,Local-gov,Other-service,0,0,38,39,1
41,Male,White,Married-civ-spouse,0,170214,HS-grad,Self-emp-not-inc,Handlers-cleaners,0,2179,40,39,0
28,Female,White,Never-married,1,167336,Some-college,Private,Exec-managerial,10520,0,40,39,1
23,Female,White,Never-married,1,194031,Some-college,Other,Other,0,0,25,39,0
47,Male,White,Divorced,1,30840,Masters,Private,Prof-specialty,0,0,40,39,1
33,Female,White,Divorced,4,171876,Some-college,Private,Other-service,0,0,40,39,0
43,Male,White,Married-civ-spouse,0,200835,HS-grad,Private,Craft-repair,0,0,40,39,0
60,Female,Black,Widowed,1,41553,Some-college,Other,Other,0,0,40,39,0
26,Female,White,Divorced,1,89389,Some-college,Private,Prof-specialty,0,0,40,39,0
44,Female,White,Divorced,1,395078,HS-grad,State-gov,Adm-clerical,0,0,40,39,0
25,Male,Black,Married-civ-spouse,0,88922,HS-grad,Private,Transport-moving,0,0,40,39,0
38,Male,White,Divorced,1,304651,HS-grad,Private,Transport-moving,0,0,60,39,0
38,Female,White,Divorced,3,135416,Some-college,Private,Adm-clerical,0,0,40,39,0
21,Male,White,Never-married,3,104981,Some-college,Private,Prof-specialty,0,0,48,39,0
52,Male,White,Married-civ-spouse,0,392668,Assoc-voc,Local-gov,Protective-serv,0,0,40,39,1
32,Male,Black,Never-married,1,217304,Bachelors,Private,Protective-serv,0,0,30,39,0
39,Male,White,Married-civ-spouse,0,183892,HS-grad,Private,Machine-op-inspct,0,0,40,39,0
50,Male,White,Married-civ-spouse,0,185407,Assoc-voc,Private,Tech-support,0,0,38,39,1
43,Female,White,Never-married,1,108945,Some-college,Private,Exec-managerial,0,0,50,39,0
37,Female,White,Married-civ-spouse,5,178948,Bachelors,Private,Exec-managerial,7688,0,45,39,1
23,Female,White,Never-married,1,167868,Assoc-voc,Private,Adm-clerical,0,0,40,39,0
23,Male,White,Never-married,3,139187,11th,Private,Handlers-cleaners,0,0,50,39,0
25,Female,White,Never-married,1,104439,Some-college,Private,Adm-clerical,0,0,50,39,0
50,Male,White,Divorced,1,98215,HS-grad,Private,Other-service,0,0,40,39,0
41,Female,White,Married-civ-spouse,2,209344,HS-grad,Self-emp-not-inc,Sales,0,0,40,5,0
44,Female,White,Divorced,1,168515,Some-college,Private,Adm-clerical,0,0,40,11,0
46,Female,White,Married-civ-spouse,5,155654,HS-grad,Private,Other-service,0,0,40,39,0
23,Male,White,Never-married,3,141003,HS-grad,Other,Other,0,0,60,39,0
28,Male,White,Never-married,1,81540,HS-grad,Private,Handlers-cleaners,0,0,40,39,0
41,Female,White,Divorced,4,308550,HS-grad,Private,Craft-repair,0,0,60,39,0
40,Male,White,Married-civ-spouse,0,198452,11th,Private,Farming-fishing,0,0,40,39,0
45,Male,Black,Married-spouse-absent,2,320818,Some-college,State-gov,Other-service,0,0,40,14,0
31,Female,Asian-Pac-Islander,Never-married,3,379046,HS-grad,Private,Handlers-cleaners,0,0,40,40,0
19,Female,White,Never-married,1,124884,9th,Other,Other,0,0,25,39,0
43,Male,Black,Married-civ-spouse,0,284403,Assoc-acdm,Private,Sales,0,0,60,39,0
30,Female,White,Never-married,1,170154,Bachelors,Private,Tech-support,0,0,40,39,1
33,Female,Black,Never-married,4,280111,11th,Private,Adm-clerical,0,0,38,39,0
58,Male,White,Divorced,1,195835,Some-college,Self-emp-not-inc,Craft-repair,0,0,45,39,0
31,Female,Black,Married-spouse-absent,2,237824,HS-grad,Private,Priv-house-serv,0,0,60,23,0
56,Female,White,Divorced,1,153451,Some-college,State-gov,Adm-clerical,0,0,35,39,0
51,Female,White,Widowed,4,284211,HS-grad,Private,Prof-specialty,0,0,35,39,0
54,Male,White,Married-civ-spouse,0,181132,HS-grad,Private,Machine-op-inspct,0,0,40,9,1
45,Male,Asian-Pac-Islander,Married-civ-spouse,0,480717,Bachelors,Private,Other-service,0,0,38,0,0
22,Male,White,Never-married,4,219042,10th,Private,Machine-op-inspct,0,0,40,39,0
57,Male,White,Married-civ-spouse,0,199934,Bachelors,Private,Exec-managerial,0,0,40,39,1
25,Male,White,Never-married,1,196771,HS-grad,Private,Handlers-cleaners,0,0,65,39,0
41,Male,White,Married-civ-spouse,0,153132,Bachelors,Federal-gov,Prof-specialty,0,0,38,39,1
36,Male,White,Married-civ-spouse,0,245521,7th-8th,Private,Farming-fishing,0,0,35,26,0
32,Male,Asian-Pac-Islander,Married-civ-spouse,0,331539,Bachelors,Private,Exec-managerial,0,0,50,3,1
32,Female,White,Never-married,2,235847,Some-college,Private,Exec-managerial,0,0,50,39,0
38,Male,White,Married-civ-spouse,0,143123,Bachelors,Private,Exec-managerial,0,0,40,39,1
19,Male,White,Never-married,3,171306,HS-grad,Private,Sales,0,0,3,39,0
44,Male,White,Married-civ-spouse,0,193882,Bachelors,Private,Exec-managerial,0,0,40,39,1
43,Male,White,Married-civ-spouse,0,144778,Bachelors,Private,Prof-specialty,0,0,55,22,1
49,Male,White,Married-civ-spouse,0,199378,Some-college,Private,Prof-specialty,0,0,22,39,0
57,Male,White,Married-civ-spouse,0,346963,Bachelors,Private,Exec-managerial,0,0,40,39,1
27,Male,White,Never-married,1,175387,Bachelors,Private,Exec-managerial,0,1876,40,39,0
60,Male,White,Divorced,1,25825,HS-grad,Self-emp-not-inc,Craft-repair,0,0,50,39,1
52,Male,White,Married-civ-spouse,0,30731,HS-grad,Federal-gov,Exec-managerial,7298,0,40,39,1
35,Male,White,Married-civ-spouse,0,190895,HS-grad,State-gov,Craft-repair,0,0,40,39,0
26,Male,White,Never-married,1,238367,HS-grad,Private,Craft-repair,0,0,40,39,0
44,Male,Black,Married-civ-spouse,0,123572,9th,Private,Machine-op-inspct,0,0,40,39,0
44,Male,White,Married-civ-spouse,0,216921,10th,Self-emp-not-inc,Other-service,0,0,70,39,0
38,Male,Black,Separated,1,213260,HS-grad,Private,Protective-serv,0,0,40,39,0
45,Female,White,Divorced,4,199625,Some-college,Private,Prof-specialty,0,0,20,39,0
44,Female,Other,Divorced,4,109339,11th,Private,Machine-op-inspct,0,0,46,33,0
31,Male,White,Never-married,2,187203,HS-grad,Private,Sales,0,0,40,39,0
62,Male,White,Married-civ-spouse,0,39630,HS-grad,Self-emp-not-inc,Transport-moving,0,0,48,39,0
52,Male,White,Married-civ-spouse,0,152795,Some-college,Local-gov,Craft-repair,0,0,40,39,0
43,Male,White,Married-civ-spouse,0,86750,Assoc-voc,Private,Craft-repair,0,0,99,39,0
42,Female,White,Divorced,1,184682,Assoc-voc,Private,Tech-support,0,0,30,39,0
48,Female,White,Married-civ-spouse,5,130812,HS-grad,Private,Exec-managerial,0,0,40,39,0
61,Female,White,Married-civ-spouse,5,96660,Some-college,Private,Adm-clerical,15024,0,34,39,1
60,Male,White,Married-civ-spouse,0,96099,Some-college,Private,Sales,0,0,40,39,1
20,Female,White,Never-married,3,110597,Some-college,Private,Sales,0,0,30,39,0
39,Female,White,Married-civ-spouse,5,123945,HS-grad,Private,Adm-clerical,0,0,40,39,1
21,Male,White,Never-married,1,40052,Some-college,Other,Other,0,2001,45,39,0
24,Female,Black,Divorced,4,169624,HS-grad,Other,Other,0,0,37,39,0
33,Male,White,Never-married,3,209900,Some-college,Private,Tech-support,0,0,20,39,0
49,Female,White,Divorced,1,98010,Bachelors,Private,Prof-specialty,0,0,50,39,0
29,Male,White,Married-civ-spouse,0,204516,Masters,State-gov,Prof-specialty,0,0,15,39,0
22,Male,White,Never-married,3,185279,HS-grad,Private,Handlers-cleaners,0,0,16,39,0
28,Male,White,Divorced,1,167094,10th,Other,Other,0,0,50,39,0
31,Female,White,Divorced,1,195136,Assoc-acdm,Private,Other-service,0,0,32,39,0
31,Male,White,Never-married,4,150324,Assoc-acdm,Private,Machine-op-inspct,0,0,40,39,0
50,Male,White,Married-civ-spouse,0,337606,HS-grad,Private,Machine-op-inspct,0,1485,40,39,0
38,Male,White,Married-civ-spouse,0,106838,HS-grad,Private,Transport-moving,0,0,40,39,0
24,Female,White,Never-married,1,322658,Bachelors,Local-gov,Prof-specialty,0,0,40,39,0
35,Male,White,Married-civ-spouse,0,411395,Some-college,Private,Exec-managerial,0,0,36,39,0
44,Male,White,Divorced,1,133060,Some-college,Self-emp-inc,Machine-op-inspct,0,0,60,39,0
31,Male,White,Separated,4,306459,1st-4th,Private,Handlers-cleaners,0,0,35,16,0
43,Female,White,Divorced,4,142444,Some-college,Private,Sales,0,0,55,39,1
40,Female,White,Married-civ-spouse,5,305846,Some-college,Private,Adm-clerical,0,0,40,39,1
59,Male,White,Married-civ-spouse,0,133201,5th-6th,Self-emp-inc,Farming-fishing,0,0,40,22,0
44,Male,White,Married-civ-spouse,0,192225,Bachelors,Private,Exec-managerial,0,0,40,39,1
40,Male,White,Married-civ-spouse,0,163985,HS-grad,Private,Sales,0,0,24,39,0
31,Male,White,Married-civ-spouse,1,369648,Assoc-acdm,Self-emp-not-inc,Craft-repair,0,0,50,39,1
42,Male,White,Never-married,1,270721,Bachelors,Private,Prof-specialty,0,0,32,39,0
25,Female,White,Married-civ-spouse,5,100903,Bachelors,Other,Other,0,0,25,39,0
36,Female,White,Married-civ-spouse,5,95654,Bachelors,Private,Prof-specialty,0,0,50,20,1
61,Female,Black,Never-married,1,221447,HS-grad,Private,Machine-op-inspct,0,0,40,39,0
49,Male,White,Married-civ-spouse,0,189123,HS-grad,Self-emp-not-inc,Craft-repair,5013,0,50,39,0
53,Female,Black,Separated,4,251063,Some-college,Private,Exec-managerial,0,0,40,39,0
23,Male,White,Never-married,3,190273,Bachelors,Private,Prof-specialty,0,0,40,39,0
32,Male,White,Separated,2,339482,5th-6th,Private,Farming-fishing,0,0,60,26,0
33,Male,Black,Married-civ-spouse,0,615893,Masters,Federal-gov,Transport-moving,0,0,40,27,0
37,Female,Black,Divorced,1,230408,HS-grad,Private,Other-service,0,0,20,39,0
24,Male,White,Never-married,2,114230,HS-grad,Private,Sales,0,0,40,39,0
35,Female,White,Never-married,3,185621,Bachelors,Self-emp-not-inc,Prof-specialty,0,0,40,39,0
46,Male,White,Married-civ-spouse,0,193047,Bachelors,State-gov,Prof-specialty,0,0,37,39,0
20,Female,White,Never-married,3,71788,Some-college,Other,Other,0,0,18,39,0
44,Male,White,Married-civ-spouse,0,110355,Bachelors,Private,Exec-managerial,0,0,40,39,1
41,Female,White,Married-civ-spouse,5,112181,Bachelors,Private,Sales,0,0,12,39,1
27,Female,White,Never-married,4,133929,Bachelors,Private,Prof-specialty,0,0,36,0,0
25,Male,White,Married-civ-spouse,2,195481,HS-grad,Private,Adm-clerical,0,0,40,39,0
39,Male,Black,Never-married,1,121590,Some-college,Private,Prof-specialty,4787,0,40,39,1
23,Male,Black,Never-married,3,249277,HS-grad,Private,Exec-managerial,0,0,75,39,0
19,Male,Black,Never-married,3,127709,HS-grad,Private,Farming-fishing,0,0,30,39,0
20,Female,White,Never-married,1,148509,HS-grad,Private,Other-service,0,0,40,39,0
40,Male,White,Married-civ-spouse,0,57233,HS-grad,Self-emp-inc,Exec-managerial,0,0,60,39,1
90,Female,Black,Widowed,1,166343,1st-4th,Other,Other,0,0,40,39,0
38,Male,White,Married-civ-spouse,0,187748,Bachelors,Private,Prof-specialty,0,0,40,39,1
36,Female,White,Divorced,1,356824,HS-grad,Private,Sales,0,0,40,39,0
40,Female,White,Married-civ-spouse,5,178866,HS-grad,Federal-gov,Adm-clerical,0,0,20,39,1
33,Male,White,Married-civ-spouse,0,427474,HS-grad,Self-emp-not-inc,Sales,0,0,60,39,1
52,Female,Black,Widowed,4,135607,Some-college,Private,Other-service,0,0,40,0,0
46,Female,White,Married-civ-spouse,5,181413,Assoc-acdm,Self-emp-inc,Exec-managerial,0,0,40,39,0
30,Male,White,Never-married,3,114691,HS-grad,Private,Farming-fishing,0,0,40,39,0
38,Male,White,Married-civ-spouse,0,140854,Bachelors,Private,Tech-support,0,0,40,39,1
52,Female,White,Married-civ-spouse,5,49069,Some-college,Self-emp-inc,Adm-clerical,0,0,40,39,1
36,Male,White,Married-civ-spouse,0,106964,HS-grad,Private,Machine-op-inspct,0,0,40,39,0
61,Male,White,Married-civ-spouse,0,128831,HS-grad,Private,Machine-op-inspct,0,0,40,39,0
54,Male,White,Married-civ-spouse,0,175804,Bachelors,Self-emp-not-inc,Exec-managerial,0,0,40,39,1
48,Female,White,Never-married,1,185079,HS-grad,Private,Exec-managerial,0,0,50,39,0
54,Male,White,Married-civ-spouse,0,170562,Some-college,Private,Exec-managerial,0,0,48,39,1
38,Female,White,Married-civ-spouse,5,243484,Bachelors,Self-emp-not-inc,Adm-clerical,0,0,28,39,1
50,Male,White,Married-civ-spouse,0,30653,Masters,Self-emp-not-inc,Farming-fishing,2407,0,98,39,0
29,Male,White,Married-spouse-absent,1,41281,Bachelors,Other,Other,0,0,50,39,0
26,Female,White,Never-married,4,243560,Some-college,Private,Sales,0,0,40,0,0
30,Female,Black,Never-married,3,48458,Some-college,Federal-gov,Adm-clerical,0,0,40,39,0
56,Male,White,Married-civ-spouse,0,176118,HS-grad,Private,Craft-repair,3103,0,40,39,1
43,Male,White,Never-married,1,40024,11th,Private,Transport-moving,0,0,42,39,0
24,Male,White,Never-married,3,224954,Some-college,Private,Handlers-cleaners,0,0,40,39,0
19,Male,White,Never-married,3,164658,Some-college,Self-emp-inc,Farming-fishing,0,0,60,39,0
43,Male,White,Married-civ-spouse,0,64631,HS-grad,Private,Exec-managerial,15024,0,50,39,1
54,Male,White,Divorced,3,95329,Some-college,Other,Other,0,0,50,39,0
54,Female,White,Never-married,2,188186,HS-grad,Private,Other-service,0,0,20,18,0
27,Male,Black,Married-civ-spouse,0,390657,HS-grad,Private,Handlers-cleaners,0,0,40,39,0
59,Male,White,Never-married,1,140957,Assoc-voc,Self-emp-not-inc,Exec-managerial,0,0,35,39,1
18,Female,White,Never-married,3,195372,11th,Private,Other-service,0,0,20,39,0
35,Male,White,Married-civ-spouse,0,190895,Masters,Self-emp-not-inc,Sales,0,0,40,39,1
25,Male,Black,Married-civ-spouse,0,306666,Some-college,Private,Sales,0,0,45,39,0
56,Female,White,Married-civ-spouse,5,164332,HS-grad,Private,Sales,0,0,15,39,0
29,Male,White,Married-civ-spouse,0,383745,Some-college,Local-gov,Protective-serv,0,1485,40,39,1
45,Male,White,Married-civ-spouse,0,341995,Assoc-voc,Private,Prof-specialty,0,1902,42,39,1
26,Male,White,Never-married,1,337940,5th-6th,Private,Transport-moving,0,0,40,26,0
42,Female,White,Married-civ-spouse,5,138077,Masters,Local-gov,Prof-specialty,0,0,38,39,1
25,Male,White,Never-married,1,185287,Some-college,Private,Adm-clerical,0,0,40,39,0
25,Male,White,Never-married,1,247025,Bachelors,Private,Sales,3325,0,48,39,0
43,Female,Black,Divorced,4,143828,Masters,Local-gov,Prof-specialty,9562,0,40,39,1
39,Female,White,Divorced,1,235379,Assoc-acdm,State-gov,Prof-specialty,0,0,40,39,0
27,Male,White,Never-married,1,164924,HS-grad,Private,Craft-repair,0,0,40,39,0
26,Female,White,Married-civ-spouse,5,184872,Bachelors,Private,Exec-managerial,0,0,55,39,1
43,Female,White,Divorced,1,101950,Bachelors,Private,Other-service,0,0,35,39,0
31,Male,White,Married-civ-spouse,0,48189,HS-grad,Private,Transport-moving,0,0,45,39,0
20,Male,White,Never-married,3,137618,Some-college,Private,Transport-moving,0,0,35,39,0
28,Female,Black,Never-married,3,198813,HS-grad,Private,Handlers-cleaners,0,0,40,39,0
85,Male,White,Married-civ-spouse,0,98611,Bachelors,Private,Exec-managerial,0,0,3,31,0
33,Female,White,Never-married,3,225507,10th,Private,Other-service,0,0,25,39,0
24,Male,White,Never-married,1,52262,HS-grad,Private,Machine-op-inspct,0,0,40,39,0
61,Male,White,Married-civ-spouse,0,230292,Some-college,Private,Adm-clerical,7688,0,40,39,1
55,Female,White,Widowed,1,161334,HS-grad,Self-emp-not-inc,Other-service,0,0,25,27,0
32,Male,White,Divorced,1,227160,Some-college,Other,Other,0,0,40,39,0
20,Female,White,Never-married,1,37783,Some-college,Private,Other-service,0,0,25,39,0
22,Male,White,Divorced,3,154713,HS-grad,Private,Sales,0,0,40,39,0
35,Male,White,Never-married,3,160192,Some-college,Self-emp-not-inc,Craft-repair,0,0,40,39,0
59,Male,White,Married-civ-spouse,0,109638,HS-grad,Private,Craft-repair,0,0,40,39,1
44,Female,White,Married-civ-spouse,5,208277,HS-grad,Self-emp-not-inc,Machine-op-inspct,0,0,45,39,0
44,Male,Amer-Indian-Eskimo,Married-civ-spouse,0,192976,HS-grad,Private,Transport-moving,0,0,40,39,0
36,Female,Asian-Pac-Islander,Married-civ-spouse,5,80743,HS-grad,Private,Other-service,0,0,40,35,0
35,Male,White,Married-civ-spouse,0,63921,5th-6th,Private,Handlers-cleaners,0,0,40,26,0
22,Female,White,Never-married,1,117363,Bachelors,Private,Adm-clerical,0,0,35,39,0
53,Male,Black,Married-civ-spouse,0,268545,HS-grad,Private,Craft-repair,0,0,40,23,0
38,Female,White,Married-civ-spouse,5,137707,Assoc-voc,Private,Tech-support,0,0,40,39,1
39,Female,Black,Married-civ-spouse,5,297847,9th,Private,Other-service,3411,0,34,39,0
20,Female,White,Never-married,1,187332,10th,Other,Other,0,0,30,39,0
49,Female,White,Divorced,1,72393,9th,Private,Machine-op-inspct,0,0,40,39,0
28,Female,White,Married-civ-spouse,3,286310,HS-grad,State-gov,Adm-clerical,0,0,40,39,0
49,Female,White,Widowed,4,50748,Bachelors,Private,Prof-specialty,1506,0,35,39,0
34,Male,White,Married-civ-spouse,0,212163,Some-college,Private,Sales,0,0,25,39,0
38,Female,White,Married-civ-spouse,5,266325,Bachelors,Private,Prof-specialty,0,0,32,39,1
29,Female,Asian-Pac-Islander,Married-civ-spouse,5,119359,HS-grad,Private,Prof-specialty,0,0,10,3,1
35,Male,Asian-Pac-Islander,Married-civ-spouse,0,292472,Doctorate,Private,Prof-specialty,0,0,40,36,1
20,Male,White,Never-married,3,194138,11th,Private,Craft-repair,0,0,20,39,0
50,Male,White,Married-civ-spouse,0,167886,Some-college,Private,Sales,0,0,40,39,1
43,Male,White,Divorced,4,73883,Bachelors,Self-emp-not-inc,Sales,0,0,45,39,0
60,Male,Black,Married-civ-spouse,0,63526,Bachelors,Federal-gov,Adm-clerical,0,0,40,39,1
21,Female,White,Married-civ-spouse,5,262280,Some-college,Other,Other,3781,0,40,39,0
49,Female,White,Divorced,4,208978,HS-grad,Private,Adm-clerical,0,0,16,39,0
21,Male,White,Married-civ-spouse,0,83704,12th,Private,Craft-repair,0,0,40,39,0
47,Male,White,Married-civ-spouse,0,36169,Masters,Local-gov,Prof-specialty,0,0,60,39,1
29,Male,White,Divorced,1,69132,Prof-school,Self-emp-not-inc,Prof-specialty,99999,0,60,39,1
71,Male,White,Married-civ-spouse,0,152307,HS-grad,Private,Exec-managerial,0,2377,45,39,1
51,Male,White,Married-civ-spouse,0,203015,HS-grad,Other,Other,0,0,40,39,0
26,Male,White,Divorced,1,208122,Some-college,Private,Handlers-cleaners,0,0,45,39,0
32,Male,White,Married-civ-spouse,0,229566,Assoc-voc,Private,Other-service,0,0,60,39,1
33,Male,White,Never-married,1,176711,HS-grad,Private,Adm-clerical,0,0,40,39,0
43,Male,White,Married-civ-spouse,0,170214,Some-college,Private,Exec-managerial,0,0,50,39,1
22,Female,White,Never-married,4,242912,HS-grad,Private,Other-service,0,0,35,39,0
26,Female,White,Never-married,1,48099,Bachelors,Federal-gov,Exec-managerial,0,0,40,39,0
41,Female,White,Divorced,1,255044,Bachelors,Private,Exec-managerial,0,0,55,39,0
24,Female,Black,Married-civ-spouse,5,51799,HS-grad,Private,Adm-clerical,0,0,40,39,0
62,Male,White,Married-civ-spouse,0,171315,Bachelors,Self-emp-not-inc,Prof-specialty,0,0,60,39,1
48,Female,White,Married-civ-spouse,5,140782,Masters,Private,Exec-managerial,0,1902,38,39,1
37,Female,White,Never-married,1,191841,Bachelors,State-gov,Adm-clerical,8614,0,40,39,1
65,Male,White,Married-civ-spouse,0,146454,Masters,Local-gov,Prof-specialty,0,1648,4,12,0
63,Male,White,Married-civ-spouse,0,424591,HS-grad,Other,Other,0,0,40,39,0
29,Female,White,Married-spouse-absent,4,84366,10th,Private,Adm-clerical,0,0,40,26,0
58,Male,White,Married-civ-spouse,0,147989,HS-grad,Private,Transport-moving,0,0,40,39,1
24,Male,White,Married-civ-spouse,0,190290,Assoc-voc,Private,Craft-repair,0,0,45,39,0
49,Female,Black,Divorced,4,165513,Some-college,Private,Handlers-cleaners,0,0,40,39,0
30,Male,White,Divorced,1,26543,Bachelors,Private,Other-service,0,0,40,39,0
26,Female,Black,Separated,4,136951,HS-grad,Private,Machine-op-inspct,0,0,40,39,0
46,Female,White,Never-married,1,119904,Prof-school,State-gov,Prof-specialty,0,1564,55,39,1
52,Male,White,Married-civ-spouse,0,61735,11th,Private,Other-service,0,0,40,39,0
53,Female,White,Divorced,1,260106,Prof-school,Local-gov,Prof-specialty,0,0,50,39,0
24,Female,White,Never-married,2,204172,Bachelors,Private,Sales,0,0,40,39,0
55,Male,White,Married-civ-spouse,0,183810,Masters,Self-emp-not-inc,Prof-specialty,0,0,55,39,1
19,Male,White,Never-married,3,124265,Some-college,Private,Handlers-cleaners,0,0,40,39,0
41,Male,White,Married-civ-spouse,0,151504,Bachelors,Private,Exec-managerial,7688,0,50,39,1
48,Male,White,Married-civ-spouse,0,216093,Bachelors,Private,Handlers-cleaners,0,0,40,39,0
37,Male,White,Never-married,3,138940,11th,Self-emp-not-inc,Farming-fishing,0,0,37,39,0
41,Female,White,Married-civ-spouse,5,372682,Some-college,Private,Adm-clerical,0,0,40,39,1
21,Female,White,Never-married,2,182614,Some-college,Private,Sales,0,0,40,31,0
47,Female,White,Divorced,1,178309,Some-college,Local-gov,Prof-specialty,0,0,40,39,0
48,Female,White,Widowed,2,47022,HS-grad,Private,Handlers-cleaners,0,0,48,39,0
51,Female,Black,Separated,1,135190,7th-8th,Private,Machine-op-inspct,0,0,30,39,0
49,Male,White,Married-civ-spouse,0,423222,Masters,State-gov,Sales,99999,0,80,39,1
45,Male,White,Married-civ-spouse,0,33794,Masters,Private,Other-service,0,0,40,39,0
26,Male,White,Married-AF-spouse,0,78172,Some-college,Private,Protective-serv,0,0,40,39,0
37,Male,White,Married-civ-spouse,0,34378,7th-8th,Private,Farming-fishing,2580,0,60,39,0
31,Female,White,Married-civ-spouse,5,240283,Bachelors,Private,Adm-clerical,0,0,40,39,1
28,Female,White,Never-married,4,161674,HS-grad,Private,Machine-op-inspct,0,0,40,39,0
56,Female,White,Widowed,1,105281,HS-grad,Private,Sales,0,1974,40,39,0
67,Male,White,Married-civ-spouse,0,188903,7th-8th,Other,Other,2414,0,40,39,0
68,Male,White,Married-civ-spouse,0,133736,Some-college,Self-emp-not-inc,Sales,20051,0,40,39,1
19,Male,White,Never-married,3,149528,Some-college,State-gov,Farming-fishing,0,0,12,39,0
24,Female,White,Married-civ-spouse,5,122348,Bachelors,Private,Exec-managerial,0,0,40,39,0
49,Male,White,Married-civ-spouse,0,192776,Masters,Private,Exec-managerial,0,1977,45,39,1
50,Male,White,Married-civ-spouse,0,196307,Some-college,Local-gov,Craft-repair,7688,0,40,39,1
30,Female,White,Married-civ-spouse,5,205659,Assoc-acdm,Private,Exec-managerial,0,0,50,37,1
17,Male,White,Never-married,3,33138,12th,Private,Sales,0,0,40,39,0
30,Female,Black,Separated,4,164940,HS-grad,Other,Other,0,0,25,39,0
38,Male,White,Married-civ-spouse,0,237713,Bachelors,Private,Exec-managerial,0,0,60,39,0
22,Female,White,Never-married,3,202416,Bachelors,Private,Adm-clerical,0,0,40,39,0
61,Male,White,Married-civ-spouse,0,115023,Some-college,Private,Adm-clerical,0,0,40,39,1
69,Female,White,Widowed,1,102874,HS-grad,Private,Adm-clerical,0,0,24,39,0
32,Female,Asian-Pac-Islander,Married-civ-spouse,2,353994,Bachelors,Private,Exec-managerial,0,0,40,3,1
36,Male,White,Married-civ-spouse,0,128876,10th,Private,Craft-repair,0,0,40,39,0
46,Male,White,Married-civ-spouse,0,167915,HS-grad,Private,Craft-repair,0,0,40,39,0
45,Male,White,Married-civ-spouse,0,311231,Prof-school,Self-emp-inc,Prof-specialty,0,1485,50,39,1
22,Female,Amer-Indian-Eskimo,Married-civ-spouse,5,124940,Some-college,Private,Adm-clerical,0,0,44,39,0
55,Male,White,Divorced,4,165695,HS-grad,Local-gov,Adm-clerical,0,0,40,39,0
72,Female,White,Separated,4,298070,Assoc-voc,Private,Other-service,6723,0,25,39,0
24,Male,White,Never-married,1,42706,Assoc-voc,Private,Protective-serv,0,0,60,39,0
57,Male,Other,Married-civ-spouse,0,194850,Some-college,Private,Other-service,0,0,40,26,0
17,Female,White,Never-married,2,72321,11th,Private,Other-service,0,0,12,39,0
82,Male,White,Married-civ-spouse,0,71438,HS-grad,Self-emp-not-inc,Farming-fishing,0,0,20,39,0
54,Male,White,Married-civ-spouse,0,99434,HS-grad,Private,Exec-managerial,0,0,40,39,1
64,Male,White,Married-civ-spouse,0,88470,Some-college,Private,Other-service,0,0,40,39,0
42,Female,Black,Divorced,1,169628,Some-college,Private,Adm-clerical,0,0,38,39,0
48,Male,White,Married-civ-spouse,0,182211,HS-grad,Private,Craft-repair,0,0,44,39,1
37,Male,White,Married-civ-spouse,0,175360,HS-grad,Self-emp-inc,Craft-repair,0,0,40,39,1
46,Female,Amer-Indian-Eskimo,Never-married,1,197988,1st-4th,Local-gov,Other-service,0,0,20,39,0
31,Female,White,Separated,1,150309,Bachelors,Private,Exec-managerial,0,0,70,39,0
42,Male,White,Married-civ-spouse,0,162758,Some-college,Self-emp-not-inc,Handlers-cleaners,0,0,56,39,1
53,Male,White,Married-civ-spouse,0,121441,Some-college,Private,Sales,0,0,55,39,0
19,Female,White,Never-married,3,127190,HS-grad,Private,Other-service,0,0,15,39,0
33,Male,White,Never-married,4,155343,HS-grad,Private,Machine-op-inspct,0,0,40,39,0
28,Female,White,Divorced,1,184078,HS-grad,Private,Adm-clerical,0,0,40,39,0
30,Male,White,Married-civ-spouse,0,609789,11th,Private,Farming-fishing,0,0,60,26,0
32,Male,White,Married-civ-spouse,0,34104,Some-college,Private,Exec-managerial,0,0,40,39,0
23,Male,White,Married-civ-spouse,0,217961,Some-college,Private,Other-service,0,0,40,39,0
25,Male,White,Never-married,1,163101,Bachelors,Local-gov,Prof-specialty,0,0,45,39,0
43,Male,White,Married-civ-spouse,0,56920,HS-grad,Self-emp-not-inc,Craft-repair,0,0,60,39,0
17,Female,White,Never-married,3,287160,11th,Private,Other-service,0,0,15,39,0
30,Female,Black,Never-married,4,251825,Assoc-acdm,Private,Machine-op-inspct,0,0,40,39,0
46,Female,White,Never-married,1,268281,Bachelors,Private,Prof-specialty,0,0,40,39,0
27,Male,White,Never-married,1,105817,Bachelors,Private,Craft-repair,0,0,45,39,0
21,Male,White,Never-married,3,417668,Some-college,Private,Other-service,0,0,20,39,0
25,Male,Black,Never-married,3,282313,10th,Private,Handlers-cleaners,0,1602,40,39,0
30,Male,White,Married-civ-spouse,0,175931,Some-college,Private,Handlers-cleaners,0,0,44,39,0
62,Male,White,Married-civ-spouse,0,155256,HS-grad,Private,Exec-managerial,0,0,45,39,1
41,Male,White,Married-civ-spouse,0,251305,Some-college,Self-emp-not-inc,Sales,0,0,40,39,0
30,Female,White,Never-married,1,308812,Some-college,Private,Sales,0,0,60,39,0
35,Male,Asian-Pac-Islander,Married-civ-spouse,0,267866,HS-grad,Private,Sales,0,1887,50,20,1
62,Male,White,Married-civ-spouse,0,176753,HS-grad,Other,Other,0,0,40,39,0
43,Male,White,Divorced,1,57322,Assoc-acdm,Private,Craft-repair,0,0,40,39,0
58,Male,White,Married-civ-spouse,0,111394,Bachelors,Private,Prof-specialty,0,0,40,39,1
62,Male,White,Married-civ-spouse,0,134768,12th,Self-emp-not-inc,Craft-repair,0,0,40,39,1
24,Female,White,Never-married,1,306515,HS-grad,Federal-gov,Adm-clerical,0,0,40,39,0
59,Female,White,Separated,4,230899,9th,Private,Machine-op-inspct,0,0,40,26,0
33,Female,White,Never-married,4,235109,HS-grad,Private,Adm-clerical,0,0,40,39,0
44,Male,White,Married-civ-spouse,0,136986,Some-college,Private,Craft-repair,0,0,60,39,1
18,Female,White,Never-married,3,169745,7th-8th,Private,Other-service,0,0,40,39,0
20,Female,White,Never-married,3,141453,Some-college,Other,Other,0,0,10,39,0
52,Male,White,Married-civ-spouse,0,298035,Masters,Local-gov,Prof-specialty,0,0,40,39,0
40,Male,White,Married-civ-spouse,0,107433,Bachelors,Private,Exec-managerial,0,1977,50,39,1
39,Male,White,Married-civ-spouse,0,110713,Bachelors,Private,Sales,0,0,50,39,1
37,Male,Black,Never-married,1,252947,Bachelors,Private,Machine-op-inspct,0,1719,32,39,0
25,Female,White,Never-married,3,75821,Some-college,Private,Prof-specialty,0,0,40,39,0
24,Male,White,Never-married,3,161508,HS-grad,Self-emp-not-inc,Craft-repair,0,0,50,39,0
42,Male,White,Married-civ-spouse,0,183319,5th-6th,Private,Craft-repair,0,0,60,39,0
55,Male,White,Married-civ-spouse,0,189933,HS-grad,Self-emp-inc,Exec-managerial,0,0,45,39,0
21,Female,White,Never-married,1,255957,Some-college,Private,Exec-managerial,4101,0,40,39,0
28,Male,Black,Never-married,1,273269,Some-college,Private,Craft-repair,0,0,40,39,0
28,Male,White,Married-civ-spouse,0,61435,HS-grad,Private,Craft-repair,0,0,45,39,0
22,Male,White,Never-married,1,215395,Some-college,Private,Other-service,0,1602,10,39,0
39,Male,White,Divorced,1,200153,Bachelors,Private,Adm-clerical,0,0,40,39,0
24,Male,Black,Never-married,2,228424,HS-grad,Private,Handlers-cleaners,0,0,40,39,0
38,Male,White,Married-civ-spouse,0,163204,HS-grad,Self-emp-not-inc,Craft-repair,3411,0,25,39,0
58,Male,White,Married-civ-spouse,0,140729,Bachelors,Self-emp-not-inc,Farming-fishing,0,0,35,39,0
37,Male,White,Never-married,1,111128,11th,Private,Machine-op-inspct,0,0,40,39,0
77,Male,White,Married-civ-spouse,0,144608,HS-grad,Local-gov,Exec-managerial,0,0,6,39,0
41,Female,White,Married-civ-spouse,5,112763,Prof-school,Private,Prof-specialty,0,0,40,39,1
46,Female,White,Divorced,1,229394,HS-grad,Private,Exec-managerial,0,0,40,39,0
37,Female,White,Never-married,2,103925,Some-college,Private,Tech-support,0,0,40,39,0
19,Male,White,Never-married,3,131615,HS-grad,Private,Machine-op-inspct,0,0,40,39,0
55,Female,White,Divorced,1,145214,HS-grad,Private,Adm-clerical,0,0,40,39,0
33,Male,White,Married-civ-spouse,0,251120,Bachelors,Private,Sales,7688,0,50,39,1
48,Male,White,Divorced,3,327886,Doctorate,State-gov,Prof-specialty,0,0,50,39,1
31,Male,White,Married-civ-spouse,0,157673,HS-grad,State-gov,Farming-fishing,0,0,40,39,0
28,Male,White,Married-civ-spouse,0,243660,HS-grad,Private,Transport-moving,0,0,40,39,0
30,Male,White,Married-civ-spouse,0,281030,Assoc-voc,Private,Sales,4064,0,40,39,0
45,Female,Black,Divorced,4,253116,10th,Private,Other-service,0,0,40,39,0
44,Female,Black,Never-married,4,267790,9th,Private,Other-service,0,0,40,39,0
43,Male,White,Married-civ-spouse,0,295510,HS-grad,Private,Exec-managerial,0,0,45,39,1
36,Male,White,Married-civ-spouse,0,148581,HS-grad,Private,Craft-repair,0,0,55,39,1
45,Male,White,Never-married,1,148995,Doctorate,Private,Prof-specialty,99999,0,30,39,1
19,Male,White,Never-married,2,140985,Some-college,Private,Adm-clerical,0,0,25,39,0
28,Male,White,Married-civ-spouse,0,183155,Bachelors,Private,Prof-specialty,0,0,55,39,0
61,Female,Black,Widowed,1,167284,7th-8th,Other,Other,0,0,40,39,0
25,Male,Black,Never-married,4,173062,Bachelors,Private,Handlers-cleaners,0,0,40,39,0
43,Male,White,Married-civ-spouse,0,212894,Bachelors,Private,Exec-managerial,15024,0,50,39,1
34,Male,White,Married-civ-spouse,0,182926,HS-grad,Private,Craft-repair,0,0,43,39,1
26,Male,White,Married-civ-spouse,0,43408,Bachelors,Private,Prof-specialty,0,0,40,39,0
48,Female,Black,Divorced,4,238959,Masters,Local-gov,Exec-managerial,9562,0,40,39,1
32,Male,White,Divorced,3,112176,Some-college,Private,Sales,0,0,30,39,0
39,Male,White,Married-civ-spouse,0,138192,Bachelors,Private,Craft-repair,0,0,40,39,1
31,Male,White,Married-civ-spouse,0,204052,HS-grad,Private,Handlers-cleaners,0,0,40,39,0
40,Female,White,Divorced,4,799281,HS-grad,Private,Adm-clerical,0,0,38,39,0
17,Female,White,Never-married,3,150106,10th,Private,Sales,0,0,20,39,0
22,Female,White,Never-married,4,105043,Some-college,Private,Adm-clerical,0,0,40,39,0
18,Female,Other,Never-married,3,135315,9th,Private,Sales,0,0,32,39,0
21,Male,White,Never-married,3,113163,Some-college,Private,Adm-clerical,0,0,50,39,0
52,Female,White,Married-civ-spouse,5,389270,Some-college,Private,Adm-clerical,0,0,35,39,1
34,Male,White,Married-civ-spouse,0,122616,Some-college,Private,Tech-support,0,0,84,39,1
27,Male,White,Married-civ-spouse,0,141545,HS-grad,Private,Transport-moving,0,1902,45,39,0
18,Male,White,Never-married,3,436163,11th,Private,Prof-specialty,0,0,20,39,0
27,Male,White,Married-civ-spouse,0,29523,10th,Private,Handlers-cleaners,0,0,40,39,0
31,Male,White,Married-civ-spouse,0,33308,Assoc-voc,State-gov,Craft-repair,0,0,40,39,0
46,Male,White,Married-civ-spouse,0,144351,Masters,Private,Prof-specialty,0,0,40,39,1
33,Female,Black,Separated,2,202642,Bachelors,Private,Prof-specialty,0,0,40,23,0
58,Male,Black,Widowed,4,156649,1st-4th,Local-gov,Handlers-cleaners,0,0,40,39,0
25,Male,White,Married-civ-spouse,0,199224,Bachelors,Private,Prof-specialty,0,0,45,39,1
41,Male,White,Married-civ-spouse,0,184466,11th,Private,Protective-serv,0,0,55,39,0
54,Female,White,Widowed,1,271160,Assoc-voc,Private,Exec-managerial,0,0,40,39,0
51,Female,White,Widowed,1,328947,Some-college,Private,Adm-clerical,0,0,40,39,0
42,Male,White,Never-married,3,132222,Bachelors,Private,Sales,0,0,60,39,0
41,Male,White,Never-married,1,187802,Some-college,Private,Handlers-cleaners,0,0,40,39,0
57,Male,White,Married-civ-spouse,0,282913,HS-grad,Self-emp-inc,Sales,0,0,40,5,0
35,Male,Black,Never-married,3,207676,Some-college,Private,Handlers-cleaners,0,0,40,39,0
47,Male,Black,Married-civ-spouse,0,164113,Some-college,Private,Craft-repair,7688,0,40,39,1
27,Female,White,Never-married,3,207611,Bachelors,Private,Exec-managerial,0,0,40,39,0
42,Male,White,Never-married,1,355728,Assoc-voc,Private,Craft-repair,0,0,44,39,0
38,Male,White,Married-civ-spouse,0,364782,HS-grad,Private,Craft-repair,0,0,40,39,1
40,Male,White,Married-civ-spouse,0,173590,Masters,Private,Exec-managerial,0,0,50,39,1
45,Male,Black,Married-civ-spouse,0,96100,7th-8th,Private,Machine-op-inspct,0,0,40,39,0
18,Male,White,Never-married,3,298860,12th,Private,Handlers-cleaners,0,0,20,39,0
57,Male,Black,Married-civ-spouse,0,183657,Some-college,State-gov,Prof-specialty,0,0,35,39,1
27,Male,White,Never-married,3,85625,HS-grad,Private,Other-service,0,0,22,39,0
35,Male,White,Never-married,1,207066,Bachelors,Private,Sales,10520,0,45,39,1
49,Male,White,Married-civ-spouse,0,98738,HS-grad,Local-gov,Craft-repair,0,0,40,39,1
28,Male,White,Never-married,1,114053,Some-college,Self-emp-inc,Exec-managerial,0,0,30,39,0
27,Male,White,Never-married,1,37599,Some-college,Private,Other-service,0,0,24,39,0
43,Male,Other,Married-civ-spouse,0,216697,Some-college,Private,Protective-serv,0,0,32,39,0
57,Male,White,Divorced,1,317847,Masters,Private,Exec-managerial,0,2824,50,39,1
67,Male,Black,Married-civ-spouse,0,132057,HS-grad,Other,Other,0,0,20,39,0
39,Male,White,Married-civ-spouse,0,207853,12th,Local-gov,Tech-support,0,0,50,39,0
44,Female,White,Married-civ-spouse,5,160829,Bachelors,Private,Tech-support,0,0,20,39,1
19,Male,Black,Never-married,2,249787,HS-grad,Private,Other-service,0,0,40,39,0
39,Female,White,Never-married,1,341741,Preschool,Private,Other-service,0,0,12,39,0
48,Male,White,Divorced,4,205424,Bachelors,Private,Sales,0,0,40,39,1
53,Male,White,Married-civ-spouse,0,281425,HS-grad,Private,Craft-repair,0,0,40,39,1
49,Male,White,Never-married,1,204241,Bachelors,Self-emp-not-inc,Sales,0,0,45,39,0
20,Female,White,Never-married,3,89991,Some-college,Private,Other-service,0,0,32,39,0
19,Female,White,Never-married,3,57329,Some-college,Other,Other,0,0,30,24,0
34,Male,Black,Married-civ-spouse,0,199934,Some-college,Federal-gov,Adm-clerical,0,0,40,39,1
68,Female,White,Widowed,1,52052,Assoc-voc,Self-emp-inc,Sales,25124,0,50,39,1
33,Male,White,Never-married,1,361497,HS-grad,Self-emp-not-inc,Prof-specialty,0,0,40,39,0
31,Female,White,Never-married,1,37546,Bachelors,Private,Prof-specialty,0,0,40,39,0
21,Male,Asian-Pac-Islander,Never-married,3,145119,Some-college,Private,Other-service,0,0,20,39,0
26,Male,White,Divorced,1,127202,HS-grad,Private,Machine-op-inspct,0,0,40,39,0
54,Male,White,Married-civ-spouse,0,343242,Bachelors,Private,Sales,0,0,40,39,1
26,Male,White,Married-civ-spouse,0,84619,Bachelors,Private,Craft-repair,0,0,40,39,1
37,Male,White,Never-married,1,295127,HS-grad,Private,Machine-op-inspct,0,0,40,39,0
27,Female,White,Married-civ-spouse,5,200641,10th,Private,Exec-managerial,0,0,40,26,0
34,Male,White,Married-civ-spouse,0,34080,Assoc-voc,Private,Craft-repair,0,0,40,9,0
38,Male,White,Married-civ-spouse,0,186959,Bachelors,Private,Prof-specialty,0,0,50,39,0
32,Male,White,Married-civ-spouse,0,231413,HS-grad,Private,Machine-op-inspct,0,0,40,39,1
48,Female,White,Divorced,1,236858,11th,Private,Other-service,0,0,31,39,0
24,Female,White,Never-married,1,213977,Some-college,Private,Adm-clerical,0,0,40,39,0
45,Male,White,Married-civ-spouse,0,358886,12th,Private,Adm-clerical,2407,0,50,39,0
44,Female,Black,Never-married,4,155472,Assoc-acdm,Private,Prof-specialty,1151,0,50,39,0
28,Male,White,Married-civ-spouse,0,65171,Some-college,Private,Adm-clerical,0,0,40,39,0
35,Male,White,Never-married,3,111128,10th,Private,Adm-clerical,0,0,40,39,0
62,Male,White,Married-civ-spouse,0,197353,HS-grad,Self-emp-not-inc,Craft-repair,0,1740,40,39,0
21,Female,White,Never-married,1,197182,Assoc-acdm,Private,Prof-specialty,0,0,40,39,0
68,Female,White,Divorced,4,201732,Some-college,Private,Adm-clerical,0,0,40,39,0
43,Male,White,Divorced,4,174575,Some-college,Private,Prof-specialty,0,0,45,39,0
21,Male,Black,Never-married,3,315303,Some-college,Private,Other-service,0,0,20,39,0
46,Male,White,Married-civ-spouse,0,103538,Prof-school,Self-emp-not-inc,Prof-specialty,0,0,65,39,1
65,Female,White,Widowed,1,243858,HS-grad,Private,Other-service,0,0,15,39,0
59,Male,White,Married-civ-spouse,0,195176,Bachelors,Private,Sales,0,0,72,39,0
45,Male,White,Married-civ-spouse,0,149865,Bachelors,Self-emp-inc,Machine-op-inspct,0,0,60,39,1
25,Male,White,Separated,1,256620,Bachelors,Private,Exec-managerial,0,0,40,39,0
65,Male,Black,Married-civ-spouse,0,23494,Some-college,Federal-gov,Exec-managerial,0,2174,40,39,1
22,Female,White,Never-married,1,103440,HS-grad,Private,Other-service,0,0,24,39,0
38,Male,White,Married-civ-spouse,0,184655,HS-grad,Private,Craft-repair,0,1740,48,39,0
29,Male,White,Married-civ-spouse,0,178244,HS-grad,Private,Machine-op-inspct,0,0,40,39,0
35,Male,White,Married-civ-spouse,0,165767,Some-college,Private,Machine-op-inspct,0,0,40,39,0
23,Male,White,Separated,3,164231,11th,Private,Prof-specialty,0,0,35,39,0
61,Male,White,Married-spouse-absent,1,34632,12th,Private,Prof-specialty,0,0,40,39,0
41,Female,Black,Separated,1,124956,Bachelors,Private,Prof-specialty,99999,0,60,39,1
29,Male,Black,Never-married,2,227890,HS-grad,Private,Protective-serv,0,0,40,39,0
34,Male,White,Never-married,1,24504,HS-grad,Other,Other,0,0,40,39,0
50,Male,White,Married-civ-spouse,0,95949,Bachelors,Self-emp-not-inc,Craft-repair,0,0,50,39,0
28,Female,White,Never-married,1,196971,Bachelors,Other,Other,0,0,43,39,0
40,Female,White,Divorced,1,341539,Some-college,Other,Other,0,0,30,39,0
29,Male,Black,Never-married,3,267034,11th,Private,Craft-repair,0,0,40,14,0
35,Male,White,Separated,3,168675,HS-grad,Private,Transport-moving,0,0,50,39,0
44,Male,White,Divorced,1,222596,HS-grad,Private,Tech-support,0,0,50,39,1
45,Female,White,Married-civ-spouse,5,81400,1st-4th,Private,Other-service,0,0,25,8,0
41,Male,White,Married-civ-spouse,0,77373,Some-college,Private,Transport-moving,0,1848,65,39,1
64,Male,White,Married-civ-spouse,0,342494,HS-grad,Private,Machine-op-inspct,0,0,40,39,0
50,Female,White,Divorced,1,242517,Bachelors,State-gov,Exec-managerial,0,0,40,39,0
67,Male,White,Married-civ-spouse,0,274451,7th-8th,Other,Other,0,0,40,39,0
47,Female,White,Married-civ-spouse,5,170846,Assoc-acdm,Private,Adm-clerical,0,0,40,22,1
39,Male,White,Never-married,1,80410,Bachelors,Private,Exec-managerial,0,0,40,39,0
19,Female,White,Never-married,3,570002,Some-college,Private,Sales,0,0,25,39,0
20,Female,White,Never-married,3,193416,Some-college,Other,Other,0,0,40,39,0
23,Male,Asian-Pac-Islander,Never-married,3,243190,Some-college,Other,Other,0,0,20,3,0
41,Male,White,Married-civ-spouse,0,33658,Some-college,Local-gov,Protective-serv,0,0,45,39,1
49,Male,White,Separated,1,289707,HS-grad,Self-emp-inc,Other-service,0,0,45,39,0
28,Female,White,Never-married,4,124680,HS-grad,Private,Sales,0,0,70,39,0
49,Male,White,Married-civ-spouse,0,124672,HS-grad,Private,Craft-repair,0,0,40,39,1
48,Female,White,Divorced,1,175653,Assoc-acdm,Other,Other,14084,0,40,39,1
61,Male,White,Married-civ-spouse,0,213321,Some-college,Private,Exec-managerial,0,1672,40,39,0
30,Male,Asian-Pac-Islander,Married-civ-spouse,0,315640,Doctorate,Private,Prof-specialty,0,1977,40,3,1
23,Male,White,Never-married,2,70894,Assoc-acdm,Private,Craft-repair,0,0,40,39,0
17,Male,White,Never-married,3,121287,9th,Private,Craft-repair,0,0,40,39,0
42,Female,White,Divorced,1,339346,Masters,Private,Adm-clerical,0,0,25,39,0
58,Male,White,Married-civ-spouse,0,97634,5th-6th,Other,Other,0,0,40,39,0
19,Male,White,Never-married,3,306225,HS-grad,Private,Handlers-cleaners,0,0,25,39,0
25,Male,White,Never-married,1,108001,9th,Self-emp-not-inc,Craft-repair,0,0,15,39,0
41,Male,Black,Never-married,1,229148,HS-grad,Self-emp-not-inc,Other-service,0,0,60,23,0
35,Female,White,Never-married,1,185621,Bachelors,Self-emp-inc,Exec-managerial,0,0,60,39,1
47,Male,White,Married-civ-spouse,0,168232,Some-college,Private,Adm-clerical,0,0,44,39,1
38,Male,White,Married-civ-spouse,0,283122,HS-grad,Private,Machine-op-inspct,0,0,40,39,1
33,Male,White,Married-civ-spouse,0,132601,Some-college,Private,Exec-managerial,0,0,45,39,0
64,Male,White,Married-civ-spouse,0,192884,Prof-school,Private,Exec-managerial,0,0,60,39,0
31,Male,White,Married-civ-spouse,0,214235,HS-grad,Private,Other-service,0,0,65,39,0
32,Male,White,Married-civ-spouse,0,129497,Some-college,Self-emp-not-inc,Craft-repair,0,0,55,39,1
23,Female,Asian-Pac-Islander,Never-married,3,73514,HS-grad,Private,Adm-clerical,0,0,40,40,0
60,Female,White,Divorced,1,230545,7th-8th,Private,Adm-clerical,0,0,35,5,0
35,Female,White,Married-civ-spouse,5,953588,HS-grad,Private,Exec-managerial,0,0,40,39,1
49,Female,White,Divorced,4,240841,7th-8th,Private,Other-service,0,0,35,39,0
22,Male,White,Never-married,1,354351,Some-college,Other,Other,0,0,40,39,0
25,Male,White,Never-married,3,188767,HS-grad,Private,Craft-repair,0,0,40,39,0
47,Male,White,Married-civ-spouse,0,343579,HS-grad,Private,Other-service,0,0,40,26,0
34,Male,White,Never-married,1,215047,Some-college,Private,Exec-managerial,0,0,45,39,0
39,Female,Other,Married-spouse-absent,4,130620,7th-8th,Private,Machine-op-inspct,0,0,40,6,0
24,Male,White,Never-married,2,183594,HS-grad,Private,Adm-clerical,0,0,40,39,0
31,Female,White,Divorced,2,176831,10th,Private,Sales,0,0,40,39,0
47,Female,Black,Separated,4,109921,HS-grad,Other,Other,0,0,32,39,0
34,Male,White,Married-civ-spouse,0,134737,Masters,Private,Prof-specialty,7688,0,55,39,1
27,Female,Other,Never-married,4,167031,Bachelors,Private,Prof-specialty,0,0,33,39,0
38,Male,White,Married-civ-spouse,0,102938,Bachelors,Private,Craft-repair,0,0,40,39,0
18,Female,White,Never-married,3,157131,11th,Self-emp-not-inc,Sales,0,0,40,39,0
61,Male,White,Married-civ-spouse,0,390472,HS-grad,Self-emp-not-inc,Farming-fishing,0,0,40,39,0
28,Male,White,Never-married,4,183639,HS-grad,Private,Handlers-cleaners,0,0,40,39,0
43,Male,White,Divorced,4,247514,Masters,Local-gov,Prof-specialty,0,0,40,39,0
39,Male,White,Married-civ-spouse,0,132879,Some-college,Private,Exec-managerial,0,0,50,39,1
35,Male,Asian-Pac-Islander,Married-civ-spouse,0,302149,Bachelors,Local-gov,Sales,7298,0,40,30,1
32,Male,White,Married-civ-spouse,0,80058,HS-grad,Private,Adm-clerical,0,0,40,39,0
48,Male,White,Married-civ-spouse,0,213140,7th-8th,Self-emp-not-inc,Craft-repair,0,0,40,22,0
44,Male,White,Never-married,3,139907,Some-college,Private,Sales,0,0,50,39,0
34,Female,White,Divorced,4,97306,Bachelors,Private,Craft-repair,0,0,25,39,0
23,Female,White,Never-married,4,227070,Some-college,Private,Other-service,0,0,48,8,0
43,Female,White,Married-civ-spouse,5,339767,Some-college,Private,Other-service,0,0,20,9,1
24,Female,White,Never-married,4,33616,HS-grad,Private,Other-service,0,0,35,39,0
36,Female,White,Married-spouse-absent,3,168894,Assoc-voc,State-gov,Protective-serv,0,0,40,11,0
36,Male,Asian-Pac-Islander,Married-civ-spouse,0,186376,Some-college,Private,Machine-op-inspct,0,0,50,39,1
33,Male,Black,Married-civ-spouse,0,578701,Bachelors,Private,Exec-managerial,0,0,40,0,0
17,Male,Black,Never-married,3,325171,10th,Self-emp-inc,Other-service,0,0,35,39,0
44,Female,White,Married-civ-spouse,3,279183,Some-college,Private,Other-service,0,0,40,39,1
25,Male,White,Never-married,1,215384,11th,Private,Other-service,0,0,40,39,0
24,Male,White,Never-married,1,32921,HS-grad,Self-emp-not-inc,Sales,0,0,40,39,0
29,Male,White,Married-civ-spouse,0,77207,Masters,Self-emp-not-inc,Craft-repair,0,0,30,39,0
48,Male,White,Married-civ-spouse,0,136878,HS-grad,Self-emp-inc,Craft-repair,0,0,60,39,1
23,Male,White,Never-married,3,238087,Some-college,Other,Other,0,0,30,39,0
20,Male,White,Never-married,1,189888,12th,Private,Other-service,0,0,40,39,0
32,Male,White,Never-married,4,258406,Some-college,Private,Craft-repair,0,0,72,26,0
43,Female,White,Divorced,1,191149,HS-grad,Private,Exec-managerial,0,0,40,39,0
25,Female,White,Never-married,3,192321,Bachelors,Local-gov,Prof-specialty,0,0,40,39,0
46,Female,Black,Divorced,1,146195,Assoc-acdm,Private,Tech-support,0,0,36,39,0
28,Female,White,Separated,1,199998,HS-grad,Private,Other-service,0,0,25,39,0
61,Male,White,Married-civ-spouse,0,229062,Some-college,Federal-gov,Adm-clerical,0,1887,40,39,1
40,Female,White,Widowed,4,142886,Bachelors,Private,Exec-managerial,0,0,40,39,0
34,Female,White,Married-spouse-absent,1,121966,Bachelors,Private,Adm-clerical,0,0,45,39,0
57,Female,White,Widowed,4,143030,HS-grad,Private,Other-service,0,0,30,0,0
90,Female,White,Never-married,3,115306,Masters,Private,Exec-managerial,0,0,40,39,0
28,Male,White,Married-civ-spouse,0,187479,Some-college,Private,Exec-managerial,0,0,55,39,0
47,Male,White,Married-civ-spouse,0,362835,Bachelors,Self-emp-inc,Exec-managerial,0,0,50,39,1
42,Male,White,Married-civ-spouse,0,97142,7th-8th,Private,Transport-moving,0,0,40,39,0
43,Female,White,Married-civ-spouse,5,115178,Assoc-voc,Private,Adm-clerical,0,0,40,39,1
22,Female,White,Never-married,3,157332,HS-grad,Private,Other-service,0,0,35,39,0
40,Male,White,Married-civ-spouse,0,177595,Some-college,Federal-gov,Craft-repair,0,1579,40,39,0
43,Male,White,Never-married,1,87284,Some-college,Private,Handlers-cleaners,0,0,40,39,0
37,Male,White,Married-civ-spouse,0,99146,Bachelors,Private,Sales,0,0,60,39,1
58,Male,White,Never-married,1,259014,Some-college,Private,Transport-moving,0,0,20,39,0
48,Female,White,Divorced,1,324173,Assoc-voc,Self-emp-not-inc,Exec-managerial,0,0,50,39,0
24,Female,White,Never-married,3,96178,Bachelors,Private,Adm-clerical,0,0,40,39,0
62,Male,White,Married-civ-spouse,0,200577,Masters,Self-emp-inc,Sales,0,0,45,39,1
30,Male,White,Married-civ-spouse,0,155781,HS-grad,Private,Craft-repair,0,0,70,39,0
46,Male,White,Divorced,1,159869,HS-grad,Private,Exec-managerial,0,0,44,39,0
47,Male,White,Divorced,4,87490,Masters,Private,Exec-managerial,0,0,42,39,0
29,Male,White,Married-civ-spouse,0,112403,5th-6th,Private,Machine-op-inspct,0,0,40,0,0
30,Male,White,Divorced,1,327112,Bachelors,Private,Sales,0,1564,40,39,1
54,Male,White,Married-civ-spouse,0,196307,10th,Local-gov,Adm-clerical,0,0,40,39,0
36,Male,White,Married-civ-spouse,0,142573,HS-grad,Local-gov,Exec-managerial,0,0,45,39,1
27,Male,White,Married-civ-spouse,0,101618,HS-grad,Private,Exec-managerial,0,0,50,39,0
25,Female,Black,Never-married,4,282612,Assoc-voc,Private,Tech-support,0,0,40,39,0
34,Male,White,Married-civ-spouse,0,73585,Masters,Private,Prof-specialty,0,0,40,0,0
31,Male,White,Married-civ-spouse,0,194055,HS-grad,Private,Transport-moving,0,0,50,39,0
47,Male,White,Married-civ-spouse,0,266860,Some-college,Private,Sales,0,0,65,39,1
25,Male,White,Never-married,1,108658,HS-grad,Private,Exec-managerial,0,0,45,39,0
74,Female,White,Widowed,1,256674,HS-grad,Other,Other,0,0,25,39,0
29,Female,Black,Divorced,4,214385,11th,Local-gov,Other-service,0,0,20,39,0
60,Male,White,Married-civ-spouse,0,127805,7th-8th,Self-emp-not-inc,Transport-moving,0,0,40,39,1
80,Male,White,Married-civ-spouse,0,225892,HS-grad,Self-emp-not-inc,Other-service,1409,0,40,39,0
60,Male,White,Married-civ-spouse,0,141637,Masters,Local-gov,Prof-specialty,0,0,40,39,1
31,Male,White,Married-civ-spouse,0,151053,Some-college,Private,Transport-moving,5178,0,40,39,1
40,Female,White,Divorced,1,183096,Bachelors,Private,Adm-clerical,0,0,35,39,0
33,Male,White,Married-civ-spouse,0,182926,Bachelors,Private,Exec-managerial,15024,0,50,39,1
34,Male,White,Married-civ-spouse,0,82623,HS-grad,Private,Other-service,0,0,20,39,0
40,Male,White,Never-married,1,95226,Bachelors,Self-emp-not-inc,Exec-managerial,0,0,50,39,0
39,Male,White,Divorced,3,294919,HS-grad,Private,Transport-moving,0,0,60,39,0
23,Female,Black,Never-married,3,234970,Some-college,Other,Other,0,0,40,39,0
43,Female,White,Married-civ-spouse,5,167599,11th,Private,Handlers-cleaners,0,0,25,39,0
20,Male,White,Never-married,3,130840,10th,Private,Handlers-cleaners,0,0,40,39,0
27,Male,White,Married-civ-spouse,0,37088,Bachelors,Private,Tech-support,0,0,30,39,0
41,Male,White,Married-civ-spouse,0,47858,Bachelors,Local-gov,Protective-serv,0,0,40,39,1
57,Female,White,Divorced,1,66504,Prof-school,Federal-gov,Prof-specialty,0,0,50,39,1
53,Male,White,Married-civ-spouse,0,108815,HS-grad,Self-emp-not-inc,Craft-repair,0,0,60,39,0
44,Female,White,Divorced,4,188331,Some-college,Private,Exec-managerial,0,0,42,39,0
57,Male,White,Divorced,1,139290,HS-grad,Private,Other-service,0,0,38,39,0
30,Male,White,Married-civ-spouse,0,186932,Bachelors,Private,Exec-managerial,0,0,70,39,0
25,Female,Black,Never-married,4,76978,HS-grad,Private,Sales,0,0,35,39,0
41,Male,White,Married-civ-spouse,0,287306,Assoc-acdm,Private,Prof-specialty,15024,0,60,39,1
40,Male,White,Married-civ-spouse,0,192381,Some-college,Private,Craft-repair,0,0,50,39,1
25,Female,Black,Never-married,3,375170,Some-college,Local-gov,Adm-clerical,0,0,35,39,0
42,Male,White,Married-civ-spouse,0,201466,Bachelors,Private,Exec-managerial,0,0,45,39,1
35,Male,Asian-Pac-Islander,Never-married,1,298635,Bachelors,Private,Sales,0,0,50,39,0
37,Male,White,Married-civ-spouse,0,150993,11th,Self-emp-not-inc,Transport-moving,0,0,45,39,0
18,Female,White,Never-married,3,375515,11th,Private,Sales,0,0,20,39,0
55,Female,Black,Never-married,1,158702,Some-college,Private,Adm-clerical,0,2339,45,0,0
44,Female,White,Never-married,1,179136,HS-grad,Private,Sales,0,0,40,39,0
25,Female,Other,Never-married,1,219130,Some-college,Private,Other-service,0,0,40,39,0
43,Female,Asian-Pac-Islander,Divorced,3,96483,HS-grad,Private,Other-service,0,0,40,35,0
27,Male,White,Never-married,1,176683,Assoc-acdm,Private,Sales,0,0,52,39,0
53,Male,White,Married-civ-spouse,0,208302,10th,Private,Other-service,0,0,34,39,0
23,Male,White,Never-married,1,203003,7th-8th,Private,Craft-repair,0,0,25,11,0
37,Female,White,Never-married,3,149230,Assoc-voc,Self-emp-not-inc,Other-service,0,0,40,39,0
26,Male,White,Never-married,1,292692,12th,Private,Craft-repair,0,0,40,26,0
44,Male,White,Married-civ-spouse,0,183342,Prof-school,Private,Exec-managerial,0,0,55,39,1
55,Male,White,Widowed,1,308746,Prof-school,Self-emp-not-inc,Prof-specialty,0,0,55,39,1
34,Female,Black,Never-married,3,375680,Assoc-acdm,Private,Craft-repair,0,0,40,39,0
24,Male,White,Never-married,1,61737,Bachelors,State-gov,Prof-specialty,0,0,40,39,0
53,Female,White,Divorced,2,200576,11th,Private,Craft-repair,0,0,40,39,0
90,Female,White,Never-married,1,137018,HS-grad,Private,Other-service,0,0,40,39,0
52,Male,White,Married-civ-spouse,0,155434,HS-grad,Private,Exec-managerial,0,0,48,39,0
30,Male,White,Married-civ-spouse,0,119422,10th,State-gov,Adm-clerical,0,0,40,39,0
43,Male,White,Married-civ-spouse,0,254146,Some-college,Private,Craft-repair,0,1902,40,39,1
18,Male,White,Never-married,2,282609,5th-6th,Private,Handlers-cleaners,0,0,30,16,0
69,Female,White,Widowed,1,159191,Some-college,State-gov,Adm-clerical,0,810,38,39,0
51,Male,White,Married-civ-spouse,0,673764,Assoc-voc,Private,Exec-managerial,0,0,50,39,1
30,Male,Amer-Indian-Eskimo,Married-civ-spouse,0,292472,Some-college,Self-emp-not-inc,Sales,0,0,55,39,1
36,Male,White,Married-civ-spouse,0,331395,Assoc-voc,Private,Exec-managerial,0,0,40,39,0
22,Male,White,Never-married,1,147397,Bachelors,Private,Farming-fishing,0,0,20,39,0
17,Male,White,Never-married,2,206506,10th,Private,Handlers-cleaners,0,0,10,8,0
28,Male,White,Never-married,3,245790,HS-grad,Private,Craft-repair,0,0,40,39,0
51,Male,White,Married-civ-spouse,0,165637,Masters,Other,Other,0,0,40,39,0
25,Female,Asian-Pac-Islander,Married-civ-spouse,5,110978,Assoc-acdm,Private,Adm-clerical,0,0,37,19,1
33,Female,Black,Never-married,4,87605,HS-grad,Private,Other-service,0,0,40,39,0
52,Male,Other,Married-civ-spouse,0,416164,HS-grad,Private,Farming-fishing,0,0,49,26,0
50,Male,White,Married-civ-spouse,0,173630,HS-grad,Private,Farming-fishing,0,0,35,39,0
61,Female,White,Divorced,1,73809,Some-college,Private,Adm-clerical,0,0,40,39,0
33,Male,White,Separated,4,192644,HS-grad,Private,Handlers-cleaners,0,0,35,33,0
64,Male,White,Married-civ-spouse,0,45817,9th,Other,Other,0,0,50,39,0
31,Male,White,Never-married,1,317761,Bachelors,Other,Other,0,0,40,39,0
54,Male,Black,Married-civ-spouse,0,447555,10th,Private,Transport-moving,0,0,40,39,0
78,Female,White,Widowed,1,74795,Assoc-acdm,Other,Other,0,0,4,39,0
33,Female,White,Divorced,1,237833,Some-college,Private,Tech-support,0,0,40,39,0
26,Male,Black,Married-civ-spouse,0,60726,Some-college,Private,Craft-repair,0,0,40,39,0
47,Male,White,Married-civ-spouse,0,194772,Assoc-voc,Private,Machine-op-inspct,0,0,40,39,1
49,Male,White,Married-civ-spouse,0,94342,Bachelors,Private,Craft-repair,0,0,60,39,0
44,Female,White,Divorced,3,290403,Assoc-voc,Local-gov,Protective-serv,0,0,40,5,0
38,Male,White,Married-civ-spouse,0,208358,HS-grad,Private,Craft-repair,0,0,40,39,1
52,Male,White,Married-civ-spouse,0,68015,Some-college,Self-emp-inc,Sales,0,0,90,39,1
33,Female,Asian-Pac-Islander,Never-married,4,301867,Some-college,Private,Adm-clerical,0,0,35,39,0
36,Male,White,Divorced,4,217414,Some-college,Local-gov,Protective-serv,0,0,55,39,0
43,Female,Asian-Pac-Islander,Married-civ-spouse,5,158926,Masters,Private,Prof-specialty,0,0,50,35,0
53,Male,White,Married-civ-spouse,0,111939,Bachelors,Private,Other-service,0,0,35,39,0
46,Male,White,Married-civ-spouse,0,29696,HS-grad,Private,Exec-managerial,0,0,40,39,1
28,Female,White,Married-civ-spouse,5,113987,HS-grad,Private,Machine-op-inspct,0,0,40,39,0
20,Male,White,Never-married,3,263498,Assoc-voc,Self-emp-not-inc,Farming-fishing,0,0,40,39,0
33,Male,White,Married-spouse-absent,1,314310,HS-grad,Private,Sales,0,0,20,39,0
43,Male,White,Married-civ-spouse,0,409922,Bachelors,Private,Exec-managerial,0,1977,50,39,1
22,Female,White,Never-married,4,260594,11th,Private,Sales,0,0,25,39,0
36,Male,White,Married-civ-spouse,0,114719,Masters,Local-gov,Prof-specialty,0,0,50,39,1
28,Male,White,Married-civ-spouse,0,319768,Masters,Private,Sales,0,0,45,10,1
70,Male,Black,Married-civ-spouse,0,163003,HS-grad,Federal-gov,Adm-clerical,0,0,40,39,0
22,Male,White,Never-married,3,322674,Some-college,Private,Exec-managerial,0,0,40,39,0
39,Female,White,Married-spouse-absent,1,251710,10th,Self-emp-not-inc,Other-service,0,1721,15,39,0
57,Male,White,Divorced,1,143910,Bachelors,Local-gov,Exec-managerial,0,0,40,39,0
40,Male,White,Married-civ-spouse,0,223881,Prof-school,Self-emp-not-inc,Prof-specialty,99999,0,70,39,1
27,Male,White,Married-civ-spouse,0,152951,HS-grad,Private,Craft-repair,0,0,40,39,0
45,Male,White,Married-civ-spouse,0,227791,Some-college,Private,Sales,0,1740,50,39,0
32,Male,White,Never-married,1,207937,Some-college,Private,Craft-repair,0,0,40,39,0
45,Male,Asian-Pac-Islander,Married-civ-spouse,0,81132,Some-college,Private,Tech-support,0,0,55,39,1
29,Male,Black,Never-married,3,367706,Some-college,Private,Adm-clerical,0,0,40,39,0
40,Male,Other,Married-civ-spouse,0,269168,HS-grad,Local-gov,Other-service,0,0,40,0,0
49,Female,White,Divorced,1,170846,Masters,Local-gov,Exec-managerial,0,0,40,39,0
30,Male,White,Married-civ-spouse,0,77266,HS-grad,Private,Craft-repair,0,0,60,39,0
34,Male,White,Married-civ-spouse,0,116910,HS-grad,Private,Craft-repair,0,0,50,39,0
18,Male,White,Never-married,3,156950,HS-grad,Private,Adm-clerical,0,0,35,39,0
41,Male,Amer-Indian-Eskimo,Married-civ-spouse,0,113555,Some-college,Private,Craft-repair,7298,0,50,39,1
37,Male,White,Divorced,1,173128,HS-grad,Private,Other-service,0,0,40,39,0
28,Female,White,Married-civ-spouse,5,213195,Assoc-acdm,Local-gov,Adm-clerical,0,0,40,39,1
20,Female,White,Never-married,1,105479,Some-college,Private,Sales,0,0,25,39,0
21,Male,Black,Never-married,1,211385,Assoc-acdm,Private,Other-service,0,0,35,23,0
79,Male,White,Married-civ-spouse,0,309272,HS-grad,Self-emp-inc,Exec-managerial,0,0,40,39,1
19,Female,Black,Never-married,3,178811,HS-grad,Private,Machine-op-inspct,0,0,40,39,0
42,Male,Black,Married-civ-spouse,0,217826,HS-grad,Self-emp-not-inc,Craft-repair,0,0,25,23,0
30,Male,White,Married-civ-spouse,0,110239,10th,Private,Transport-moving,0,0,55,39,0
65,Male,White,Married-civ-spouse,0,150095,Bachelors,Private,Exec-managerial,0,0,40,39,1
43,Male,White,Married-civ-spouse,0,184099,Assoc-acdm,Private,Transport-moving,0,0,40,39,0
25,Male,Other,Never-married,4,123586,Some-college,Private,Adm-clerical,0,0,40,39,0
47,Female,Black,Married-civ-spouse,5,166181,Some-college,Private,Adm-clerical,0,0,48,39,1
42,Female,Asian-Pac-Islander,Married-spouse-absent,4,297335,Assoc-acdm,Private,Exec-managerial,0,0,31,25,0
67,Male,White,Married-civ-spouse,0,112318,10th,Self-emp-inc,Craft-repair,0,0,40,39,0
45,Male,White,Married-civ-spouse,0,84790,Bachelors,Private,Prof-specialty,0,0,55,39,1
40,Male,White,Divorced,1,139193,HS-grad,Private,Machine-op-inspct,0,1980,48,39,0
61,Male,White,Married-civ-spouse,0,178312,Some-college,Federal-gov,Prof-specialty,0,0,40,39,0
29,Male,White,Married-civ-spouse,0,91189,Bachelors,Private,Machine-op-inspct,0,0,48,39,0
46,Male,White,Married-civ-spouse,0,102308,HS-grad,Private,Handlers-cleaners,0,0,56,39,1
55,Male,White,Widowed,1,102058,12th,Other,Other,0,0,30,39,0
47,Male,White,Married-civ-spouse,0,116927,HS-grad,Self-emp-inc,Exec-managerial,0,0,42,39,1
25,Male,White,Married-civ-spouse,0,209428,Some-college,Private,Sales,0,0,25,8,0
28,Male,Black,Never-married,2,314177,10th,Private,Handlers-cleaners,0,0,40,39,0
48,Male,White,Married-civ-spouse,0,185041,7th-8th,Private,Transport-moving,0,1672,55,39,0
17,Male,White,Never-married,3,220384,11th,Private,Adm-clerical,0,0,15,39,0
47,Female,White,Married-civ-spouse,5,202560,Bachelors,Federal-gov,Exec-managerial,0,0,40,39,1
29,Female,White,Never-married,4,274969,HS-grad,Private,Craft-repair,0,0,42,39,0
36,Male,Asian-Pac-Islander,Divorced,4,107218,Some-college,Self-emp-inc,Sales,0,0,55,39,0
27,Female,White,Never-married,1,200802,Some-college,Private,Tech-support,0,0,40,39,0
33,Female,White,Divorced,4,399088,HS-grad,Private,Transport-moving,0,0,40,39,0
32,Female,White,Divorced,1,177792,Bachelors,Private,Exec-managerial,0,0,48,39,1
27,Male,White,Divorced,1,193898,Bachelors,Private,Exec-managerial,0,0,52,39,0
20,Male,White,Never-married,3,50648,HS-grad,Private,Handlers-cleaners,0,0,35,39,0
40,Male,White,Married-civ-spouse,0,167919,HS-grad,Private,Craft-repair,0,0,40,39,0
41,Male,White,Never-married,1,41901,Some-college,Private,Craft-repair,0,1408,40,39,0
19,Female,Asian-Pac-Islander,Never-married,3,73514,HS-grad,Self-emp-not-inc,Adm-clerical,0,0,30,39,0
23,Female,White,Never-married,1,200318,Assoc-acdm,Private,Adm-clerical,0,0,20,39,0
32,Female,White,Divorced,4,141490,Assoc-voc,Private,Exec-managerial,0,0,50,39,0
50,Male,White,Married-civ-spouse,0,50459,HS-grad,Local-gov,Exec-managerial,0,0,42,39,1
37,Female,White,Divorced,4,272471,HS-grad,Local-gov,Adm-clerical,0,0,40,39,0
23,Male,Black,Never-married,3,419394,Some-college,Private,Sales,0,0,9,39,0
31,Female,White,Never-married,3,128016,Bachelors,Local-gov,Sales,0,0,40,39,0
49,Male,White,Married-civ-spouse,0,168232,HS-grad,Federal-gov,Adm-clerical,0,0,40,39,1
37,Male,Asian-Pac-Islander,Married-civ-spouse,0,80638,Bachelors,Private,Other-service,0,0,30,3,0
29,Female,White,Separated,2,187649,HS-grad,Local-gov,Protective-serv,0,0,40,39,0
35,Male,White,Married-civ-spouse,0,165930,Some-college,Private,Craft-repair,0,0,40,39,0
31,Male,White,Married-civ-spouse,0,39054,HS-grad,Private,Craft-repair,0,0,20,39,0
33,Female,White,Never-married,1,40681,Some-college,Private,Prof-specialty,3674,0,16,39,0
20,Male,White,Never-married,1,42706,Some-college,Private,Farming-fishing,0,0,72,39,0
56,Male,White,Married-civ-spouse,0,267763,HS-grad,Local-gov,Other-service,0,0,40,39,0
25,Male,Black,Never-married,3,632834,HS-grad,Private,Craft-repair,0,0,40,39,0
37,Male,White,Divorced,1,337778,11th,Private,Farming-fishing,0,0,40,39,0
58,Female,White,Married-civ-spouse,5,196403,HS-grad,Self-emp-not-inc,Exec-managerial,0,0,10,39,1
19,Male,White,Never-married,3,111232,HS-grad,Private,Sales,0,0,40,39,0
53,Female,Other,Never-married,1,48641,12th,Private,Other-service,0,0,35,39,0
20,Female,White,Never-married,3,174391,HS-grad,Private,Handlers-cleaners,0,0,40,39,0
62,Female,White,Married-civ-spouse,5,115763,Masters,Local-gov,Prof-specialty,0,0,40,39,1
19,Female,White,Never-married,3,118535,12th,Private,Sales,0,0,18,39,0
60,Male,White,Married-civ-spouse,0,148492,HS-grad,Self-emp-not-inc,Craft-repair,0,1485,50,39,1
42,Male,Black,Married-civ-spouse,0,124792,HS-grad,Private,Craft-repair,7688,0,45,39,1
33,Male,White,Married-civ-spouse,0,126950,HS-grad,Private,Transport-moving,0,0,60,39,0
59,Male,White,Married-civ-spouse,0,31782,10th,Private,Transport-moving,0,0,45,39,1
36,Male,White,Divorced,1,256636,HS-grad,Private,Exec-managerial,0,0,40,39,0
34,Male,White,Married-civ-spouse,0,737315,Bachelors,Private,Prof-specialty,0,0,40,39,1
19,Female,White,Married-AF-spouse,5,544091,HS-grad,Private,Adm-clerical,0,0,25,39,0
18,Male,White,Never-married,3,240330,12th,Private,Other-service,0,0,18,39,0
33,Male,White,Married-civ-spouse,0,194901,HS-grad,Private,Craft-repair,0,0,45,39,0
33,Male,White,Never-married,1,240979,Some-college,Private,Exec-managerial,0,0,40,39,0
31,Female,White,Never-married,1,189265,HS-grad,Local-gov,Adm-clerical,0,0,40,39,0
36,Male,White,Divorced,1,211022,Assoc-voc,Private,Prof-specialty,0,0,40,39,1
18,Male,White,Never-married,3,165532,Some-college,Private,Sales,0,0,15,39,0
21,Female,White,Never-married,3,230397,Some-college,Other,Other,0,0,5,39,0
49,Male,White,Married-civ-spouse,0,197038,Bachelors,Self-emp-inc,Exec-managerial,0,0,50,39,1
25,Female,White,Never-married,1,99076,Bachelors,State-gov,Other-service,2597,0,50,39,0
34,Female,White,Never-married,1,104509,Assoc-voc,Private,Prof-specialty,1639,0,20,39,0
47,Female,White,Married-civ-spouse,5,94809,Assoc-voc,Private,Exec-managerial,0,0,45,39,1
20,Female,Black,Never-married,3,191878,Some-college,Federal-gov,Adm-clerical,0,0,20,39,0
37,Male,White,Divorced,1,348796,Bachelors,Private,Other-service,0,0,40,39,0
29,Male,White,Never-married,1,169544,Assoc-voc,Private,Tech-support,0,0,40,39,0
31,Male,White,Married-civ-spouse,0,288825,HS-grad,Private,Handlers-cleaners,5013,0,40,39,0
24,Male,White,Married-civ-spouse,0,235894,HS-grad,Private,Craft-repair,0,0,38,39,0
38,Female,White,Divorced,1,203763,HS-grad,Private,Adm-clerical,0,0,40,39,0
40,Female,Black,Married-civ-spouse,5,188942,Some-college,Private,Sales,0,0,40,33,0
36,Male,White,Married-civ-spouse,0,346478,Bachelors,Private,Sales,0,2415,45,39,1
42,Male,White,Married-civ-spouse,0,342865,HS-grad,Private,Sales,0,0,40,39,0
32,Female,White,Married-civ-spouse,5,127875,Bachelors,Private,Tech-support,0,0,40,39,1
38,Male,Black,Married-civ-spouse,0,372559,Some-college,Private,Craft-repair,0,0,40,39,0
40,Male,Black,Never-married,3,275446,HS-grad,Private,Sales,0,0,40,39,0
56,Male,White,Divorced,1,35520,HS-grad,Private,Craft-repair,0,0,42,39,0
62,Female,Black,Divorced,1,249078,Bachelors,Local-gov,Prof-specialty,0,0,40,39,0
30,Female,White,Divorced,1,189620,Some-college,Private,Prof-specialty,6849,0,40,9,0
46,Male,White,Married-civ-spouse,0,121124,Assoc-acdm,Private,Exec-managerial,15024,0,50,39,1
30,Male,White,Never-married,3,134737,Some-college,Private,Adm-clerical,0,0,45,39,0
37,Male,White,Married-civ-spouse,0,198841,Assoc-voc,Private,Craft-repair,0,0,40,39,1
35,Female,White,Divorced,1,187053,HS-grad,Private,Transport-moving,0,0,60,39,1
50,Female,White,Divorced,1,196963,7th-8th,Private,Craft-repair,0,0,30,39,0
45,Male,White,Married-civ-spouse,0,380922,HS-grad,Private,Craft-repair,0,0,60,39,1
17,Female,White,Never-married,3,132636,11th,Private,Sales,0,0,15,39,0
41,Male,White,Never-married,3,57924,Some-college,Federal-gov,Protective-serv,0,0,40,39,0
50,Male,Black,Married-civ-spouse,0,283281,7th-8th,Private,Machine-op-inspct,0,0,40,39,0
55,Female,White,Widowed,4,173090,Masters,Local-gov,Prof-specialty,0,0,45,39,0
38,Male,White,Divorced,3,412296,HS-grad,Private,Craft-repair,0,0,28,39,0
54,Male,White,Married-civ-spouse,0,83311,Prof-school,Self-emp-not-inc,Prof-specialty,0,0,30,39,1
59,Male,White,Married-civ-spouse,0,361494,HS-grad,Private,Sales,0,0,40,39,1
20,Male,White,Never-married,3,161092,Some-college,Private,Adm-clerical,0,0,14,39,0
35,Female,White,Divorced,4,272338,Assoc-voc,Private,Prof-specialty,0,0,40,39,0
25,Female,White,Never-married,1,25249,Some-college,Private,Adm-clerical,0,0,40,39,0
29,Male,Amer-Indian-Eskimo,Married-civ-spouse,0,26451,HS-grad,Private,Handlers-cleaners,0,0,40,39,0
39,Male,White,Divorced,4,61178,Bachelors,Private,Adm-clerical,0,0,40,39,0
54,Female,White,Never-married,2,221915,Prof-school,Private,Prof-specialty,0,0,65,39,0
32,Male,White,Married-civ-spouse,0,204792,11th,Private,Farming-fishing,0,0,40,39,0
28,Female,White,Separated,4,179512,HS-grad,Private,Exec-managerial,0,0,50,39,0
45,Male,White,Divorced,1,226246,HS-grad,Private,Handlers-cleaners,0,0,50,39,0
39,Male,White,Married-civ-spouse,0,274683,Some-college,Self-emp-not-inc,Sales,7688,0,50,39,1
50,Male,White,Married-civ-spouse,0,44368,HS-grad,Self-emp-not-inc,Sales,15024,0,55,8,1
37,Male,White,Married-civ-spouse,0,256636,HS-grad,Private,Transport-moving,0,0,40,39,0
36,Male,White,Married-civ-spouse,0,108103,HS-grad,Private,Other-service,0,0,50,39,0
31,Male,White,Never-married,1,42900,Bachelors,Private,Tech-support,0,0,37,39,0
52,Female,Asian-Pac-Islander,Married-spouse-absent,1,310045,9th,Private,Machine-op-inspct,0,0,30,3,0
25,Male,White,Never-married,3,333677,HS-grad,Private,Machine-op-inspct,0,0,36,39,0
38,Female,Black,Divorced,4,155676,HS-grad,Other,Other,0,0,40,39,0
20,Male,Black,Never-married,3,181370,Some-college,Private,Other-service,0,0,40,39,0
32,Male,White,Divorced,4,42485,HS-grad,Private,Craft-repair,0,0,40,39,0
50,Male,White,Married-civ-spouse,0,161438,HS-grad,Private,Exec-managerial,0,0,50,39,1
32,Male,White,Married-civ-spouse,0,182556,Bachelors,State-gov,Protective-serv,0,1887,45,39,1
58,Female,White,Divorced,4,106546,HS-grad,Private,Adm-clerical,2174,0,40,39,0
29,Female,White,Divorced,4,236938,Assoc-acdm,Private,Craft-repair,0,0,38,39,0
37,Male,White,Married-civ-spouse,0,213008,Assoc-voc,Private,Prof-specialty,0,0,40,24,0
63,Female,White,Separated,1,361631,Masters,Private,Prof-specialty,0,0,40,39,1
58,Male,White,Married-civ-spouse,2,175127,12th,Private,Transport-moving,0,0,40,39,0
45,Male,White,Divorced,1,140664,Assoc-acdm,Private,Transport-moving,0,0,55,39,0
59,Female,White,Widowed,4,214865,HS-grad,Private,Exec-managerial,0,0,50,39,0
72,Female,Asian-Pac-Islander,Widowed,4,75890,Some-college,Other,Other,0,0,4,39,0
50,Male,White,Married-civ-spouse,0,237868,Masters,Private,Exec-managerial,0,0,50,39,1
30,Female,White,Never-married,4,167558,HS-grad,Private,Sales,0,0,35,26,0
58,Male,White,Married-civ-spouse,0,100960,9th,Private,Handlers-cleaners,0,0,40,39,0
28,Female,Black,Never-married,4,291374,10th,Other,Other,0,0,40,39,0
41,Male,White,Married-civ-spouse,0,223548,1st-4th,Private,Machine-op-inspct,0,0,40,26,0
70,Female,White,Widowed,4,118630,Assoc-voc,Other,Other,0,0,35,39,0
53,Male,White,Married-civ-spouse,0,50048,Doctorate,State-gov,Prof-specialty,7688,0,50,39,1
36,Male,White,Married-civ-spouse,0,218490,Assoc-acdm,Private,Craft-repair,0,0,35,39,0
17,Male,White,Never-married,3,262511,11th,Private,Sales,0,0,20,39,0
41,Male,White,Married-civ-spouse,0,288679,HS-grad,Private,Craft-repair,0,0,40,39,0
21,Male,White,Never-married,3,370990,Some-college,Private,Sales,0,0,40,39,0
22,Male,White,Married-civ-spouse,0,418405,Some-college,Private,Craft-repair,0,0,40,39,0
47,Male,White,Married-civ-spouse,0,293623,11th,Private,Craft-repair,0,0,40,6,0
17,Female,White,Never-married,3,166290,9th,Private,Other-service,0,0,20,39,0
49,Female,White,Never-married,4,200949,10th,Private,Other-service,0,0,38,29,0
24,Male,White,Never-married,3,132320,Bachelors,Private,Exec-managerial,0,0,45,39,0
24,Male,White,Married-civ-spouse,0,165474,HS-grad,Private,Other-service,0,0,39,39,0
36,Male,Black,Divorced,2,305352,10th,Private,Craft-repair,0,0,40,39,0
17,Female,White,Never-married,3,170916,10th,Local-gov,Protective-serv,0,1602,40,39,0
25,Male,White,Never-married,1,250038,Assoc-voc,Private,Adm-clerical,0,0,40,0,0
40,Male,White,Married-civ-spouse,0,176716,Some-college,Private,Sales,0,0,40,39,1
28,Female,White,Never-married,1,282972,Bachelors,Self-emp-not-inc,Prof-specialty,0,0,4,39,0
46,Male,White,Divorced,1,192793,Some-college,Private,Exec-managerial,0,0,40,39,0
41,Male,White,Divorced,3,182370,Assoc-acdm,Private,Craft-repair,0,0,40,39,0
51,Male,White,Married-civ-spouse,0,57101,9th,Private,Craft-repair,0,0,40,39,0
44,Male,White,Married-civ-spouse,0,118212,Bachelors,Self-emp-inc,Exec-managerial,99999,0,70,39,1
37,Female,White,Divorced,1,120045,HS-grad,Private,Machine-op-inspct,0,0,56,39,0
19,Male,Black,Never-married,3,113915,HS-grad,Other,Other,0,0,10,39,0
30,Male,White,Divorced,1,225231,Some-college,Private,Exec-managerial,8614,0,50,39,1
20,Female,Black,Never-married,2,494784,HS-grad,Private,Sales,0,0,35,39,0
47,Female,White,Widowed,1,223342,HS-grad,Private,Adm-clerical,2174,0,40,9,0
19,Female,White,Never-married,3,181265,Some-college,Other,Other,0,0,30,39,0
49,Male,White,Married-civ-spouse,0,39986,9th,Private,Craft-repair,0,0,40,39,0
47,Male,White,Married-civ-spouse,0,142719,HS-grad,Private,Machine-op-inspct,0,0,40,39,0
42,Female,White,Divorced,1,170230,Bachelors,Private,Exec-managerial,0,0,55,39,1
32,Female,White,Never-married,1,169583,Doctorate,State-gov,Prof-specialty,0,0,70,39,0
28,Male,Black,Never-married,3,472580,Some-college,Private,Sales,0,0,40,39,0
22,Male,Black,Never-married,2,162343,Some-college,Private,Other-service,0,0,20,39,0
71,Female,White,Widowed,1,125101,Assoc-voc,Other,Other,0,0,40,39,0
29,Male,White,Never-married,1,54131,Some-college,Private,Sales,0,0,30,39,0
38,Male,White,Married-civ-spouse,0,455379,Bachelors,Private,Exec-managerial,0,0,63,39,1
25,Male,White,Married-civ-spouse,0,218667,HS-grad,Private,Handlers-cleaners,0,0,40,39,0
75,Male,White,Married-civ-spouse,0,239038,Some-college,Private,Transport-moving,0,0,16,39,0
49,Male,White,Married-civ-spouse,0,263568,Bachelors,Self-emp-not-inc,Exec-managerial,0,0,60,39,1
47,Male,White,Married-civ-spouse,0,67716,HS-grad,Private,Sales,0,0,40,39,1
25,Female,White,Never-married,4,137951,HS-grad,Private,Adm-clerical,0,0,30,39,0
33,Male,Black,Married-civ-spouse,0,137674,HS-grad,Self-emp-not-inc,Other-service,0,0,40,39,0
57,Female,White,Divorced,1,109015,Some-college,Private,Sales,0,0,48,39,0
34,Male,White,Never-married,1,279015,Some-college,Private,Sales,0,0,65,39,0
25,Female,White,Married-civ-spouse,5,194954,Some-college,State-gov,Other-service,0,0,15,39,0
24,Male,Black,Never-married,2,233856,HS-grad,Private,Machine-op-inspct,0,0,45,39,0
29,Male,White,Married-civ-spouse,0,140863,Some-college,Private,Tech-support,0,0,40,39,0
37,Male,White,Married-civ-spouse,0,161141,Assoc-voc,Private,Craft-repair,0,0,40,32,1
23,Female,White,Never-married,1,183945,Some-college,Private,Adm-clerical,0,0,60,39,0
34,Male,White,Never-married,1,205704,Masters,Local-gov,Prof-specialty,0,0,35,39,0
56,Male,White,Widowed,1,128764,7th-8th,Private,Transport-moving,0,0,20,39,0
19,Male,White,Never-married,3,172368,11th,Private,Transport-moving,0,0,20,39,0
32,Female,White,Never-married,1,27856,Some-college,Private,Adm-clerical,0,0,40,39,0
63,Female,Amer-Indian-Eskimo,Married-spouse-absent,4,30602,7th-8th,Private,Other-service,0,0,40,39,0
26,Male,White,Married-civ-spouse,0,105059,9th,Private,Craft-repair,0,0,20,39,0
40,Female,Amer-Indian-Eskimo,Separated,1,310101,Some-college,Private,Sales,0,0,40,39,0
50,Male,White,Never-married,1,104501,HS-grad,Private,Adm-clerical,0,1980,40,39,0
79,Male,White,Married-civ-spouse,2,124744,Some-college,Private,Prof-specialty,0,0,20,39,0
39,Male,White,Married-civ-spouse,0,163237,HS-grad,Private,Craft-repair,0,0,60,39,0
35,Male,White,Divorced,3,349066,HS-grad,State-gov,Machine-op-inspct,0,0,40,39,0
41,Male,White,Married-civ-spouse,0,172828,9th,Private,Other-service,0,0,55,28,0
51,Female,White,Married-civ-spouse,5,105943,HS-grad,State-gov,Adm-clerical,3908,0,40,39,0
27,Male,White,Married-civ-spouse,0,386040,Assoc-voc,Private,Craft-repair,0,0,40,26,0
34,Male,White,Married-civ-spouse,0,146161,Bachelors,Private,Prof-specialty,0,0,60,39,1
80,Male,White,Never-married,1,87518,Some-college,Private,Prof-specialty,0,1816,60,39,0
41,Male,White,Married-civ-spouse,0,116391,Bachelors,Private,Exec-managerial,0,0,40,39,1
38,Male,Asian-Pac-Islander,Married-civ-spouse,0,112847,Prof-school,Self-emp-inc,Prof-specialty,0,0,40,39,1
40,Male,White,Married-civ-spouse,0,276096,HS-grad,Private,Machine-op-inspct,0,0,40,39,0
36,Female,White,Divorced,1,215392,Bachelors,Private,Tech-support,0,0,40,39,0
64,Male,White,Married-civ-spouse,0,178556,10th,Other,Other,0,0,56,39,1
28,Male,White,Never-married,3,115438,Bachelors,Private,Adm-clerical,0,0,40,39,0
24,Female,Black,Never-married,3,159580,Bachelors,Private,Other-service,0,0,75,39,0
45,Male,White,Divorced,1,197038,Bachelors,Private,Prof-specialty,0,0,50,39,1
46,Male,White,Separated,1,62546,Doctorate,Self-emp-inc,Prof-specialty,0,0,35,39,0
49,Male,White,Married-civ-spouse,0,204629,Bachelors,Private,Exec-managerial,0,0,40,39,1
35,Male,White,Married-civ-spouse,0,38948,Some-college,Local-gov,Protective-serv,0,0,50,39,0
55,Male,White,Married-civ-spouse,0,184882,Assoc-voc,Private,Transport-moving,5178,0,50,39,1
20,Female,White,Never-married,3,183083,Some-college,Other,Other,0,0,20,39,0
45,Male,Black,Married-civ-spouse,0,186272,HS-grad,Private,Handlers-cleaners,7298,0,40,39,1
59,Female,White,Married-spouse-absent,1,61298,Bachelors,Federal-gov,Exec-managerial,0,0,40,39,0
26,Male,White,Never-married,3,153434,HS-grad,Private,Other-service,0,0,24,39,0
46,Male,White,Divorced,3,140121,HS-grad,Self-emp-not-inc,Craft-repair,0,0,50,39,0
48,Female,White,Separated,3,139290,10th,Private,Machine-op-inspct,0,0,48,39,0
58,Male,White,Married-civ-spouse,0,95763,Some-college,Self-emp-not-inc,Farming-fishing,0,0,60,39,0
38,Male,White,Married-civ-spouse,0,129591,Some-college,Private,Craft-repair,0,0,40,39,0
34,Female,Black,Separated,4,330301,7th-8th,Other,Other,0,0,40,39,0
52,Male,White,Married-civ-spouse,0,44728,Some-college,Self-emp-not-inc,Sales,0,0,55,39,1
45,Male,Asian-Pac-Islander,Married-civ-spouse,0,180239,Prof-school,Self-emp-inc,Exec-managerial,7688,0,40,0,1
29,Male,White,Never-married,3,109814,Bachelors,Private,Handlers-cleaners,0,0,40,39,0
51,Female,White,Divorced,4,317396,Some-college,Private,Adm-clerical,0,0,40,39,0
30,Female,Amer-Indian-Eskimo,Divorced,4,299223,Some-college,Private,Sales,0,0,40,39,0
64,Male,White,Never-married,4,193575,11th,Other,Other,0,0,40,39,0
38,Male,White,Never-married,1,272950,Some-college,Private,Sales,0,0,50,39,0
38,Female,White,Widowed,4,185203,HS-grad,Private,Other-service,0,0,20,39,0
53,Male,Black,Married-civ-spouse,0,250034,Bachelors,Private,Exec-managerial,0,0,50,39,1
45,Male,White,Married-civ-spouse,0,123681,Bachelors,Self-emp-not-inc,Prof-specialty,0,0,30,39,0
41,Male,White,Married-civ-spouse,0,146659,Bachelors,Private,Prof-specialty,0,0,70,39,0
45,Male,White,Divorced,1,102147,Assoc-voc,Private,Exec-managerial,0,0,40,39,1
41,Female,White,Divorced,4,208174,Masters,Local-gov,Prof-specialty,0,0,55,39,0
31,Female,White,Divorced,4,100863,Masters,State-gov,Exec-managerial,0,0,50,39,1
30,Male,White,Married-civ-spouse,0,119422,Some-college,Self-emp-inc,Exec-managerial,0,0,70,39,0
27,Male,White,Never-married,1,38918,HS-grad,Private,Transport-moving,0,1876,75,39,0
35,Male,White,Married-civ-spouse,0,168322,11th,Private,Farming-fishing,0,0,40,39,0
32,Female,Black,Never-married,4,207400,HS-grad,Private,Machine-op-inspct,0,0,40,39,0
24,Male,White,Never-married,1,211527,Bachelors,Private,Adm-clerical,0,0,30,39,0
74,Male,White,Married-civ-spouse,0,228075,Some-college,Self-emp-inc,Exec-managerial,20051,0,25,39,1
48,Male,White,Divorced,1,190072,Some-college,Private,Exec-managerial,0,0,50,39,1
37,Male,White,Divorced,1,194630,HS-grad,Private,Craft-repair,0,0,50,39,0
68,Male,White,Married-civ-spouse,0,146645,Doctorate,Other,Other,20051,0,50,39,1
38,Male,White,Married-civ-spouse,0,184801,Bachelors,Private,Sales,0,0,60,39,1
24,Female,White,Never-married,3,117789,Bachelors,Private,Exec-managerial,0,0,40,39,0
37,Male,White,Married-civ-spouse,0,24106,HS-grad,Self-emp-not-inc,Tech-support,0,0,30,39,0
30,Male,White,Married-civ-spouse,0,146161,HS-grad,Self-emp-not-inc,Exec-managerial,0,1887,50,39,1
21,Female,White,Never-married,3,440969,HS-grad,Private,Adm-clerical,0,0,40,39,0
61,Male,White,Married-civ-spouse,0,83045,9th,Private,Machine-op-inspct,0,0,40,39,0
23,Male,White,Married-civ-spouse,0,278107,HS-grad,Private,Machine-op-inspct,0,1573,30,39,0
29,Male,White,Never-married,3,251694,Bachelors,Private,Farming-fishing,0,0,50,39,0
35,Male,White,Divorced,1,223242,Bachelors,Local-gov,Prof-specialty,0,0,40,39,0
35,Female,White,Divorced,4,46028,Assoc-acdm,Private,Other-service,0,0,50,39,0
32,Male,White,Never-married,1,44677,Bachelors,Private,Adm-clerical,0,0,40,39,0
39,Male,Asian-Pac-Islander,Married-civ-spouse,0,191342,Bachelors,Self-emp-not-inc,Exec-managerial,0,0,50,35,0
34,Male,White,Married-civ-spouse,0,353881,HS-grad,Self-emp-not-inc,Exec-managerial,0,0,60,39,0
36,Male,White,Divorced,1,108320,HS-grad,Private,Machine-op-inspct,4101,0,40,39,0
51,Male,White,Married-civ-spouse,0,85423,HS-grad,Private,Sales,0,0,55,39,1
34,Male,Black,Married-civ-spouse,0,177331,Some-college,State-gov,Prof-specialty,4386,0,40,39,1
23,Female,White,Never-married,1,101885,10th,Private,Craft-repair,0,0,40,39,0
30,Male,White,Never-married,3,203488,HS-grad,Private,Craft-repair,0,0,50,39,0
27,Male,White,Never-married,3,188171,10th,Private,Adm-clerical,0,0,60,39,0
39,Male,Black,Married-civ-spouse,0,242922,HS-grad,Private,Craft-repair,0,0,40,39,0
46,Female,White,Separated,4,99385,Bachelors,Private,Exec-managerial,0,0,40,39,0
39,Female,Black,Never-married,1,180868,11th,Other,Other,0,0,40,39,0
31,Female,White,Never-married,3,210008,HS-grad,Private,Sales,0,0,40,39,0
51,Male,White,Married-civ-spouse,0,163948,Assoc-voc,Private,Tech-support,0,0,40,39,1
42,Male,White,Married-spouse-absent,2,195124,7th-8th,Private,Prof-specialty,0,0,35,33,0
45,Male,White,Married-civ-spouse,0,276087,Assoc-voc,Private,Prof-specialty,0,0,24,39,1
48,Female,White,Separated,4,191389,Some-college,Self-emp-not-inc,Sales,0,0,50,39,0
58,Male,White,Married-civ-spouse,0,158506,11th,Other,Other,0,0,16,39,0
38,Male,White,Married-civ-spouse,0,174717,Bachelors,Private,Sales,0,0,50,39,1
25,Female,White,Married-civ-spouse,3,190350,10th,Private,Other-service,0,0,35,39,0
29,Female,White,Never-married,1,341846,Masters,Private,Prof-specialty,0,0,50,39,0
18,Female,White,Never-married,3,89760,12th,Private,Other-service,0,0,20,39,0
37,Female,White,Never-married,1,143547,Bachelors,Federal-gov,Prof-specialty,0,0,40,39,0
63,Male,White,Married-civ-spouse,0,179981,Some-college,Self-emp-not-inc,Exec-managerial,0,0,60,39,1
36,Male,White,Never-married,1,188540,Bachelors,Private,Exec-managerial,0,0,40,39,0
18,Male,White,Never-married,3,128086,12th,Private,Handlers-cleaners,0,0,18,39,0
65,Female,White,Divorced,1,254413,Some-college,Local-gov,Exec-managerial,0,0,40,39,0
47,Male,White,Married-civ-spouse,0,181130,Prof-school,Self-emp-inc,Prof-specialty,99999,0,50,39,1
20,Male,White,Never-married,3,37932,HS-grad,Private,Other-service,0,0,50,39,0
29,Male,White,Married-civ-spouse,0,244721,Bachelors,Private,Tech-support,0,0,35,39,1
48,Female,White,Divorced,4,199739,HS-grad,Private,Craft-repair,0,0,40,39,0
23,Male,White,Never-married,3,182615,Some-college,Private,Adm-clerical,0,0,40,39,0
65,Male,White,Married-civ-spouse,0,101104,HS-grad,Private,Sales,9386,0,10,39,1
35,Male,White,Married-civ-spouse,0,33975,Bachelors,Local-gov,Prof-specialty,0,0,40,39,1
22,Male,White,Never-married,1,341610,Some-college,Private,Sales,0,0,35,0,0
23,Female,White,Never-married,3,216472,Some-college,Private,Tech-support,0,0,20,39,0
31,Male,White,Married-civ-spouse,0,44503,Some-college,Self-emp-not-inc,Craft-repair,0,0,40,39,0
54,Female,White,Divorced,1,124865,Some-college,Self-emp-not-inc,Sales,0,0,35,39,0
32,Male,White,Never-married,1,196342,Doctorate,Private,Prof-specialty,0,0,40,39,1
66,Female,White,Widowed,4,174276,Some-college,Private,Sales,0,0,50,39,1
29,Female,White,Never-married,1,201454,Some-college,Private,Adm-clerical,0,0,40,39,0
29,Female,Black,Never-married,4,138190,HS-grad,Private,Sales,0,1138,40,39,0
66,Male,White,Married-civ-spouse,0,150726,9th,Self-emp-inc,Exec-managerial,1409,0,1,0,0
29,Male,White,Never-married,1,181822,Bachelors,Private,Sales,0,0,40,39,0
47,Male,White,Married-civ-spouse,0,165937,HS-grad,Private,Machine-op-inspct,0,0,50,39,1
20,Female,White,Never-married,3,117606,Assoc-voc,Private,Adm-clerical,0,0,40,39,0
46,Male,White,Married-civ-spouse,0,122026,HS-grad,Private,Craft-repair,0,0,50,39,0
46,Male,White,Married-spouse-absent,4,197731,Assoc-voc,Private,Machine-op-inspct,0,0,40,39,0
34,Female,White,Never-married,1,168768,Assoc-acdm,Private,Adm-clerical,0,0,35,39,0
20,Male,White,Never-married,3,40060,Some-college,Other,Other,0,0,56,39,0
18,Male,White,Never-married,1,446839,HS-grad,Private,Sales,0,0,30,39,0
19,Female,White,Never-married,3,262601,HS-grad,Private,Other-service,0,0,14,39,0
20,Male,White,Never-married,1,482732,10th,Private,Machine-op-inspct,0,0,40,39,0
30,Female,White,Separated,4,396538,HS-grad,Private,Exec-managerial,0,0,29,39,0
32,Male,White,Never-married,3,164190,Some-college,Private,Exec-managerial,0,0,40,39,0
35,Male,White,Married-civ-spouse,0,30381,Bachelors,Private,Sales,0,0,45,39,1
48,Female,White,Divorced,1,167009,Some-college,Private,Adm-clerical,0,0,48,39,0
26,Female,White,Never-married,2,202203,Bachelors,Private,Adm-clerical,0,0,50,39,0
21,Female,White,Never-married,1,376929,5th-6th,Private,Priv-house-serv,0,0,40,26,0
21,Female,White,Never-married,3,206492,HS-grad,Private,Sales,0,0,40,0,0
21,Female,White,Never-married,3,85088,Some-college,Private,Other-service,0,0,37,39,0
50,Female,Black,Widowed,4,280278,HS-grad,Private,Prof-specialty,0,0,40,39,0
29,Female,White,Never-married,4,176723,Some-college,Private,Sales,0,0,25,39,0
21,Male,Black,Never-married,3,182606,Some-college,Private,Other-service,0,0,40,0,0
36,Male,White,Married-civ-spouse,0,61778,HS-grad,Local-gov,Prof-specialty,15024,0,40,39,1
33,Male,White,Married-civ-spouse,0,184306,Bachelors,Private,Prof-specialty,0,0,45,39,0
28,Male,White,Never-married,4,225904,Prof-school,State-gov,Prof-specialty,0,0,40,39,0
31,Male,White,Married-civ-spouse,0,201122,Some-college,Private,Exec-managerial,0,0,40,39,1
20,Male,White,Never-married,2,186849,HS-grad,Private,Transport-moving,0,0,40,39,0
54,Male,White,Married-civ-spouse,0,135840,10th,Local-gov,Protective-serv,0,0,45,39,0
33,Female,Black,Separated,4,138142,Some-college,Private,Other-service,0,0,25,39,0
37,Male,White,Divorced,3,112660,9th,Private,Craft-repair,0,0,35,39,0
33,Male,White,Married-civ-spouse,0,394447,Masters,Private,Prof-specialty,0,0,33,39,1
25,Female,White,Never-married,1,231357,HS-grad,Private,Adm-clerical,0,0,40,39,0
47,Male,White,Married-civ-spouse,0,180551,Some-college,Private,Transport-moving,0,0,50,39,0
28,Female,White,Divorced,4,133043,HS-grad,Private,Adm-clerical,0,0,50,39,0
34,Female,White,Married-civ-spouse,5,134886,HS-grad,Local-gov,Other-service,0,1740,35,39,0
42,Female,White,Divorced,3,183096,Some-college,Private,Exec-managerial,0,0,40,39,0
20,Female,White,Never-married,3,301199,Some-college,Private,Other-service,0,0,24,39,0
25,Female,White,Never-married,3,231638,HS-grad,Private,Adm-clerical,0,0,40,39,0
45,Male,White,Married-civ-spouse,0,285335,7th-8th,Self-emp-not-inc,Craft-repair,0,0,10,39,0
44,Male,White,Married-civ-spouse,0,160785,Bachelors,Private,Sales,0,0,60,39,1
40,Male,White,Divorced,4,109762,Some-college,Private,Craft-repair,0,0,40,39,0
24,Male,White,Never-married,1,325744,HS-grad,Private,Craft-repair,0,0,40,39,0
39,Female,White,Never-married,1,192702,Masters,Private,Craft-repair,0,0,50,39,0
19,Male,White,Never-married,3,29250,Some-college,Private,Prof-specialty,0,0,10,39,0
40,Male,White,Married-civ-spouse,0,137142,HS-grad,Private,Sales,0,0,60,39,0
47,Female,White,Divorced,1,224149,Bachelors,State-gov,Exec-managerial,0,0,40,39,1
20,Female,White,Never-married,3,60639,Some-college,Private,Sales,0,0,28,39,0
47,Male,White,Married-civ-spouse,0,155664,Masters,Private,Exec-managerial,99999,0,55,39,1
68,Male,White,Married-civ-spouse,0,122094,HS-grad,Self-emp-not-inc,Craft-repair,0,0,15,39,0
23,Male,White,Never-married,1,113309,Some-college,Private,Transport-moving,0,0,40,39,0
46,Female,Black,Never-married,3,298786,Some-college,State-gov,Other-service,0,0,40,39,0
42,Male,White,Married-civ-spouse,0,202565,1st-4th,Private,Machine-op-inspct,0,0,40,22,0
29,Female,Asian-Pac-Islander,Never-married,1,77572,Assoc-acdm,Private,Adm-clerical,0,0,40,39,0
67,Female,White,Widowed,1,105216,Some-college,Private,Prof-specialty,0,0,16,39,0
38,Male,White,Married-civ-spouse,0,239755,HS-grad,Private,Machine-op-inspct,0,0,40,39,0
28,Male,White,Married-civ-spouse,0,105817,11th,Private,Exec-managerial,0,0,50,39,1
38,Female,White,Never-married,3,170861,Some-college,Private,Adm-clerical,0,0,40,39,0
28,Male,White,Widowed,4,167536,Assoc-acdm,Local-gov,Prof-specialty,0,0,40,39,0
54,Female,White,Divorced,1,104421,Some-college,Private,Adm-clerical,0,0,40,39,0
34,Male,White,Married-civ-spouse,0,98101,Bachelors,State-gov,Exec-managerial,7688,0,45,0,1
54,Female,White,Widowed,4,101890,HS-grad,Private,Sales,0,0,40,39,0
27,Female,White,Divorced,4,182386,11th,Other,Other,0,0,35,39,0
70,Male,White,Married-civ-spouse,0,232871,Some-college,Self-emp-inc,Exec-managerial,0,0,30,39,0
52,Male,White,Married-civ-spouse,0,210736,Bachelors,Self-emp-inc,Sales,0,0,60,39,0
24,Male,White,Never-married,1,267396,Bachelors,Self-emp-not-inc,Sales,0,0,40,39,0
44,Male,White,Married-civ-spouse,0,70884,HS-grad,Self-emp-not-inc,Farming-fishing,0,0,60,39,0
48,Male,White,Married-civ-spouse,0,125892,9th,Private,Machine-op-inspct,0,0,40,31,0
23,Male,White,Never-married,1,292023,HS-grad,Private,Exec-managerial,0,0,45,39,0
43,Female,White,Divorced,4,114508,HS-grad,State-gov,Exec-managerial,0,0,40,39,0
47,Male,Black,Married-civ-spouse,0,250170,HS-grad,Private,Machine-op-inspct,0,0,40,39,1
41,Female,White,Separated,4,173370,Bachelors,Private,Sales,0,0,30,39,0
21,Male,White,Never-married,3,119156,Some-college,Private,Machine-op-inspct,0,0,20,39,0
39,Male,White,Married-civ-spouse,0,237943,Bachelors,Private,Sales,0,0,30,39,1
39,Male,Black,Never-married,3,56269,Some-college,Private,Craft-repair,0,0,40,39,0
35,Male,White,Married-civ-spouse,0,319831,Some-college,Self-emp-not-inc,Farming-fishing,0,0,60,39,0
49,Male,White,Married-civ-spouse,0,38819,Bachelors,Self-emp-inc,Sales,0,0,50,39,1
53,Female,White,Divorced,4,142717,Bachelors,Private,Adm-clerical,0,0,40,39,0
42,Male,White,Never-married,1,104118,Some-college,Self-emp-not-inc,Exec-managerial,0,0,40,39,0
33,Male,White,Married-civ-spouse,0,113326,Some-college,Private,Craft-repair,0,0,50,39,0
38,Male,Black,Married-civ-spouse,0,181721,Bachelors,Local-gov,Exec-managerial,0,0,40,39,0
17,Female,Other,Never-married,3,241021,12th,Other,Other,0,0,40,39,0
41,Male,White,Married-civ-spouse,0,239683,10th,Private,Craft-repair,0,0,30,0,0
47,Male,White,Married-civ-spouse,0,126754,Masters,Local-gov,Prof-specialty,0,0,40,39,1
46,Male,White,Never-married,3,270693,HS-grad,Private,Handlers-cleaners,3674,0,30,39,0
21,Male,White,Never-married,3,337766,Some-college,State-gov,Prof-specialty,0,0,20,39,0
32,Male,White,Married-civ-spouse,0,113838,Some-college,Private,Handlers-cleaners,0,0,40,39,0
24,Male,White,Never-married,3,285432,HS-grad,Private,Exec-managerial,0,0,40,39,0
63,Male,White,Married-civ-spouse,0,110610,10th,Self-emp-inc,Farming-fishing,0,0,50,39,0
34,Male,White,Separated,1,581071,HS-grad,Private,Adm-clerical,0,0,48,39,1
63,Male,White,Never-married,1,447079,HS-grad,Other,Other,0,0,15,39,0
24,Male,White,Never-married,1,30656,HS-grad,Private,Handlers-cleaners,0,0,20,39,0
44,Male,White,Divorced,1,263871,Some-college,Local-gov,Exec-managerial,0,0,50,39,0
30,Male,White,Separated,1,341187,7th-8th,Private,Transport-moving,0,0,35,39,0
29,Male,White,Never-married,1,242597,Bachelors,Private,Tech-support,0,0,40,39,0
27,Male,White,Married-civ-spouse,0,39232,HS-grad,Private,Craft-repair,0,0,40,39,0
17,Female,White,Never-married,3,153021,12th,Private,Sales,0,0,20,39,0
50,Male,White,Married-civ-spouse,0,145409,HS-grad,Private,Transport-moving,0,0,50,39,1
29,Male,Asian-Pac-Islander,Never-married,3,90934,Bachelors,Private,Prof-specialty,0,0,64,30,1
40,Male,White,Divorced,4,124520,Assoc-voc,Private,Craft-repair,0,0,50,39,1
33,Female,White,Never-married,1,219034,11th,Private,Sales,0,0,40,39,0
43,Male,White,Married-civ-spouse,0,28451,Bachelors,State-gov,Prof-specialty,0,0,37,39,1
57,Male,White,Married-civ-spouse,0,244605,Some-college,Self-emp-inc,Sales,0,0,50,39,1
55,Male,White,Married-civ-spouse,0,115439,Prof-school,Private,Exec-managerial,99999,0,40,39,1
29,Female,White,Divorced,4,247151,11th,Private,Machine-op-inspct,0,0,40,39,0
45,Male,White,Married-civ-spouse,0,179659,Bachelors,Private,Craft-repair,3103,0,40,39,1
20,Female,White,Never-married,3,170091,Some-college,Private,Other-service,0,0,35,39,0
40,Female,White,Never-married,1,406463,Masters,Federal-gov,Tech-support,0,0,40,39,0
58,Male,White,Married-civ-spouse,0,271795,7th-8th,Local-gov,Craft-repair,0,0,40,39,0
42,Male,White,Divorced,1,191712,Bachelors,Private,Sales,0,1590,40,39,0
39,Male,White,Married-civ-spouse,0,74194,HS-grad,Private,Exec-managerial,0,0,55,39,0
46,Male,White,Married-civ-spouse,0,51271,HS-grad,Self-emp-not-inc,Farming-fishing,4386,0,70,39,0
23,Male,White,Never-married,1,279243,Some-college,State-gov,Protective-serv,0,0,40,39,0
23,Male,White,Never-married,1,149224,HS-grad,Private,Sales,0,0,40,39,0
43,Male,White,Married-civ-spouse,0,99203,Assoc-voc,Self-emp-not-inc,Craft-repair,0,0,40,39,0
45,Female,White,Divorced,4,183786,HS-grad,Private,Other-service,0,0,35,39,0
41,Female,White,Divorced,1,190885,HS-grad,Private,Priv-house-serv,0,0,40,13,0
30,Male,White,Divorced,1,255004,Assoc-acdm,Private,Sales,0,0,52,39,0
28,Female,White,Never-married,1,68642,HS-grad,Private,Other-service,0,0,46,39,0
51,Male,White,Married-spouse-absent,1,228516,HS-grad,Private,Craft-repair,0,0,45,4,0
20,Male,White,Married-civ-spouse,0,121568,HS-grad,Private,Handlers-cleaners,0,0,50,39,0
33,Female,White,Never-married,1,198183,Bachelors,Local-gov,Prof-specialty,0,0,50,39,1
41,Female,White,Married-civ-spouse,5,58484,Bachelors,Private,Exec-managerial,0,0,40,39,0
32,Female,Asian-Pac-Islander,Never-married,1,74883,Bachelors,Private,Tech-support,0,0,40,30,0
28,Male,White,Married-civ-spouse,0,195573,HS-grad,Private,Transport-moving,0,0,50,39,0
23,Male,White,Never-married,3,202284,Bachelors,Private,Sales,0,0,20,39,0
25,Female,Black,Never-married,1,485496,HS-grad,Private,Machine-op-inspct,0,0,40,39,0
36,Male,White,Never-married,1,184456,Prof-school,Private,Exec-managerial,27828,0,50,39,1
42,Female,White,Married-civ-spouse,5,227397,Bachelors,Private,Adm-clerical,0,0,40,39,1
45,Male,White,Married-civ-spouse,0,145636,Masters,Private,Exec-managerial,0,1977,43,39,1
40,Female,White,Married-civ-spouse,5,99434,HS-grad,Private,Other-service,0,0,12,39,0
52,Male,White,Married-civ-spouse,0,236497,Bachelors,Local-gov,Tech-support,0,0,40,39,0
25,Female,White,Never-married,1,262778,Masters,Private,Other-service,0,0,37,39,0
31,Male,White,Never-married,3,188108,HS-grad,Private,Craft-repair,4101,0,40,39,0
37,Male,White,Married-civ-spouse,0,193855,HS-grad,Private,Transport-moving,0,0,45,39,0
34,Female,Other,Married-civ-spouse,2,188736,HS-grad,Private,Machine-op-inspct,0,0,20,4,0
28,Female,White,Never-married,1,150296,Assoc-acdm,Private,Other-service,0,0,80,39,0
23,Male,White,Never-married,3,110128,Some-college,State-gov,Other-service,0,0,40,39,0
25,Male,White,Never-married,3,97789,Bachelors,Private,Sales,0,0,50,39,0
35,Male,Black,Married-civ-spouse,0,263081,HS-grad,Private,Craft-repair,0,0,60,39,1
30,Male,White,Married-civ-spouse,0,108386,Assoc-acdm,Private,Craft-repair,0,0,40,39,0
32,Male,White,Married-civ-spouse,0,318647,Bachelors,Private,Exec-managerial,0,0,48,39,1
46,Male,Black,Married-civ-spouse,0,604380,HS-grad,Private,Other-service,0,0,40,39,0
34,Male,White,Married-civ-spouse,0,42900,Bachelors,Private,Exec-managerial,0,0,50,39,1
29,Male,White,Never-married,1,157941,Bachelors,Private,Tech-support,0,0,40,39,0
37,Male,White,Married-civ-spouse,0,126738,HS-grad,Self-emp-not-inc,Farming-fishing,0,0,72,39,0
30,Female,White,Never-married,1,141118,Assoc-voc,Private,Adm-clerical,0,0,40,39,0
33,Female,Black,Never-married,1,137616,Masters,State-gov,Prof-specialty,0,0,35,39,0
41,Male,White,Divorced,1,207685,Some-college,Private,Other-service,0,0,21,39,0
23,Female,White,Never-married,1,55890,Bachelors,Local-gov,Prof-specialty,0,0,40,39,0
21,Female,White,Never-married,1,225823,Some-college,Private,Adm-clerical,0,0,40,39,0
44,Female,White,Divorced,1,262684,HS-grad,Private,Adm-clerical,0,1504,45,39,0
19,Female,White,Never-married,1,318822,11th,Private,Priv-house-serv,0,0,35,39,0
58,Female,Amer-Indian-Eskimo,Widowed,4,30111,Some-college,Federal-gov,Prof-specialty,0,0,40,39,0
20,Male,White,Never-married,3,235442,Some-college,Other,Other,0,0,35,39,0
27,Male,White,Never-married,1,114225,Some-college,Self-emp-not-inc,Exec-managerial,0,0,60,39,1
33,Female,White,Married-civ-spouse,5,181372,Masters,Private,Exec-managerial,0,0,50,39,1
49,Male,White,Married-civ-spouse,0,50474,HS-grad,Private,Exec-managerial,0,0,40,39,0
18,Male,White,Never-married,3,113185,11th,Other,Other,0,0,25,39,0
39,Male,Asian-Pac-Islander,Married-civ-spouse,0,86143,5th-6th,Private,Other-service,0,0,40,30,0
44,Male,White,Divorced,4,49249,Some-college,Self-emp-inc,Other-service,0,0,80,39,0
60,Male,White,Married-civ-spouse,0,56248,Some-college,Private,Sales,0,0,40,39,0
25,Female,White,Never-married,1,36984,Bachelors,Private,Prof-specialty,0,0,50,39,0
73,Female,White,Widowed,2,29675,HS-grad,Private,Other-service,0,0,12,39,0
26,Male,White,Married-civ-spouse,0,139098,Masters,Private,Prof-specialty,5013,0,40,39,0
39,Female,Black,Married-civ-spouse,3,344743,Some-college,Private,Adm-clerical,0,0,50,39,1
47,Female,White,Married-civ-spouse,5,73394,Some-college,Private,Exec-managerial,0,0,50,39,0
31,Male,White,Never-married,1,454508,11th,Private,Craft-repair,0,2001,40,39,0
25,Male,White,Married-civ-spouse,0,182809,HS-grad,Self-emp-not-inc,Craft-repair,7298,0,40,39,1
35,Female,White,Never-married,1,32126,Bachelors,Private,Prof-specialty,0,0,40,39,0
46,Male,White,Married-civ-spouse,0,155489,HS-grad,Private,Adm-clerical,0,0,58,39,1
18,Male,White,Never-married,1,266489,Some-college,Private,Exec-managerial,0,0,50,39,0
26,Male,White,Never-married,1,137678,HS-grad,Private,Other-service,0,0,40,39,0
29,Male,Black,Never-married,1,119429,HS-grad,Private,Craft-repair,0,0,40,39,0
58,Female,White,Never-married,1,153551,Bachelors,Private,Prof-specialty,0,0,60,39,0
29,Male,White,Married-civ-spouse,0,250967,Assoc-voc,Private,Prof-specialty,0,0,40,39,0
64,Female,White,Widowed,4,151540,11th,Private,Tech-support,0,0,16,39,0
35,Male,White,Married-civ-spouse,0,226789,Some-college,Private,Exec-managerial,0,0,58,39,0
61,Male,White,Married-civ-spouse,0,136262,HS-grad,Private,Exec-managerial,0,0,50,39,1
31,Male,White,Never-married,3,162572,HS-grad,Private,Other-service,0,0,16,39,0
37,Male,Asian-Pac-Islander,Married-civ-spouse,0,154571,Some-college,Private,Craft-repair,0,0,40,0,0
52,Male,White,Married-civ-spouse,0,206054,Some-college,Self-emp-inc,Craft-repair,0,0,40,39,0
33,Female,White,Divorced,1,279524,HS-grad,Private,Machine-op-inspct,0,0,40,39,0
24,Female,White,Separated,4,59146,HS-grad,Private,Sales,0,0,48,39,0
19,Male,White,Never-married,1,121240,HS-grad,Private,Other-service,0,0,30,39,0
20,Male,White,Never-married,3,39615,Some-college,Private,Craft-repair,0,0,40,39,0
34,Male,White,Married-civ-spouse,0,111985,HS-grad,Self-emp-not-inc,Craft-repair,0,0,50,39,0
54,Male,White,Married-civ-spouse,0,124963,Bachelors,Self-emp-inc,Exec-managerial,0,0,40,39,1
35,Male,White,Never-married,1,41777,12th,Private,Farming-fishing,0,0,20,39,0
23,Male,White,Never-married,3,141323,Some-college,Private,Other-service,0,0,40,39,0
42,Male,Black,Married-civ-spouse,0,220049,HS-grad,Private,Sales,0,0,40,39,1
34,Male,White,Never-married,1,176469,Bachelors,Private,Sales,0,0,38,39,0
49,Female,White,Married-civ-spouse,5,298445,Prof-school,Local-gov,Prof-specialty,0,1977,60,39,1
33,Male,White,Married-civ-spouse,0,163110,HS-grad,Private,Handlers-cleaners,3781,0,40,39,0
38,Male,Asian-Pac-Islander,Never-married,4,123983,Bachelors,Local-gov,Exec-managerial,0,1741,40,40,0
40,Male,White,Married-civ-spouse,0,170649,Some-college,Other,Other,0,0,8,39,0
31,Male,White,Married-civ-spouse,0,125927,7th-8th,Local-gov,Farming-fishing,0,0,40,39,0
30,Male,White,Never-married,1,609789,Assoc-voc,Self-emp-not-inc,Craft-repair,0,0,40,39,0
39,Female,White,Never-married,1,240841,Some-college,Private,Other-service,0,0,25,39,0
29,Male,White,Married-civ-spouse,0,144063,7th-8th,Self-emp-not-inc,Farming-fishing,0,0,72,39,0
41,Male,White,Never-married,1,107306,HS-grad,Private,Exec-managerial,2174,0,40,39,0
28,Male,White,Never-married,1,119793,Bachelors,Private,Sales,0,0,40,39,0
60,Male,White,Married-civ-spouse,0,95445,Some-college,Self-emp-not-inc,Transport-moving,3137,0,46,39,0
42,Female,White,Married-civ-spouse,5,156580,Bachelors,Private,Sales,0,0,40,33,0
25,Female,White,Never-married,3,356344,Bachelors,Private,Adm-clerical,0,0,40,39,0
61,Male,White,Married-civ-spouse,0,163393,HS-grad,Private,Transport-moving,0,0,20,39,0
19,Female,White,Never-married,3,307496,Some-college,Private,Other-service,0,0,23,39,0
50,Male,White,Married-civ-spouse,0,198681,Some-college,Private,Transport-moving,0,0,70,39,1
24,Male,White,Never-married,1,306779,Some-college,Private,Sales,0,0,65,39,0
28,Male,White,Married-civ-spouse,0,119793,Some-college,State-gov,Protective-serv,0,0,40,39,0
47,Male,White,Divorced,1,167159,HS-grad,Private,Machine-op-inspct,4650,0,40,39,0
53,Female,White,Widowed,1,260106,HS-grad,Private,Sales,0,0,30,39,0
36,Male,White,Married-civ-spouse,0,160728,HS-grad,Private,Machine-op-inspct,0,0,60,39,0
64,Male,White,Married-civ-spouse,0,271550,Some-college,Federal-gov,Transport-moving,0,0,40,39,1
34,Male,White,Married-civ-spouse,0,172928,HS-grad,Private,Sales,0,0,65,39,0
19,Male,White,Never-married,3,354104,Some-college,State-gov,Prof-specialty,0,0,10,39,0
60,Male,White,Married-civ-spouse,0,165982,Masters,Local-gov,Exec-managerial,0,0,50,39,1
53,Male,White,Married-civ-spouse,0,53197,Doctorate,State-gov,Adm-clerical,0,0,50,39,1
41,Male,White,Married-civ-spouse,0,344329,HS-grad,Self-emp-not-inc,Other-service,0,0,10,39,0
53,Male,White,Married-civ-spouse,0,97005,HS-grad,Private,Craft-repair,0,0,46,39,1
29,Male,White,Divorced,1,110134,Some-college,Private,Machine-op-inspct,0,0,40,39,0
52,Male,White,Divorced,1,114228,HS-grad,Private,Craft-repair,3325,0,40,39,0
61,Female,Black,Widowed,1,190682,HS-grad,Private,Craft-repair,0,1669,50,39,0
23,Male,White,Never-married,3,236994,HS-grad,Private,Sales,0,0,60,39,0
54,Male,White,Divorced,1,174319,HS-grad,Private,Transport-moving,0,0,40,39,0
25,Male,White,Married-civ-spouse,0,217006,11th,Private,Machine-op-inspct,0,0,40,39,0
24,Male,White,Never-married,1,111445,HS-grad,Private,Sales,0,0,38,39,0
30,Male,White,Married-civ-spouse,0,167476,HS-grad,Private,Transport-moving,0,0,50,39,0
45,Male,White,Married-civ-spouse,0,162187,HS-grad,Local-gov,Protective-serv,0,0,40,39,1
24,Male,White,Never-married,3,141003,Some-college,Private,Exec-managerial,0,0,25,39,0
34,Male,White,Married-civ-spouse,0,210164,Some-college,Local-gov,Craft-repair,0,1740,40,39,0
24,Male,White,Married-civ-spouse,0,239663,10th,Private,Other-service,0,0,40,26,0
24,Female,Black,Separated,4,275884,HS-grad,Private,Other-service,0,0,40,39,0
20,Female,White,Never-married,3,38001,Some-college,Private,Other-service,0,0,20,39,0
38,Female,Black,Never-married,4,240467,Masters,Private,Exec-managerial,0,0,35,39,0
37,Male,Asian-Pac-Islander,Married-civ-spouse,0,79586,Bachelors,Private,Exec-managerial,0,0,40,20,0
57,Male,White,Married-spouse-absent,1,140426,1st-4th,Private,Other-service,0,0,35,0,0
35,Male,White,Never-married,1,331395,Some-college,Private,Exec-managerial,0,0,50,39,0
44,Male,White,Married-civ-spouse,0,248249,7th-8th,Private,Handlers-cleaners,0,0,50,39,0
25,Male,White,Never-married,1,346159,HS-grad,Private,Craft-repair,0,0,40,39,0
25,Female,White,Never-married,1,84224,Bachelors,Local-gov,Prof-specialty,0,0,40,39,0
60,Male,White,Married-civ-spouse,0,195453,Assoc-voc,Local-gov,Exec-managerial,0,0,60,39,1
40,Male,White,Never-married,1,170019,HS-grad,Private,Other-service,0,0,40,0,0
21,Male,White,Never-married,3,57211,HS-grad,Private,Craft-repair,0,0,40,39,0
39,Female,White,Married-civ-spouse,5,175972,Some-college,Private,Other-service,0,0,15,39,0
35,Male,White,Never-married,1,422933,Bachelors,Private,Other-service,0,0,37,39,0
49,Male,White,Married-civ-spouse,0,192323,HS-grad,Private,Machine-op-inspct,0,0,40,39,0
30,Male,White,Married-spouse-absent,1,126414,Bachelors,State-gov,Adm-clerical,0,0,40,39,0
23,Male,White,Never-married,1,142766,Some-college,Private,Adm-clerical,0,0,20,39,0
44,Male,White,Never-married,3,277144,Bachelors,Local-gov,Prof-specialty,0,0,60,39,0
30,Female,White,Divorced,1,189265,Assoc-acdm,Self-emp-not-inc,Adm-clerical,0,0,40,39,0
31,Male,White,Married-civ-spouse,0,197672,Bachelors,Private,Prof-specialty,0,0,40,39,0
17,Female,White,Never-married,3,295991,10th,Private,Adm-clerical,0,0,20,39,0
20,Female,White,Never-married,3,129240,Some-college,Private,Adm-clerical,0,0,20,39,0
33,Male,White,Married-civ-spouse,0,75167,HS-grad,Private,Transport-moving,0,0,55,39,0
41,Male,White,Married-civ-spouse,0,225193,HS-grad,Private,Sales,0,0,40,39,0
60,Female,Black,Divorced,4,178050,HS-grad,Private,Other-service,0,0,38,39,0
55,Male,Black,Married-civ-spouse,0,104917,Masters,Local-gov,Prof-specialty,0,0,40,39,1
59,Male,White,Divorced,1,141326,Assoc-voc,Self-emp-inc,Prof-specialty,0,0,50,39,1
62,Female,White,Divorced,4,91433,10th,Private,Prof-specialty,0,0,40,39,0
21,Female,White,Never-married,3,100462,Assoc-voc,Private,Exec-managerial,2174,0,60,39,0
37,Male,Asian-Pac-Islander,Never-married,4,160120,Masters,Private,Prof-specialty,0,0,40,35,0
25,Male,White,Never-married,1,511331,Bachelors,Private,Sales,0,0,38,39,0
55,Female,White,Widowed,4,177163,Masters,Local-gov,Prof-specialty,914,0,50,39,0
33,Female,White,Never-married,1,196898,Bachelors,Private,Prof-specialty,0,0,40,39,0
55,Male,White,Married-civ-spouse,0,105304,HS-grad,Private,Machine-op-inspct,0,0,40,39,0
59,Male,White,Married-civ-spouse,0,424468,HS-grad,Private,Craft-repair,0,0,40,0,0
22,Male,White,Never-married,3,110684,HS-grad,Private,Adm-clerical,0,0,20,39,0
54,Male,White,Married-civ-spouse,0,147239,Doctorate,Self-emp-inc,Prof-specialty,0,0,60,39,1
53,Male,White,Widowed,1,223660,HS-grad,Private,Machine-op-inspct,6849,0,40,39,0
33,Male,White,Divorced,1,235271,Bachelors,Self-emp-not-inc,Sales,0,0,50,39,1
28,Female,Black,Married-spouse-absent,4,90915,Bachelors,Private,Tech-support,0,0,40,39,0
32,Male,White,Married-civ-spouse,0,288273,Bachelors,Private,Craft-repair,0,0,70,26,0
36,Male,White,Divorced,1,389725,Some-college,Private,Adm-clerical,0,0,45,39,0
30,Male,White,Never-married,4,132565,Some-college,Private,Craft-repair,0,0,40,39,0
46,Male,White,Divorced,1,102359,Bachelors,Private,Prof-specialty,0,0,40,39,0
27,Female,White,Never-married,1,219371,HS-grad,Private,Other-service,0,0,35,39,0
42,Male,White,Married-civ-spouse,0,657397,HS-grad,Private,Machine-op-inspct,0,0,40,26,0
27,Male,White,Married-civ-spouse,0,62737,Assoc-voc,Private,Tech-support,0,0,40,39,0
34,Male,White,Married-civ-spouse,0,185063,Some-college,Private,Machine-op-inspct,0,0,45,39,1
51,Male,White,Married-civ-spouse,0,53838,Bachelors,Private,Handlers-cleaners,0,0,40,39,0
25,Male,White,Never-married,1,222800,Bachelors,Local-gov,Prof-specialty,0,0,40,39,0
32,Female,White,Separated,4,106437,HS-grad,Private,Adm-clerical,0,0,40,39,0
53,Male,White,Divorced,1,200190,Some-college,Private,Craft-repair,0,0,40,39,1
47,Male,White,Married-civ-spouse,0,228660,Some-college,Self-emp-not-inc,Craft-repair,0,1977,40,39,1
62,Female,White,Never-married,4,203126,9th,Other,Other,0,0,40,6,0
44,Male,Black,Never-married,1,56236,Some-college,Self-emp-inc,Exec-managerial,2202,0,45,39,0
21,Female,White,Never-married,3,195199,HS-grad,Private,Prof-specialty,0,0,30,39,0
19,Female,White,Never-married,3,102723,Some-college,Private,Adm-clerical,0,0,40,39,0
40,Male,White,Married-civ-spouse,0,287008,Prof-school,Private,Prof-specialty,15024,0,55,11,1
34,Male,White,Married-civ-spouse,0,261023,Some-college,Private,Craft-repair,0,1651,38,39,0
52,Male,White,Widowed,1,35576,HS-grad,Private,Craft-repair,0,0,40,39,0
23,Male,White,Never-married,1,118693,Bachelors,Private,Other-service,0,0,35,39,0
21,Male,White,Married-spouse-absent,3,210165,9th,Private,Handlers-cleaners,0,0,40,39,0
22,Female,White,Never-married,3,221480,HS-grad,Private,Adm-clerical,0,0,40,39,0
53,Male,White,Married-civ-spouse,0,149784,HS-grad,Private,Machine-op-inspct,0,0,40,39,0
31,Male,White,Married-civ-spouse,0,402361,HS-grad,Private,Craft-repair,0,0,40,39,0
54,Male,White,Married-civ-spouse,0,29887,HS-grad,Local-gov,Exec-managerial,0,0,56,39,0
29,Male,White,Married-civ-spouse,0,198493,Assoc-voc,State-gov,Protective-serv,0,0,40,39,1
70,Male,White,Married-civ-spouse,0,150886,Some-college,Self-emp-not-inc,Craft-repair,0,0,25,39,0
44,Male,White,Divorced,1,192878,HS-grad,Private,Prof-specialty,0,0,40,39,0
19,Female,White,Never-married,3,264390,Some-college,Private,Adm-clerical,0,2001,40,39,0
30,Male,White,Married-civ-spouse,0,89735,Assoc-voc,Private,Prof-specialty,0,0,40,39,1
21,Male,White,Never-married,3,335570,Some-college,Private,Machine-op-inspct,0,0,30,0,0
39,Male,White,Never-married,1,187847,Some-college,Private,Craft-repair,0,0,40,39,0
20,Male,White,Never-married,3,173736,9th,Private,Machine-op-inspct,0,0,40,39,0
39,Male,White,Married-civ-spouse,0,99156,Doctorate,State-gov,Prof-specialty,0,0,50,39,1
49,Male,White,Married-civ-spouse,0,76482,HS-grad,Private,Craft-repair,0,0,40,39,0
25,Male,White,Never-married,3,190418,Some-college,Private,Other-service,0,0,30,2,0
48,Male,White,Married-civ-spouse,0,125892,Some-college,Self-emp-inc,Sales,0,0,38,39,1
62,Male,Black,Married-civ-spouse,0,118725,HS-grad,Self-emp-inc,Exec-managerial,20051,0,72,39,1
27,Male,White,Never-married,1,193868,HS-grad,Self-emp-inc,Sales,0,0,50,39,0
53,Male,White,Married-civ-spouse,0,290640,Some-college,Self-emp-inc,Sales,0,0,50,39,1
21,Male,White,Never-married,3,257781,Some-college,Private,Craft-repair,0,1719,30,39,0
26,Male,White,Married-civ-spouse,0,239303,Bachelors,Private,Prof-specialty,0,0,50,0,0
40,Female,White,Married-civ-spouse,5,225660,Bachelors,Private,Exec-managerial,0,0,45,39,1
33,Male,White,Married-civ-spouse,0,146440,Some-college,Private,Craft-repair,0,1740,40,39,0
47,Male,White,Married-civ-spouse,0,145290,HS-grad,Self-emp-not-inc,Exec-managerial,0,2415,50,39,1
35,Female,White,Divorced,1,379959,HS-grad,Private,Other-service,0,0,40,39,0
30,Male,White,Married-spouse-absent,1,124020,HS-grad,Private,Adm-clerical,0,0,40,39,0
25,Female,Black,Separated,2,299765,Some-college,Private,Adm-clerical,0,0,40,23,0
36,Male,White,Never-married,1,178815,Bachelors,Private,Exec-managerial,8614,0,40,39,1
42,Female,White,Never-married,4,248356,HS-grad,Private,Sales,0,0,40,39,0
31,Male,White,Never-married,1,301168,Some-college,Private,Craft-repair,0,0,40,22,0
39,Female,Black,Divorced,4,103984,Bachelors,Federal-gov,Exec-managerial,0,0,40,39,0
54,Male,White,Divorced,1,327769,Some-college,Private,Craft-repair,0,0,40,39,0
38,Male,White,Married-civ-spouse,0,107302,HS-grad,Private,Exec-managerial,0,0,50,39,0
35,Male,White,Married-civ-spouse,0,93225,HS-grad,Private,Craft-repair,0,0,40,39,0
42,Male,White,Married-civ-spouse,0,154374,Bachelors,Private,Exec-managerial,0,2415,60,39,1
22,Male,White,Married-civ-spouse,0,152878,HS-grad,Private,Transport-moving,0,0,40,39,0
28,Female,White,Married-civ-spouse,5,308493,HS-grad,Other,Other,0,0,17,16,0
34,Male,White,Married-civ-spouse,0,430554,Some-college,Private,Exec-managerial,0,0,50,39,1
54,Male,Asian-Pac-Islander,Married-civ-spouse,0,304570,Bachelors,Self-emp-inc,Machine-op-inspct,7688,0,40,0,1
18,Female,White,Never-married,3,155021,11th,Private,Other-service,0,0,6,39,0
29,Male,White,Married-civ-spouse,0,240738,HS-grad,Private,Prof-specialty,0,0,40,39,1
27,Male,Asian-Pac-Islander,Married-spouse-absent,3,154210,11th,Private,Sales,0,0,35,19,0
63,Female,White,Divorced,1,151210,7th-8th,Private,Sales,0,0,40,39,0
43,Female,White,Divorced,1,209149,HS-grad,Private,Other-service,0,0,35,39,0
28,Male,Black,Married-civ-spouse,0,175262,Some-college,Private,Handlers-cleaners,0,0,40,26,0
40,Male,White,Married-civ-spouse,0,219266,HS-grad,Private,Exec-managerial,7688,0,50,39,1
30,Male,White,Married-civ-spouse,0,186932,Doctorate,Private,Prof-specialty,5178,0,75,39,1
35,Male,White,Married-civ-spouse,0,111319,Assoc-acdm,Self-emp-inc,Sales,0,1887,45,39,1
55,Female,White,Married-civ-spouse,5,31728,Some-college,Federal-gov,Adm-clerical,0,0,40,39,1
52,Female,White,Married-civ-spouse,5,245275,10th,Private,Other-service,0,0,35,39,0
42,Male,White,Never-married,1,39239,Masters,State-gov,Prof-specialty,0,0,70,39,0
33,Male,White,Married-civ-spouse,0,156192,Masters,Private,Prof-specialty,0,0,45,39,1
18,Female,White,Never-married,3,276864,Some-college,Other,Other,0,1602,20,39,0
29,Female,White,Married-civ-spouse,5,221977,Some-college,Private,Adm-clerical,0,0,40,39,1
66,Female,White,Widowed,1,54826,Assoc-voc,Local-gov,Prof-specialty,0,0,20,39,0
41,Male,White,Married-civ-spouse,0,82049,HS-grad,Private,Craft-repair,0,0,40,39,1
43,Female,White,Divorced,3,234220,HS-grad,Private,Machine-op-inspct,0,0,40,5,0
22,Female,White,Never-married,1,109039,HS-grad,Private,Exec-managerial,0,0,55,39,0
17,Female,Other,Never-married,1,213055,11th,Other,Other,0,0,20,39,0
34,Male,White,Married-civ-spouse,0,117444,Bachelors,Private,Exec-managerial,0,0,65,39,1
19,Male,White,Never-married,2,228238,HS-grad,Private,Machine-op-inspct,0,0,40,26,0
29,Female,White,Never-married,1,236436,Assoc-acdm,Private,Prof-specialty,8614,0,40,39,1
20,Male,White,Married-civ-spouse,0,161978,Some-college,State-gov,Other-service,0,0,20,39,0
29,Male,White,Divorced,4,244566,HS-grad,Private,Machine-op-inspct,0,0,40,39,0
17,Male,White,Never-married,3,143034,10th,Self-emp-inc,Other-service,0,0,4,39,0
49,Male,White,Married-civ-spouse,0,67365,HS-grad,Private,Craft-repair,0,0,40,39,1
29,Male,White,Divorced,3,163167,HS-grad,Private,Sales,0,0,40,39,0
58,Male,White,Married-civ-spouse,0,27385,HS-grad,Private,Exec-managerial,0,0,60,39,1
59,Male,White,Married-civ-spouse,0,160662,HS-grad,Other,Other,2407,0,60,39,0
65,Female,White,Divorced,1,125768,Some-college,Local-gov,Adm-clerical,0,0,28,39,0
20,Female,White,Never-married,3,91733,Some-college,Private,Sales,0,0,8,39,0
26,Female,White,Divorced,1,34393,Some-college,Private,Adm-clerical,0,0,40,39,0
49,Male,White,Married-civ-spouse,0,197332,Some-college,Self-emp-inc,Sales,0,0,60,39,0
58,Male,White,Divorced,1,140363,HS-grad,Private,Machine-op-inspct,3325,0,30,39,0
25,Male,White,Never-married,1,313930,11th,Private,Craft-repair,0,0,40,26,0
54,Male,White,Married-civ-spouse,0,230951,Bachelors,Self-emp-not-inc,Exec-managerial,0,0,40,39,1
25,Male,White,Never-married,1,236564,HS-grad,Private,Adm-clerical,0,0,40,39,0
18,Male,White,Never-married,3,284450,11th,Other,Other,0,0,25,39,0
42,Male,White,Divorced,4,187294,Some-college,Private,Craft-repair,0,0,40,39,0
48,Female,White,Married-civ-spouse,5,369522,Bachelors,Self-emp-inc,Exec-managerial,0,0,25,39,1
49,Female,White,Divorced,4,116163,Bachelors,Local-gov,Prof-specialty,0,0,50,10,0
38,Male,Amer-Indian-Eskimo,Married-civ-spouse,0,33105,Bachelors,Private,Prof-specialty,0,0,70,39,1
32,Male,White,Married-civ-spouse,0,553405,Bachelors,Private,Sales,99999,0,50,39,1
24,Male,White,Never-married,3,325596,Bachelors,Private,Adm-clerical,0,0,35,39,0
37,Male,White,Married-civ-spouse,0,251396,Assoc-acdm,Private,Exec-managerial,0,0,65,39,1
28,Female,White,Never-married,4,219267,HS-grad,Private,Other-service,0,0,28,39,0
39,Male,White,Married-civ-spouse,0,108540,HS-grad,Private,Sales,0,0,40,39,0
65,Male,White,Married-civ-spouse,0,85787,7th-8th,Private,Craft-repair,0,0,40,39,0
31,Male,Other,Married-civ-spouse,0,137952,Some-college,Private,Other-service,0,0,40,33,0
47,Male,Black,Married-civ-spouse,0,137917,Some-college,Federal-gov,Adm-clerical,0,0,40,39,1
25,Female,White,Never-married,3,126133,Some-college,Private,Other-service,0,0,40,39,0
55,Male,White,Married-civ-spouse,0,278228,10th,Self-emp-not-inc,Sales,0,0,35,39,0
57,Male,White,Married-civ-spouse,0,112840,Masters,Private,Prof-specialty,0,0,55,39,1
54,Female,Black,Widowed,4,127943,HS-grad,Local-gov,Other-service,0,0,40,39,0
27,Male,White,Married-civ-spouse,0,224849,HS-grad,Private,Craft-repair,0,0,40,39,0
29,Male,White,Never-married,3,144592,Bachelors,Private,Sales,0,0,40,39,0
32,Female,White,Married-civ-spouse,5,387270,HS-grad,Private,Sales,0,0,40,39,1
63,Male,White,Never-married,1,187635,HS-grad,Private,Exec-managerial,0,0,40,39,0
56,Male,White,Married-civ-spouse,0,403072,Some-college,Self-emp-not-inc,Craft-repair,0,0,50,39,1
28,Male,White,Never-married,4,22422,HS-grad,Private,Transport-moving,0,0,55,39,0
38,Male,White,Never-married,1,112497,HS-grad,Private,Prof-specialty,0,0,40,39,1
24,Male,White,Never-married,2,308205,7th-8th,Private,Handlers-cleaners,0,0,40,26,0
48,Male,White,Married-civ-spouse,0,378221,Bachelors,Local-gov,Exec-managerial,0,0,60,26,1
29,Male,White,Married-civ-spouse,0,38353,HS-grad,Private,Craft-repair,0,0,45,39,0
32,Female,White,Divorced,4,73621,Some-college,Private,Exec-managerial,0,0,42,39,0
19,Female,Black,Never-married,2,105289,10th,Private,Other-service,0,0,20,39,0
59,Female,White,Divorced,4,114032,Bachelors,Private,Adm-clerical,0,0,40,39,0
40,Male,White,Married-civ-spouse,0,186916,Bachelors,Private,Prof-specialty,0,0,40,39,0
22,Female,White,Never-married,1,123727,Some-college,Private,Handlers-cleaners,0,0,30,39,0
26,Male,Black,Never-married,2,227489,Some-college,Private,Handlers-cleaners,0,0,40,0,0
61,Male,White,Married-civ-spouse,0,213321,HS-grad,Private,Protective-serv,0,0,40,39,0
33,Male,White,Married-civ-spouse,0,159247,Bachelors,Private,Prof-specialty,0,0,40,39,1
46,Female,Black,Divorced,4,200734,Some-college,Private,Adm-clerical,0,0,35,38,0
39,Female,Black,Widowed,4,324231,HS-grad,Private,Machine-op-inspct,0,0,40,39,0
50,Male,White,Married-civ-spouse,0,158948,7th-8th,Private,Craft-repair,3411,0,40,39,0
41,Male,White,Married-civ-spouse,0,238355,5th-6th,Private,Farming-fishing,0,0,40,26,0
35,Female,Asian-Pac-Islander,Married-spouse-absent,1,143589,Bachelors,Private,Prof-specialty,0,0,40,30,0
25,Male,White,Married-civ-spouse,0,276310,9th,Private,Machine-op-inspct,0,0,40,26,0
21,Female,White,Never-married,3,197747,Some-college,Private,Sales,0,0,24,39,0
47,Female,Black,Divorced,4,99549,Some-college,Federal-gov,Adm-clerical,0,0,40,39,0
27,Female,White,Never-married,1,211184,HS-grad,Private,Adm-clerical,0,0,52,39,0
22,Female,White,Never-married,3,203894,Some-college,Private,Sales,0,0,15,39,0
47,Male,White,Married-civ-spouse,0,129513,Bachelors,Private,Exec-managerial,0,0,60,39,1
50,Male,White,Married-civ-spouse,0,143730,Bachelors,Self-emp-not-inc,Farming-fishing,0,0,80,39,0
60,Female,White,Divorced,1,145493,Some-college,Private,Adm-clerical,0,0,40,39,0
44,Male,White,Divorced,1,304530,Some-college,Private,Craft-repair,0,0,55,39,0
44,Male,Black,Married-civ-spouse,0,160943,HS-grad,Local-gov,Transport-moving,0,0,40,39,0
30,Male,White,Married-civ-spouse,0,326199,9th,Private,Craft-repair,2580,0,40,39,0
62,Male,White,Married-civ-spouse,0,178249,Bachelors,Private,Exec-managerial,0,0,35,39,1
29,Female,White,Divorced,1,216479,HS-grad,Private,Exec-managerial,0,0,40,39,0
55,Female,White,Divorced,1,120920,Masters,Self-emp-inc,Prof-specialty,0,0,35,39,0
32,Male,White,Married-civ-spouse,0,299635,Assoc-voc,Private,Craft-repair,0,0,45,39,0
24,Female,White,Never-married,1,215243,Bachelors,Private,Adm-clerical,0,0,42,39,0
47,Male,White,Married-civ-spouse,0,152752,5th-6th,Self-emp-not-inc,Transport-moving,0,0,20,39,0
35,Male,White,Married-civ-spouse,0,125933,Bachelors,Private,Sales,0,0,60,39,1
24,Male,White,Married-civ-spouse,0,456367,HS-grad,Private,Craft-repair,0,0,40,39,0
21,Male,White,Never-married,3,133471,Some-college,Private,Exec-managerial,0,0,40,39,0
46,Male,White,Married-civ-spouse,0,198759,Prof-school,Self-emp-not-inc,Prof-specialty,0,2415,80,39,1
27,Male,White,Never-married,1,69132,Bachelors,Private,Prof-specialty,0,0,40,39,0
42,Male,White,Married-civ-spouse,0,266135,Some-college,Local-gov,Protective-serv,0,0,52,39,1
34,Male,White,Married-civ-spouse,0,313729,Bachelors,Self-emp-not-inc,Sales,0,0,60,39,1
24,Male,White,Never-married,1,152176,Some-college,Private,Handlers-cleaners,0,0,39,39,0
69,Female,White,Divorced,1,107575,HS-grad,Other,Other,2964,0,35,39,0
61,Male,White,Married-civ-spouse,0,166124,HS-grad,Private,Craft-repair,0,0,40,39,1
50,Male,White,Married-civ-spouse,0,237735,5th-6th,Private,Transport-moving,0,0,37,26,0
51,Male,White,Married-civ-spouse,0,392286,HS-grad,Private,Transport-moving,0,0,40,39,1
33,Male,White,Married-civ-spouse,0,198211,HS-grad,Private,Exec-managerial,0,0,40,39,0
28,Male,Asian-Pac-Islander,Never-married,1,375313,HS-grad,Private,Tech-support,0,0,50,39,0
39,Female,White,Divorced,4,706180,Bachelors,Private,Sales,0,0,40,39,0
32,Female,Black,Never-married,3,256371,12th,Other,Other,0,0,40,39,0
57,Male,Black,Divorced,1,111224,Bachelors,State-gov,Machine-op-inspct,0,0,39,39,0
39,Male,White,Married-civ-spouse,0,141420,Some-college,State-gov,Protective-serv,0,0,40,39,0
26,Male,White,Married-civ-spouse,0,36936,Assoc-voc,Private,Craft-repair,0,2002,40,39,0
52,Male,White,Married-civ-spouse,0,145879,Some-college,Private,Sales,0,0,65,39,0
30,Male,White,Never-married,3,131584,Assoc-voc,Self-emp-not-inc,Craft-repair,0,0,60,39,0
20,Male,White,Never-married,3,164219,HS-grad,Private,Handlers-cleaners,0,0,45,39,0
33,Male,Black,Divorced,4,182423,HS-grad,Private,Other-service,0,0,40,39,0
30,Male,White,Never-married,4,260782,HS-grad,Private,Craft-repair,0,0,40,0,0
59,Female,White,Widowed,1,308118,Assoc-acdm,Private,Exec-managerial,0,0,40,39,1
64,Male,White,Separated,1,114994,Some-college,Private,Other-service,0,0,40,39,0
24,Male,White,Married-civ-spouse,0,236769,7th-8th,Self-emp-not-inc,Craft-repair,0,0,40,39,0
62,Male,White,Married-civ-spouse,0,121319,Bachelors,Private,Prof-specialty,3103,0,40,39,1
38,Female,Black,Divorced,1,303817,Some-college,Federal-gov,Exec-managerial,0,0,40,39,0
28,Male,White,Married-civ-spouse,3,189241,11th,Private,Handlers-cleaners,0,0,40,39,0
36,Male,Asian-Pac-Islander,Married-civ-spouse,0,153205,Bachelors,Private,Prof-specialty,0,0,45,0,0
24,Male,White,Never-married,1,140001,Bachelors,Private,Exec-managerial,0,0,40,39,0
47,Male,White,Married-civ-spouse,0,201699,Assoc-acdm,Self-emp-inc,Exec-managerial,0,0,50,39,1
25,Male,White,Never-married,3,241626,HS-grad,Private,Other-service,0,0,30,39,0
34,Female,White,Married-spouse-absent,4,32528,Assoc-voc,Private,Adm-clerical,0,974,40,39,0
46,Male,White,Married-civ-spouse,0,185041,HS-grad,Private,Machine-op-inspct,0,0,50,39,0
30,Male,Black,Married-civ-spouse,0,411560,HS-grad,Other,Other,0,0,40,39,0
34,Male,White,Married-civ-spouse,0,24961,HS-grad,Self-emp-not-inc,Farming-fishing,0,0,80,39,0
37,Female,White,Divorced,4,26898,HS-grad,Private,Exec-managerial,0,0,12,39,0
34,Male,White,Divorced,1,199227,HS-grad,Private,Transport-moving,0,0,50,39,0
48,Female,Asian-Pac-Islander,Divorced,4,105138,HS-grad,Private,Exec-managerial,0,0,40,39,0
37,Male,White,Separated,1,150566,HS-grad,State-gov,Craft-repair,0,0,44,39,0
36,Male,White,Married-civ-spouse,0,531055,HS-grad,Private,Craft-repair,0,1902,48,39,1
33,Male,Amer-Indian-Eskimo,Divorced,4,98145,Some-college,Other,Other,0,0,30,39,0
25,Male,White,Never-married,3,194342,HS-grad,Private,Machine-op-inspct,0,0,40,39,0
39,Male,White,Married-civ-spouse,0,174242,HS-grad,Private,Craft-repair,0,0,40,39,0
48,Female,White,Divorced,1,229846,Assoc-voc,Private,Other-service,0,0,40,0,0
36,Male,White,Never-married,1,100681,Some-college,Private,Adm-clerical,2463,0,40,39,0
65,Male,White,Married-civ-spouse,0,215908,HS-grad,State-gov,Adm-clerical,0,2174,40,39,1
46,Female,White,Never-married,1,24728,HS-grad,Private,Craft-repair,0,0,48,39,0
32,Female,White,Never-married,1,158242,Bachelors,Private,Prof-specialty,0,0,40,39,0
19,Male,Other,Never-married,1,369678,HS-grad,Other,Other,0,0,30,39,0
18,Male,White,Never-married,2,151463,11th,Other,Other,0,0,7,39,0
48,Male,White,Divorced,3,193775,Bachelors,Private,Adm-clerical,0,0,38,39,1
20,Female,White,Married-civ-spouse,2,217421,HS-grad,Private,Adm-clerical,0,0,40,39,0
63,Male,White,Married-civ-spouse,0,301108,11th,Private,Sales,0,0,22,39,0
20,Male,White,Never-married,3,95997,HS-grad,Self-emp-inc,Farming-fishing,0,0,70,39,0
30,Male,Black,Never-married,1,145692,Some-college,Local-gov,Protective-serv,0,1974,40,39,0
41,Female,White,Divorced,1,340682,HS-grad,Local-gov,Adm-clerical,0,0,40,39,0
38,Male,White,Married-civ-spouse,0,134444,Some-college,Local-gov,Protective-serv,0,0,72,39,0
24,Male,White,Never-married,1,462820,Bachelors,Private,Farming-fishing,0,0,40,39,0
52,Male,Black,Widowed,1,40200,Some-college,Self-emp-not-inc,Craft-repair,0,0,35,39,0
21,Male,Black,Never-married,3,164019,Some-college,Private,Farming-fishing,0,0,10,39,0
36,Male,White,Married-civ-spouse,0,138940,HS-grad,Self-emp-not-inc,Farming-fishing,0,0,70,39,0
26,Male,White,Never-married,1,410240,11th,Private,Craft-repair,0,0,40,39,0
31,Female,Black,Separated,1,106347,11th,Private,Other-service,0,0,42,39,0
32,Male,White,Never-married,1,206051,Some-college,Private,Adm-clerical,0,0,35,39,0
22,Male,Black,Never-married,3,267174,HS-grad,Private,Handlers-cleaners,0,0,40,39,0
31,Male,White,Married-civ-spouse,0,268482,9th,Self-emp-not-inc,Craft-repair,0,0,40,39,0
30,Male,White,Never-married,1,289442,HS-grad,Local-gov,Protective-serv,0,0,40,39,0
53,Female,Black,Divorced,4,91911,HS-grad,Private,Craft-repair,0,0,48,39,0
25,Male,White,Never-married,1,213385,HS-grad,Private,Adm-clerical,0,0,40,39,0
49,Female,White,Divorced,1,94215,12th,Private,Machine-op-inspct,0,0,40,39,0
46,Female,White,Divorced,1,106252,Some-college,Federal-gov,Adm-clerical,0,0,40,39,0
43,Female,White,Divorced,4,292175,Masters,Self-emp-not-inc,Exec-managerial,0,0,45,39,1
33,Female,Black,Separated,4,547886,Bachelors,Private,Exec-managerial,0,0,40,39,0
36,Male,White,Married-civ-spouse,0,408427,Prof-school,Self-emp-not-inc,Prof-specialty,0,0,60,39,1
49,Female,White,Married-civ-spouse,5,125421,HS-grad,Private,Craft-repair,0,0,40,39,1
28,Male,White,Married-civ-spouse,0,176683,Assoc-voc,Private,Tech-support,0,0,70,39,1
30,Male,White,Married-civ-spouse,0,225053,HS-grad,Private,Exec-managerial,0,0,50,39,0
19,Male,White,Never-married,1,72355,Some-college,Private,Other-service,0,0,20,39,0
41,Male,White,Married-civ-spouse,0,224799,Some-college,Private,Craft-repair,0,0,40,39,0
38,Male,White,Married-civ-spouse,0,308686,Bachelors,Self-emp-inc,Prof-specialty,0,0,70,39,1
26,Male,White,Never-married,1,245880,HS-grad,Private,Adm-clerical,0,0,60,39,0
45,Male,White,Married-civ-spouse,0,187581,Some-college,Private,Craft-repair,0,0,40,39,1
24,Male,White,Never-married,2,222005,HS-grad,Private,Other-service,0,0,30,39,0
47,Male,White,Never-married,1,175958,Bachelors,Self-emp-inc,Sales,3325,0,60,39,0
55,Female,White,Divorced,1,177380,HS-grad,Private,Adm-clerical,0,0,29,39,0
51,Male,White,Married-civ-spouse,0,338836,Some-college,Self-emp-inc,Exec-managerial,0,0,40,39,1
36,Female,White,Married-civ-spouse,5,578377,Masters,Local-gov,Prof-specialty,0,0,40,39,0
30,Female,Black,Never-married,4,104223,HS-grad,Private,Other-service,0,0,32,39,0
42,Female,White,Divorced,4,115178,Bachelors,Private,Prof-specialty,0,0,15,39,0
51,Female,White,Separated,2,280093,HS-grad,Private,Adm-clerical,0,0,40,39,0
20,Male,White,Never-married,3,209131,Some-college,Private,Machine-op-inspct,0,0,40,39,0
47,Male,White,Married-civ-spouse,0,118972,HS-grad,Private,Transport-moving,0,0,50,39,1
24,Male,White,Never-married,1,278130,Bachelors,Private,Prof-specialty,0,0,40,39,0
34,Male,White,Married-civ-spouse,0,203488,Some-college,Private,Transport-moving,0,0,40,39,0
46,Male,White,Never-married,2,194431,HS-grad,Private,Tech-support,0,0,40,39,0
61,Female,White,Never-married,4,230545,HS-grad,Federal-gov,Adm-clerical,0,0,35,33,0
40,Male,White,Divorced,1,279679,Some-college,Private,Exec-managerial,0,0,45,39,0
29,Female,White,Never-married,1,114158,Some-college,Private,Prof-specialty,0,0,40,39,0
33,Female,White,Never-married,1,120064,Bachelors,Local-gov,Prof-specialty,0,0,45,39,0
47,Female,White,Divorced,1,251508,HS-grad,Private,Tech-support,0,0,36,39,0
46,Male,White,Never-married,1,189762,Assoc-acdm,Private,Tech-support,0,0,56,39,0
50,Male,Black,Married-civ-spouse,0,226735,Some-college,Private,Protective-serv,0,0,70,39,1
46,Male,White,Divorced,1,59767,Some-college,Private,Sales,0,0,50,39,0
48,Male,White,Divorced,1,155862,HS-grad,Private,Transport-moving,0,0,65,39,0
48,Male,White,Married-civ-spouse,0,65535,HS-grad,Self-emp-not-inc,Farming-fishing,0,0,50,39,0
21,Male,White,Never-married,3,410439,Some-college,Private,Sales,0,0,24,39,0
24,Female,White,Never-married,1,162919,Some-college,Local-gov,Adm-clerical,0,0,40,39,0
45,Male,Black,Never-married,1,273194,HS-grad,Federal-gov,Transport-moving,3325,0,40,39,0
31,Male,White,Never-married,1,357954,Assoc-acdm,Local-gov,Tech-support,0,0,20,39,0
31,Male,White,Married-civ-spouse,0,110643,Bachelors,Private,Exec-managerial,0,1977,55,39,1
76,Female,White,Divorced,1,98695,Some-college,Private,Adm-clerical,0,0,20,39,0
44,Female,Black,Never-married,3,288433,Some-college,Private,Adm-clerical,0,0,40,39,0
50,Male,White,Married-civ-spouse,0,311551,Masters,Local-gov,Prof-specialty,7688,0,50,39,1
23,Female,White,Never-married,1,170070,12th,Private,Other-service,0,0,38,39,0
25,Female,White,Never-married,1,231016,Masters,Private,Prof-specialty,4650,0,37,39,0
57,Male,White,Married-civ-spouse,0,222247,12th,Private,Transport-moving,0,0,40,39,1
54,Male,White,Married-civ-spouse,0,256908,Bachelors,Private,Tech-support,0,0,25,39,1
48,Male,White,Married-civ-spouse,0,188432,HS-grad,Private,Machine-op-inspct,3103,0,46,39,1
26,Male,White,Never-married,3,214413,Some-college,Private,Craft-repair,0,0,40,39,0
50,Male,White,Married-civ-spouse,0,209320,Bachelors,Private,Sales,0,0,40,39,1
21,Male,White,Never-married,3,138768,Some-college,Private,Sales,0,0,40,39,0
48,Male,Black,Divorced,2,395368,Some-college,Private,Handlers-cleaners,0,0,40,39,0
57,Male,White,Married-civ-spouse,0,125000,Prof-school,Self-emp-inc,Prof-specialty,0,0,35,39,1
45,Female,White,Divorced,1,107682,Masters,Private,Exec-managerial,0,0,40,39,1
23,Female,White,Never-married,1,363219,Some-college,Private,Priv-house-serv,0,0,6,39,0
31,Female,White,Never-married,4,113688,HS-grad,Federal-gov,Machine-op-inspct,0,0,40,39,0
21,Female,White,Never-married,1,51047,HS-grad,Private,Adm-clerical,0,0,25,39,0
57,Male,White,Never-married,1,303986,5th-6th,Private,Other-service,0,0,40,5,0
53,Male,White,Married-civ-spouse,0,68898,Some-college,Private,Tech-support,0,0,40,39,0
29,Female,White,Never-married,1,198825,HS-grad,Private,Exec-managerial,0,0,38,39,0
21,Male,White,Never-married,1,72119,Some-college,Private,Adm-clerical,0,0,45,39,0
48,Female,White,Widowed,4,232840,Some-college,Private,Adm-clerical,0,0,43,39,0
24,Male,White,Married-civ-spouse,0,155150,HS-grad,Private,Machine-op-inspct,0,0,40,39,0
32,Male,White,Married-civ-spouse,0,134737,Bachelors,Private,Prof-specialty,99999,0,50,39,1
45,Female,Black,Married-spouse-absent,4,234699,HS-grad,Private,Other-service,0,0,60,39,1
47,Male,White,Married-civ-spouse,0,125892,Some-college,Private,Craft-repair,0,0,75,39,1
51,Male,Amer-Indian-Eskimo,Married-civ-spouse,0,243631,10th,State-gov,Craft-repair,0,0,40,39,0
64,Male,White,Married-civ-spouse,0,216160,Doctorate,State-gov,Prof-specialty,0,0,50,4,1
30,Female,White,Married-spouse-absent,1,188398,HS-grad,Private,Adm-clerical,0,0,30,39,0
22,Male,White,Never-married,3,300871,Some-college,Private,Adm-clerical,0,0,40,39,0
27,Male,White,Never-married,1,182540,11th,Private,Craft-repair,0,0,40,39,0
34,Male,White,Never-married,2,223267,HS-grad,Private,Exec-managerial,0,0,50,39,0
45,Male,Asian-Pac-Islander,Never-married,1,101656,10th,Private,Machine-op-inspct,0,0,40,40,0
54,Male,White,Divorced,4,88019,HS-grad,Private,Other-service,0,0,32,39,0
48,Male,White,Married-civ-spouse,0,185385,HS-grad,Self-emp-not-inc,Farming-fishing,0,0,98,39,0
34,Male,White,Married-civ-spouse,0,381153,HS-grad,Private,Transport-moving,0,0,40,39,0
26,Male,White,Never-married,2,274724,Some-college,Private,Other-service,0,0,40,27,0
23,Male,White,Never-married,1,152189,Assoc-acdm,Private,Other-service,0,0,40,39,0
69,Male,White,Married-civ-spouse,0,124930,5th-6th,Private,Machine-op-inspct,0,2267,40,39,0
37,Male,White,Never-married,1,107164,10th,Self-emp-inc,Transport-moving,0,2559,50,39,1
23,Male,Black,Never-married,3,245147,Some-college,Private,Handlers-cleaners,0,0,40,39,0
54,Male,Asian-Pac-Islander,Married-civ-spouse,0,269068,Prof-school,Self-emp-not-inc,Prof-specialty,99999,0,50,30,1
26,Female,White,Never-married,3,150226,Bachelors,Local-gov,Prof-specialty,0,0,35,39,0
43,Male,White,Married-civ-spouse,0,421837,Some-college,Private,Machine-op-inspct,0,0,40,26,0
40,Female,White,Never-married,1,347934,HS-grad,Private,Other-service,0,0,35,39,0
21,Female,White,Never-married,3,275190,Some-college,Private,Sales,0,0,20,39,0
21,Female,White,Never-married,1,383603,10th,Private,Other-service,0,0,35,39,0
46,Male,White,Married-civ-spouse,0,179869,HS-grad,Private,Craft-repair,0,0,40,39,0
35,Male,White,Married-civ-spouse,0,119992,Assoc-acdm,Private,Craft-repair,0,0,45,39,0
42,Female,White,Divorced,2,341204,HS-grad,Private,Craft-repair,0,0,40,39,0
55,Male,White,Married-civ-spouse,0,321333,Some-college,Federal-gov,Adm-clerical,0,0,40,39,1
58,Male,White,Married-civ-spouse,0,407138,7th-8th,Private,Machine-op-inspct,2936,0,50,26,0
54,Male,White,Married-civ-spouse,0,125417,7th-8th,Self-emp-inc,Machine-op-inspct,0,0,40,39,1
22,Female,White,Never-married,1,91842,Some-college,Private,Sales,0,0,42,39,0
67,Male,Black,Divorced,1,256821,HS-grad,Local-gov,Protective-serv,0,0,20,39,0
47,Male,White,Married-spouse-absent,2,219632,5th-6th,Private,Machine-op-inspct,0,0,40,26,0
29,Male,Black,Married-civ-spouse,0,235393,HS-grad,Private,Craft-repair,0,0,40,39,0
34,Male,White,Married-civ-spouse,0,124052,Bachelors,Self-emp-not-inc,Sales,0,0,30,39,0
47,Female,White,Divorced,1,145269,11th,Private,Craft-repair,0,0,45,39,0
55,Female,White,Separated,4,174533,Bachelors,Federal-gov,Other-service,0,0,72,0,0
47,Male,Black,Never-married,1,248776,Masters,Self-emp-not-inc,Exec-managerial,0,0,25,39,0
35,Female,White,Never-married,3,35854,Some-college,Other,Other,0,0,40,39,0
31,Male,White,Married-civ-spouse,0,206609,HS-grad,Local-gov,Protective-serv,0,0,40,39,1
25,Male,White,Never-married,1,361493,Bachelors,Private,Sales,3325,0,40,39,0
37,Male,White,Married-civ-spouse,0,224886,HS-grad,Private,Transport-moving,0,0,42,39,0
39,Male,White,Married-civ-spouse,0,124090,9th,Self-emp-not-inc,Craft-repair,0,0,40,39,0
66,Male,White,Married-civ-spouse,0,179285,HS-grad,Local-gov,Exec-managerial,3432,0,20,39,0
19,Female,White,Never-married,1,365640,HS-grad,Private,Priv-house-serv,0,0,45,0,0
25,Male,White,Married-civ-spouse,0,238964,Some-college,Private,Craft-repair,0,0,60,39,1
44,Male,White,Married-civ-spouse,0,64632,Doctorate,Self-emp-inc,Prof-specialty,0,0,60,39,0
47,Male,White,Married-civ-spouse,0,306473,Assoc-acdm,State-gov,Transport-moving,0,0,40,39,0
47,Male,White,Married-civ-spouse,0,197702,Some-college,Private,Craft-repair,0,0,40,39,0
32,Male,White,Married-civ-spouse,0,113543,Prof-school,Self-emp-inc,Prof-specialty,0,0,40,39,1
34,Male,White,Married-civ-spouse,0,260560,HS-grad,Private,Exec-managerial,0,0,50,39,0
34,Male,White,Married-civ-spouse,0,265917,HS-grad,Self-emp-inc,Exec-managerial,0,0,40,39,1
42,Male,Black,Married-civ-spouse,0,204450,HS-grad,Private,Handlers-cleaners,0,0,40,39,0
25,Male,Other,Married-spouse-absent,1,374163,HS-grad,Private,Farming-fishing,0,0,40,26,0
23,Male,Amer-Indian-Eskimo,Never-married,1,306601,Bachelors,Private,Craft-repair,0,0,40,26,0
40,Male,White,Married-civ-spouse,0,102226,HS-grad,Self-emp-inc,Exec-managerial,0,0,40,39,0
54,Female,White,Widowed,4,155408,HS-grad,Private,Handlers-cleaners,0,0,40,39,0
50,Female,White,Separated,4,202296,Assoc-voc,Private,Prof-specialty,0,0,40,39,0
43,Male,White,Separated,1,242804,HS-grad,Private,Handlers-cleaners,0,0,40,39,0
35,Male,White,Separated,1,233533,Bachelors,Self-emp-not-inc,Craft-repair,0,0,65,39,0
24,Female,White,Never-married,1,211968,Some-college,Private,Sales,0,0,24,39,0
52,Male,White,Married-civ-spouse,0,115851,HS-grad,Private,Craft-repair,0,0,40,39,0
28,Male,Amer-Indian-Eskimo,Married-civ-spouse,0,150309,HS-grad,Private,Machine-op-inspct,0,0,45,39,0
58,Female,White,Widowed,1,118303,HS-grad,Private,Sales,0,0,35,39,1
22,Male,White,Never-married,1,210165,Some-college,Self-emp-not-inc,Craft-repair,0,0,40,39,0
51,Male,White,Married-civ-spouse,0,138847,Bachelors,Private,Exec-managerial,0,0,40,39,1
40,Male,Amer-Indian-Eskimo,Never-married,2,95639,HS-grad,Local-gov,Craft-repair,0,0,40,39,0
42,Male,White,Married-civ-spouse,0,111252,Masters,Local-gov,Exec-managerial,0,1977,40,39,1
43,Male,White,Married-civ-spouse,0,188291,Prof-school,Local-gov,Prof-specialty,15024,0,45,39,1
30,Female,White,Married-civ-spouse,5,190385,Bachelors,Private,Other-service,0,0,40,39,1
41,Female,White,Divorced,1,46870,Some-college,Private,Exec-managerial,0,0,40,39,0
44,Male,White,Married-civ-spouse,0,96249,Some-college,State-gov,Exec-managerial,3411,0,40,39,0
20,Female,White,Never-married,1,203240,Assoc-acdm,Private,Adm-clerical,0,0,30,39,0
48,Male,White,Married-civ-spouse,0,287480,Masters,Private,Tech-support,0,0,40,39,1
26,Male,White,Married-civ-spouse,0,106406,Some-college,Private,Craft-repair,0,0,40,39,0
42,Male,White,Married-civ-spouse,0,190786,Assoc-voc,Private,Craft-repair,0,0,40,39,0
45,Female,White,Divorced,4,191914,HS-grad,Private,Transport-moving,0,0,55,39,0
35,Female,White,Divorced,4,94529,HS-grad,State-gov,Protective-serv,0,0,40,39,0
40,Male,White,Married-civ-spouse,0,51290,Masters,Private,Prof-specialty,0,0,50,39,1
62,Male,White,Married-civ-spouse,0,200332,HS-grad,Private,Machine-op-inspct,0,0,40,39,0
47,Male,White,Married-civ-spouse,0,423222,Prof-school,Private,Exec-managerial,0,0,45,39,1
45,Female,White,Divorced,4,319666,Prof-school,State-gov,Prof-specialty,0,0,43,39,0
24,Female,Black,Never-married,3,293579,HS-grad,Private,Sales,0,0,20,39,0
45,Male,White,Divorced,1,38240,HS-grad,Private,Craft-repair,0,0,40,39,0
36,Male,White,Never-married,1,356838,12th,Other,Other,0,0,35,39,0
36,Male,Black,Married-civ-spouse,0,592930,HS-grad,Private,Transport-moving,0,0,50,39,1
18,Female,White,Never-married,1,293227,HS-grad,Private,Other-service,0,0,45,39,0
42,Female,White,Divorced,1,179557,Some-college,Private,Tech-support,0,0,40,39,0
46,Female,White,Separated,1,117313,9th,Private,Machine-op-inspct,0,0,40,21,0
57,Male,White,Married-civ-spouse,0,52267,HS-grad,Local-gov,Transport-moving,0,0,72,39,0
25,Female,White,Never-married,1,181528,Masters,Private,Exec-managerial,0,0,43,39,0
26,Male,White,Married-civ-spouse,0,76491,Masters,Private,Prof-specialty,0,0,20,39,0
35,Male,White,Married-civ-spouse,0,188041,Some-college,Private,Exec-managerial,0,0,50,39,0
25,Male,White,Never-married,2,202480,Assoc-acdm,Other,Other,0,0,45,39,0
68,Male,White,Divorced,1,224019,Some-college,Private,Exec-managerial,0,0,30,39,0
38,Male,White,Divorced,1,172571,Some-college,Federal-gov,Adm-clerical,0,0,40,39,1
41,Male,White,Married-spouse-absent,1,262038,5th-6th,Private,Farming-fishing,0,0,35,26,0
22,Male,Asian-Pac-Islander,Married-civ-spouse,0,88050,Assoc-acdm,Private,Exec-managerial,0,0,6,39,0
36,Male,Asian-Pac-Islander,Married-civ-spouse,0,123983,Bachelors,Private,Prof-specialty,0,0,55,24,1
28,Female,Black,Never-married,1,37933,HS-grad,Private,Other-service,0,0,48,39,0
24,Male,White,Never-married,1,190290,Bachelors,Private,Sales,0,0,60,39,0
24,Male,White,Never-married,3,152189,HS-grad,Private,Craft-repair,0,0,40,39,0
26,Male,White,Married-civ-spouse,0,199143,HS-grad,Private,Handlers-cleaners,0,0,50,39,0
20,Female,White,Never-married,1,84726,Some-college,Private,Tech-support,0,0,40,39,0
30,Female,White,Never-married,3,164493,Some-college,Local-gov,Adm-clerical,0,0,10,39,0
33,Female,White,Married-civ-spouse,5,36539,Bachelors,Private,Exec-managerial,0,0,40,39,1
43,Male,White,Married-civ-spouse,0,198096,Masters,Self-emp-not-inc,Sales,0,0,60,39,0
43,Male,White,Married-civ-spouse,0,331894,Some-college,Private,Transport-moving,0,0,60,39,1
25,Female,White,Never-married,1,132683,HS-grad,Private,Priv-house-serv,0,0,50,39,0
29,Male,White,Married-civ-spouse,5,350162,Bachelors,Private,Exec-managerial,0,0,40,39,1
39,Male,White,Married-civ-spouse,0,322143,12th,Private,Transport-moving,15024,0,70,39,1
46,Male,White,Married-civ-spouse,0,330087,Bachelors,Private,Exec-managerial,15024,0,45,39,1
24,Male,White,Never-married,1,450695,Assoc-acdm,Private,Sales,0,0,35,39,0
22,Male,White,Never-married,1,228752,HS-grad,Private,Handlers-cleaners,0,0,40,39,0
51,Male,White,Never-married,1,226885,HS-grad,State-gov,Transport-moving,0,0,40,39,0
43,Male,White,Married-civ-spouse,0,145762,Bachelors,Private,Exec-managerial,0,0,40,39,0
51,Male,White,Married-civ-spouse,0,138852,HS-grad,Private,Craft-repair,0,0,40,39,0
40,Female,White,Divorced,1,245529,Assoc-acdm,Private,Prof-specialty,0,0,40,39,0
37,Male,White,Never-married,1,46814,Bachelors,State-gov,Prof-specialty,0,0,38,39,0
20,Female,Black,Never-married,3,211293,Some-college,Private,Sales,0,0,14,39,0
51,Male,White,Divorced,1,123011,Bachelors,Private,Exec-managerial,0,2559,50,39,1
34,Male,White,Separated,1,265807,Some-college,Private,Craft-repair,0,0,45,39,0
38,Male,White,Married-civ-spouse,0,269323,HS-grad,Private,Adm-clerical,0,0,40,39,1
38,Female,White,Divorced,1,213716,Assoc-voc,Private,Other-service,0,0,30,39,0
21,Male,Black,Never-married,3,184135,HS-grad,Private,Machine-op-inspct,0,0,1,39,0
21,Male,White,Separated,3,186648,10th,Private,Machine-op-inspct,0,0,40,39,0
25,Male,White,Never-married,1,368115,Bachelors,Self-emp-not-inc,Exec-managerial,13550,0,35,39,1
52,Male,White,Married-civ-spouse,0,105428,Some-college,Other,Other,0,0,12,39,0
23,Male,White,Never-married,3,152328,Some-college,Private,Exec-managerial,0,0,40,39,0
25,Male,White,Never-married,1,266820,Preschool,Private,Farming-fishing,0,0,35,26,0
26,Male,White,Married-civ-spouse,0,202033,Bachelors,Private,Transport-moving,0,0,40,39,1
51,Male,White,Married-civ-spouse,0,160703,12th,Private,Craft-repair,0,0,45,39,0
23,Female,White,Never-married,3,107578,Bachelors,Private,Adm-clerical,2174,0,40,39,0
59,Female,White,Married-civ-spouse,5,139344,Some-college,Private,Adm-clerical,0,0,40,39,1
41,Male,White,Married-civ-spouse,0,355918,HS-grad,Federal-gov,Tech-support,0,0,40,39,1
27,Male,White,Married-civ-spouse,0,259840,Bachelors,Private,Adm-clerical,0,0,45,39,0
52,Male,White,Married-civ-spouse,0,91689,Some-college,Local-gov,Transport-moving,0,0,40,39,0
64,Female,White,Divorced,1,199298,5th-6th,Local-gov,Other-service,0,0,45,0,0
23,Male,White,Never-married,1,309580,Masters,Private,Prof-specialty,0,0,40,39,0
41,Male,White,Divorced,1,327723,HS-grad,Private,Exec-managerial,0,0,40,39,0
21,Male,White,Never-married,3,155066,Some-college,Private,Craft-repair,0,0,40,39,0
45,Male,White,Married-civ-spouse,0,35969,Masters,State-gov,Prof-specialty,0,0,60,39,1
46,Male,White,Married-civ-spouse,0,149949,Bachelors,Local-gov,Prof-specialty,0,0,45,39,1
33,Male,White,Married-civ-spouse,0,173005,Bachelors,Local-gov,Adm-clerical,0,1848,45,39,1
61,Male,White,Married-civ-spouse,0,243283,HS-grad,Private,Machine-op-inspct,0,0,40,39,0
42,Male,White,Married-civ-spouse,0,336513,Bachelors,Self-emp-not-inc,Craft-repair,15024,0,60,39,1
18,Male,White,Never-married,3,194561,Some-college,Private,Other-service,0,0,37,39,0
19,Female,White,Never-married,1,258633,Some-college,Private,Other-service,0,0,30,39,0
33,Male,White,Married-civ-spouse,0,268571,Some-college,Private,Other-service,0,0,40,39,0
17,Male,White,Never-married,3,207791,10th,Private,Handlers-cleaners,0,0,20,39,0
32,Female,Asian-Pac-Islander,Married-civ-spouse,5,167531,Prof-school,Private,Prof-specialty,15024,0,50,39,1
22,Female,White,Never-married,3,292933,Bachelors,State-gov,Adm-clerical,0,0,10,39,0
17,Female,White,Never-married,3,295308,11th,Private,Priv-house-serv,0,0,20,39,0
33,Male,Amer-Indian-Eskimo,Never-married,1,70164,Bachelors,Local-gov,Prof-specialty,0,0,60,39,0
34,Male,Asian-Pac-Islander,Married-civ-spouse,0,99872,Masters,Private,Exec-managerial,3103,0,40,19,1
27,Male,White,Married-civ-spouse,0,165519,HS-grad,Private,Craft-repair,0,0,40,39,0
30,Male,White,Married-civ-spouse,0,283767,HS-grad,Private,Adm-clerical,0,0,40,0,0
45,Male,White,Never-married,3,67716,HS-grad,Private,Craft-repair,10520,0,48,39,1
26,Male,Asian-Pac-Islander,Never-married,1,85482,HS-grad,Federal-gov,Adm-clerical,0,0,40,39,0
34,Male,White,Married-civ-spouse,0,240252,Masters,Local-gov,Exec-managerial,0,0,40,39,1
25,Male,White,Married-civ-spouse,1,250038,Masters,Private,Machine-op-inspct,0,0,40,26,0
37,Male,Black,Married-civ-spouse,0,265737,Some-college,Private,Exec-managerial,0,1887,60,5,1
35,Female,White,Divorced,1,379959,HS-grad,Private,Other-service,0,0,40,39,0
42,Male,White,Married-civ-spouse,0,149823,Some-college,Private,Craft-repair,0,0,40,39,0
55,Female,White,Widowed,4,99551,Bachelors,Self-emp-not-inc,Sales,0,0,15,39,0
43,Male,White,Married-civ-spouse,0,69333,HS-grad,Private,Machine-op-inspct,0,0,48,39,0
25,Female,Black,Never-married,4,180212,HS-grad,Private,Adm-clerical,0,0,40,39,0
29,Male,White,Married-civ-spouse,0,202878,7th-8th,Private,Farming-fishing,0,2042,40,39,0
24,Male,White,Never-married,1,204935,Masters,Private,Adm-clerical,0,0,56,39,0
37,Male,White,Married-civ-spouse,0,241998,Bachelors,Self-emp-not-inc,Prof-specialty,0,0,5,39,1
51,Male,White,Married-civ-spouse,0,259323,HS-grad,Self-emp-not-inc,Craft-repair,0,0,70,39,0
43,Male,White,Married-civ-spouse,0,187322,Bachelors,Private,Craft-repair,0,0,40,39,1
26,Female,White,Never-married,1,53598,Some-college,Private,Adm-clerical,0,0,40,39,0
28,Male,White,Never-married,1,410351,Some-college,Private,Craft-repair,0,0,30,39,0
59,Female,White,Married-civ-spouse,5,420537,HS-grad,Local-gov,Adm-clerical,0,0,38,39,1
31,Male,White,Married-civ-spouse,0,77634,Assoc-voc,Private,Other-service,0,0,42,39,0
46,Male,White,Married-civ-spouse,0,128796,Bachelors,Private,Exec-managerial,0,0,44,39,1
23,Female,White,Never-married,2,175837,11th,Private,Farming-fishing,0,0,40,33,0
29,Male,White,Separated,1,102345,Assoc-voc,Private,Craft-repair,0,0,40,39,0
77,Male,White,Married-civ-spouse,0,117898,Bachelors,Private,Exec-managerial,0,0,50,39,1
40,Female,Black,Married-civ-spouse,5,222848,10th,Private,Other-service,0,0,32,39,0
49,Male,White,Married-civ-spouse,0,79627,Some-college,Self-emp-not-inc,Exec-managerial,0,0,40,39,0
48,Female,White,Never-married,1,99086,Bachelors,State-gov,Exec-managerial,0,0,50,39,0
43,Male,White,Married-civ-spouse,0,70055,Some-college,Private,Adm-clerical,0,0,40,39,0
40,Female,White,Married-civ-spouse,5,161285,Some-college,Other,Other,0,0,25,39,0
41,Male,Other,Married-civ-spouse,0,230020,HS-grad,Private,Craft-repair,0,0,40,39,0
56,Male,Black,Married-civ-spouse,0,273084,Masters,Local-gov,Exec-managerial,0,0,40,39,1
24,Male,White,Never-married,1,162282,HS-grad,Private,Craft-repair,0,0,40,39,0
25,Female,White,Never-married,2,111243,HS-grad,Private,Sales,0,0,50,39,0
19,Male,White,Never-married,3,199480,10th,Private,Handlers-cleaners,0,0,25,39,0
27,Female,White,Never-married,3,118230,Bachelors,Private,Exec-managerial,0,0,40,39,0
49,Male,White,Divorced,1,124604,HS-grad,Private,Adm-clerical,0,0,32,39,0
18,Female,White,Never-married,3,182042,11th,Private,Other-service,0,0,19,39,0
51,Male,Black,Never-married,1,88120,HS-grad,Local-gov,Other-service,0,0,40,39,0
45,Male,White,Married-civ-spouse,0,246891,Bachelors,Private,Exec-managerial,0,0,72,2,1
30,Male,White,Never-married,1,123178,10th,Private,Craft-repair,0,0,50,39,0
46,Male,White,Married-civ-spouse,0,99835,Prof-school,Private,Prof-specialty,0,0,60,39,1
39,Male,White,Married-civ-spouse,0,305597,Assoc-voc,Private,Craft-repair,0,0,40,39,0
34,Male,White,Married-civ-spouse,0,34104,Masters,State-gov,Prof-specialty,7688,0,38,39,1
50,Female,Black,Married-civ-spouse,5,121038,Assoc-voc,Private,Other-service,0,0,40,39,0
39,Male,White,Married-civ-spouse,0,167777,11th,Private,Craft-repair,0,0,35,39,0
49,Female,White,Separated,3,181717,Assoc-voc,Private,Prof-specialty,0,0,36,39,0
47,Male,White,Married-civ-spouse,0,267205,Assoc-voc,Private,Craft-repair,0,0,60,0,1
59,Male,White,Divorced,1,162136,Some-college,Private,Machine-op-inspct,0,0,56,39,0
51,Female,White,Divorced,4,89652,HS-grad,Private,Adm-clerical,4787,0,24,39,1
22,Male,White,Never-married,2,216129,HS-grad,Federal-gov,Adm-clerical,0,0,40,39,0
54,Male,White,Married-civ-spouse,0,162439,HS-grad,Self-emp-inc,Exec-managerial,0,0,98,39,1
37,Male,White,Married-civ-spouse,0,336598,5th-6th,Private,Farming-fishing,0,0,36,26,0
52,Female,White,Widowed,2,226084,HS-grad,Private,Priv-house-serv,0,0,40,39,0
44,Male,White,Married-civ-spouse,0,483201,Bachelors,Self-emp-not-inc,Exec-managerial,0,0,40,39,0
41,Male,White,Married-civ-spouse,0,134130,Bachelors,Private,Sales,0,0,50,39,1
34,Male,White,Married-civ-spouse,0,188246,HS-grad,Private,Machine-op-inspct,0,0,40,39,0
43,Male,Black,Married-civ-spouse,0,286750,Prof-school,Self-emp-inc,Prof-specialty,0,0,99,39,1
38,Female,White,Divorced,3,252897,Some-college,Private,Sales,0,0,25,39,0
51,Female,White,Divorced,1,220537,HS-grad,Private,Machine-op-inspct,0,0,40,39,0
36,Female,White,Divorced,4,194630,Some-college,Private,Sales,0,0,40,39,0
54,Male,White,Married-civ-spouse,0,223660,HS-grad,Private,Exec-managerial,0,0,55,39,1
48,Female,Black,Separated,2,113598,Some-college,Private,Adm-clerical,0,0,40,39,0
40,Female,White,Never-married,1,404573,Some-college,Private,Sales,0,0,44,39,0
37,Male,White,Married-civ-spouse,0,192939,HS-grad,Private,Transport-moving,0,0,40,39,0
34,Female,White,Never-married,1,254270,Bachelors,Local-gov,Prof-specialty,0,0,40,39,0
58,Female,Other,Widowed,1,247276,7th-8th,Private,Other-service,0,0,30,39,0
28,Female,Black,Never-married,3,115464,HS-grad,Private,Other-service,0,0,40,39,0
36,Male,White,Married-civ-spouse,0,132879,1st-4th,Private,Handlers-cleaners,0,0,40,22,0
41,Male,Amer-Indian-Eskimo,Married-civ-spouse,0,266530,HS-grad,Private,Other-service,0,0,45,39,0
31,Male,White,Never-married,3,62932,HS-grad,Private,Craft-repair,0,0,40,39,0
45,Male,White,Married-civ-spouse,0,200471,HS-grad,Private,Adm-clerical,0,0,35,39,0
41,Male,White,Married-civ-spouse,0,283917,Assoc-voc,State-gov,Prof-specialty,0,0,35,39,1
37,Male,White,Married-civ-spouse,0,122493,HS-grad,Private,Transport-moving,0,0,45,39,0
28,Male,White,Married-civ-spouse,0,204247,Bachelors,Self-emp-inc,Prof-specialty,0,0,50,39,1
28,Female,Asian-Pac-Islander,Never-married,1,88419,HS-grad,Private,Exec-managerial,0,0,40,9,0
37,Male,White,Divorced,4,191137,Assoc-acdm,Private,Prof-specialty,0,0,25,39,0
48,Male,White,Married-civ-spouse,0,265295,Bachelors,Private,Exec-managerial,0,0,40,39,1
20,Female,White,Never-married,3,153583,Some-college,Private,Adm-clerical,0,0,40,0,0
51,Female,Black,Never-married,1,147200,HS-grad,Private,Adm-clerical,0,0,40,39,0
35,Male,White,Never-married,1,117381,Bachelors,Private,Exec-managerial,8614,0,45,39,1
72,Female,White,Widowed,4,195184,HS-grad,Private,Priv-house-serv,0,0,12,5,0
47,Female,Black,Married-civ-spouse,5,97419,HS-grad,Private,Protective-serv,0,0,40,39,0
34,Male,White,Married-civ-spouse,0,80933,HS-grad,Private,Craft-repair,0,1672,40,39,0
18,Female,White,Never-married,3,157131,11th,Never-worked,Other,0,0,10,39,0
40,Female,White,Married-civ-spouse,5,202872,Masters,Local-gov,Prof-specialty,0,0,40,39,1
24,Female,White,Never-married,1,112683,HS-grad,Other,Other,0,0,32,39,0
34,Female,White,Divorced,3,183473,HS-grad,Private,Transport-moving,0,0,40,39,0
32,Female,Black,Never-married,1,131534,HS-grad,Federal-gov,Exec-managerial,0,0,40,39,0
28,Male,White,Never-married,3,42734,HS-grad,Private,Handlers-cleaners,0,0,40,39,0
36,Male,Black,Married-civ-spouse,0,197202,HS-grad,Private,Other-service,0,0,40,39,0
49,Female,White,Widowed,4,178215,Some-college,Other,Other,0,0,28,39,0
58,Male,White,Married-civ-spouse,0,197319,Bachelors,Private,Exec-managerial,0,0,45,39,1
20,Male,White,Never-married,1,637080,Some-college,Private,Sales,0,0,25,39,0
25,Male,Black,Never-married,3,214925,10th,Other,Other,0,0,40,39,0
65,Male,White,Married-civ-spouse,0,52728,Some-college,Other,Other,0,0,40,39,0
54,Male,White,Never-married,3,142169,HS-grad,Private,Handlers-cleaners,0,0,40,39,0
28,Male,White,Married-civ-spouse,0,176683,Bachelors,Private,Exec-managerial,5178,0,50,39,1
49,Male,White,Married-civ-spouse,0,67001,HS-grad,Local-gov,Transport-moving,0,0,40,39,0
25,Male,Black,Never-married,3,187502,HS-grad,Private,Sales,0,0,24,39,0
69,Male,White,Divorced,1,259323,Prof-school,Other,Other,0,0,5,39,0
40,Female,White,Divorced,4,50093,Masters,State-gov,Prof-specialty,0,0,20,39,0
24,Female,White,Never-married,1,275093,HS-grad,Private,Handlers-cleaners,0,0,36,39,0
37,Male,White,Married-civ-spouse,0,30973,HS-grad,Self-emp-not-inc,Exec-managerial,0,0,40,39,0
49,Male,White,Married-civ-spouse,0,201498,HS-grad,Self-emp-inc,Craft-repair,0,0,40,39,0
51,Male,White,Married-civ-spouse,0,86373,Bachelors,Private,Machine-op-inspct,0,0,25,39,0
18,Female,Black,Never-married,1,389147,HS-grad,State-gov,Sales,0,0,30,39,0
20,Female,White,Never-married,3,340217,HS-grad,Federal-gov,Adm-clerical,0,0,40,39,0
37,Female,Black,Separated,4,189674,Bachelors,Private,Exec-managerial,0,0,40,39,0
48,Male,White,Married-civ-spouse,0,187505,Some-college,Private,Sales,0,0,50,39,1
41,Male,White,Married-civ-spouse,0,170924,Masters,State-gov,Prof-specialty,0,0,40,39,0
41,Female,Other,Divorced,1,332703,HS-grad,Private,Adm-clerical,0,625,40,39,0
41,Male,White,Married-civ-spouse,0,122381,Some-college,Private,Craft-repair,0,1887,50,39,1
58,Male,White,Married-civ-spouse,0,237879,Bachelors,Local-gov,Prof-specialty,0,0,58,39,0
67,Male,White,Married-civ-spouse,0,197816,Some-college,Private,Sales,0,1844,70,39,0
17,Male,White,Never-married,3,265657,11th,Private,Other-service,0,0,25,39,0
39,Male,White,Never-married,1,202950,Bachelors,Private,Exec-managerial,0,0,45,39,0
35,Male,White,Married-civ-spouse,0,49657,Bachelors,Federal-gov,Prof-specialty,7298,0,40,39,1
23,Male,White,Never-married,3,143062,HS-grad,Private,Sales,0,0,40,39,0
53,Male,White,Married-civ-spouse,0,104501,Bachelors,Private,Exec-managerial,0,1902,55,39,1
37,Male,White,Married-civ-spouse,0,177974,Some-college,Private,Machine-op-inspct,0,0,70,39,0
43,Male,White,Never-married,1,191712,Bachelors,Private,Adm-clerical,0,1741,40,39,0
60,Female,White,Widowed,1,26756,HS-grad,Private,Sales,0,0,50,39,0
25,Male,White,Separated,3,236977,HS-grad,Private,Craft-repair,0,0,40,26,0
40,Female,White,Married-civ-spouse,5,157240,Masters,Self-emp-inc,Exec-managerial,15024,0,30,20,1
29,Male,White,Never-married,1,190539,Bachelors,Private,Exec-managerial,0,1590,50,39,0
57,Female,White,Divorced,1,283635,Some-college,State-gov,Craft-repair,0,0,40,39,0
29,Female,White,Divorced,4,126399,HS-grad,Private,Sales,0,0,32,39,0
36,Male,White,Married-civ-spouse,0,288049,HS-grad,Private,Exec-managerial,0,0,45,39,0
23,Female,Black,Never-married,3,133985,10th,Private,Craft-repair,0,0,40,39,0
47,Male,White,Married-civ-spouse,0,296066,Some-college,Private,Prof-specialty,0,0,40,39,0
43,Female,White,Never-married,1,170230,Bachelors,Self-emp-not-inc,Sales,0,0,60,39,0
37,Male,White,Married-civ-spouse,0,218490,HS-grad,Local-gov,Protective-serv,7688,0,35,39,1
90,Male,White,Never-married,1,40388,Bachelors,Private,Exec-managerial,0,0,55,39,0
33,Male,White,Never-married,1,306309,Masters,State-gov,Prof-specialty,0,0,50,39,0
22,Female,White,Never-married,3,34029,Bachelors,Local-gov,Prof-specialty,0,0,20,39,0
40,Female,White,Divorced,1,271393,Assoc-acdm,Private,Exec-managerial,0,0,40,39,0
46,Male,Black,Married-civ-spouse,0,154405,10th,Private,Handlers-cleaners,0,0,45,39,0
45,Male,White,Married-civ-spouse,0,131826,Some-college,Private,Handlers-cleaners,0,0,40,39,0
37,Male,White,Married-civ-spouse,0,187046,Some-college,Federal-gov,Prof-specialty,0,0,40,39,1
72,Male,White,Married-civ-spouse,0,173427,HS-grad,Other,Other,0,0,40,5,0
29,Male,White,Never-married,1,202878,HS-grad,Private,Craft-repair,0,0,50,39,0
47,Female,Black,Separated,4,543162,HS-grad,Local-gov,Adm-clerical,0,0,40,39,0
33,Male,White,Married-civ-spouse,0,133503,HS-grad,Private,Protective-serv,2635,0,16,39,0
48,Male,White,Married-civ-spouse,0,212954,Masters,State-gov,Prof-specialty,15024,0,40,39,1
61,Female,White,Married-spouse-absent,1,224784,Assoc-acdm,Self-emp-not-inc,Exec-managerial,0,0,90,39,0
29,Female,White,Never-married,1,157612,Bachelors,Private,Sales,3325,0,45,39,0
52,Male,White,Married-civ-spouse,0,29658,HS-grad,Private,Adm-clerical,0,0,40,39,0
55,Male,White,Married-civ-spouse,0,117299,HS-grad,Private,Craft-repair,7688,0,40,39,1
24,Male,White,Married-civ-spouse,0,304463,Some-college,Private,Craft-repair,0,0,65,39,0
23,Male,White,Married-civ-spouse,0,119156,HS-grad,Private,Craft-repair,0,0,40,39,0
19,Female,White,Married-civ-spouse,2,200790,12th,Other,Other,15024,0,40,39,1
88,Female,White,Divorced,4,68539,Some-college,Private,Adm-clerical,0,0,40,39,0
27,Male,White,Never-married,4,420054,HS-grad,Self-emp-not-inc,Craft-repair,9562,0,50,39,1
21,Female,White,Never-married,3,163911,Some-college,Other,Other,0,0,3,39,0
41,Female,White,Divorced,1,336643,Some-college,Private,Exec-managerial,0,0,80,39,0
47,Female,White,Separated,4,110669,Bachelors,Private,Prof-specialty,0,0,50,39,0
28,Female,Black,Never-married,3,308995,Some-college,Private,Adm-clerical,0,0,40,23,0
45,Female,White,Never-married,1,380127,Bachelors,Federal-gov,Exec-managerial,0,0,40,39,0
38,Male,White,Married-civ-spouse,2,33975,HS-grad,Private,Exec-managerial,0,0,40,39,1
36,Female,White,Divorced,3,134367,HS-grad,Private,Other-service,0,0,30,39,0
19,Male,White,Never-married,1,533147,HS-grad,Private,Adm-clerical,0,0,30,39,0
43,Male,White,Married-civ-spouse,0,155293,Bachelors,Self-emp-inc,Sales,0,0,60,39,1
42,Male,White,Married-civ-spouse,0,200574,Some-college,Private,Sales,0,0,40,39,0
55,Male,White,Married-civ-spouse,0,229029,Bachelors,Private,Exec-managerial,15024,0,48,39,1
54,Female,White,Divorced,4,192862,HS-grad,Private,Exec-managerial,0,0,45,39,0
48,Male,White,Widowed,4,246891,Some-college,Private,Sales,0,0,50,39,1
31,Male,Black,Married-civ-spouse,0,262024,HS-grad,Private,Machine-op-inspct,0,0,40,39,0
36,Male,Black,Never-married,1,255454,Bachelors,Local-gov,Protective-serv,0,0,40,39,0
23,Male,White,Married-civ-spouse,0,248978,11th,Private,Handlers-cleaners,0,0,40,26,0
30,Male,White,Married-civ-spouse,0,181091,Bachelors,Local-gov,Protective-serv,0,0,40,39,0
66,Male,White,Married-civ-spouse,0,167687,HS-grad,Self-emp-not-inc,Farming-fishing,1409,0,50,39,0
35,Male,Other,Never-married,1,194960,HS-grad,Private,Farming-fishing,0,0,40,33,0
31,Male,White,Divorced,1,126950,HS-grad,Private,Transport-moving,0,0,40,39,0
70,Male,White,Married-civ-spouse,0,347910,Some-college,Self-emp-not-inc,Exec-managerial,0,0,35,39,0
22,Male,White,Never-married,1,140001,Bachelors,Private,Adm-clerical,0,0,40,39,0
18,Male,White,Never-married,3,205894,11th,Private,Sales,0,0,15,39,0
34,Female,Black,Never-married,4,148226,HS-grad,Private,Machine-op-inspct,0,0,48,39,0
31,Female,Black,Never-married,3,123273,HS-grad,Private,Sales,0,0,40,39,0
22,Male,White,Never-married,3,272615,11th,Private,Craft-repair,0,0,40,39,0
34,Male,White,Married-civ-spouse,0,205256,HS-grad,Other,Other,2885,0,80,39,0
33,Male,White,Married-civ-spouse,0,42485,11th,Self-emp-not-inc,Exec-managerial,0,0,70,39,0
41,Male,White,Divorced,4,438696,Masters,Self-emp-not-inc,Sales,0,0,5,39,1
22,Male,White,Never-married,2,275385,Some-college,Private,Other-service,0,0,25,39,0
34,Male,White,Married-civ-spouse,0,213722,HS-grad,Local-gov,Protective-serv,0,0,57,39,1
37,Male,White,Married-civ-spouse,0,167415,HS-grad,Private,Sales,0,0,50,39,0
43,Female,White,Divorced,4,231964,Some-college,Local-gov,Adm-clerical,0,0,40,39,0
90,Male,White,Married-civ-spouse,0,214594,7th-8th,Local-gov,Protective-serv,2653,0,40,39,0
59,Male,White,Divorced,1,87510,HS-grad,Private,Craft-repair,0,0,40,39,0
59,Male,Black,Divorced,1,188041,HS-grad,Private,Handlers-cleaners,0,0,40,39,0
19,Female,White,Never-married,1,186159,Some-college,Private,Sales,0,0,40,39,0
38,Male,White,Separated,3,107164,Some-college,State-gov,Exec-managerial,0,0,40,39,0
62,Male,White,Never-married,1,151369,HS-grad,Local-gov,Craft-repair,0,0,40,39,0
20,Male,White,Never-married,3,293091,11th,Private,Transport-moving,0,0,60,39,0
61,Male,White,Married-civ-spouse,0,56009,Some-college,Private,Sales,0,0,40,39,0
27,Female,White,Never-married,3,301654,HS-grad,Private,Exec-managerial,0,0,40,39,0
27,Female,Black,Married-civ-spouse,5,169117,HS-grad,Private,Adm-clerical,0,1887,40,39,1
38,Male,White,Married-civ-spouse,0,239045,Doctorate,Self-emp-not-inc,Prof-specialty,0,0,50,39,1
46,Female,White,Never-married,1,106705,Masters,State-gov,Exec-managerial,0,0,38,39,0
27,Female,White,Never-married,3,114158,Bachelors,Self-emp-inc,Exec-managerial,0,0,40,39,0
48,Male,White,Married-civ-spouse,0,194772,Assoc-acdm,Private,Sales,0,1902,40,39,1
78,Female,White,Widowed,4,135566,HS-grad,Private,Sales,2329,0,12,39,0
21,Male,White,Never-married,1,25265,Assoc-voc,Private,Machine-op-inspct,0,0,30,39,0
36,Male,White,Married-civ-spouse,0,237943,Masters,Private,Exec-managerial,15024,0,50,39,1
23,Female,White,Never-married,3,151910,Bachelors,Private,Machine-op-inspct,0,1719,40,39,0
49,Male,White,Married-civ-spouse,0,123584,11th,Private,Transport-moving,0,0,75,39,0
29,Female,White,Never-married,3,162002,HS-grad,Private,Other-service,0,0,35,39,0
30,Female,Black,Never-married,1,208668,Assoc-acdm,Private,Prof-specialty,0,0,25,39,0
31,Male,Asian-Pac-Islander,Married-civ-spouse,0,173279,Bachelors,Private,Tech-support,0,0,40,39,1
43,Male,White,Divorced,1,223277,Some-college,Private,Craft-repair,0,0,40,39,0
37,Female,White,Divorced,4,262409,Masters,Private,Exec-managerial,0,213,45,39,0
38,Female,White,Divorced,4,206535,Some-college,Private,Tech-support,0,0,50,39,0
42,Male,White,Married-civ-spouse,0,171841,Prof-school,Private,Prof-specialty,0,0,60,39,0
43,Male,Asian-Pac-Islander,Married-civ-spouse,0,355856,Bachelors,Self-emp-not-inc,Exec-managerial,0,0,50,30,0
21,Male,White,Married-civ-spouse,0,318987,Assoc-voc,Self-emp-not-inc,Farming-fishing,0,0,40,39,0
20,Female,White,Never-married,3,358783,Some-college,Other,Other,0,0,35,39,0
29,Female,Other,Never-married,1,183009,Bachelors,Private,Prof-specialty,0,1590,40,39,0
45,Male,White,Married-civ-spouse,0,194772,Some-college,Private,Transport-moving,0,0,55,39,0
44,Male,White,Married-civ-spouse,0,353396,Bachelors,Private,Prof-specialty,0,0,45,39,0
17,Female,White,Never-married,3,198146,11th,Private,Sales,0,0,16,39,0
66,Male,White,Married-civ-spouse,0,249043,Bachelors,Self-emp-inc,Sales,5556,0,26,39,1
41,Male,White,Divorced,1,169995,Some-college,Local-gov,Protective-serv,0,0,20,39,0
23,Male,Asian-Pac-Islander,Never-married,3,123983,Assoc-voc,Private,Prof-specialty,0,0,40,39,0
38,Male,Amer-Indian-Eskimo,Divorced,1,161066,HS-grad,Private,Craft-repair,0,0,50,39,0
22,Male,White,Never-married,1,110200,Bachelors,Private,Prof-specialty,0,0,40,39,0
40,Male,White,Married-civ-spouse,0,48859,HS-grad,Self-emp-not-inc,Craft-repair,0,0,32,39,0
47,Female,White,Widowed,1,80924,Some-college,Private,Other-service,0,0,35,39,0
40,Male,White,Married-civ-spouse,0,33068,HS-grad,Self-emp-not-inc,Farming-fishing,0,0,50,39,0
28,Male,White,Never-married,1,452808,10th,Private,Handlers-cleaners,0,0,40,39,0
51,Male,White,Married-civ-spouse,0,177669,Some-college,Private,Sales,0,0,60,39,0
35,Male,White,Never-married,3,128608,Bachelors,Federal-gov,Exec-managerial,0,0,40,39,0
34,Female,White,Married-civ-spouse,5,195136,Bachelors,Private,Prof-specialty,0,1887,40,39,1
39,Male,White,Divorced,3,190466,HS-grad,Private,Craft-repair,2174,0,40,39,0
17,Male,Black,Never-married,3,142457,11th,Private,Other-service,0,0,20,39,0
55,Male,White,Married-civ-spouse,0,141807,Bachelors,Self-emp-inc,Sales,0,0,60,39,1
31,Male,White,Never-married,1,19491,Some-college,Private,Craft-repair,0,0,40,39,0
60,Male,Asian-Pac-Islander,Married-civ-spouse,0,98350,Some-college,Local-gov,Other-service,0,0,60,30,0
66,Female,White,Widowed,1,214469,HS-grad,Private,Adm-clerical,0,0,13,39,0
47,Female,Black,Never-married,2,503454,12th,Private,Adm-clerical,0,0,40,39,0
36,Male,White,Married-civ-spouse,0,184659,HS-grad,Private,Machine-op-inspct,0,0,40,39,1
69,Male,White,Married-civ-spouse,0,163689,Some-college,State-gov,Transport-moving,0,0,16,39,0
33,Male,White,Never-married,1,207937,HS-grad,Private,Craft-repair,0,1092,40,39,0
22,Female,Black,Never-married,3,236684,Assoc-voc,Private,Other-service,0,0,36,39,0
29,Female,White,Never-married,3,147340,Some-college,Private,Sales,0,0,40,39,0
24,Female,White,Married-civ-spouse,3,209034,Assoc-acdm,Private,Sales,0,0,20,39,0
58,Female,White,Never-married,1,192806,7th-8th,Private,Handlers-cleaners,0,0,33,39,0
46,Female,White,Married-civ-spouse,5,116952,7th-8th,Private,Prof-specialty,0,0,45,39,0
22,Female,White,Never-married,3,126822,Bachelors,Private,Adm-clerical,0,0,60,39,0
23,Male,Black,Never-married,1,275244,HS-grad,Private,Machine-op-inspct,0,0,35,39,0
26,Male,White,Never-married,3,206721,Bachelors,Local-gov,Protective-serv,0,0,40,39,0
34,Male,Black,Divorced,1,338416,10th,Private,Machine-op-inspct,0,0,60,39,0
59,Female,White,Widowed,4,107287,10th,Self-emp-inc,Exec-managerial,0,2559,50,39,1
25,Male,Black,Never-married,2,403788,HS-grad,Private,Craft-repair,0,0,40,39,0
51,Male,White,Married-civ-spouse,0,95946,Bachelors,Private,Prof-specialty,0,0,50,39,1
27,Female,Asian-Pac-Islander,Married-civ-spouse,5,52028,Bachelors,Private,Exec-managerial,0,0,40,35,0
34,Male,White,Never-married,1,183811,Some-college,Private,Handlers-cleaners,0,0,40,39,0
37,Male,White,Married-civ-spouse,0,205852,Bachelors,Self-emp-inc,Prof-specialty,0,0,45,39,0
18,Male,Black,Never-married,3,312353,12th,Private,Other-service,0,0,20,39,0
39,Female,White,Married-civ-spouse,5,201105,Bachelors,Other,Other,0,0,30,39,0
21,Female,Amer-Indian-Eskimo,Never-married,3,83580,Some-college,Private,Prof-specialty,0,0,4,39,0
53,Male,White,Married-civ-spouse,0,242606,HS-grad,Private,Transport-moving,0,0,40,39,0
45,Female,White,Divorced,1,162606,HS-grad,Private,Sales,0,0,35,39,0
29,Male,White,Never-married,1,116662,Bachelors,Private,Handlers-cleaners,0,0,40,39,0
67,Male,White,Married-civ-spouse,0,173935,Bachelors,Self-emp-not-inc,Exec-managerial,0,0,8,39,1
66,Male,Black,Never-married,1,196736,1st-4th,Other,Other,0,0,30,39,0
34,Male,White,Married-civ-spouse,0,561334,Some-college,Private,Exec-managerial,0,0,50,39,1
45,Male,White,Divorced,1,172960,Some-college,Private,Protective-serv,0,0,70,39,0
28,Male,White,Married-civ-spouse,0,132870,11th,Private,Craft-repair,0,0,45,39,0
34,Male,White,Married-civ-spouse,0,173730,Bachelors,Private,Exec-managerial,0,0,50,39,1
35,Male,White,Married-civ-spouse,0,231180,HS-grad,Local-gov,Transport-moving,0,0,45,39,0
44,Male,White,Married-civ-spouse,0,237993,Prof-school,Private,Machine-op-inspct,0,0,45,0,0
27,Male,White,Married-civ-spouse,0,246974,Assoc-voc,Private,Sales,0,0,40,39,0
27,Male,White,Separated,4,103524,HS-grad,Private,Handlers-cleaners,0,0,40,39,0
30,Female,White,Never-married,1,190040,Bachelors,Private,Machine-op-inspct,0,0,40,39,0
36,Male,White,Married-civ-spouse,0,98389,Assoc-acdm,Private,Exec-managerial,0,0,44,39,1
39,Female,White,Divorced,4,210626,HS-grad,Private,Machine-op-inspct,0,0,40,39,0
48,Female,White,Divorced,4,316101,HS-grad,Private,Exec-managerial,0,0,40,39,0
48,Male,White,Married-civ-spouse,0,122066,HS-grad,State-gov,Adm-clerical,0,0,35,39,1
48,Male,Asian-Pac-Islander,Married-spouse-absent,1,138370,Masters,Self-emp-inc,Sales,0,0,50,19,0
55,Male,White,Married-civ-spouse,0,208451,Masters,Private,Exec-managerial,0,0,40,39,1
48,Male,White,Married-civ-spouse,0,30289,10th,Private,Craft-repair,0,0,30,39,0
31,Female,White,Never-married,2,164707,Some-college,Private,Sales,0,0,40,0,0
40,Male,White,Married-civ-spouse,0,146520,Masters,Private,Exec-managerial,0,0,40,39,1
27,Female,White,Married-civ-spouse,5,109611,9th,Private,Machine-op-inspct,0,0,37,32,0
45,Female,White,Separated,4,433665,7th-8th,Private,Other-service,0,0,40,26,0
71,Male,Black,Widowed,4,235079,Preschool,Private,Craft-repair,0,0,10,39,0
22,Female,White,Never-married,3,174975,Assoc-voc,Private,Tech-support,0,0,36,39,0
61,Male,White,Married-civ-spouse,0,232618,Prof-school,Other,Other,0,0,40,39,1
31,Male,White,Never-married,1,369825,Bachelors,Private,Sales,4101,0,50,39,0
71,Male,White,Married-civ-spouse,0,183678,Prof-school,Private,Prof-specialty,0,0,16,39,0
19,Male,White,Never-married,3,387215,Some-college,Private,Tech-support,0,1719,16,39,0
37,Male,White,Married-civ-spouse,0,125933,Assoc-acdm,Private,Exec-managerial,7688,0,50,39,1
55,Male,Black,Married-civ-spouse,0,396878,Some-college,Self-emp-not-inc,Exec-managerial,0,0,25,39,0
25,Female,White,Never-married,1,195994,1st-4th,Private,Priv-house-serv,0,0,40,13,0
20,Female,Black,Never-married,2,237305,Some-college,Private,Machine-op-inspct,0,0,35,39,0
35,Male,Black,Separated,1,407913,HS-grad,Private,Other-service,0,0,40,39,0
38,Female,White,Married-civ-spouse,5,103925,HS-grad,Private,Adm-clerical,0,0,40,39,1
20,Male,White,Never-married,3,148294,Some-college,Private,Other-service,0,0,40,39,0
20,Male,White,Never-married,3,117210,HS-grad,Private,Handlers-cleaners,0,0,40,39,0
45,Male,White,Divorced,1,229967,HS-grad,Private,Exec-managerial,13550,0,50,39,1
32,Male,Black,Never-married,3,311524,HS-grad,Private,Craft-repair,0,0,38,39,0
53,Male,Black,Separated,1,174040,Some-college,Federal-gov,Craft-repair,0,0,40,39,0
61,Male,White,Divorced,1,226989,HS-grad,Other,Other,4865,0,40,39,0
34,Male,White,Married-civ-spouse,0,198265,Some-college,Private,Tech-support,3103,0,40,39,1
36,Female,White,Divorced,1,296999,Some-college,Private,Craft-repair,0,0,37,39,0
33,Male,White,Married-civ-spouse,0,332379,HS-grad,State-gov,Craft-repair,0,0,40,39,1
50,Male,White,Married-civ-spouse,0,341797,Prof-school,Self-emp-not-inc,Prof-specialty,0,0,50,39,1
30,Male,White,Married-civ-spouse,0,177304,HS-grad,Private,Tech-support,0,0,40,39,1
49,Male,White,Married-civ-spouse,0,186172,HS-grad,Private,Craft-repair,7688,0,45,39,1
23,Female,White,Never-married,3,209770,HS-grad,Private,Adm-clerical,0,0,40,39,0
21,Female,Black,Never-married,3,118186,Some-college,Private,Sales,0,0,20,39,0
32,Female,Other,Separated,4,328060,9th,Private,Other-service,0,0,40,26,0
36,Female,White,Divorced,4,187098,HS-grad,Private,Adm-clerical,0,0,40,39,0
43,Male,White,Married-civ-spouse,0,125461,Bachelors,Private,Sales,0,0,65,39,1
45,Male,White,Married-civ-spouse,0,88781,Bachelors,Private,Craft-repair,0,0,40,11,1
33,Male,White,Married-civ-spouse,0,102821,12th,Private,Protective-serv,0,0,40,39,0
20,Male,Black,Never-married,3,120601,HS-grad,Private,Transport-moving,0,0,40,39,0
38,Male,White,Married-civ-spouse,0,102945,Bachelors,Private,Sales,0,0,52,39,1
49,Male,White,Married-civ-spouse,0,124356,Bachelors,Private,Sales,0,0,60,39,1
36,Male,White,Married-civ-spouse,0,245090,Some-college,Private,Craft-repair,3137,0,50,8,0
26,Female,White,Never-married,3,292803,Some-college,Private,Other-service,0,0,24,39,0
34,Male,White,Married-civ-spouse,0,73161,HS-grad,Private,Sales,0,0,40,39,1
80,Male,White,Married-civ-spouse,0,281768,Assoc-acdm,Other,Other,0,0,4,39,0
37,Male,White,Married-civ-spouse,0,160910,HS-grad,Federal-gov,Craft-repair,0,0,40,39,0
17,Female,White,Never-married,3,181580,11th,Private,Other-service,0,0,16,39,0
51,Male,White,Married-civ-spouse,0,136913,HS-grad,Private,Machine-op-inspct,0,0,40,39,0
31,Female,Black,Divorced,4,234387,HS-grad,Private,Exec-managerial,0,0,40,39,0
59,Female,White,Married-civ-spouse,5,119344,10th,Self-emp-not-inc,Exec-managerial,0,0,36,39,0
25,Female,White,Never-married,1,470203,Bachelors,Private,Prof-specialty,0,0,30,39,0
40,Male,White,Divorced,2,266324,Some-college,Self-emp-not-inc,Exec-managerial,0,1564,70,20,1
25,Male,White,Never-married,3,111058,Assoc-acdm,Private,Exec-managerial,0,0,40,39,0
33,Male,White,Divorced,3,172498,Some-college,Private,Handlers-cleaners,0,0,40,39,0
56,Male,White,Married-civ-spouse,0,231781,HS-grad,Private,Sales,0,0,40,39,1
38,Male,White,Married-civ-spouse,0,194538,Assoc-voc,Private,Machine-op-inspct,0,0,48,39,1
36,Female,White,Married-civ-spouse,5,189382,HS-grad,Private,Adm-clerical,0,0,40,39,1
49,Male,White,Married-civ-spouse,0,185859,HS-grad,Private,Craft-repair,0,0,43,39,0
52,Female,White,Divorced,4,308764,Some-college,Private,Exec-managerial,0,0,40,39,0
30,Male,Black,Never-married,1,125159,Bachelors,Local-gov,Prof-specialty,14084,0,45,0,1
31,Female,White,Married-civ-spouse,5,142038,HS-grad,Private,Craft-repair,0,0,45,39,0
33,Female,White,Never-married,1,162623,Masters,Local-gov,Prof-specialty,0,0,50,39,0
35,Male,White,Married-civ-spouse,0,193026,Bachelors,Private,Sales,0,0,45,39,1
28,Male,White,Never-married,1,314659,Some-college,Private,Machine-op-inspct,0,0,42,39,0
54,Male,Black,Married-civ-spouse,0,182187,Assoc-voc,Private,Protective-serv,15024,0,38,23,1
39,Female,White,Never-married,1,185053,HS-grad,Private,Machine-op-inspct,0,0,40,39,0
46,Male,White,Married-civ-spouse,0,213140,Masters,Federal-gov,Exec-managerial,0,1977,40,39,1
28,Male,Black,Never-married,3,192569,HS-grad,Other,Other,0,0,40,39,0
17,Female,White,Never-married,3,132636,11th,Private,Transport-moving,0,0,16,39,0
26,Male,White,Never-married,1,34110,Some-college,Private,Protective-serv,0,0,44,39,0
52,Male,White,Married-civ-spouse,0,190909,HS-grad,Private,Exec-managerial,0,0,40,39,1
31,Female,Black,Never-married,1,83671,Some-college,Local-gov,Adm-clerical,0,0,40,39,0
33,Male,White,Married-civ-spouse,0,178615,Assoc-acdm,Private,Craft-repair,0,0,40,39,0
28,Male,White,Married-civ-spouse,0,212091,HS-grad,Private,Machine-op-inspct,2580,0,40,39,0
36,Male,White,Never-married,3,172538,Masters,Private,Prof-specialty,0,0,40,39,0
29,Male,White,Never-married,3,259226,11th,Private,Machine-op-inspct,0,0,48,39,0
27,Male,White,Never-married,1,150025,HS-grad,Private,Sales,0,0,40,33,0
29,Male,White,Never-married,2,184806,Prof-school,Private,Prof-specialty,0,0,50,39,0
27,Male,White,Never-married,1,41099,Some-college,Private,Sales,0,0,50,39,0
40,Female,White,Never-married,1,105794,Prof-school,Private,Prof-specialty,14084,0,50,39,1
34,Female,White,Divorced,4,169564,HS-grad,Private,Machine-op-inspct,0,0,40,39,0
31,Male,Black,Separated,1,672412,11th,Other,Other,0,0,40,39,0
18,Female,Other,Never-married,3,379768,HS-grad,Other,Other,0,0,40,39,0
42,Male,White,Married-civ-spouse,0,204235,Some-college,Private,Prof-specialty,0,0,40,39,1
24,Female,White,Never-married,1,283806,Some-college,Private,Other-service,0,0,40,39,0
41,Male,White,Married-civ-spouse,0,137126,Bachelors,Private,Prof-specialty,0,1977,45,39,1
34,Female,Asian-Pac-Islander,Never-married,1,110622,Bachelors,Private,Exec-managerial,0,0,40,30,0
32,Male,White,Never-married,1,113364,Bachelors,Private,Transport-moving,0,0,40,39,0
23,Female,White,Never-married,1,152140,HS-grad,Private,Sales,0,0,40,39,0
49,Male,White,Married-civ-spouse,0,87928,Assoc-voc,Private,Craft-repair,5013,0,40,39,0
58,Male,White,Divorced,1,33725,Masters,Private,Prof-specialty,0,0,20,39,0
36,Female,Asian-Pac-Islander,Never-married,1,297335,Bachelors,Private,Sales,0,0,50,3,0
50,Female,White,Divorced,2,104729,HS-grad,Private,Machine-op-inspct,0,0,48,39,0
54,Male,White,Married-civ-spouse,0,231482,Bachelors,Private,Exec-managerial,0,0,40,39,0
53,Male,White,Widowed,1,137815,Some-college,Self-emp-inc,Exec-managerial,0,0,40,39,1
25,Male,White,Married-civ-spouse,0,208881,Bachelors,Private,Prof-specialty,0,0,60,39,0
54,Male,White,Married-civ-spouse,0,200960,Bachelors,Self-emp-not-inc,Sales,0,0,50,39,1
49,Male,White,Married-civ-spouse,0,200471,HS-grad,Self-emp-not-inc,Craft-repair,0,0,40,39,0
55,Male,White,Married-civ-spouse,0,32365,Bachelors,Private,Exec-managerial,0,0,45,39,1
32,Female,White,Separated,1,515629,HS-grad,Private,Handlers-cleaners,0,0,40,39,0
26,Male,White,Married-civ-spouse,0,223464,Some-college,Private,Adm-clerical,0,0,40,39,0
32,Male,White,Married-civ-spouse,0,312667,Bachelors,Private,Prof-specialty,15024,0,50,39,1
30,Female,Black,Separated,4,176871,Some-college,Private,Adm-clerical,0,0,40,39,0
49,Male,White,Married-civ-spouse,0,329603,Bachelors,Private,Craft-repair,0,1902,40,39,1
34,Male,White,Separated,1,90614,HS-grad,Self-emp-not-inc,Exec-managerial,0,0,50,39,0
60,Male,White,Married-civ-spouse,0,119832,Some-college,Federal-gov,Adm-clerical,7298,0,40,39,1
45,Female,White,Divorced,4,186473,HS-grad,Private,Adm-clerical,0,0,40,39,0
32,Male,White,Married-civ-spouse,0,27051,Bachelors,Private,Adm-clerical,0,0,44,39,0
32,Male,White,Married-civ-spouse,0,32732,HS-grad,Private,Prof-specialty,0,0,50,39,0
60,Male,White,Married-civ-spouse,0,232618,Bachelors,Private,Exec-managerial,0,0,35,39,1
74,Female,White,Divorced,1,84197,Masters,Private,Sales,0,0,10,39,0
40,Male,White,Married-civ-spouse,0,338740,HS-grad,Private,Exec-managerial,0,0,40,39,0
65,Male,White,Married-civ-spouse,0,192133,HS-grad,Private,Craft-repair,2290,0,40,12,0
38,Male,White,Married-civ-spouse,0,186191,HS-grad,Private,Craft-repair,0,0,55,39,0
27,Female,White,Never-married,4,119170,11th,Private,Exec-managerial,0,0,45,39,0
27,Female,White,Divorced,4,506436,Some-college,Private,Sales,0,0,40,29,0
60,Female,White,Separated,4,48788,Bachelors,Local-gov,Prof-specialty,5455,0,55,39,0
67,Male,White,Married-civ-spouse,0,204123,Bachelors,Local-gov,Prof-specialty,0,0,10,39,0
24,Male,White,Married-civ-spouse,0,231473,Assoc-acdm,State-gov,Adm-clerical,0,0,30,39,0
70,Female,White,Divorced,1,147558,Bachelors,Other,Other,0,0,7,39,0
48,Female,White,Never-married,1,161187,HS-grad,Private,Adm-clerical,2463,0,40,39,0
54,Male,White,Married-civ-spouse,0,329266,HS-grad,Private,Craft-repair,0,0,44,39,1
50,Male,White,Married-civ-spouse,0,221532,Assoc-acdm,Federal-gov,Craft-repair,0,0,40,39,1
24,Female,Black,Never-married,3,141040,Some-college,Private,Adm-clerical,0,0,40,39,0
26,Male,White,Never-married,3,171928,Assoc-voc,Federal-gov,Craft-repair,0,0,50,24,0
23,Male,White,Never-married,1,148948,Some-college,Private,Exec-managerial,0,0,45,39,0
19,Male,White,Never-married,3,272063,HS-grad,Private,Handlers-cleaners,0,0,35,39,0
35,Male,White,Never-married,1,147258,Some-college,Private,Machine-op-inspct,0,1974,40,39,0
46,Male,Black,Married-civ-spouse,0,181810,HS-grad,Private,Craft-repair,4064,0,40,39,0
35,Female,White,Never-married,1,476573,HS-grad,Other,Other,0,0,4,39,0
44,Female,White,Divorced,4,30126,Some-college,Private,Adm-clerical,0,0,40,39,0
53,Male,Asian-Pac-Islander,Married-civ-spouse,0,290640,7th-8th,Private,Craft-repair,0,0,40,40,0
31,Male,White,Married-civ-spouse,0,117346,Some-college,Self-emp-not-inc,Sales,0,0,48,39,0
58,Male,White,Married-civ-spouse,0,314153,HS-grad,Private,Craft-repair,0,0,40,39,1
29,Male,Black,Never-married,3,210869,Some-college,Private,Sales,0,0,80,39,0
43,Male,White,Married-civ-spouse,0,309932,Bachelors,Private,Craft-repair,0,0,40,39,0
62,Male,White,Married-civ-spouse,0,39630,Bachelors,State-gov,Prof-specialty,0,0,40,39,0
46,Female,White,Divorced,4,162852,HS-grad,State-gov,Adm-clerical,0,0,40,39,0
18,Male,White,Never-married,3,216730,11th,Private,Other-service,0,0,12,39,0
73,Male,White,Married-civ-spouse,0,109833,Bachelors,Self-emp-not-inc,Farming-fishing,0,0,30,39,0
34,Male,White,Married-civ-spouse,0,454508,Bachelors,Private,Prof-specialty,0,0,65,20,0
47,Female,Amer-Indian-Eskimo,Divorced,4,104068,HS-grad,Private,Prof-specialty,0,0,40,39,0
25,Male,White,Never-married,1,160300,Bachelors,Private,Exec-managerial,0,0,35,39,0
34,Female,White,Divorced,3,115858,HS-grad,Private,Adm-clerical,0,0,40,39,0
74,Female,White,Divorced,1,99183,Some-college,Private,Adm-clerical,0,0,9,39,0
42,Male,White,Married-civ-spouse,0,29320,Bachelors,Private,Prof-specialty,0,0,40,39,0
27,Male,White,Married-civ-spouse,0,61387,Bachelors,Other,Other,0,0,15,39,0
32,Female,White,Divorced,4,73498,7th-8th,Private,Other-service,0,0,40,39,0
43,Male,White,Married-civ-spouse,0,373403,Assoc-voc,Private,Craft-repair,0,0,40,39,0
26,Male,Asian-Pac-Islander,Never-married,3,190650,Bachelors,Private,Adm-clerical,0,0,40,36,0
20,Female,White,Never-married,3,286391,Some-college,Private,Adm-clerical,2176,0,20,39,0
42,Male,Black,Never-married,1,66006,10th,Private,Transport-moving,0,0,40,39,0
20,Female,White,Never-married,3,124242,Some-college,Other,Other,0,0,40,39,0
23,Female,White,Never-married,3,143032,Masters,Private,Prof-specialty,0,0,36,39,0
34,Female,White,Married-civ-spouse,5,221167,Assoc-acdm,Private,Adm-clerical,0,0,40,39,1
28,Male,White,Married-civ-spouse,0,180299,HS-grad,Private,Transport-moving,0,0,70,39,0
45,Male,White,Married-civ-spouse,0,358886,HS-grad,Private,Transport-moving,0,0,40,39,1
27,Female,White,Married-spouse-absent,3,167405,HS-grad,Private,Farming-fishing,0,0,40,26,0
29,Male,White,Married-civ-spouse,0,109621,HS-grad,Private,Craft-repair,0,0,40,39,0
41,Female,Black,Divorced,4,102332,HS-grad,Private,Sales,0,0,40,39,0
50,Male,Asian-Pac-Islander,Married-civ-spouse,0,160724,Masters,Private,Exec-managerial,7298,0,40,30,1
22,Female,White,Never-married,1,223019,HS-grad,Private,Adm-clerical,0,0,40,39,0
55,Male,White,Married-civ-spouse,0,146477,Some-college,Federal-gov,Craft-repair,0,0,45,39,0
34,Female,White,Divorced,1,64830,Assoc-acdm,Private,Exec-managerial,0,0,45,39,0
41,Female,White,Married-civ-spouse,5,211873,Assoc-voc,Other,Other,0,1628,5,0,0
19,Male,White,Never-married,3,32477,Some-college,Other,Other,0,0,25,39,0
46,Male,White,Divorced,1,185847,HS-grad,Private,Transport-moving,0,0,54,39,0
33,Male,Black,Never-married,1,119918,Bachelors,Other,Other,0,0,45,0,0
18,Male,Black,Never-married,3,192485,12th,Private,Handlers-cleaners,0,0,20,39,0
72,Female,Asian-Pac-Islander,Married-civ-spouse,5,74141,9th,Private,Exec-managerial,0,0,48,39,1
26,Male,Asian-Pac-Islander,Never-married,2,167106,HS-grad,Private,Craft-repair,0,0,40,17,0
27,Male,White,Married-civ-spouse,0,122038,HS-grad,Private,Craft-repair,0,0,48,39,0
20,Male,White,Never-married,3,233624,HS-grad,Private,Craft-repair,0,0,40,39,0
28,Female,Black,Divorced,4,179949,HS-grad,Private,Transport-moving,0,0,20,39,0
53,Male,White,Married-civ-spouse,0,302847,HS-grad,Self-emp-not-inc,Sales,0,0,35,39,0
43,Female,White,Divorced,1,114580,Some-college,Private,Adm-clerical,0,0,40,39,0
31,Male,White,Married-civ-spouse,0,206609,10th,Private,Machine-op-inspct,0,0,40,39,0
44,Male,White,Married-civ-spouse,0,99651,Masters,Private,Exec-managerial,5178,0,40,39,1
42,Female,White,Never-married,1,175642,Bachelors,Local-gov,Adm-clerical,99999,0,40,39,1
20,Male,White,Never-married,3,56322,Some-college,Private,Other-service,2176,0,25,39,0
31,Male,White,Married-civ-spouse,0,145139,Bachelors,Private,Craft-repair,0,0,40,39,1
45,Male,White,Married-civ-spouse,0,178319,Bachelors,Private,Machine-op-inspct,0,0,40,39,1
34,Male,Black,Never-married,4,244064,HS-grad,Private,Machine-op-inspct,0,0,40,39,0
17,Male,White,Never-married,3,101626,9th,Private,Machine-op-inspct,0,0,20,39,0
18,Female,White,Never-married,3,294253,HS-grad,Private,Other-service,0,0,27,39,0
36,Male,Asian-Pac-Islander,Never-married,1,228157,Some-college,Private,Craft-repair,0,0,40,25,0
61,Female,White,Married-civ-spouse,5,149981,HS-grad,Private,Adm-clerical,2414,0,5,39,0
34,Male,White,Married-civ-spouse,0,198091,HS-grad,Private,Craft-repair,0,0,72,39,0
61,Female,Black,Divorced,1,223133,HS-grad,Private,Handlers-cleaners,0,0,40,39,0
49,Male,White,Divorced,1,171411,9th,Other,Other,0,0,40,39,0
36,Male,White,Married-civ-spouse,0,180477,Some-college,Self-emp-inc,Exec-managerial,0,0,50,39,1
41,Male,Black,Married-civ-spouse,0,424478,Some-college,Private,Craft-repair,0,0,45,39,1
78,Male,White,Widowed,1,237294,HS-grad,Self-emp-inc,Sales,0,0,45,39,1
30,Male,White,Married-civ-spouse,0,204470,Some-college,Self-emp-inc,Exec-managerial,0,0,36,39,1
46,Male,White,Married-civ-spouse,0,114032,Some-college,Private,Tech-support,0,1887,45,39,1
17,Female,White,Never-married,4,156736,10th,Private,Sales,0,0,12,39,0
36,Female,White,Never-married,1,279485,HS-grad,Private,Exec-managerial,0,0,38,39,0
52,Male,White,Divorced,1,99184,HS-grad,Private,Transport-moving,0,0,40,39,0
45,Male,White,Married-civ-spouse,0,165484,Doctorate,Private,Prof-specialty,0,0,50,39,1
38,Male,White,Married-civ-spouse,0,193815,Masters,Private,Exec-managerial,0,0,45,39,1
22,Male,White,Never-married,3,50163,9th,Private,Transport-moving,0,0,40,39,0
55,Male,White,Separated,4,66356,HS-grad,Private,Handlers-cleaners,0,0,40,39,0
67,Female,White,Divorced,1,49401,Assoc-voc,Private,Other-service,0,0,24,39,0
41,Female,White,Divorced,4,177599,Bachelors,Local-gov,Prof-specialty,0,0,35,39,0
51,Female,White,Married-civ-spouse,5,201560,Bachelors,Local-gov,Prof-specialty,0,0,40,39,1
37,Male,White,Married-civ-spouse,0,224541,Some-college,Private,Transport-moving,0,0,40,39,0
46,Male,Asian-Pac-Islander,Married-civ-spouse,0,192963,Bachelors,Private,Adm-clerical,0,2415,35,30,1
66,Male,White,Married-civ-spouse,0,185369,10th,Self-emp-inc,Sales,0,0,30,39,0
19,Male,White,Never-married,3,202673,Some-college,Private,Handlers-cleaners,0,0,50,39,0
37,Male,White,Married-civ-spouse,0,203070,Some-college,Federal-gov,Craft-repair,0,0,43,39,0
55,Male,White,Married-civ-spouse,0,314592,HS-grad,Private,Craft-repair,0,0,40,39,1
44,Male,White,Divorced,1,231348,Some-college,Private,Sales,0,0,40,39,0
36,Male,White,Married-civ-spouse,0,171393,Masters,Private,Prof-specialty,7298,0,55,39,1
19,Male,White,Never-married,3,41609,Some-college,Other,Other,0,0,10,39,0
28,Female,White,Divorced,4,77009,7th-8th,Private,Other-service,0,0,50,39,0
18,Female,White,Never-married,3,179203,Some-college,Private,Sales,0,0,20,39,0
54,Male,White,Married-civ-spouse,0,52634,Some-college,Self-emp-not-inc,Sales,0,0,40,39,0
25,Female,White,Never-married,3,210794,Bachelors,Private,Prof-specialty,0,0,40,39,0
59,Female,White,Divorced,1,236426,Assoc-acdm,Local-gov,Prof-specialty,0,0,50,39,0
31,Male,White,Never-married,1,240441,Masters,Private,Exec-managerial,0,1564,40,39,1
42,Female,White,Separated,3,173938,HS-grad,Private,Sales,0,0,40,39,0
33,Male,White,Married-civ-spouse,0,231826,1st-4th,Private,Handlers-cleaners,0,0,40,26,0
52,Male,White,Never-married,3,124993,HS-grad,Private,Craft-repair,0,0,55,39,0
29,Female,White,Married-spouse-absent,3,169631,HS-grad,Private,Adm-clerical,0,0,40,39,0
43,Female,White,Divorced,4,182254,Some-college,State-gov,Adm-clerical,0,0,40,39,0
37,Male,White,Never-married,1,361888,Bachelors,Private,Prof-specialty,10520,0,40,39,1
38,Male,White,Married-civ-spouse,0,91711,Bachelors,Local-gov,Prof-specialty,0,0,50,39,1
44,Female,White,Married-civ-spouse,2,262241,HS-grad,Local-gov,Adm-clerical,0,0,40,39,0
45,Female,White,Divorced,1,170092,Some-college,Private,Other-service,0,0,50,39,0
69,Female,White,Married-civ-spouse,5,199591,Prof-school,Other,Other,0,0,25,0,0
39,Male,White,Married-civ-spouse,0,153976,Some-college,Private,Machine-op-inspct,0,0,40,39,0
19,Male,White,Never-married,3,248749,Some-college,Private,Sales,0,0,20,39,0
67,Male,White,Married-civ-spouse,0,124470,HS-grad,Self-emp-not-inc,Farming-fishing,0,0,60,39,0
34,Male,White,Married-civ-spouse,0,424988,HS-grad,Private,Craft-repair,0,0,45,39,0
33,Male,White,Never-married,1,55717,HS-grad,Private,Craft-repair,0,0,40,39,0
58,Female,White,Widowed,1,69579,Some-college,State-gov,Prof-specialty,0,0,20,39,0
42,Male,White,Married-civ-spouse,0,125280,Bachelors,Private,Exec-managerial,3137,0,40,39,0
25,Female,White,Never-married,2,406955,HS-grad,Federal-gov,Adm-clerical,0,0,40,39,0
41,Male,White,Married-civ-spouse,0,290660,Bachelors,Private,Craft-repair,7688,0,55,39,1
31,Male,White,Married-civ-spouse,0,209538,Some-college,Private,Adm-clerical,0,0,55,39,0
27,Male,White,Married-civ-spouse,0,125442,Some-college,Local-gov,Exec-managerial,0,0,50,39,0
30,Male,Asian-Pac-Islander,Married-civ-spouse,0,141297,Bachelors,State-gov,Prof-specialty,0,0,40,19,1
49,Male,White,Married-civ-spouse,0,142287,Some-college,Private,Adm-clerical,0,1902,50,39,1
26,Female,White,Divorced,4,263200,Some-college,Private,Adm-clerical,0,0,38,39,0
32,Male,Black,Married-civ-spouse,0,124187,9th,Private,Farming-fishing,0,0,40,39,0
55,Male,White,Married-civ-spouse,0,414994,HS-grad,Private,Craft-repair,0,0,40,39,0
51,Female,White,Divorced,1,42017,Some-college,State-gov,Prof-specialty,0,0,40,39,0
25,Male,White,Never-married,1,335005,Bachelors,Local-gov,Prof-specialty,0,0,35,22,0
41,Male,White,Never-married,1,187322,Bachelors,State-gov,Prof-specialty,0,0,40,39,0
36,Female,White,Divorced,4,51424,HS-grad,Local-gov,Adm-clerical,0,0,40,39,0
29,Male,White,Married-civ-spouse,0,177413,HS-grad,Private,Machine-op-inspct,0,0,40,39,1
28,Male,White,Separated,1,174666,10th,Other,Other,0,0,80,39,0
31,Male,Black,Married-civ-spouse,0,179186,Bachelors,Private,Sales,0,0,90,39,1
46,Male,Amer-Indian-Eskimo,Divorced,1,137547,HS-grad,Private,Craft-repair,0,0,40,39,0
29,Male,White,Married-civ-spouse,0,380560,9th,Private,Machine-op-inspct,0,0,40,26,0
30,Male,White,Married-civ-spouse,0,149531,Some-college,Private,Sales,0,0,40,39,0
38,Female,White,Divorced,1,48123,Some-college,Federal-gov,Exec-managerial,0,0,40,39,0
39,Female,White,Married-civ-spouse,5,344855,Masters,Local-gov,Prof-specialty,0,1977,20,39,1
41,Male,White,Married-civ-spouse,0,37869,HS-grad,Private,Sales,0,1902,40,39,1
57,Male,Asian-Pac-Islander,Married-civ-spouse,0,403625,Some-college,Other,Other,0,0,60,39,1
34,Female,White,Never-married,1,258666,Assoc-voc,Private,Tech-support,0,1974,40,39,0
36,Male,White,Married-civ-spouse,0,89718,HS-grad,Private,Sales,0,0,40,39,0
23,Female,White,Never-married,4,189832,Assoc-acdm,Private,Transport-moving,0,0,40,39,0
37,Male,White,Married-civ-spouse,0,120590,HS-grad,Private,Craft-repair,0,0,45,39,1
49,Male,White,Divorced,1,141058,Some-college,Self-emp-inc,Exec-managerial,0,2339,50,39,0
31,Female,White,Never-married,1,33124,Bachelors,Local-gov,Prof-specialty,0,0,50,39,0
27,Female,Black,Married-civ-spouse,5,194590,Assoc-acdm,Private,Adm-clerical,0,0,25,39,0
19,Female,White,Never-married,3,242001,Some-college,Other,Other,0,0,40,39,0
39,Male,White,Married-civ-spouse,0,127772,HS-grad,Private,Craft-repair,0,0,40,39,0
42,Female,White,Divorced,4,253770,Some-college,Private,Adm-clerical,0,0,40,39,0
34,Male,Black,Married-civ-spouse,0,242361,Some-college,Private,Prof-specialty,0,0,50,39,0
26,Female,White,Never-married,1,158963,Masters,State-gov,Exec-managerial,0,0,40,39,0
46,Male,White,Married-civ-spouse,0,140664,Some-college,Federal-gov,Exec-managerial,0,0,48,39,1
18,Female,White,Never-married,3,56613,Some-college,Private,Protective-serv,0,0,20,39,0
56,Male,White,Divorced,1,139616,Bachelors,Private,Exec-managerial,0,0,45,39,1
38,Female,White,Never-married,3,185330,Some-college,Private,Craft-repair,0,0,25,39,0
35,Male,White,Married-civ-spouse,0,241126,Masters,Private,Sales,0,0,40,39,1
31,Male,White,Married-civ-spouse,0,397467,HS-grad,Private,Craft-repair,0,0,40,39,0
42,Male,White,Married-spouse-absent,1,234277,HS-grad,Other,Other,0,0,35,39,0
41,Male,White,Divorced,4,174201,HS-grad,Private,Handlers-cleaners,0,0,40,39,0
43,Male,White,Married-civ-spouse,0,193494,Prof-school,Self-emp-not-inc,Prof-specialty,0,0,60,39,1
33,Male,White,Married-civ-spouse,0,115488,Bachelors,Local-gov,Prof-specialty,0,0,50,39,0
27,Male,White,Never-married,1,167737,12th,Private,Machine-op-inspct,0,0,45,39,0
17,Male,White,Never-married,2,176017,10th,Private,Other-service,0,0,15,39,0
31,Female,White,Never-married,1,41493,Bachelors,Self-emp-inc,Farming-fishing,0,0,45,39,0
39,Male,White,Divorced,1,163057,Some-college,Self-emp-inc,Craft-repair,0,0,99,39,0
47,Male,Black,Married-civ-spouse,0,224559,HS-grad,Federal-gov,Transport-moving,0,0,40,39,1
33,Male,White,Divorced,3,44392,HS-grad,Private,Handlers-cleaners,0,0,20,39,0
35,Female,White,Divorced,4,325802,Assoc-acdm,Private,Handlers-cleaners,0,0,24,39,0
45,Male,White,Married-civ-spouse,0,257609,Bachelors,Private,Exec-managerial,0,0,40,39,1
56,Male,White,Married-civ-spouse,0,175127,10th,Private,Handlers-cleaners,0,0,40,39,0
41,Male,White,Married-civ-spouse,0,101593,Masters,Private,Exec-managerial,0,0,50,39,1
40,Male,White,Married-civ-spouse,0,114537,Assoc-voc,Private,Exec-managerial,0,0,50,39,1
32,Female,Asian-Pac-Islander,Divorced,4,161478,Bachelors,Local-gov,Adm-clerical,0,0,46,39,0
51,Male,White,Married-civ-spouse,0,134447,HS-grad,Self-emp-not-inc,Craft-repair,0,0,70,39,0
42,Male,White,Married-civ-spouse,0,221172,Bachelors,Private,Exec-managerial,0,0,40,39,1
52,Male,White,Married-civ-spouse,0,25826,10th,Private,Craft-repair,0,1887,47,39,1
26,Male,White,Never-married,3,64289,HS-grad,Private,Farming-fishing,0,0,40,39,0
54,Male,White,Married-civ-spouse,0,33863,HS-grad,Federal-gov,Adm-clerical,0,0,40,39,1
35,Female,White,Divorced,4,163582,10th,Other,Other,0,0,16,0,0
57,Male,White,Never-married,1,370890,HS-grad,Federal-gov,Adm-clerical,0,2258,40,39,0
31,Male,White,Never-married,1,19302,Assoc-acdm,Private,Adm-clerical,2202,0,38,39,0
28,Female,White,Never-married,1,212640,Prof-school,Private,Prof-specialty,0,0,85,39,0
66,Female,Black,Divorced,1,178120,5th-6th,Private,Priv-house-serv,0,0,15,39,0
18,Male,White,Never-married,3,201871,12th,Private,Other-service,0,0,20,39,0
22,Male,White,Never-married,1,34443,HS-grad,Private,Farming-fishing,0,0,25,39,0
42,Male,Black,Married-civ-spouse,0,195508,11th,Private,Transport-moving,0,0,40,39,0
42,Male,White,Married-civ-spouse,0,198619,Assoc-voc,Private,Machine-op-inspct,0,0,40,39,0
24,Female,White,Never-married,1,107882,HS-grad,Private,Sales,0,0,40,39,0
30,Male,Black,Married-civ-spouse,0,369027,HS-grad,Private,Transport-moving,0,0,45,39,0
39,Female,Black,Separated,4,129495,Some-college,Private,Adm-clerical,0,0,40,39,0
18,Female,White,Never-married,3,80163,Some-college,Private,Sales,0,0,20,39,0
42,Female,White,Divorced,1,246862,Some-college,Local-gov,Tech-support,3325,0,40,39,0
42,Female,White,Married-civ-spouse,5,240628,Bachelors,Private,Exec-managerial,0,0,40,39,1
34,Male,White,Divorced,1,156464,Bachelors,Private,Exec-managerial,0,0,85,9,1
21,Male,White,Never-married,3,176690,Some-college,Private,Other-service,0,0,24,39,0
30,Female,White,Never-married,2,29235,Some-college,Private,Adm-clerical,0,0,20,39,0
37,Male,White,Married-civ-spouse,0,202027,Masters,Private,Adm-clerical,7688,0,50,39,1
51,Male,White,Married-civ-spouse,0,234057,HS-grad,Private,Craft-repair,0,0,45,39,1
60,Male,White,Married-civ-spouse,0,121832,11th,Private,Sales,0,0,40,39,1
32,Male,White,Divorced,3,188246,HS-grad,Self-emp-not-inc,Sales,0,1590,62,39,0
24,Female,White,Never-married,4,228613,11th,Private,Machine-op-inspct,0,0,40,39,0
57,Male,White,Married-civ-spouse,0,69884,HS-grad,Private,Sales,0,0,40,39,1
63,Female,White,Divorced,1,203783,HS-grad,Private,Prof-specialty,0,0,72,39,0
29,Male,White,Never-married,1,421065,HS-grad,Private,Machine-op-inspct,0,0,48,39,0
41,Male,White,Married-civ-spouse,0,203233,HS-grad,Private,Exec-managerial,0,0,40,39,1
34,Male,White,Married-civ-spouse,0,196385,Assoc-voc,Private,Exec-managerial,0,0,40,39,0
17,Male,White,Never-married,3,47407,11th,Other,Other,0,0,10,39,0
39,Female,White,Divorced,4,139647,Some-college,Private,Exec-managerial,0,0,56,39,0
38,Male,White,Married-civ-spouse,0,342448,Some-college,Private,Exec-managerial,0,0,55,39,1
20,Male,White,Never-married,3,119215,Some-college,Private,Transport-moving,0,0,40,39,0
54,Male,White,Married-civ-spouse,0,174865,9th,Private,Exec-managerial,0,0,45,39,1
36,Male,White,Married-civ-spouse,0,29984,12th,Private,Transport-moving,0,0,40,39,0
50,Male,Black,Never-married,1,194514,Masters,Self-emp-inc,Prof-specialty,0,0,50,38,0
21,Male,White,Never-married,3,197997,Some-college,Private,Adm-clerical,0,0,30,39,0
40,Female,White,Never-married,1,177083,Masters,State-gov,Exec-managerial,0,0,35,39,0
73,Female,White,Never-married,1,130391,HS-grad,Self-emp-not-inc,Other-service,0,0,36,39,0
25,Male,White,Married-civ-spouse,0,135568,9th,Private,Handlers-cleaners,0,0,40,39,0
52,Male,White,Married-civ-spouse,0,202956,7th-8th,Private,Craft-repair,0,0,40,39,0
53,Male,White,Married-civ-spouse,0,100109,Masters,Self-emp-not-inc,Exec-managerial,0,1977,40,39,1
50,Male,White,Married-civ-spouse,0,191130,Assoc-voc,Local-gov,Protective-serv,0,0,40,39,1
48,Female,White,Married-spouse-absent,1,166809,Bachelors,Private,Exec-managerial,0,0,50,39,1
22,Male,White,Never-married,3,180052,Some-college,Private,Farming-fishing,0,0,10,39,0
55,Male,Asian-Pac-Islander,Married-civ-spouse,2,76860,HS-grad,Private,Other-service,0,0,40,30,0
43,Male,Asian-Pac-Islander,Married-civ-spouse,0,124919,HS-grad,Private,Other-service,0,0,60,24,0
33,Male,White,Never-married,1,129707,Bachelors,Private,Adm-clerical,0,0,60,39,1
39,Male,White,Never-married,1,144608,Bachelors,Private,Prof-specialty,0,0,40,0,1
18,Female,White,Never-married,3,150817,HS-grad,Private,Sales,0,0,20,39,0
35,Female,White,Never-married,1,346766,HS-grad,Private,Handlers-cleaners,0,0,40,39,0
39,Male,White,Married-civ-spouse,0,48915,HS-grad,Private,Machine-op-inspct,0,0,40,39,1
58,Female,White,Divorced,4,285885,9th,Private,Other-service,0,0,40,39,0
17,Female,White,Never-married,3,27032,10th,Private,Sales,0,0,12,39,0
19,Female,White,Never-married,1,184759,HS-grad,Private,Adm-clerical,0,0,26,39,0
46,Male,White,Widowed,4,102628,Masters,State-gov,Protective-serv,0,0,40,39,0
48,Male,White,Married-civ-spouse,0,355320,Bachelors,Private,Prof-specialty,0,0,45,2,1
29,Male,White,Married-civ-spouse,0,113870,1st-4th,Private,Other-service,0,0,40,0,0
21,Female,White,Never-married,3,57951,Some-college,Private,Other-service,0,0,30,39,0
42,Male,White,Married-civ-spouse,0,33155,HS-grad,Private,Machine-op-inspct,0,0,45,39,0
59,Male,White,Married-civ-spouse,0,146013,Some-college,Private,Sales,4064,0,40,39,0
51,Female,White,Never-married,2,100933,HS-grad,Private,Exec-managerial,0,0,40,39,0
61,Male,White,Married-civ-spouse,0,411652,12th,Private,Craft-repair,0,0,40,26,0
35,Male,White,Married-civ-spouse,0,186183,HS-grad,Private,Transport-moving,15024,0,80,39,1
42,Male,Black,Married-civ-spouse,0,136996,Some-college,State-gov,Protective-serv,0,0,48,39,0
27,Male,White,Married-civ-spouse,0,203776,HS-grad,Private,Craft-repair,0,0,50,39,0
90,Female,White,Widowed,2,256514,Bachelors,Other,Other,991,0,10,39,0
25,Female,White,Never-married,4,252752,HS-grad,Private,Other-service,0,0,40,39,0
39,Male,White,Married-civ-spouse,0,193815,Some-college,Local-gov,Protective-serv,0,0,40,39,1
40,Male,White,Never-married,3,558944,7th-8th,Private,Farming-fishing,0,0,40,39,0
40,Male,White,Married-civ-spouse,0,240698,HS-grad,Self-emp-not-inc,Craft-repair,0,0,60,39,0
38,Male,White,Married-civ-spouse,0,40077,HS-grad,Private,Craft-repair,0,0,50,39,1
60,Female,White,Divorced,1,145664,Some-college,Private,Sales,0,0,48,39,0
53,Male,White,Married-civ-spouse,0,141388,HS-grad,Private,Transport-moving,0,0,40,39,1
36,Male,White,Married-civ-spouse,0,209609,Bachelors,Private,Prof-specialty,0,0,38,39,0
26,Female,White,Married-civ-spouse,5,247455,Bachelors,Private,Sales,5178,0,42,39,1
47,Male,White,Married-civ-spouse,0,178341,10th,Private,Machine-op-inspct,0,0,46,39,1
34,Male,White,Married-civ-spouse,0,155781,HS-grad,Local-gov,Protective-serv,4064,0,50,39,0
33,Male,White,Married-civ-spouse,0,160614,Some-college,Private,Exec-managerial,0,0,50,39,0
41,Male,White,Married-civ-spouse,0,76625,HS-grad,Private,Craft-repair,0,0,40,39,0
59,Male,White,Married-civ-spouse,0,98418,HS-grad,Self-emp-not-inc,Farming-fishing,0,0,20,39,0
56,Female,White,Divorced,1,192325,Some-college,Other,Other,0,0,20,39,0
58,Male,White,Married-civ-spouse,0,175127,HS-grad,Private,Machine-op-inspct,0,0,40,39,0
56,Male,Black,Married-civ-spouse,0,136472,7th-8th,Private,Machine-op-inspct,0,0,48,39,0
26,Female,White,Married-civ-spouse,5,142914,Assoc-acdm,Private,Prof-specialty,0,0,75,39,0
55,Male,White,Married-civ-spouse,0,165881,HS-grad,Private,Exec-managerial,0,0,40,39,1
50,Female,Black,Separated,4,313546,HS-grad,Private,Other-service,0,0,40,39,0
35,Male,White,Married-civ-spouse,0,185325,Bachelors,Private,Prof-specialty,0,0,50,39,1
41,Male,White,Married-civ-spouse,0,113823,Masters,Private,Prof-specialty,0,0,40,9,0
29,Female,White,Never-married,1,46987,HS-grad,Private,Adm-clerical,0,0,55,39,0
46,Male,White,Married-civ-spouse,0,121124,Bachelors,Local-gov,Protective-serv,15024,0,40,39,1
28,Male,Black,Married-civ-spouse,0,199600,HS-grad,Private,Machine-op-inspct,0,0,40,39,0
46,Female,White,Married-civ-spouse,5,51618,HS-grad,Private,Other-service,0,0,40,39,0
55,Male,White,Married-civ-spouse,0,253062,Some-college,Local-gov,Prof-specialty,0,0,40,39,1
31,Male,White,Never-married,1,204470,Masters,Local-gov,Prof-specialty,0,0,43,39,0
34,Male,White,Married-civ-spouse,0,158420,Bachelors,Private,Exec-managerial,0,0,70,39,0
29,Male,White,Never-married,4,137063,HS-grad,Private,Sales,0,0,38,39,0
31,Female,White,Never-married,1,169240,HS-grad,Private,Other-service,0,0,40,39,0
60,Male,White,Married-civ-spouse,0,25141,Some-college,Private,Transport-moving,0,0,60,39,0
45,Male,White,Widowed,1,318280,HS-grad,Local-gov,Protective-serv,0,0,40,39,1
26,Male,White,Never-married,1,257910,Some-college,Private,Other-service,0,0,60,39,0
17,Female,Black,Never-married,3,317702,10th,Private,Sales,0,0,15,39,0
40,Female,White,Separated,1,233320,7th-8th,Private,Other-service,0,0,25,39,0
56,Female,White,Divorced,4,187873,Masters,Federal-gov,Adm-clerical,0,0,40,39,0
17,Female,White,Never-married,3,400225,11th,Private,Sales,0,0,20,39,0
53,Female,White,Married-civ-spouse,5,110510,HS-grad,Local-gov,Exec-managerial,0,0,50,39,1
32,Female,White,Divorced,1,123971,11th,Other,Other,0,0,49,39,0
36,Female,White,Divorced,4,214896,9th,Other,Other,0,0,40,26,0
23,Female,White,Never-married,2,407684,9th,Private,Machine-op-inspct,0,0,40,26,0
35,Male,White,Married-civ-spouse,0,348690,Bachelors,Private,Transport-moving,0,0,40,39,0
52,Male,White,Married-civ-spouse,0,129311,Some-college,Self-emp-not-inc,Exec-managerial,0,0,95,39,1
69,Male,White,Married-civ-spouse,0,114801,HS-grad,Private,Other-service,0,0,20,39,0
22,Male,Asian-Pac-Islander,Never-married,3,191342,Bachelors,Private,Sales,0,0,50,36,0
33,Male,White,Married-civ-spouse,0,134737,HS-grad,Self-emp-not-inc,Craft-repair,0,0,35,39,0
49,Male,White,Married-civ-spouse,0,34545,Some-college,Private,Exec-managerial,0,1887,40,39,1
49,Male,White,Married-civ-spouse,0,268090,Bachelors,Private,Sales,0,0,26,39,1
24,Female,White,Never-married,3,187115,Bachelors,Private,Prof-specialty,0,0,20,39,0
23,Male,White,Never-married,3,117480,10th,Private,Craft-repair,0,0,44,39,0
44,Male,White,Married-civ-spouse,0,106900,HS-grad,Private,Sales,0,0,68,39,0
22,Female,White,Divorced,3,204160,HS-grad,Private,Machine-op-inspct,0,0,40,39,0
63,Male,White,Married-civ-spouse,0,214143,Bachelors,Local-gov,Transport-moving,0,0,40,5,0
36,Male,White,Married-civ-spouse,0,170376,HS-grad,Private,Craft-repair,0,0,45,39,1
59,Male,White,Married-civ-spouse,0,125000,Bachelors,Self-emp-inc,Exec-managerial,0,0,40,9,1
37,Male,White,Married-civ-spouse,0,287031,Some-college,Private,Craft-repair,5178,0,75,39,1
36,Male,White,Married-civ-spouse,0,172256,HS-grad,Private,Machine-op-inspct,0,0,44,39,1
28,Male,Amer-Indian-Eskimo,Never-married,3,25955,Some-college,Private,Craft-repair,0,0,40,39,0
40,Male,White,Married-civ-spouse,0,346189,Doctorate,Private,Prof-specialty,0,0,40,39,1
61,Male,White,Married-civ-spouse,0,72886,HS-grad,Other,Other,0,0,38,39,1
41,Female,White,Never-married,3,160893,Preschool,Local-gov,Handlers-cleaners,0,0,30,39,0
28,Male,White,Never-married,3,100219,HS-grad,Private,Machine-op-inspct,0,0,45,39,0
47,Male,White,Married-civ-spouse,0,190072,Some-college,Self-emp-not-inc,Craft-repair,0,0,40,20,1
28,Female,White,Never-married,1,56340,Masters,Local-gov,Prof-specialty,0,0,40,39,0
44,Male,White,Married-civ-spouse,0,153132,Bachelors,Self-emp-inc,Exec-managerial,7688,0,52,39,1
27,Male,White,Married-civ-spouse,0,242097,Assoc-voc,Private,Transport-moving,0,0,50,39,0
31,Female,White,Never-married,1,120461,Bachelors,Private,Exec-managerial,0,0,40,39,0
67,Male,White,Married-civ-spouse,0,123393,HS-grad,Self-emp-not-inc,Transport-moving,6418,0,58,39,1
54,Male,White,Married-civ-spouse,0,143822,Some-college,Private,Craft-repair,0,0,45,39,1
18,Male,White,Never-married,3,236262,11th,Private,Handlers-cleaners,0,0,12,39,0
33,Male,White,Divorced,1,91666,12th,Private,Exec-managerial,0,0,40,39,0
40,Male,White,Married-civ-spouse,0,163725,Bachelors,Local-gov,Prof-specialty,7688,0,40,39,1
37,Male,White,Married-civ-spouse,0,187748,Some-college,Private,Craft-repair,0,0,40,39,0
25,Female,White,Never-married,4,152035,HS-grad,Private,Adm-clerical,0,0,40,39,0
37,Male,White,Married-civ-spouse,0,103986,Bachelors,Private,Prof-specialty,7688,0,39,39,1
34,Male,White,Married-civ-spouse,0,516337,11th,Private,Handlers-cleaners,0,0,40,26,0
28,Male,White,Never-married,1,341709,HS-grad,Federal-gov,Craft-repair,0,0,40,39,0
24,Female,White,Separated,4,127647,Some-college,Private,Adm-clerical,0,0,35,39,0
34,Male,White,Married-civ-spouse,0,312197,HS-grad,Self-emp-not-inc,Transport-moving,0,0,75,26,1
33,Female,White,Divorced,4,120508,Bachelors,Local-gov,Protective-serv,0,0,60,11,0
37,Male,White,Divorced,4,58343,HS-grad,Self-emp-not-inc,Farming-fishing,0,0,56,39,0
35,Male,Black,Married-civ-spouse,0,308489,Bachelors,Private,Sales,0,0,50,39,0
40,Male,White,Married-civ-spouse,0,57233,Assoc-voc,Self-emp-not-inc,Exec-managerial,0,0,40,39,1
19,Male,White,Never-married,3,73009,Some-college,State-gov,Adm-clerical,0,0,15,39,0
90,Male,White,Married-civ-spouse,0,47929,HS-grad,Private,Machine-op-inspct,0,0,40,39,0
19,Female,White,Never-married,3,128363,Some-college,Private,Sales,0,0,30,39,0
30,Male,White,Never-married,1,72630,Bachelors,Private,Prof-specialty,0,0,50,39,0
55,Female,White,Divorced,4,145214,Some-college,Private,Adm-clerical,4650,0,20,39,0
38,Female,White,Divorced,4,168407,Some-college,Private,Adm-clerical,5721,0,44,39,0
54,Male,White,Married-civ-spouse,0,129432,Bachelors,Self-emp-inc,Exec-managerial,15024,0,40,39,1
49,Male,White,Married-civ-spouse,0,110243,Bachelors,Private,Exec-managerial,0,0,45,39,1
58,Male,White,Married-civ-spouse,0,450544,Bachelors,Self-emp-not-inc,Exec-managerial,0,0,40,39,1
49,Male,White,Divorced,1,167523,Bachelors,Private,Protective-serv,0,0,40,39,0
32,Male,White,Never-married,2,207668,Bachelors,Private,Exec-managerial,0,2444,50,39,1
32,Male,White,Married-civ-spouse,0,175856,Bachelors,Private,Tech-support,0,1902,40,39,1
33,Male,White,Married-civ-spouse,0,226267,Assoc-acdm,Private,Sales,0,0,40,26,0
25,Male,White,Never-married,1,186925,Some-college,Private,Other-service,2597,0,48,39,0
52,Male,White,Married-civ-spouse,0,64045,Prof-school,Self-emp-not-inc,Prof-specialty,99999,0,45,39,1
21,Male,White,Never-married,3,207782,Some-college,Other,Other,0,0,30,39,0
32,Female,White,Divorced,4,197457,HS-grad,Private,Tech-support,1471,0,38,39,0
24,Male,White,Never-married,1,283896,HS-grad,Private,Handlers-cleaners,0,0,40,39,0
29,Male,White,Married-civ-spouse,2,175262,Masters,Local-gov,Prof-specialty,0,0,35,39,0
49,Female,White,Married-civ-spouse,2,31650,Bachelors,State-gov,Prof-specialty,0,0,45,39,0
20,Female,White,Never-married,3,124751,Some-college,Private,Priv-house-serv,0,0,20,39,0
32,Male,White,Married-civ-spouse,0,255424,Bachelors,Private,Sales,0,0,60,39,1
33,Male,White,Never-married,3,97521,HS-grad,Private,Adm-clerical,0,0,40,39,0
32,Male,White,Married-civ-spouse,0,210562,HS-grad,Private,Machine-op-inspct,0,0,40,39,0
26,Female,White,Never-married,1,139992,Bachelors,Private,Prof-specialty,0,0,40,39,0
21,Female,White,Never-married,1,118401,Some-college,Private,Other-service,0,0,30,39,0
48,Male,White,Married-civ-spouse,0,383384,HS-grad,Local-gov,Craft-repair,0,0,60,39,0
25,Male,White,Married-civ-spouse,0,161007,HS-grad,Self-emp-inc,Exec-managerial,0,0,40,39,0
26,Male,White,Married-civ-spouse,0,260614,HS-grad,Private,Machine-op-inspct,0,0,40,39,0
44,Male,White,Married-civ-spouse,0,24982,Some-college,Local-gov,Exec-managerial,0,0,40,39,1
31,Female,White,Married-civ-spouse,5,43953,Bachelors,Private,Prof-specialty,0,0,35,39,0
59,Male,White,Married-civ-spouse,0,160362,HS-grad,Private,Sales,0,0,60,39,0
39,Male,White,Married-civ-spouse,0,343476,Bachelors,Self-emp-not-inc,Prof-specialty,15024,0,50,24,1
23,Male,Black,Never-married,3,414545,Some-college,Private,Machine-op-inspct,0,0,40,39,0
21,Male,White,Never-married,3,24008,Some-college,State-gov,Craft-repair,0,0,35,39,0
22,Female,White,Divorced,3,221745,Some-college,Private,Machine-op-inspct,0,0,40,39,0
38,Female,Black,Never-married,4,146398,HS-grad,Private,Other-service,0,0,24,39,0
51,Male,White,Married-civ-spouse,0,107096,HS-grad,Self-emp-not-inc,Farming-fishing,0,0,50,39,0
22,Male,White,Never-married,3,52596,Some-college,Private,Sales,0,0,8,39,0
31,Female,White,Married-civ-spouse,5,182162,HS-grad,Private,Adm-clerical,0,0,37,39,0
21,Male,White,Never-married,3,119156,HS-grad,Private,Craft-repair,0,0,40,39,0
59,Male,White,Separated,2,152968,Some-college,Private,Adm-clerical,3325,0,40,39,0
39,Male,White,Married-civ-spouse,0,99452,Bachelors,Private,Prof-specialty,0,0,50,39,1
43,Male,White,Never-married,1,227298,Bachelors,Self-emp-not-inc,Sales,0,0,45,39,0
32,Male,White,Married-civ-spouse,0,211349,10th,Private,Transport-moving,0,0,40,39,0
34,Male,White,Married-civ-spouse,0,163110,Masters,Private,Sales,0,0,40,39,0
36,Female,White,Married-civ-spouse,5,184556,Bachelors,Federal-gov,Exec-managerial,0,0,40,39,0
39,Female,White,Married-civ-spouse,5,165215,Masters,Private,Prof-specialty,0,1902,18,39,1
41,Male,White,Married-civ-spouse,0,168098,Bachelors,Self-emp-not-inc,Prof-specialty,0,0,50,39,0
41,Male,White,Married-civ-spouse,0,153132,Prof-school,Self-emp-not-inc,Exec-managerial,15024,0,40,39,1
45,Male,White,Divorced,1,127089,Masters,State-gov,Exec-managerial,0,0,45,39,0
40,Male,White,Married-civ-spouse,0,243580,Bachelors,Local-gov,Prof-specialty,0,0,48,39,0
33,Male,White,Married-civ-spouse,0,149726,HS-grad,Private,Sales,0,0,40,39,1
27,Male,White,Married-civ-spouse,0,35032,Some-college,Private,Handlers-cleaners,0,0,40,39,1
53,Male,White,Married-civ-spouse,0,30008,10th,Self-emp-not-inc,Farming-fishing,0,0,35,39,0
23,Female,Amer-Indian-Eskimo,Married-civ-spouse,5,180771,1st-4th,Private,Machine-op-inspct,0,0,35,26,0
40,Male,Black,Married-civ-spouse,0,261497,HS-grad,Local-gov,Craft-repair,0,0,35,39,0
18,Male,White,Never-married,3,80564,HS-grad,Other,Other,0,0,60,39,0
39,Male,White,Divorced,1,216149,Prof-school,Private,Prof-specialty,0,0,70,39,1
28,Female,White,Never-married,1,181776,Bachelors,Private,Other-service,0,0,50,39,0
34,Male,White,Married-civ-spouse,0,242460,Bachelors,Private,Exec-managerial,7688,0,40,39,1
68,Female,White,Widowed,1,163346,HS-grad,Private,Machine-op-inspct,0,0,32,39,0
58,Female,White,Divorced,1,211547,12th,Self-emp-not-inc,Sales,0,0,52,39,0
17,Male,White,Never-married,3,198797,11th,Other,Other,0,0,20,29,0
18,Female,White,Never-married,3,263024,HS-grad,Private,Sales,0,0,40,39,0
39,Male,White,Married-civ-spouse,0,82540,Some-college,Private,Exec-managerial,0,0,60,39,0
39,Female,White,Divorced,4,24721,Some-college,State-gov,Adm-clerical,0,0,35,39,0
35,Male,Amer-Indian-Eskimo,Divorced,3,98989,9th,Other,Other,0,0,38,39,0
85,Female,White,Widowed,1,166027,HS-grad,Self-emp-not-inc,Sales,0,0,50,39,0
60,Male,White,Married-civ-spouse,0,142494,Some-college,Private,Exec-managerial,15024,0,40,39,1
46,Female,White,Divorced,4,182128,Masters,Private,Prof-specialty,6497,0,50,39,0
18,Male,White,Never-married,1,142751,10th,Private,Handlers-cleaners,0,0,40,39,0
22,Female,White,Never-married,3,117606,Bachelors,Private,Adm-clerical,0,0,25,39,0
31,Male,Asian-Pac-Islander,Separated,4,123983,Some-college,Private,Sales,0,0,40,35,0
39,Male,White,Married-civ-spouse,0,179668,Bachelors,Private,Tech-support,15024,0,40,39,1
32,Female,White,Never-married,1,230912,Masters,Local-gov,Prof-specialty,4865,0,40,39,0
22,Male,White,Never-married,3,131230,Some-college,Other,Other,0,0,40,39,0
17,Male,White,Never-married,3,406920,10th,Other,Other,0,0,40,39,0
49,Female,White,Never-married,1,107425,Masters,Private,Sales,0,0,35,39,0
27,Male,Black,Never-married,1,287476,HS-grad,Private,Craft-repair,3325,0,40,39,0
40,Male,White,Married-civ-spouse,0,187802,Some-college,Private,Handlers-cleaners,0,1887,40,39,1
39,Male,White,Married-civ-spouse,0,269186,HS-grad,Private,Craft-repair,0,0,40,39,0
25,Male,White,Married-civ-spouse,0,39901,Bachelors,Other,Other,0,0,60,39,0
25,Male,White,Never-married,1,278404,Bachelors,Private,Prof-specialty,0,0,40,39,0
51,Male,White,Married-civ-spouse,0,82504,Some-college,State-gov,Exec-managerial,0,0,40,39,0
28,Male,Other,Never-married,4,208965,9th,Private,Machine-op-inspct,0,0,40,26,0
68,Male,White,Married-civ-spouse,0,31725,HS-grad,Local-gov,Farming-fishing,0,0,40,39,0
53,Male,White,Married-civ-spouse,0,266598,HS-grad,Federal-gov,Prof-specialty,0,0,40,39,1
55,Male,White,Married-civ-spouse,0,189933,7th-8th,Self-emp-not-inc,Farming-fishing,0,0,50,39,0
43,Male,White,Married-civ-spouse,0,396116,HS-grad,Other,Other,0,0,40,39,0
55,Male,White,Married-civ-spouse,0,98545,10th,Local-gov,Adm-clerical,0,0,40,39,0
41,Male,White,Divorced,1,190786,Bachelors,Local-gov,Prof-specialty,0,0,20,39,0
26,Female,White,Never-married,1,197292,HS-grad,Private,Adm-clerical,0,0,50,39,0
43,Male,White,Married-civ-spouse,0,240504,HS-grad,Private,Handlers-cleaners,0,0,40,39,0
38,Male,White,Married-civ-spouse,0,48093,HS-grad,Private,Handlers-cleaners,0,0,40,39,0
62,Male,White,Married-civ-spouse,0,210935,HS-grad,Private,Other-service,0,0,20,39,0
35,Male,White,Married-civ-spouse,0,186845,Prof-school,Private,Prof-specialty,0,0,45,39,1
79,Female,White,Widowed,4,146244,Doctorate,Local-gov,Prof-specialty,0,0,40,39,0
27,Female,White,Married-civ-spouse,5,131310,HS-grad,Private,Other-service,0,0,40,39,1
17,Female,White,Never-married,3,237078,11th,Other,Other,0,0,35,39,0
63,Male,White,Divorced,4,318763,Some-college,Private,Craft-repair,0,0,22,39,0
61,Female,White,Widowed,1,253101,Some-college,Self-emp-inc,Sales,0,0,20,39,0
31,Male,Black,Married-civ-spouse,0,199368,Bachelors,Local-gov,Protective-serv,0,0,50,39,1
43,Male,White,Married-civ-spouse,0,198965,Masters,State-gov,Prof-specialty,0,0,40,39,1
36,Female,White,Never-married,1,174887,Some-college,Private,Tech-support,0,0,40,39,0
33,Female,White,Married-civ-spouse,5,141490,HS-grad,Private,Sales,0,0,45,39,0
42,Male,White,Married-civ-spouse,0,306496,HS-grad,Private,Other-service,0,0,40,39,0
37,Male,White,Married-civ-spouse,0,50862,HS-grad,Other,Other,0,0,55,39,0
19,Male,White,Never-married,3,354104,HS-grad,Private,Handlers-cleaners,0,0,30,39,0
31,Male,White,Never-married,1,123037,Some-college,State-gov,Tech-support,0,0,13,39,0
44,Male,White,Never-married,1,120539,Bachelors,Self-emp-not-inc,Sales,0,0,50,39,1
26,Male,White,Married-civ-spouse,0,72594,Some-college,Local-gov,Protective-serv,0,0,55,39,1
46,Male,White,Married-civ-spouse,0,174426,Some-college,Private,Machine-op-inspct,0,0,40,39,0
52,Female,White,Divorced,1,128871,7th-8th,Private,Machine-op-inspct,0,0,64,39,0
38,Male,White,Married-civ-spouse,0,112561,Bachelors,Private,Exec-managerial,0,0,55,39,1
66,Male,White,Married-civ-spouse,0,113323,Bachelors,Private,Prof-specialty,20051,0,40,39,1
33,Male,White,Married-civ-spouse,0,197424,HS-grad,Private,Exec-managerial,5013,0,40,39,0
42,Female,White,Never-married,3,135056,HS-grad,Private,Sales,0,0,40,39,0
40,Male,White,Married-civ-spouse,0,222756,Some-college,Private,Machine-op-inspct,0,0,40,39,1
27,Female,White,Never-married,1,178709,Masters,Private,Machine-op-inspct,0,0,40,39,0
33,Male,White,Married-civ-spouse,0,73585,11th,Self-emp-not-inc,Craft-repair,0,0,50,39,0
63,Male,White,Married-civ-spouse,0,54052,Masters,Self-emp-inc,Sales,0,0,68,39,1
57,Male,White,Married-civ-spouse,0,32694,Doctorate,State-gov,Prof-specialty,0,0,40,39,1
20,Male,Black,Never-married,3,266015,Some-college,Private,Sales,0,0,44,39,0
41,Male,White,Married-civ-spouse,0,244945,Some-college,Private,Exec-managerial,0,0,40,39,0
47,Male,White,Never-married,1,198200,Bachelors,Private,Exec-managerial,0,0,50,39,0
63,Female,White,Divorced,1,254907,Assoc-voc,Private,Other-service,0,0,20,39,0
43,Female,White,Married-civ-spouse,5,184625,HS-grad,Private,Adm-clerical,0,0,40,39,1
33,Female,White,Never-married,1,290763,Some-college,Private,Sales,0,0,40,39,0
59,Male,White,Married-civ-spouse,0,100931,HS-grad,Federal-gov,Adm-clerical,0,0,40,39,1
23,Male,Black,Never-married,2,111450,Some-college,Private,Adm-clerical,0,0,22,39,0
59,Male,White,Married-civ-spouse,0,424468,Bachelors,Other,Other,0,0,40,39,1
42,Female,Black,Divorced,1,336891,Some-college,Private,Adm-clerical,0,0,40,39,0
41,Male,White,Divorced,3,115562,HS-grad,Private,Protective-serv,0,0,40,39,0
31,Male,White,Married-civ-spouse,0,198613,HS-grad,Private,Adm-clerical,0,0,35,39,0
32,Male,White,Married-civ-spouse,0,78530,Some-college,Self-emp-inc,Exec-managerial,15024,0,50,39,1
63,Male,White,Married-civ-spouse,0,106551,HS-grad,Self-emp-not-inc,Craft-repair,0,0,40,39,0
30,Male,White,Married-civ-spouse,0,467108,Masters,Private,Prof-specialty,0,0,44,39,1
36,Male,White,Married-civ-spouse,0,185099,HS-grad,Private,Transport-moving,0,0,70,39,1
40,Female,White,Never-married,1,191544,HS-grad,Private,Other-service,0,0,35,39,0
17,Female,White,Married-civ-spouse,3,186890,10th,Private,Sales,0,0,30,39,0
24,Male,White,Never-married,4,238917,5th-6th,Private,Craft-repair,0,0,40,8,0
52,Male,White,Divorced,4,194580,5th-6th,Private,Farming-fishing,0,0,40,39,0
40,Male,White,Married-civ-spouse,0,96129,Assoc-voc,Private,Tech-support,0,0,40,39,1
61,Male,White,Married-civ-spouse,0,244087,HS-grad,Self-emp-not-inc,Craft-repair,0,0,52,39,1
33,Male,White,Never-married,1,205152,Assoc-voc,Private,Exec-managerial,0,0,55,39,1
18,Male,White,Never-married,3,206359,10th,Never-worked,Other,0,0,40,39,0
37,Male,White,Married-civ-spouse,0,172256,Some-college,Other,Other,0,0,20,39,0
33,Female,White,Never-married,1,189265,Bachelors,Private,Exec-managerial,0,0,40,39,0
20,Female,White,Never-married,3,184756,Some-college,Private,Adm-clerical,0,0,12,39,0
30,Male,White,Never-married,1,230224,Bachelors,Private,Exec-managerial,0,0,55,39,1
56,Male,White,Married-civ-spouse,0,206399,HS-grad,Private,Craft-repair,0,0,40,39,0
25,Male,White,Never-married,1,321205,Bachelors,Private,Exec-managerial,4101,0,35,39,0
60,Male,White,Married-civ-spouse,0,166153,Some-college,Self-emp-not-inc,Sales,0,0,50,39,0
32,Male,White,Never-married,4,151053,Some-college,Private,Craft-repair,0,0,40,39,0
48,Male,White,Married-civ-spouse,0,138069,HS-grad,Private,Transport-moving,0,0,45,39,0
23,Female,White,Never-married,1,23438,HS-grad,Local-gov,Prof-specialty,0,0,40,39,0
24,Male,White,Married-civ-spouse,0,206671,Assoc-voc,Private,Craft-repair,0,0,40,39,0
20,Female,White,Never-married,3,163911,Some-college,Other,Other,0,0,40,39,0
52,Male,White,Married-civ-spouse,0,305053,HS-grad,Local-gov,Craft-repair,0,2051,40,39,0
33,Male,White,Married-civ-spouse,0,283921,Some-college,Private,Craft-repair,0,0,40,39,0
70,Female,White,Widowed,1,163057,HS-grad,Other,Other,2009,0,40,39,0
68,Female,Black,Divorced,2,232151,Some-college,Federal-gov,Adm-clerical,2346,0,40,39,0
27,Male,White,Married-civ-spouse,0,56870,HS-grad,Private,Machine-op-inspct,0,0,40,39,0
71,Male,White,Married-civ-spouse,0,144872,Some-college,Other,Other,6514,0,40,39,1
42,Male,White,Married-civ-spouse,0,152071,Prof-school,Self-emp-inc,Prof-specialty,0,0,60,5,1
42,Female,Black,Separated,4,195584,Assoc-acdm,Private,Adm-clerical,0,0,40,39,0
30,Male,White,Married-civ-spouse,0,26009,HS-grad,Private,Prof-specialty,0,0,35,39,1
31,Female,White,Never-married,3,651396,HS-grad,Private,Sales,0,1594,30,39,0
23,Male,White,Never-married,1,314525,Bachelors,Federal-gov,Prof-specialty,0,0,40,39,0
70,Male,White,Married-civ-spouse,0,187292,Bachelors,Private,Handlers-cleaners,6418,0,40,39,1
39,Male,White,Married-civ-spouse,0,103456,Bachelors,Private,Adm-clerical,0,0,45,39,1
36,Female,White,Married-spouse-absent,4,205359,HS-grad,Private,Other-service,0,0,25,39,0
46,Male,White,Married-civ-spouse,0,34377,Assoc-acdm,Private,Craft-repair,0,0,40,39,1
29,Female,White,Separated,4,78529,10th,Other,Other,0,0,12,39,0
18,Female,White,Never-married,3,242615,Some-college,Private,Adm-clerical,0,0,15,39,0
77,Male,White,Married-civ-spouse,0,138714,Some-college,Self-emp-not-inc,Sales,0,0,40,39,0
23,Male,White,Never-married,1,53245,Bachelors,Private,Sales,0,1602,12,39,0
26,Female,White,Never-married,1,37202,Bachelors,Private,Prof-specialty,0,0,45,39,0
61,Male,White,Married-civ-spouse,0,115882,1st-4th,Self-emp-not-inc,Craft-repair,0,0,20,39,0
36,Male,White,Married-civ-spouse,0,373952,10th,Private,Machine-op-inspct,0,0,40,39,0
60,Male,White,Married-civ-spouse,0,138502,Bachelors,Local-gov,Protective-serv,7298,0,48,39,1
46,Male,White,Married-civ-spouse,0,98637,Bachelors,Private,Exec-managerial,7298,0,50,39,1
60,Male,White,Married-civ-spouse,0,123218,Some-college,Self-emp-inc,Exec-managerial,0,0,40,39,0
37,Female,Black,Divorced,4,214542,Some-college,Federal-gov,Adm-clerical,0,0,40,39,0
57,Male,White,Married-civ-spouse,0,298507,Bachelors,Private,Prof-specialty,3103,0,40,39,1
46,Male,White,Married-civ-spouse,0,44671,Bachelors,Private,Protective-serv,0,0,40,39,0
44,Female,White,Divorced,1,144125,Bachelors,State-gov,Prof-specialty,0,0,40,39,0
34,Male,White,Never-married,3,143766,Some-college,Local-gov,Protective-serv,0,0,40,39,0
40,Male,White,Married-civ-spouse,0,174395,HS-grad,Private,Craft-repair,0,0,40,39,0
22,Male,White,Never-married,3,146538,HS-grad,Federal-gov,Adm-clerical,0,0,40,39,0
36,Female,White,Never-married,1,235371,HS-grad,Private,Sales,0,0,40,39,0
46,Male,White,Married-civ-spouse,0,370119,Prof-school,Private,Prof-specialty,99999,0,60,39,1
64,Female,White,Widowed,1,61892,HS-grad,Private,Priv-house-serv,0,0,15,39,0
22,Female,White,Married-civ-spouse,5,134746,10th,Private,Sales,0,0,40,39,0
38,Male,White,Married-civ-spouse,0,193026,11th,Private,Craft-repair,0,0,40,39,0
46,Male,White,Divorced,1,161337,Some-college,Federal-gov,Tech-support,0,0,40,39,0
28,Male,White,Separated,4,282398,Some-college,Private,Tech-support,0,0,40,39,1
24,Male,White,Married-civ-spouse,0,254767,7th-8th,Private,Farming-fishing,2105,0,50,39,0
50,Male,White,Married-civ-spouse,0,195298,Some-college,Private,Exec-managerial,0,0,50,39,1
47,Male,Black,Never-married,1,112200,Bachelors,Self-emp-not-inc,Exec-managerial,10520,0,45,39,1
28,Male,White,Married-civ-spouse,0,209205,Masters,Private,Prof-specialty,0,0,45,39,1
42,Female,Black,Widowed,4,199095,Assoc-voc,Local-gov,Prof-specialty,0,0,40,39,0
63,Male,White,Married-civ-spouse,0,100099,9th,Private,Transport-moving,0,0,40,39,0
54,Male,White,Married-civ-spouse,0,292673,1st-4th,Private,Other-service,0,0,35,26,0
42,Female,White,Divorced,4,222011,Some-college,Private,Sales,0,0,43,39,0
26,Male,White,Never-married,1,44308,Bachelors,Private,Tech-support,0,0,40,39,0
39,Male,White,Never-married,4,74194,HS-grad,Private,Farming-fishing,0,0,40,39,0
40,Male,White,Married-civ-spouse,0,141649,Assoc-voc,Local-gov,Protective-serv,0,0,40,39,1
59,Male,White,Married-civ-spouse,0,174864,HS-grad,Private,Craft-repair,0,1485,45,39,1
39,Male,Black,Divorced,3,473547,10th,Local-gov,Handlers-cleaners,0,0,40,39,0
25,Female,White,Never-married,3,152046,Bachelors,Private,Prof-specialty,0,0,40,13,0
24,Male,White,Married-civ-spouse,0,233499,Some-college,Private,Transport-moving,0,0,40,39,1
56,Female,White,Divorced,4,99359,HS-grad,Private,Adm-clerical,0,1617,40,39,0
42,Male,White,Divorced,1,351161,Some-college,Local-gov,Craft-repair,0,0,40,39,0
46,Female,White,Divorced,1,146497,HS-grad,Local-gov,Prof-specialty,0,0,40,39,0
30,Male,White,Never-married,1,251120,7th-8th,Private,Craft-repair,0,0,38,39,0
28,Female,White,Never-married,3,248911,Some-college,Private,Exec-managerial,0,0,40,0,0
22,Female,White,Never-married,3,440969,Some-college,Private,Other-service,0,0,24,39,0
53,Female,White,Never-married,1,140359,Preschool,Local-gov,Machine-op-inspct,0,0,35,39,0
43,Female,White,Divorced,1,220609,Some-college,Private,Tech-support,0,0,50,39,0
25,Male,Black,Married-civ-spouse,0,125159,Assoc-acdm,Private,Handlers-cleaners,0,0,40,23,0
40,Male,Black,Divorced,4,375603,HS-grad,Private,Adm-clerical,0,0,40,39,0
20,Female,White,Never-married,3,71475,Some-college,Private,Adm-clerical,0,0,40,39,0
34,Female,Asian-Pac-Islander,Married-civ-spouse,5,88215,Masters,Private,Prof-specialty,0,0,40,3,1
52,Female,Black,Separated,4,270142,Assoc-voc,Private,Exec-managerial,0,0,60,39,0
62,Male,White,Divorced,1,223447,12th,Other,Other,0,0,40,2,0
58,Male,White,Married-civ-spouse,0,121912,Assoc-voc,Self-emp-not-inc,Craft-repair,0,0,42,39,0
24,Male,White,Married-civ-spouse,0,322931,7th-8th,Self-emp-not-inc,Transport-moving,0,1902,40,39,1
24,Male,White,Never-married,3,102323,HS-grad,Private,Machine-op-inspct,0,0,40,39,0
27,Female,White,Married-civ-spouse,5,330132,Bachelors,Private,Tech-support,0,0,40,39,1
51,Male,Amer-Indian-Eskimo,Married-civ-spouse,0,215404,Bachelors,Private,Prof-specialty,15024,0,40,39,1
36,Female,Black,Divorced,4,242713,HS-grad,Private,Adm-clerical,0,0,40,0,0
35,Female,White,Never-married,3,49352,Some-college,State-gov,Adm-clerical,0,0,38,39,0
52,Male,White,Married-civ-spouse,0,165681,Some-college,Private,Craft-repair,0,0,40,39,1
29,Female,White,Never-married,1,36601,Bachelors,Private,Prof-specialty,0,0,50,39,0
25,Male,White,Never-married,3,391192,Some-college,Private,Sales,0,0,24,39,0
54,Female,White,Widowed,4,222882,HS-grad,Private,Exec-managerial,0,0,45,39,0
41,Male,Asian-Pac-Islander,Married-civ-spouse,0,74775,Bachelors,Private,Other-service,0,0,30,40,0
24,Female,White,Never-married,1,193920,Masters,Private,Priv-house-serv,0,0,45,0,0
23,Male,White,Never-married,3,278391,HS-grad,Private,Transport-moving,0,0,40,39,0
33,Male,White,Never-married,1,221966,Bachelors,Private,Prof-specialty,2202,0,50,39,0
42,Female,White,Married-civ-spouse,5,111949,HS-grad,Private,Adm-clerical,0,0,35,39,0
36,Female,White,Divorced,3,214378,HS-grad,Private,Prof-specialty,0,0,40,39,1
62,Female,White,Widowed,1,159841,HS-grad,Private,Other-service,0,0,24,39,0
36,Male,White,Married-civ-spouse,0,180686,Prof-school,Self-emp-not-inc,Prof-specialty,0,0,50,39,0
28,Male,White,Married-civ-spouse,0,146042,HS-grad,Self-emp-inc,Craft-repair,0,0,50,39,0
41,Male,White,Married-civ-spouse,0,310255,HS-grad,Private,Sales,0,0,40,39,0
39,Male,White,Married-civ-spouse,0,358753,Assoc-voc,Private,Craft-repair,7688,0,40,39,1
38,Male,White,Never-married,1,223433,HS-grad,Private,Machine-op-inspct,0,0,40,39,0
37,Male,Black,Divorced,1,434097,Assoc-acdm,Private,Craft-repair,0,0,40,39,0
66,Male,White,Married-civ-spouse,0,234743,Some-college,Private,Exec-managerial,0,0,24,39,0
36,Male,Other,Married-civ-spouse,0,179666,12th,Private,Craft-repair,0,0,40,39,0
34,Male,White,Never-married,1,346034,Bachelors,Private,Other-service,0,0,40,8,0
41,Male,White,Married-civ-spouse,0,184466,Masters,Local-gov,Prof-specialty,0,0,38,39,1
33,Male,Amer-Indian-Eskimo,Never-married,4,27959,HS-grad,Local-gov,Other-service,0,0,40,39,0
29,Male,Black,Married-civ-spouse,0,632593,HS-grad,Private,Craft-repair,0,0,40,39,0
55,Male,White,Married-civ-spouse,0,101468,HS-grad,Private,Craft-repair,3103,0,40,39,1
36,Male,White,Married-civ-spouse,0,145576,Masters,Private,Adm-clerical,0,1977,40,24,1
28,Female,White,Separated,1,334368,Some-college,Private,Adm-clerical,0,0,40,39,0
36,Female,White,Divorced,4,133974,Assoc-voc,Private,Sales,0,0,40,39,0
33,Female,White,Widowed,4,119176,Some-college,Private,Adm-clerical,0,0,40,39,0
28,Female,White,Never-married,1,160981,Some-college,Private,Adm-clerical,0,0,52,39,0
42,Male,White,Married-civ-spouse,0,320744,HS-grad,Self-emp-not-inc,Sales,3908,0,45,39,0
39,Female,Black,Married-civ-spouse,5,444219,HS-grad,Private,Craft-repair,0,0,45,39,0
43,Male,White,Married-civ-spouse,0,118853,Some-college,Local-gov,Tech-support,4386,0,99,39,1
66,Female,White,Widowed,4,93318,HS-grad,Other,Other,0,0,40,39,0
61,Female,White,Divorced,4,29059,HS-grad,Private,Sales,0,2754,25,39,0
30,Male,White,Married-civ-spouse,0,77689,Bachelors,Self-emp-inc,Sales,7688,0,50,39,1
37,Male,White,Divorced,3,389725,12th,Private,Craft-repair,0,0,35,39,0
24,Male,White,Married-civ-spouse,0,449432,12th,Private,Craft-repair,0,0,40,39,0
50,Male,White,Married-civ-spouse,0,83311,Bachelors,Self-emp-not-inc,Exec-managerial,0,0,13,39,0
37,Female,Black,Never-married,4,259882,Assoc-voc,Private,Sales,0,0,6,39,0
39,Male,Asian-Pac-Islander,Married-civ-spouse,0,72338,Masters,Private,Prof-specialty,0,0,40,30,1
23,Female,White,Never-married,1,60409,HS-grad,Private,Exec-managerial,0,0,40,39,0
47,Male,White,Married-civ-spouse,0,256522,HS-grad,Private,Handlers-cleaners,0,0,40,0,0
23,Female,White,Never-married,2,176262,Assoc-voc,Private,Adm-clerical,0,0,36,39,0
43,Male,White,Married-civ-spouse,0,226902,Bachelors,Private,Sales,0,0,50,39,1
54,Male,White,Married-civ-spouse,0,158948,HS-grad,Self-emp-not-inc,Transport-moving,0,0,15,39,0
36,Female,White,Separated,4,110791,Assoc-acdm,Local-gov,Adm-clerical,0,0,40,39,0
35,Male,White,Married-civ-spouse,0,36214,Bachelors,Private,Exec-managerial,4386,0,47,39,1
27,Male,White,Never-married,3,225142,Some-college,Private,Craft-repair,0,0,40,39,0
22,Female,White,Never-married,3,195532,HS-grad,Other,Other,0,0,40,39,0
18,Male,White,Never-married,3,154089,11th,Private,Handlers-cleaners,0,0,20,39,0
54,Female,White,Widowed,4,96792,HS-grad,Private,Other-service,0,0,32,39,0
39,Female,Asian-Pac-Islander,Married-spouse-absent,4,70240,5th-6th,Private,Other-service,0,0,40,30,0
23,Male,White,Married-civ-spouse,0,314539,HS-grad,Private,Sales,0,0,40,39,0
31,Male,White,Married-civ-spouse,0,103435,Bachelors,Private,Sales,0,0,50,39,1
29,Female,White,Never-married,1,200381,11th,Private,Exec-managerial,0,0,40,39,0
51,Male,White,Married-civ-spouse,0,46281,Some-college,Self-emp-inc,Sales,0,0,50,39,1
24,Female,White,Never-married,1,1085515,HS-grad,Private,Other-service,0,0,30,39,0
43,Male,White,Married-civ-spouse,0,163108,Some-college,Self-emp-not-inc,Farming-fishing,0,0,99,39,0
23,Female,White,Never-married,2,256755,Bachelors,Private,Handlers-cleaners,0,0,40,5,0
17,Female,White,Never-married,3,47771,11th,Private,Prof-specialty,0,0,20,39,0
33,Male,White,Married-civ-spouse,0,181091,Bachelors,Private,Adm-clerical,0,0,60,20,1
34,Male,White,Never-married,1,227282,Some-college,Private,Craft-repair,0,0,40,39,0
21,Male,White,Never-married,1,409230,HS-grad,Private,Craft-repair,0,0,40,13,0
22,Male,White,Never-married,3,141003,Assoc-voc,Private,Other-service,0,0,30,39,0
62,Female,White,Widowed,1,24050,HS-grad,Self-emp-inc,Sales,0,0,15,39,0
50,Male,White,Married-civ-spouse,0,101094,Masters,Self-emp-inc,Sales,0,0,55,39,0
24,Male,Asian-Pac-Islander,Separated,4,243190,Assoc-acdm,Private,Craft-repair,8614,0,40,39,1
28,Female,White,Married-civ-spouse,5,237466,Some-college,Self-emp-not-inc,Adm-clerical,0,0,30,39,1
27,Male,White,Never-married,3,37088,9th,Private,Other-service,0,0,30,39,0
29,Female,White,Married-civ-spouse,5,198997,HS-grad,Private,Adm-clerical,0,0,20,39,0
36,Female,White,Separated,1,334366,11th,Private,Exec-managerial,0,0,32,39,0
26,Male,White,Married-civ-spouse,0,58039,Some-college,State-gov,Other-service,0,0,40,39,0
48,Male,White,Married-civ-spouse,0,265477,Assoc-acdm,Self-emp-not-inc,Prof-specialty,0,0,40,39,0
49,Male,White,Married-civ-spouse,0,194189,7th-8th,Private,Handlers-cleaners,0,0,40,39,0
63,Male,White,Divorced,1,181561,Some-college,Self-emp-not-inc,Exec-managerial,0,0,50,39,0
64,Male,White,Widowed,1,34100,Some-college,Other,Other,0,0,4,39,0
34,Male,White,Married-civ-spouse,0,191834,Assoc-voc,Private,Craft-repair,0,0,48,39,0
44,Male,Black,Married-civ-spouse,0,468706,HS-grad,Other,Other,0,0,40,39,0
27,Male,White,Married-civ-spouse,0,243569,11th,Private,Handlers-cleaners,3942,0,40,39,0
63,Female,White,Widowed,1,156799,HS-grad,Other,Other,0,0,4,39,0
39,Male,White,Married-civ-spouse,0,366757,HS-grad,Private,Craft-repair,0,0,35,39,0
62,Female,White,Widowed,1,65868,HS-grad,Private,Sales,0,0,43,39,0
24,Male,White,Never-married,3,172047,Assoc-acdm,Self-emp-not-inc,Craft-repair,0,0,40,39,0
45,Female,White,Divorced,4,166056,HS-grad,Private,Other-service,0,0,40,39,0
45,Male,White,Married-civ-spouse,0,192835,HS-grad,Private,Other-service,3942,0,40,39,0
48,Male,White,Divorced,1,94342,Bachelors,Federal-gov,Exec-managerial,0,0,45,39,0
27,Female,White,Separated,3,245661,HS-grad,Private,Machine-op-inspct,0,0,40,39,0
46,Male,White,Married-civ-spouse,0,141944,Bachelors,Local-gov,Prof-specialty,0,0,38,39,1
19,Male,White,Never-married,3,220001,Some-college,Private,Farming-fishing,0,0,50,39,0
28,Male,White,Divorced,1,185647,Some-college,Private,Handlers-cleaners,0,0,50,39,0
53,Female,White,Married-civ-spouse,5,22978,Masters,Private,Exec-managerial,0,0,50,39,1
37,Female,Black,Divorced,1,193952,HS-grad,Private,Other-service,0,0,40,0,0
23,Male,White,Never-married,2,38151,11th,Private,Other-service,0,0,40,30,0
66,Female,White,Married-civ-spouse,5,376028,HS-grad,Other,Other,0,0,20,39,0
39,Female,White,Divorced,4,158962,Some-college,Private,Machine-op-inspct,0,0,40,39,0
51,Male,White,Married-civ-spouse,0,48343,Masters,Private,Exec-managerial,7298,0,50,39,1
28,Male,White,Married-civ-spouse,0,30912,HS-grad,Private,Other-service,0,0,43,39,0
27,Male,White,Married-civ-spouse,0,295799,Some-college,Private,Craft-repair,0,0,40,39,0
23,Male,White,Never-married,1,228243,Some-college,Private,Craft-repair,0,0,44,39,0
30,Male,White,Separated,1,23778,7th-8th,Private,Handlers-cleaners,0,0,40,39,0
32,Male,White,Divorced,1,279173,Bachelors,Private,Sales,0,0,45,39,0
39,Male,White,Married-civ-spouse,0,108140,Masters,Private,Exec-managerial,0,0,50,39,1
71,Female,Black,Divorced,1,228806,9th,Private,Priv-house-serv,0,0,6,39,0
38,Male,White,Separated,4,222450,Some-college,Private,Exec-managerial,0,0,40,39,0
37,Female,White,Divorced,1,125550,HS-grad,Private,Sales,0,0,60,39,0
27,Male,White,Never-married,1,406662,HS-grad,Private,Adm-clerical,4416,0,40,39,0
40,Male,White,Divorced,1,257364,Some-college,Private,Other-service,0,0,45,39,0
41,Male,White,Married-civ-spouse,0,166662,Prof-school,Private,Exec-managerial,0,0,50,39,1
28,Male,White,Married-civ-spouse,0,296537,HS-grad,Local-gov,Craft-repair,0,0,45,39,0
22,Male,White,Never-married,3,161532,Some-college,Private,Handlers-cleaners,0,0,35,39,0
19,Male,White,Never-married,3,36012,Some-college,Self-emp-not-inc,Craft-repair,0,0,20,39,0
23,Female,White,Never-married,3,130905,Bachelors,Private,Sales,0,0,40,39,0
50,Male,White,Married-civ-spouse,0,132716,Prof-school,Self-emp-not-inc,Exec-managerial,99999,0,50,39,1
46,Male,White,Never-married,3,148995,Bachelors,Local-gov,Prof-specialty,4787,0,45,39,1
55,Male,White,Married-civ-spouse,0,234327,Some-college,Private,Craft-repair,0,0,40,39,0
30,Female,White,Married-civ-spouse,5,35724,Prof-school,Private,Prof-specialty,0,0,45,39,1
20,Male,White,Never-married,3,39764,HS-grad,Private,Handlers-cleaners,0,0,40,39,0
40,Male,White,Married-civ-spouse,0,209547,Bachelors,Private,Prof-specialty,0,0,60,39,1
36,Male,White,Married-civ-spouse,0,367020,7th-8th,Self-emp-not-inc,Craft-repair,0,0,35,39,0
49,Male,White,Divorced,1,153536,Some-college,Private,Prof-specialty,14084,0,44,39,1
34,Female,White,Married-spouse-absent,4,37380,HS-grad,Private,Machine-op-inspct,0,0,40,39,0
36,Female,White,Divorced,1,32709,Some-college,Private,Sales,3325,0,45,39,0
50,Male,White,Separated,1,195322,Doctorate,Self-emp-inc,Prof-specialty,0,0,40,39,1
90,Male,White,Married-civ-spouse,0,250832,10th,Private,Exec-managerial,0,0,40,39,0
45,Female,Black,Divorced,4,112305,Some-college,Private,Other-service,0,0,40,39,0
43,Female,White,Never-married,3,64048,9th,Self-emp-inc,Sales,0,0,44,32,0
68,Male,White,Married-civ-spouse,0,253866,Bachelors,Private,Sales,0,0,30,39,0
42,Male,White,Never-married,1,54202,Bachelors,Private,Sales,10520,0,50,39,1
57,Male,White,Married-civ-spouse,0,199847,Bachelors,Private,Exec-managerial,15024,0,60,39,1
54,Male,White,Married-civ-spouse,0,94055,Bachelors,Private,Other-service,0,0,40,39,0
29,Male,White,Never-married,1,190539,Bachelors,Private,Sales,6849,0,48,39,0
42,Male,White,Married-civ-spouse,0,187720,Masters,Private,Sales,15024,0,50,0,1
26,Male,Black,Never-married,1,258768,Some-college,Private,Transport-moving,2174,0,75,39,0
25,Male,White,Never-married,2,521400,5th-6th,Private,Machine-op-inspct,0,0,40,26,0
38,Male,White,Married-civ-spouse,0,186359,Some-college,Private,Exec-managerial,0,0,40,39,1
51,Male,White,Married-civ-spouse,0,276456,Assoc-acdm,Self-emp-not-inc,Sales,3103,0,30,39,1
20,Male,White,Never-married,1,415913,Some-college,Private,Handlers-cleaners,0,0,30,39,0
60,Male,White,Married-civ-spouse,0,191188,HS-grad,Private,Transport-moving,0,0,40,39,0
72,Male,White,Married-civ-spouse,0,121004,HS-grad,Without-pay,Other-service,0,0,55,39,0
52,Male,White,Married-civ-spouse,0,145166,Bachelors,Private,Exec-managerial,15024,0,55,39,1
51,Male,White,Married-civ-spouse,0,82566,HS-grad,Private,Craft-repair,0,0,50,39,0
53,Male,White,Married-civ-spouse,0,47396,Some-college,Private,Adm-clerical,0,0,50,39,1
39,Male,White,Married-civ-spouse,0,132879,Bachelors,Local-gov,Prof-specialty,0,1887,40,39,1
50,Male,White,Married-civ-spouse,0,99925,HS-grad,Private,Adm-clerical,0,0,32,39,0
21,Male,White,Never-married,3,166517,HS-grad,Private,Craft-repair,0,0,40,39,0
31,Female,White,Never-married,4,157078,10th,Private,Adm-clerical,0,0,40,39,0
39,Male,White,Married-civ-spouse,0,202027,Prof-school,Private,Prof-specialty,0,0,45,39,1
47,Male,White,Married-civ-spouse,0,194698,HS-grad,Private,Transport-moving,0,0,50,39,0
27,Male,Asian-Pac-Islander,Never-married,3,93206,Some-college,Private,Handlers-cleaners,0,0,40,39,0
29,Male,Black,Married-civ-spouse,0,301031,HS-grad,Private,Transport-moving,0,0,40,39,0
35,Male,White,Married-civ-spouse,0,186126,Masters,Private,Prof-specialty,0,0,38,0,0
25,Male,White,Married-civ-spouse,0,259299,Some-college,Self-emp-not-inc,Craft-repair,3103,0,50,39,1
57,Male,White,Married-civ-spouse,0,184553,HS-grad,Self-emp-not-inc,Craft-repair,0,0,50,39,1
25,Male,White,Never-married,3,323139,Bachelors,Private,Handlers-cleaners,0,0,35,39,0
30,Female,White,Never-married,1,48829,HS-grad,Private,Sales,0,1602,30,39,0
34,Male,White,Married-civ-spouse,0,55921,HS-grad,Other,Other,0,0,40,39,0
23,Male,White,Married-civ-spouse,0,82777,HS-grad,Private,Exec-managerial,0,0,30,39,0
27,Female,Black,Never-married,3,321577,HS-grad,Private,Adm-clerical,0,0,40,39,0
36,Male,White,Married-civ-spouse,0,238415,Assoc-voc,Private,Sales,0,0,50,39,1
46,Male,White,Never-married,1,102102,HS-grad,Private,Exec-managerial,0,0,40,39,0
35,Male,White,Never-married,1,241998,HS-grad,Private,Sales,4787,0,40,39,1
43,Male,Black,Married-civ-spouse,0,252519,Bachelors,Private,Handlers-cleaners,0,0,40,14,1
46,Male,Amer-Indian-Eskimo,Never-married,1,153501,HS-grad,Private,Transport-moving,0,0,40,39,0
50,Male,White,Married-civ-spouse,0,30447,Assoc-voc,Private,Transport-moving,0,0,45,39,0
60,Male,White,Married-civ-spouse,0,198727,HS-grad,Private,Prof-specialty,0,0,30,39,0
36,Male,Asian-Pac-Islander,Married-civ-spouse,0,137421,Assoc-voc,State-gov,Tech-support,0,0,37,17,0
21,Female,White,Never-married,3,116934,Some-college,Other,Other,0,0,40,39,0
40,Female,White,Never-married,1,260696,HS-grad,Private,Adm-clerical,0,0,40,39,0
28,Female,White,Married-civ-spouse,5,204734,Some-college,Private,Tech-support,0,0,40,39,0
41,Female,White,Divorced,1,126076,Some-college,Private,Craft-repair,0,0,50,39,0
37,Male,White,Divorced,1,138441,HS-grad,Private,Transport-moving,0,0,40,39,0
29,Male,White,Never-married,1,413297,Assoc-acdm,Private,Sales,0,0,45,26,0
37,Male,White,Married-civ-spouse,0,160910,Doctorate,State-gov,Prof-specialty,0,0,45,39,0
54,Male,White,Married-civ-spouse,0,28518,HS-grad,Private,Sales,0,0,50,39,1
44,Male,White,Married-civ-spouse,0,116825,Prof-school,Private,Prof-specialty,15024,0,80,39,1
51,Male,White,Married-civ-spouse,0,293196,Doctorate,Private,Prof-specialty,15024,0,60,20,1
46,Male,White,Married-civ-spouse,0,110171,Masters,Private,Prof-specialty,15024,0,50,39,1
34,Male,White,Married-civ-spouse,0,37676,Bachelors,Private,Sales,0,0,50,39,1
28,Male,White,Never-married,2,185061,11th,Private,Handlers-cleaners,0,0,40,39,0
23,Male,White,Never-married,3,444554,HS-grad,Private,Handlers-cleaners,0,0,50,39,0
33,Female,White,Divorced,4,118500,Some-college,Private,Exec-managerial,0,0,40,39,0
51,Female,White,Divorced,1,186416,Bachelors,Local-gov,Adm-clerical,0,0,40,39,0
19,Female,White,Never-married,3,305834,Some-college,Self-emp-not-inc,Craft-repair,0,0,25,39,0
39,Male,White,Never-married,1,141584,Masters,Private,Sales,0,2444,45,39,1
18,Male,White,Never-married,3,205004,Some-college,Private,Other-service,0,0,26,39,0
54,Male,White,Married-civ-spouse,0,176240,Masters,Private,Transport-moving,7688,0,60,39,1
34,Female,White,Married-civ-spouse,5,216283,Bachelors,State-gov,Prof-specialty,0,0,45,39,1
24,Male,White,Married-civ-spouse,0,220944,Some-college,Private,Craft-repair,0,0,60,39,0
19,Male,Black,Never-married,3,124651,11th,Other,Other,0,0,25,39,0
35,Female,White,Divorced,4,246829,HS-grad,Private,Exec-managerial,0,0,40,39,0
49,Female,White,Married-spouse-absent,4,178749,Masters,Private,Adm-clerical,0,0,40,39,0
22,Male,White,Married-spouse-absent,4,22966,Some-college,State-gov,Tech-support,0,0,20,39,0
63,Male,White,Married-civ-spouse,0,289741,Masters,Self-emp-not-inc,Farming-fishing,41310,0,50,39,0
35,Female,Amer-Indian-Eskimo,Divorced,1,124836,Some-college,Other,Other,0,0,36,39,0
39,Female,Black,Divorced,4,249720,Bachelors,Private,Exec-managerial,0,0,60,39,0
26,Male,White,Never-married,2,245880,HS-grad,Private,Other-service,0,0,40,39,0
54,Female,White,Married-civ-spouse,5,37289,Masters,Private,Exec-managerial,0,0,55,39,1
41,Male,Amer-Indian-Eskimo,Married-civ-spouse,0,147314,HS-grad,Private,Sales,0,0,50,39,0
32,Male,White,Never-married,1,213750,Assoc-voc,Private,Other-service,0,0,45,39,0
47,Female,White,Divorced,1,26950,Masters,Private,Sales,0,0,6,39,0
39,Male,White,Married-civ-spouse,0,51100,HS-grad,Private,Transport-moving,0,0,40,39,1
46,Male,Asian-Pac-Islander,Married-civ-spouse,0,104632,HS-grad,Private,Machine-op-inspct,0,0,40,1,1
20,Female,White,Never-married,3,100188,Some-college,Private,Tech-support,0,0,24,39,0
90,Male,White,Married-civ-spouse,0,195433,HS-grad,Federal-gov,Craft-repair,0,0,30,39,0
28,Male,White,Married-civ-spouse,0,263600,HS-grad,Local-gov,Protective-serv,0,0,40,39,1
59,Male,Black,Widowed,1,62020,HS-grad,Local-gov,Craft-repair,0,0,40,39,0
34,Female,White,Married-civ-spouse,5,56460,HS-grad,Self-emp-not-inc,Farming-fishing,0,2179,12,39,0
51,Male,White,Married-civ-spouse,0,254211,Bachelors,Private,Craft-repair,0,0,20,39,1
18,Female,White,Never-married,3,99219,11th,Private,Sales,0,0,15,39,0
34,Male,White,Married-civ-spouse,0,110476,HS-grad,Private,Adm-clerical,0,0,40,39,0
27,Male,Asian-Pac-Islander,Never-married,1,315640,Masters,State-gov,Prof-specialty,0,0,20,3,0
57,Male,White,Married-civ-spouse,0,181031,HS-grad,Self-emp-not-inc,Farming-fishing,0,0,60,39,0
26,Male,White,Never-married,1,164488,Bachelors,Private,Prof-specialty,13550,0,50,39,1
32,Male,Black,Divorced,4,981628,HS-grad,Other,Other,0,0,40,39,0
34,Male,White,Divorced,3,159929,HS-grad,Private,Handlers-cleaners,0,0,40,39,0
47,Male,White,Married-civ-spouse,0,185673,HS-grad,Self-emp-not-inc,Exec-managerial,0,0,50,39,1
40,Male,White,Married-civ-spouse,0,153372,Some-college,Private,Sales,0,0,50,39,1
64,Male,White,Married-civ-spouse,0,165479,HS-grad,Self-emp-not-inc,Sales,0,0,5,39,0
45,Male,White,Married-civ-spouse,0,255014,Some-college,Private,Craft-repair,0,0,55,39,1
37,Male,White,Married-civ-spouse,0,365430,Some-college,Local-gov,Craft-repair,5178,0,40,39,1
52,Male,White,Married-civ-spouse,1,416129,Preschool,Private,Other-service,0,0,40,8,0
24,Male,White,Never-married,1,237928,Bachelors,Private,Prof-specialty,0,0,39,39,0
38,Male,White,Married-civ-spouse,0,185556,Some-college,Private,Craft-repair,0,0,40,22,0
22,Female,White,Never-married,1,362589,Assoc-acdm,Private,Sales,0,0,15,39,0
29,Male,White,Married-civ-spouse,0,146949,Assoc-voc,Private,Prof-specialty,0,0,43,39,0
30,Male,White,Married-civ-spouse,0,185177,Bachelors,Private,Exec-managerial,0,0,43,39,0
43,Male,Asian-Pac-Islander,Divorced,1,101709,Some-college,Federal-gov,Handlers-cleaners,0,0,40,39,0
18,Male,Black,Never-married,3,184416,10th,Other,Other,0,0,30,39,0
42,Male,White,Divorced,1,74680,Masters,Federal-gov,Adm-clerical,0,2001,60,39,0
47,Male,White,Married-civ-spouse,0,148995,Bachelors,Private,Exec-managerial,0,2415,60,39,1
64,Male,White,Married-civ-spouse,0,173754,HS-grad,Federal-gov,Adm-clerical,0,0,40,39,0
50,Female,White,Married-civ-spouse,5,113290,HS-grad,Private,Sales,0,0,15,39,0
33,Male,White,Divorced,1,245777,HS-grad,Private,Sales,0,0,40,39,0
57,Female,White,Divorced,4,562558,HS-grad,Private,Adm-clerical,0,0,40,39,0
24,Male,White,Never-married,3,177526,Assoc-voc,Private,Craft-repair,0,0,40,39,0
65,Male,White,Never-married,1,224472,Prof-school,Other,Other,25124,0,80,39,1
37,Male,White,Never-married,2,117651,Bachelors,State-gov,Prof-specialty,0,0,40,39,0
52,Female,White,Widowed,1,169182,9th,Private,Other-service,0,0,25,33,0
43,Female,Asian-Pac-Islander,Married-civ-spouse,5,89636,Bachelors,Self-emp-not-inc,Sales,0,0,60,35,0
36,Male,White,Married-civ-spouse,0,32776,Bachelors,Private,Exec-managerial,0,1977,40,39,1
17,Male,White,Never-married,3,138293,11th,Private,Handlers-cleaners,0,0,15,39,0
31,Female,White,Divorced,4,178370,HS-grad,Private,Other-service,0,0,99,39,1
47,Female,White,Married-civ-spouse,5,217750,HS-grad,Private,Other-service,0,0,35,39,0
21,Female,White,Never-married,3,188923,Some-college,Private,Sales,0,0,55,39,0
25,Female,White,Never-married,3,243560,HS-grad,Private,Sales,0,0,40,4,0
53,Male,White,Married-civ-spouse,0,246562,5th-6th,Self-emp-inc,Sales,0,0,40,26,1
56,Male,White,Married-civ-spouse,0,193130,Prof-school,Private,Exec-managerial,0,0,16,39,0
23,Female,White,Never-married,1,117606,Bachelors,Private,Prof-specialty,0,0,40,39,0
35,Male,White,Married-civ-spouse,0,283122,Some-college,Private,Tech-support,0,0,45,39,0
48,Female,White,Married-civ-spouse,5,108557,Bachelors,Private,Tech-support,99999,0,40,39,1
37,Male,White,Married-civ-spouse,0,204145,Assoc-voc,Private,Craft-repair,0,0,45,39,1
44,Female,White,Never-married,1,185057,Masters,Private,Prof-specialty,0,0,35,39,0
30,Male,White,Married-civ-spouse,0,193298,HS-grad,Private,Transport-moving,0,0,45,39,0
33,Male,White,Married-civ-spouse,0,267859,Some-college,Private,Exec-managerial,0,0,40,5,1
46,Male,White,Married-civ-spouse,0,369538,10th,Private,Transport-moving,0,0,40,39,1
21,Female,White,Never-married,3,170038,Some-college,Other,Other,0,0,40,39,0
71,Male,White,Married-civ-spouse,0,143437,Masters,Self-emp-not-inc,Sales,10605,0,40,39,1
64,Male,Black,Married-civ-spouse,0,244903,11th,Local-gov,Craft-repair,0,0,40,39,1
21,Male,White,Never-married,3,399022,HS-grad,Private,Farming-fishing,0,0,24,39,0
40,Female,White,Divorced,4,150874,Masters,State-gov,Exec-managerial,1506,0,40,39,0
44,Female,White,Divorced,1,177083,HS-grad,Private,Adm-clerical,0,0,40,39,0
21,Male,White,Never-married,3,325923,Some-college,Private,Tech-support,0,0,35,39,0
43,Male,White,Married-civ-spouse,0,150528,HS-grad,Self-emp-not-inc,Craft-repair,0,0,30,39,0
33,Male,White,Divorced,4,175412,9th,Private,Craft-repair,114,0,55,39,0
48,Male,White,Married-civ-spouse,0,218835,Masters,Self-emp-not-inc,Sales,0,0,50,9,0
22,Male,White,Married-civ-spouse,0,190968,HS-grad,Private,Other-service,0,0,40,39,0
24,Female,White,Married-civ-spouse,5,154373,HS-grad,Other,Other,0,0,25,39,0
38,Female,Black,Married-civ-spouse,5,70282,Masters,Other,Other,15024,0,2,39,1
25,Male,White,Never-married,1,38090,Bachelors,Private,Sales,0,0,44,39,0
27,Male,White,Never-married,3,208703,HS-grad,Private,Protective-serv,0,0,40,24,0
23,Male,Other,Never-married,4,260019,7th-8th,Private,Farming-fishing,0,0,36,26,0
43,Male,White,Married-civ-spouse,0,163847,Bachelors,Private,Farming-fishing,0,0,50,39,1
38,Female,White,Married-civ-spouse,5,82880,Bachelors,Local-gov,Prof-specialty,0,0,15,39,0
18,Female,White,Never-married,1,391257,Some-college,State-gov,Other-service,0,0,40,39,0
45,Female,White,Divorced,1,178416,Assoc-voc,Private,Handlers-cleaners,0,0,40,39,0
69,Male,White,Married-civ-spouse,0,107548,9th,Self-emp-not-inc,Adm-clerical,0,0,40,39,0
23,Male,Black,Never-married,3,156807,9th,Private,Handlers-cleaners,0,0,36,39,0
54,Male,White,Married-civ-spouse,0,138944,HS-grad,Private,Sales,0,0,44,39,0
56,Female,White,Never-married,3,230039,7th-8th,Private,Other-service,0,0,30,39,0
53,Female,White,Divorced,4,239284,HS-grad,Private,Adm-clerical,0,0,40,39,0
40,Male,White,Married-civ-spouse,0,273425,Bachelors,Private,Exec-managerial,0,0,50,39,1
71,Male,White,Married-civ-spouse,0,187493,HS-grad,Private,Protective-serv,0,0,40,39,1
20,Female,White,Never-married,3,68358,Some-college,Private,Adm-clerical,0,0,12,39,0
23,Male,White,Married-civ-spouse,0,154978,HS-grad,Private,Other-service,0,0,40,13,0
38,Female,White,Never-married,3,405284,Bachelors,Private,Other-service,0,0,35,39,0
22,Male,Asian-Pac-Islander,Never-married,3,73266,Some-college,Private,Transport-moving,0,0,40,39,0
39,Male,White,Married-civ-spouse,0,204527,Doctorate,Private,Prof-specialty,0,0,50,39,1
37,Female,White,Never-married,1,144322,Assoc-voc,Local-gov,Adm-clerical,0,0,43,39,0
23,Male,White,Never-married,1,335067,Bachelors,Private,Sales,0,0,50,39,0
45,Male,White,Married-civ-spouse,0,198223,Bachelors,Private,Sales,0,1902,45,39,1
39,Female,Asian-Pac-Islander,Married-civ-spouse,5,157443,Masters,Other,Other,3464,0,40,0,0
18,Male,White,Never-married,3,25837,11th,Private,Prof-specialty,0,0,15,39,0
49,Female,White,Divorced,4,159641,Bachelors,Local-gov,Exec-managerial,0,625,40,39,0
44,Male,White,Married-civ-spouse,0,76196,Bachelors,Private,Exec-managerial,0,0,50,39,0
18,Female,White,Never-married,3,327612,10th,Private,Other-service,0,0,20,39,0
39,Male,White,Divorced,4,189623,Bachelors,Private,Sales,0,0,60,39,0
39,Male,White,Married-civ-spouse,0,225544,Masters,Private,Transport-moving,0,0,40,31,0
46,Male,White,Married-civ-spouse,0,366089,Prof-school,Self-emp-not-inc,Prof-specialty,15024,0,40,39,1
45,Male,White,Married-civ-spouse,0,102569,HS-grad,Federal-gov,Craft-repair,0,0,40,39,1
27,Male,White,Married-civ-spouse,0,216013,HS-grad,Local-gov,Handlers-cleaners,0,0,40,39,0
29,Male,White,Married-civ-spouse,0,53271,Bachelors,Private,Exec-managerial,0,0,40,39,1
34,Male,White,Married-civ-spouse,0,43959,HS-grad,Local-gov,Other-service,0,0,50,39,0
53,Female,Asian-Pac-Islander,Married-civ-spouse,5,166386,Bachelors,Private,Machine-op-inspct,0,0,40,3,0
49,Male,White,Married-civ-spouse,0,40000,Bachelors,Private,Sales,4064,0,44,39,0
39,Male,White,Married-civ-spouse,0,122353,Bachelors,State-gov,Prof-specialty,0,0,45,39,1
27,Male,White,Never-married,1,704108,Masters,Private,Prof-specialty,0,0,40,39,0
51,Male,White,Married-civ-spouse,0,246519,10th,Private,Handlers-cleaners,2105,0,45,39,0
32,Female,White,Never-married,4,143699,Some-college,Other,Other,0,0,40,39,0
74,Female,White,Widowed,1,104661,Some-college,Other,Other,0,0,12,39,0
61,Male,White,Married-civ-spouse,0,215591,HS-grad,Self-emp-not-inc,Exec-managerial,0,1887,40,39,1
40,Male,White,Married-civ-spouse,0,307767,HS-grad,Private,Sales,0,0,60,39,0
25,Male,White,Never-married,1,234263,Bachelors,Private,Sales,0,0,40,39,0
58,Female,White,Divorced,2,316235,HS-grad,Private,Sales,0,0,32,39,0
56,Male,White,Married-civ-spouse,0,370045,Bachelors,Local-gov,Prof-specialty,0,0,40,39,1
55,Female,White,Divorced,1,186791,HS-grad,Federal-gov,Adm-clerical,0,0,40,39,0
25,Female,White,Never-married,1,141706,Some-college,Private,Adm-clerical,0,0,40,39,0
19,Male,White,Never-married,3,223669,Some-college,Private,Other-service,0,0,30,39,0
29,Male,White,Married-AF-spouse,0,224421,Assoc-voc,Private,Farming-fishing,0,0,44,39,1
49,Male,Black,Widowed,1,52590,HS-grad,Local-gov,Protective-serv,0,0,40,39,0
36,Male,White,Married-civ-spouse,0,167482,Bachelors,Private,Adm-clerical,0,0,40,39,1
37,Male,White,Married-civ-spouse,0,126569,Masters,Private,Exec-managerial,0,1977,40,39,1
39,Female,White,Divorced,3,99270,HS-grad,Private,Adm-clerical,0,0,40,39,0
49,Male,White,Married-spouse-absent,4,141944,Assoc-voc,Private,Handlers-cleaners,0,1380,42,39,0
25,Male,Black,Never-married,1,152503,Some-college,State-gov,Tech-support,0,0,40,39,0
65,Female,White,Widowed,1,190568,HS-grad,Private,Adm-clerical,0,810,36,39,0
28,Male,White,Married-civ-spouse,0,114967,Bachelors,Private,Prof-specialty,0,0,40,39,1
54,Male,White,Married-civ-spouse,0,167770,HS-grad,Private,Exec-managerial,0,1902,55,39,1
65,Male,White,Married-civ-spouse,0,231604,HS-grad,Other,Other,0,0,45,11,0
50,Male,White,Married-civ-spouse,0,168539,HS-grad,Private,Craft-repair,0,0,40,39,1
51,Female,Asian-Pac-Islander,Widowed,4,334679,Assoc-voc,Private,Prof-specialty,0,0,40,39,0
20,Male,White,Never-married,1,39927,HS-grad,Private,Other-service,0,0,8,39,0
22,Female,White,Never-married,3,201268,Bachelors,Private,Sales,0,0,15,39,0
17,Female,White,Never-married,3,198146,11th,Private,Sales,0,0,15,39,0
53,Male,White,Married-civ-spouse,0,151411,Bachelors,Private,Prof-specialty,0,0,45,39,1
52,Female,White,Married-civ-spouse,5,123780,HS-grad,Private,Adm-clerical,0,0,38,39,0
36,Male,White,Married-civ-spouse,0,135786,9th,Local-gov,Craft-repair,0,0,25,39,0
35,Male,Amer-Indian-Eskimo,Married-civ-spouse,0,22641,HS-grad,Self-emp-not-inc,Transport-moving,0,0,40,39,0
21,Male,White,Never-married,3,234108,Some-college,Private,Handlers-cleaners,0,0,40,39,0
23,Female,Black,Never-married,3,334357,HS-grad,Private,Adm-clerical,0,0,40,39,0
51,Female,White,Divorced,1,215854,Bachelors,Private,Prof-specialty,0,0,50,39,0
61,Male,White,Married-civ-spouse,0,423297,Doctorate,Private,Prof-specialty,0,0,40,39,1
26,Male,White,Never-married,1,279833,Bachelors,Private,Exec-managerial,0,2258,45,39,1
19,Female,White,Never-married,3,220517,Some-college,Other,Other,0,0,15,39,0
40,Male,White,Married-civ-spouse,0,174283,Doctorate,State-gov,Prof-specialty,0,1887,50,39,1
45,Male,White,Divorced,1,111994,Some-college,Private,Sales,4650,0,40,39,0
43,Female,Black,Married-civ-spouse,5,253759,Some-college,Private,Tech-support,0,0,40,39,0
43,Female,White,Divorced,4,241506,Bachelors,State-gov,Prof-specialty,1506,0,36,39,0
45,Female,White,Divorced,4,96975,Some-college,Private,Handlers-cleaners,0,0,40,39,0
53,Male,Amer-Indian-Eskimo,Never-married,1,121618,7th-8th,Private,Transport-moving,0,0,40,39,0
41,Male,White,Divorced,4,129865,HS-grad,State-gov,Craft-repair,0,0,40,39,0
63,Male,White,Married-civ-spouse,0,133144,HS-grad,Private,Other-service,2580,0,20,39,0
24,Female,White,Married-civ-spouse,5,270075,Bachelors,Private,Adm-clerical,0,0,50,39,0
39,Female,White,Divorced,4,168894,Bachelors,Private,Adm-clerical,0,0,20,39,0
54,Male,White,Divorced,1,172962,Bachelors,Private,Prof-specialty,0,1340,40,39,0
70,Male,White,Married-civ-spouse,0,155141,Bachelors,Self-emp-not-inc,Craft-repair,0,2377,12,39,1
35,Male,White,Never-married,1,129305,HS-grad,Private,Other-service,0,0,30,39,0
35,Male,White,Married-civ-spouse,0,54576,HS-grad,Private,Machine-op-inspct,0,0,40,39,0
19,Female,White,Never-married,2,91928,Some-college,Private,Other-service,0,0,35,39,0
66,Male,White,Married-civ-spouse,2,28367,Bachelors,Private,Priv-house-serv,0,0,99,39,0
34,Male,White,Separated,4,320194,Prof-school,Self-emp-not-inc,Prof-specialty,0,0,48,39,1
40,Female,White,Married-civ-spouse,5,103474,HS-grad,Private,Sales,0,0,30,39,0
61,Male,White,Married-civ-spouse,0,159822,7th-8th,Private,Craft-repair,7688,0,40,31,1
70,Female,White,Widowed,4,167358,9th,Other,Other,1111,0,15,39,0
68,Female,White,Divorced,1,194746,Doctorate,Private,Prof-specialty,0,0,40,5,0
26,Male,White,Married-civ-spouse,0,131777,Bachelors,Other,Other,0,2002,40,39,0
33,Male,White,Never-married,1,87310,9th,Private,Machine-op-inspct,0,0,50,39,0
55,Male,White,Married-civ-spouse,0,143266,Assoc-voc,Private,Craft-repair,0,0,50,18,1
31,Male,White,Married-civ-spouse,0,49923,HS-grad,Self-emp-inc,Exec-managerial,0,0,40,39,0
25,Female,White,Married-civ-spouse,5,99126,Assoc-voc,Private,Prof-specialty,7688,0,40,39,1
54,Male,White,Divorced,1,261207,7th-8th,Self-emp-not-inc,Transport-moving,0,0,45,5,0
27,Male,Asian-Pac-Islander,Never-married,3,107218,HS-grad,Private,Other-service,0,0,40,39,0
32,Male,White,Never-married,1,94041,Assoc-voc,Private,Craft-repair,0,0,44,21,0
57,Male,White,Married-civ-spouse,0,226875,7th-8th,Private,Sales,0,0,50,39,0
43,Female,White,Divorced,1,172577,Some-college,Private,Adm-clerical,0,0,44,39,0
33,Female,Black,Married-civ-spouse,5,348491,Some-college,Federal-gov,Exec-managerial,0,0,40,39,1
25,Male,Asian-Pac-Islander,Never-married,3,98283,Bachelors,Private,Prof-specialty,0,0,40,39,0
37,Male,White,Married-civ-spouse,0,137314,HS-grad,Self-emp-not-inc,Exec-managerial,0,0,60,39,0
31,Male,White,Never-married,2,159322,HS-grad,Private,Handlers-cleaners,0,0,40,39,0
30,Male,White,Married-AF-spouse,0,398827,HS-grad,Private,Adm-clerical,0,0,60,39,0
26,Male,White,Married-civ-spouse,0,206307,HS-grad,Private,Craft-repair,0,0,40,39,1
37,Male,White,Never-married,1,126569,HS-grad,Local-gov,Craft-repair,0,0,40,39,0
30,Male,White,Never-married,3,97723,HS-grad,Private,Machine-op-inspct,0,0,45,39,0
52,Male,White,Married-civ-spouse,0,199995,Masters,Local-gov,Exec-managerial,7298,0,60,39,1
51,Female,White,Divorced,3,195105,HS-grad,Private,Priv-house-serv,0,0,40,39,0
43,Male,White,Divorced,1,260960,Bachelors,Self-emp-inc,Farming-fishing,0,0,35,39,0
33,Female,White,Never-married,1,254221,HS-grad,Private,Adm-clerical,0,0,40,39,0
37,Male,White,Never-married,1,183345,Assoc-voc,Private,Craft-repair,0,0,45,39,0
34,Female,White,Divorced,1,136721,HS-grad,Private,Exec-managerial,0,0,40,39,0
37,Male,White,Married-civ-spouse,0,241998,Bachelors,Private,Tech-support,0,1977,40,39,1
50,Male,White,Married-civ-spouse,0,135465,Bachelors,Private,Exec-managerial,0,0,50,39,1
39,Female,Black,Never-married,4,97136,HS-grad,Private,Machine-op-inspct,0,0,40,39,0
37,Male,White,Divorced,1,241306,HS-grad,Self-emp-not-inc,Craft-repair,0,0,40,39,0
28,Male,White,Never-married,4,388112,1st-4th,Private,Farming-fishing,0,0,77,26,0
41,Male,White,Married-civ-spouse,0,140365,Bachelors,Self-emp-inc,Exec-managerial,0,1902,55,39,1
24,Male,White,Never-married,1,196388,Assoc-acdm,Other,Other,0,0,12,39,0
44,Male,White,Married-civ-spouse,0,104196,Masters,Private,Prof-specialty,0,0,45,39,1
47,Male,White,Married-civ-spouse,0,200471,HS-grad,Local-gov,Transport-moving,5178,0,40,39,1
37,Male,White,Never-married,4,131827,HS-grad,Private,Craft-repair,0,0,40,39,0
67,Female,White,Widowed,1,63552,7th-8th,Other,Other,0,0,35,39,0
55,Male,White,Married-civ-spouse,0,185436,Some-college,Private,Exec-managerial,0,0,70,39,1
29,Male,White,Married-civ-spouse,0,142519,HS-grad,Self-emp-not-inc,Machine-op-inspct,0,0,40,39,0
33,Male,White,Divorced,1,118710,Assoc-voc,Private,Adm-clerical,0,0,40,39,0
22,Male,White,Never-married,1,214635,HS-grad,Private,Machine-op-inspct,0,0,42,39,0
40,Female,White,Separated,4,195617,Some-college,Private,Exec-managerial,0,0,20,39,0
29,Male,White,Never-married,1,410351,Bachelors,Other,Other,0,0,40,39,0
80,Female,White,Widowed,1,173488,Some-college,Private,Adm-clerical,0,0,20,39,0
48,Female,White,Never-married,4,181758,Doctorate,Self-emp-not-inc,Prof-specialty,0,0,60,39,1
24,Female,Black,Never-married,2,151443,HS-grad,Private,Machine-op-inspct,0,0,30,39,0
21,Male,White,Never-married,2,265148,HS-grad,Private,Handlers-cleaners,0,0,38,23,0
45,Female,White,Divorced,3,185399,Masters,Local-gov,Prof-specialty,0,0,55,39,0
32,Male,White,Married-civ-spouse,0,364657,Some-college,Private,Exec-managerial,0,0,50,39,0
28,Female,White,Never-married,1,46868,Masters,Private,Tech-support,0,0,40,39,0
58,Male,White,Married-civ-spouse,0,159021,9th,State-gov,Farming-fishing,0,0,40,39,0
28,Female,Asian-Pac-Islander,Divorced,3,82488,HS-grad,Private,Tech-support,0,0,40,39,0
26,Female,Other,Separated,1,196899,Assoc-acdm,Private,Craft-repair,0,0,40,39,0
20,Male,White,Never-married,3,209955,Some-college,Private,Other-service,0,0,25,39,0
52,Male,Black,Never-married,1,125796,HS-grad,Federal-gov,Adm-clerical,0,0,40,39,0
64,Male,White,Married-civ-spouse,0,167149,7th-8th,Self-emp-not-inc,Other-service,0,0,25,39,0
48,Male,White,Married-civ-spouse,0,498325,Assoc-acdm,Private,Transport-moving,0,0,50,39,0
24,Female,Black,Never-married,2,248533,Some-college,Private,Sales,0,0,40,39,0
27,Male,White,Married-civ-spouse,0,152231,Some-college,Private,Machine-op-inspct,0,0,45,39,0
60,Male,White,Married-civ-spouse,0,216690,Some-college,Private,Prof-specialty,0,0,40,0,0
57,Female,White,Divorced,1,109973,HS-grad,Local-gov,Other-service,0,0,40,39,0
44,Male,White,Married-civ-spouse,0,323790,Bachelors,Local-gov,Protective-serv,0,0,40,39,1
40,Female,White,Married-civ-spouse,5,175943,Assoc-voc,Self-emp-not-inc,Prof-specialty,0,1977,15,39,1
51,Male,White,Married-civ-spouse,0,230858,Some-college,Private,Craft-repair,0,1977,60,39,1
22,Female,White,Never-married,2,195532,Some-college,Local-gov,Protective-serv,0,0,43,39,0
52,Male,White,Never-married,1,185283,Masters,Private,Prof-specialty,0,0,40,39,0
27,Female,White,Never-married,3,118230,Some-college,Private,Adm-clerical,0,0,40,39,0
17,Male,White,Never-married,3,191910,10th,Private,Other-service,0,0,25,39,0
22,Male,White,Never-married,3,302347,HS-grad,Without-pay,Handlers-cleaners,4416,0,40,39,0
31,Male,White,Married-civ-spouse,0,38158,Some-college,Private,Sales,0,0,40,39,0
35,Female,White,Never-married,1,226311,Bachelors,Private,Sales,0,0,40,39,0
20,Female,White,Never-married,3,54152,Some-college,Private,Adm-clerical,0,0,30,0,0
21,Male,White,Never-married,3,136873,Some-college,Private,Prof-specialty,0,0,10,39,0
31,Male,White,Never-married,3,156464,Bachelors,Private,Prof-specialty,0,0,25,39,0
37,Male,Black,Never-married,1,259284,HS-grad,Private,Transport-moving,0,0,50,39,0
44,Male,Black,Married-civ-spouse,0,569761,Assoc-voc,Private,Handlers-cleaners,0,0,40,39,0
25,Female,White,Never-married,1,183678,Bachelors,State-gov,Prof-specialty,0,0,50,39,0
25,Female,White,Never-married,3,60485,Some-college,Private,Adm-clerical,0,0,30,39,0
21,Male,White,Never-married,3,204641,Some-college,Private,Other-service,0,0,40,39,0
57,Male,White,Married-civ-spouse,0,376230,Masters,Self-emp-inc,Sales,99999,0,40,39,1
43,Male,White,Married-civ-spouse,0,196545,Bachelors,Private,Machine-op-inspct,0,1902,40,39,1
23,Male,White,Married-civ-spouse,0,282604,11th,Self-emp-not-inc,Transport-moving,7688,0,60,39,1
29,Female,White,Never-married,1,261725,Bachelors,Private,Adm-clerical,0,0,35,39,0
59,Male,White,Married-civ-spouse,0,165695,Some-college,Local-gov,Craft-repair,0,0,40,39,0
70,Male,White,Married-civ-spouse,0,207938,Bachelors,Self-emp-inc,Exec-managerial,0,2377,50,39,1
33,Female,White,Never-married,1,393376,11th,Other,Other,0,0,40,39,0
37,Male,Black,Never-married,1,349116,HS-grad,Private,Sales,0,0,44,39,0
36,Female,Black,Divorced,4,222584,HS-grad,Private,Adm-clerical,0,0,40,39,0
31,Male,White,Married-civ-spouse,0,373432,9th,Private,Craft-repair,0,0,43,39,0
53,Male,White,Married-civ-spouse,0,68985,HS-grad,Federal-gov,Adm-clerical,0,0,40,39,0
58,Male,White,Married-civ-spouse,0,165315,HS-grad,Self-emp-not-inc,Sales,0,0,35,39,1
29,Female,White,Never-married,4,214706,HS-grad,Local-gov,Other-service,0,0,40,39,0
38,Male,White,Married-civ-spouse,0,167140,Prof-school,Private,Prof-specialty,99999,0,70,39,1
41,Male,White,Married-civ-spouse,0,469454,Some-college,Private,Craft-repair,0,0,40,39,0
37,Male,White,Never-married,1,224947,Assoc-voc,Private,Other-service,0,0,40,39,0
50,Male,White,Married-civ-spouse,0,69345,Assoc-voc,Private,Transport-moving,3103,0,55,39,1
29,Female,White,Never-married,4,89030,HS-grad,Private,Sales,0,0,40,39,0
30,Male,White,Married-civ-spouse,0,373914,11th,Private,Craft-repair,0,0,40,39,0
56,Male,White,Married-civ-spouse,0,53366,HS-grad,Private,Transport-moving,0,0,40,39,0
31,Female,White,Divorced,1,196791,Prof-school,Private,Prof-specialty,0,0,45,39,1
21,Male,White,Never-married,3,34443,Some-college,Other,Other,0,0,50,39,0
53,Male,White,Married-civ-spouse,0,145409,HS-grad,Private,Machine-op-inspct,0,0,40,39,1
18,Male,White,Never-married,3,109445,HS-grad,State-gov,Other-service,0,0,25,39,0
25,Male,White,Married-civ-spouse,0,193051,Bachelors,Private,Tech-support,0,0,35,39,0
29,Male,White,Never-married,1,115585,Some-college,Local-gov,Handlers-cleaners,0,0,50,39,0
51,Male,White,Divorced,1,124963,Prof-school,Self-emp-not-inc,Prof-specialty,0,0,80,39,1
29,Male,Other,Never-married,1,205262,Some-college,Local-gov,Adm-clerical,0,0,40,7,0
35,Male,White,Married-civ-spouse,0,348771,11th,Self-emp-not-inc,Craft-repair,0,0,36,39,0
29,Female,Black,Divorced,4,327964,9th,Private,Machine-op-inspct,0,0,40,39,0
50,Male,Black,Separated,1,126592,HS-grad,Private,Craft-repair,0,0,40,39,0
72,Male,White,Married-civ-spouse,0,52138,Doctorate,Self-emp-not-inc,Prof-specialty,0,2392,25,39,1
26,Female,White,Separated,4,252406,HS-grad,Private,Adm-clerical,0,0,40,39,0
46,Female,White,Never-married,1,170092,Masters,Local-gov,Prof-specialty,0,0,43,39,0
32,Male,White,Never-married,1,304212,HS-grad,State-gov,Exec-managerial,0,0,50,39,0
57,Male,Black,Married-civ-spouse,0,30030,HS-grad,Federal-gov,Craft-repair,0,0,40,39,1
61,Male,White,Married-civ-spouse,0,321117,HS-grad,Local-gov,Protective-serv,0,0,40,39,0
27,Female,White,Never-married,1,331046,Bachelors,Local-gov,Prof-specialty,0,0,45,39,0
19,Male,White,Never-married,1,278480,Some-college,Private,Exec-managerial,0,0,40,39,0
41,Male,White,Married-civ-spouse,0,201495,Masters,Private,Exec-managerial,0,0,40,39,1
56,Male,White,Married-civ-spouse,0,112840,HS-grad,Private,Exec-managerial,0,0,55,39,1
40,Female,White,Never-married,1,26929,Masters,Local-gov,Prof-specialty,0,0,40,39,0
46,Male,White,Married-civ-spouse,0,102359,Some-college,Private,Exec-managerial,0,0,50,39,1
22,Female,White,Never-married,3,64292,Some-college,Private,Adm-clerical,0,0,37,39,0
36,Male,White,Never-married,1,102729,Some-college,Private,Craft-repair,0,0,40,39,0
31,Male,White,Never-married,1,183000,Prof-school,Private,Tech-support,0,0,55,39,0
50,Male,White,Married-civ-spouse,0,128378,5th-6th,Private,Handlers-cleaners,0,0,55,0,0
35,Female,White,Divorced,3,452283,HS-grad,Private,Sales,0,0,40,39,0
45,Female,White,Widowed,1,361842,HS-grad,Private,Craft-repair,0,0,40,39,0
44,Male,White,Married-civ-spouse,0,278476,Some-college,Private,Sales,0,0,60,39,1
51,Male,White,Married-civ-spouse,0,97934,Bachelors,Federal-gov,Farming-fishing,5178,0,40,39,1
44,Female,Black,Never-married,4,111275,HS-grad,Private,Other-service,0,0,38,39,0
26,Male,White,Never-married,3,192262,Bachelors,Private,Sales,0,0,45,39,0
59,Male,White,Married-civ-spouse,0,177120,9th,Private,Other-service,0,0,40,39,0
24,Male,White,Married-civ-spouse,0,508548,HS-grad,Private,Farming-fishing,0,0,50,39,0
26,Male,White,Married-civ-spouse,0,200681,HS-grad,Self-emp-not-inc,Exec-managerial,0,0,40,28,0
29,Male,White,Divorced,1,245790,10th,Self-emp-not-inc,Craft-repair,0,0,80,39,0
67,Female,White,Widowed,4,116517,Bachelors,Self-emp-inc,Other-service,0,0,35,39,0
46,Male,White,Never-married,3,218329,Some-college,Private,Craft-repair,0,0,40,39,0
37,Female,White,Married-civ-spouse,5,196529,Masters,Local-gov,Prof-specialty,0,0,45,39,1
57,Male,White,Married-civ-spouse,0,61761,Some-college,Private,Craft-repair,0,1672,45,39,0
23,Male,White,Never-married,1,350181,HS-grad,Private,Sales,0,0,40,39,0
46,Male,White,Married-civ-spouse,0,110015,7th-8th,Self-emp-not-inc,Exec-managerial,0,0,75,12,0
43,Male,White,Married-civ-spouse,0,214541,Some-college,Federal-gov,Exec-managerial,0,0,40,39,1
40,Male,White,Never-married,3,193882,Assoc-voc,Private,Machine-op-inspct,0,0,40,39,0
30,Female,White,Married-civ-spouse,5,162442,Bachelors,Private,Prof-specialty,7688,0,50,39,1
30,Male,White,Married-civ-spouse,0,175856,Masters,Private,Prof-specialty,0,0,38,39,0
40,Male,White,Never-married,3,120277,HS-grad,Private,Handlers-cleaners,0,0,40,21,0
32,Male,White,Married-civ-spouse,0,40142,Bachelors,Private,Exec-managerial,0,0,40,39,1
33,Male,Asian-Pac-Islander,Married-civ-spouse,0,200289,Masters,State-gov,Prof-specialty,0,0,19,19,0
35,Female,Black,Never-married,4,170617,HS-grad,Private,Machine-op-inspct,0,0,48,39,0
31,Male,White,Married-civ-spouse,0,281540,Assoc-acdm,Federal-gov,Tech-support,0,0,45,39,0
32,Male,White,Married-civ-spouse,0,108256,HS-grad,Private,Craft-repair,0,0,40,39,0
34,Male,White,Married-civ-spouse,0,42596,Some-college,Private,Exec-managerial,0,0,45,39,0
29,Male,Black,Never-married,1,46609,10th,Private,Craft-repair,0,0,40,0,0
34,Male,White,Never-married,1,45522,HS-grad,Private,Other-service,0,0,40,39,0
55,Male,White,Married-civ-spouse,0,389479,Masters,Other,Other,0,0,50,39,1
36,Male,White,Married-civ-spouse,0,107125,HS-grad,Private,Tech-support,0,0,50,39,0
47,Male,White,Married-civ-spouse,0,102628,Masters,Private,Exec-managerial,15024,0,55,39,1
38,Female,White,Married-civ-spouse,5,205493,HS-grad,Private,Exec-managerial,0,0,60,39,1
30,Female,White,Married-civ-spouse,5,166961,Some-college,Self-emp-not-inc,Adm-clerical,0,0,20,39,1
35,Male,White,Married-civ-spouse,0,92028,Masters,Private,Exec-managerial,0,0,50,39,1
27,Male,White,Married-civ-spouse,0,210313,HS-grad,Private,Sales,0,0,50,13,0
44,Male,White,Married-civ-spouse,0,112262,Bachelors,Private,Tech-support,5178,0,40,39,1
30,Female,White,Separated,4,33124,HS-grad,Private,Farming-fishing,0,0,14,39,0
19,Female,White,Never-married,3,378418,HS-grad,State-gov,Tech-support,0,0,40,39,0
24,Male,White,Never-married,3,64520,7th-8th,Private,Sales,0,0,40,39,0
31,Male,White,Married-civ-spouse,0,114639,Assoc-voc,Self-emp-not-inc,Craft-repair,0,0,50,39,0
20,Female,White,Never-married,3,218215,Some-college,Private,Sales,0,0,30,39,0
59,Male,White,Married-civ-spouse,0,183606,11th,Private,Machine-op-inspct,0,0,40,39,0
64,Female,White,Divorced,1,174826,HS-grad,Private,Machine-op-inspct,0,0,40,39,0
39,Female,White,Never-married,1,98948,Assoc-acdm,Private,Sales,0,0,40,39,0
24,Female,White,Never-married,1,51973,Bachelors,Private,Adm-clerical,0,0,45,39,0
60,Male,White,Married-civ-spouse,0,160625,HS-grad,Private,Prof-specialty,5013,0,40,39,0
24,Male,White,Never-married,3,88676,HS-grad,Private,Other-service,0,0,35,39,0
48,Male,White,Married-civ-spouse,0,107231,Prof-school,Private,Exec-managerial,99999,0,50,39,1
38,Male,White,Married-civ-spouse,0,280169,Bachelors,Self-emp-not-inc,Sales,7298,0,50,39,1
26,Male,Black,Never-married,4,68991,HS-grad,Private,Other-service,0,0,40,39,0
57,Female,Black,Divorced,1,201112,Assoc-acdm,Private,Adm-clerical,0,0,40,39,0
22,Male,White,Married-civ-spouse,0,40767,Some-college,Self-emp-inc,Craft-repair,0,0,40,39,0
41,Male,White,Married-civ-spouse,0,397280,Bachelors,Self-emp-inc,Exec-managerial,0,0,72,0,0
36,Female,White,Widowed,4,179358,HS-grad,Private,Handlers-cleaners,0,0,30,39,0
27,Male,Black,Never-married,1,207948,Some-college,Self-emp-not-inc,Other-service,0,0,40,39,0
55,Female,Black,Divorced,4,171780,Assoc-acdm,Private,Sales,0,0,30,39,0
47,Male,Amer-Indian-Eskimo,Married-civ-spouse,0,89146,HS-grad,Private,Transport-moving,0,0,40,39,1
31,Male,Black,Never-married,1,284703,Masters,Private,Prof-specialty,0,0,40,39,0
25,Male,Black,Never-married,3,131178,HS-grad,Private,Handlers-cleaners,0,0,23,39,0
29,Female,White,Separated,4,349154,10th,Private,Farming-fishing,0,0,40,13,0
47,Male,White,Married-civ-spouse,0,159869,Doctorate,Self-emp-not-inc,Craft-repair,0,0,50,39,0
23,Female,White,Never-married,3,330571,Bachelors,Private,Adm-clerical,0,0,25,39,0
53,Male,White,Married-civ-spouse,0,177916,Bachelors,Private,Adm-clerical,7298,0,40,39,1
47,Male,White,Married-civ-spouse,0,61885,Bachelors,Self-emp-not-inc,Sales,0,0,40,39,1
28,Female,Black,Never-married,4,291374,12th,Private,Sales,0,0,40,39,0
59,Male,White,Married-civ-spouse,0,186308,Masters,State-gov,Prof-specialty,0,0,50,39,0
31,Male,White,Married-civ-spouse,0,202450,HS-grad,Private,Machine-op-inspct,0,1573,40,39,0
51,Female,Black,Divorced,2,302579,HS-grad,Private,Other-service,0,0,30,39,0
41,Male,White,Married-civ-spouse,0,75742,Prof-school,Self-emp-inc,Prof-specialty,0,0,45,8,1
48,Male,White,Divorced,2,34845,HS-grad,Private,Craft-repair,0,0,40,39,0
40,Male,White,Married-civ-spouse,0,199303,Bachelors,Self-emp-not-inc,Prof-specialty,0,0,40,39,0
35,Male,White,Never-married,1,474136,HS-grad,Private,Craft-repair,0,1408,40,39,0
30,Female,White,Never-married,1,63861,Assoc-acdm,Private,Tech-support,0,0,40,39,0
53,Female,Black,Divorced,1,147476,HS-grad,Private,Exec-managerial,0,0,40,39,0
40,Male,White,Divorced,1,167265,Masters,Private,Prof-specialty,0,0,43,39,0
60,Male,White,Married-civ-spouse,0,170114,9th,Self-emp-not-inc,Farming-fishing,0,1672,84,39,0
46,Male,White,Divorced,1,187226,9th,Private,Other-service,0,0,25,39,0
47,Female,White,Divorced,4,108890,HS-grad,State-gov,Adm-clerical,1831,0,38,39,0
61,Male,White,Married-civ-spouse,0,119684,Prof-school,Private,Prof-specialty,15024,0,20,39,1
60,Female,White,Widowed,1,27466,Some-college,Federal-gov,Exec-managerial,0,0,40,9,0
19,Female,White,Divorced,4,197748,11th,Private,Sales,0,0,20,39,0
48,Male,White,Married-civ-spouse,0,36503,Some-college,Private,Exec-managerial,0,0,40,39,1
35,Male,White,Married-civ-spouse,0,98389,11th,Private,Farming-fishing,0,0,40,39,0
32,Male,White,Never-married,1,27207,10th,Private,Craft-repair,0,0,50,39,0
44,Male,White,Never-married,1,75227,Prof-school,Private,Prof-specialty,14084,0,40,39,1
41,Male,White,Never-married,3,266510,HS-grad,Private,Other-service,0,0,40,39,0
30,Female,White,Married-civ-spouse,5,207564,Some-college,Private,Adm-clerical,0,0,40,39,0
42,Male,White,Married-civ-spouse,0,227890,Bachelors,Local-gov,Exec-managerial,0,1485,40,39,0
31,Male,White,Never-married,1,226696,HS-grad,Private,Craft-repair,0,0,50,39,1
47,Female,White,Divorced,4,302711,11th,Private,Adm-clerical,0,0,40,39,0
65,Male,White,Married-civ-spouse,0,469602,Bachelors,Private,Sales,0,0,15,39,0
43,Male,White,Married-civ-spouse,0,222756,Masters,Federal-gov,Craft-repair,0,0,40,39,0
23,Female,Black,Never-married,4,195411,HS-grad,Private,Adm-clerical,0,0,40,39,0
28,Male,White,Married-civ-spouse,0,175262,Assoc-acdm,Local-gov,Protective-serv,0,2002,40,9,0
60,Male,White,Married-civ-spouse,0,165517,Some-college,Private,Handlers-cleaners,0,0,40,39,0
18,Male,White,Never-married,3,118938,11th,Private,Sales,0,0,18,39,0
50,Male,White,Divorced,1,173630,HS-grad,Private,Sales,0,0,60,39,0
39,Male,Black,Divorced,1,331481,Bachelors,Self-emp-not-inc,Craft-repair,0,1669,60,0,0
23,Male,White,Never-married,3,117618,Bachelors,Local-gov,Prof-specialty,0,0,24,39,0
23,Male,White,Never-married,3,55215,Bachelors,Private,Sales,0,0,55,39,0
25,Male,White,Never-married,1,108505,HS-grad,Private,Handlers-cleaners,0,0,45,39,0
33,Male,White,Married-civ-spouse,0,125856,HS-grad,Private,Craft-repair,0,0,40,39,0
39,Male,White,Married-civ-spouse,0,211154,Bachelors,Private,Tech-support,0,0,50,39,0
35,Male,White,Married-civ-spouse,0,180342,HS-grad,Private,Craft-repair,0,0,40,39,0
58,Male,White,Married-civ-spouse,0,248739,HS-grad,Private,Farming-fishing,0,0,53,39,1
49,Male,White,Married-civ-spouse,0,355978,Prof-school,Self-emp-not-inc,Prof-specialty,99999,0,35,39,1
49,Male,White,Married-civ-spouse,0,298130,7th-8th,Private,Machine-op-inspct,0,0,40,39,0
41,Male,White,Married-civ-spouse,0,207578,HS-grad,Private,Transport-moving,0,0,40,39,1
28,Male,White,Never-married,4,269786,HS-grad,Private,Transport-moving,0,0,50,39,0
39,Female,White,Never-married,4,206190,HS-grad,Federal-gov,Exec-managerial,0,0,45,39,0
55,Female,White,Married-civ-spouse,2,99131,HS-grad,Local-gov,Prof-specialty,0,2246,40,39,1
60,Male,White,Married-civ-spouse,0,132529,HS-grad,Private,Craft-repair,0,0,40,39,0
64,Female,White,Widowed,4,91343,Some-college,Private,Tech-support,0,0,40,39,0
36,Male,Other,Never-married,1,172104,Prof-school,Private,Prof-specialty,0,0,40,19,1
34,Male,White,Never-married,1,260560,HS-grad,Self-emp-not-inc,Craft-repair,0,0,50,39,0
26,Male,White,Married-civ-spouse,0,164018,Bachelors,Private,Sales,4064,0,50,39,0
48,Female,White,Divorced,1,39530,HS-grad,Private,Adm-clerical,0,0,40,39,0
31,Male,White,Married-civ-spouse,0,204052,HS-grad,Self-emp-not-inc,Craft-repair,0,0,40,39,1
19,Male,White,Never-married,3,238969,HS-grad,Private,Handlers-cleaners,0,0,10,39,0
55,Male,White,Married-civ-spouse,0,190514,7th-8th,Private,Adm-clerical,0,0,75,39,0
45,Male,White,Married-civ-spouse,0,168191,Bachelors,Local-gov,Craft-repair,0,0,35,39,1
17,Male,White,Never-married,3,89870,10th,Other,Other,0,0,40,39,0
39,Male,White,Married-civ-spouse,0,144169,HS-grad,Private,Sales,0,0,50,39,1
49,Male,White,Divorced,1,377622,Assoc-acdm,Self-emp-not-inc,Sales,0,0,50,39,0
58,Male,White,Married-civ-spouse,0,178660,12th,Other,Other,0,0,40,39,0
55,Female,Black,Divorced,1,181641,Some-college,State-gov,Prof-specialty,0,0,37,39,0
42,Female,Black,Divorced,4,272625,Assoc-voc,Federal-gov,Adm-clerical,0,0,40,39,1
37,Female,White,Divorced,2,218188,HS-grad,Private,Machine-op-inspct,0,0,32,39,0
23,Male,White,Never-married,3,136824,Some-college,Private,Other-service,0,0,20,39,0
44,Male,Asian-Pac-Islander,Married-civ-spouse,0,178385,Masters,Private,Exec-managerial,0,0,48,19,0
25,Female,Black,Never-married,1,218184,Bachelors,State-gov,Protective-serv,0,0,40,39,0
34,Female,White,Divorced,4,304622,Bachelors,Self-emp-not-inc,Prof-specialty,0,0,50,39,0
29,Female,White,Married-civ-spouse,5,177398,Masters,Local-gov,Prof-specialty,0,0,40,39,1
35,Female,Black,Divorced,4,204163,Some-college,Private,Machine-op-inspct,0,0,55,39,0
18,Female,Black,Never-married,2,256967,10th,Private,Sales,0,0,40,39,0
60,Female,White,Divorced,1,173960,Bachelors,Private,Prof-specialty,0,0,42,39,0
67,Female,White,Never-married,1,174603,HS-grad,Private,Exec-managerial,0,0,35,39,0
42,Male,White,Married-spouse-absent,1,236110,5th-6th,Private,Craft-repair,0,0,40,33,0
69,Male,White,Married-civ-spouse,0,111238,9th,Other,Other,0,0,20,39,0
72,Female,White,Separated,1,289930,Bachelors,Other,Other,991,0,7,39,0
25,Male,White,Separated,3,208999,Some-college,Private,Adm-clerical,0,0,40,39,0
27,Female,Black,Never-married,1,137645,Bachelors,Private,Sales,0,1590,40,39,0
31,Male,Amer-Indian-Eskimo,Married-civ-spouse,0,197023,Assoc-voc,Private,Machine-op-inspct,0,0,40,39,0
47,Male,White,Married-civ-spouse,0,120939,Some-college,Private,Tech-support,0,0,45,39,0
27,Male,Asian-Pac-Islander,Married-civ-spouse,0,148153,HS-grad,Federal-gov,Handlers-cleaners,0,0,40,39,0
31,Male,White,Married-civ-spouse,0,342019,Assoc-acdm,Private,Prof-specialty,0,0,40,39,0
68,Male,White,Married-civ-spouse,0,123464,HS-grad,Other,Other,0,0,45,39,0
46,Male,White,Married-civ-spouse,0,280030,5th-6th,Other,Other,0,0,40,26,0
39,Male,White,Married-civ-spouse,0,165799,HS-grad,Private,Exec-managerial,0,0,40,39,0
52,Female,White,Divorced,4,169549,Some-college,Private,Exec-managerial,0,0,40,39,0
32,Male,White,Married-civ-spouse,0,236318,Some-college,Private,Sales,0,0,32,39,0
33,Female,Other,Never-married,4,269604,5th-6th,Local-gov,Other-service,0,0,40,8,0
74,Male,Black,Married-civ-spouse,0,91488,1st-4th,Private,Transport-moving,0,0,20,39,0
40,Male,White,Married-civ-spouse,0,195394,Assoc-acdm,Private,Prof-specialty,7688,0,40,39,1
28,Male,Black,Never-married,1,230704,HS-grad,Other,Other,0,0,40,39,0
27,Female,White,Separated,1,146243,Some-college,State-gov,Other-service,0,0,30,39,0
39,Female,White,Married-civ-spouse,5,184117,Bachelors,Private,Prof-specialty,7688,0,20,39,1
40,Female,White,Married-spouse-absent,4,31621,HS-grad,Private,Adm-clerical,0,0,40,39,0
42,Female,White,Widowed,4,153160,HS-grad,Private,Other-service,0,0,40,39,0
36,Male,White,Married-civ-spouse,0,336595,HS-grad,Private,Exec-managerial,0,0,50,39,1
48,Male,White,Married-civ-spouse,0,102102,Assoc-voc,Private,Tech-support,0,0,50,39,1
54,Female,White,Widowed,4,182543,Some-college,Local-gov,Adm-clerical,0,0,40,26,0
17,Female,Other,Never-married,3,147339,10th,Private,Prof-specialty,0,0,15,39,0
43,Male,Black,Married-civ-spouse,0,313022,HS-grad,Private,Machine-op-inspct,4386,0,40,39,1
36,Male,Asian-Pac-Islander,Married-civ-spouse,0,120760,Masters,Private,Prof-specialty,0,0,40,3,0
38,Male,White,Married-civ-spouse,0,286405,Doctorate,Local-gov,Exec-managerial,0,1887,50,39,1
43,Male,White,Married-civ-spouse,0,350387,HS-grad,Self-emp-not-inc,Craft-repair,0,0,60,39,0
66,Male,White,Married-civ-spouse,0,22313,11th,Private,Craft-repair,0,0,20,39,0
53,Male,White,Married-civ-spouse,0,149784,Bachelors,Private,Prof-specialty,7688,0,40,39,1
42,Female,White,Divorced,4,211253,Bachelors,Private,Exec-managerial,0,0,40,39,0
82,Male,White,Married-civ-spouse,0,152148,7th-8th,Private,Handlers-cleaners,0,0,2,39,0
45,Male,White,Divorced,4,96798,5th-6th,Private,Transport-moving,0,0,40,39,0
38,Male,White,Married-civ-spouse,0,110713,Assoc-acdm,Private,Craft-repair,0,0,50,39,1
66,Male,White,Married-civ-spouse,0,253741,HS-grad,Self-emp-inc,Sales,0,1825,10,39,1
32,Female,White,Married-civ-spouse,5,302845,HS-grad,Private,Exec-managerial,0,0,48,39,0
43,Female,White,Married-civ-spouse,5,163215,Bachelors,Private,Other-service,0,0,35,0,1
36,Female,White,Never-married,4,185607,HS-grad,Private,Other-service,0,0,30,39,0
45,Male,White,Married-civ-spouse,0,358242,Bachelors,Federal-gov,Prof-specialty,0,0,45,39,1
40,Female,Black,Separated,4,210275,HS-grad,Private,Transport-moving,0,0,40,39,0
60,Male,White,Married-civ-spouse,0,181200,12th,Private,Adm-clerical,0,0,40,39,0
54,Female,White,Widowed,4,103700,HS-grad,Private,Other-service,0,0,40,39,0
20,Male,White,Never-married,1,24008,Some-college,Private,Handlers-cleaners,0,0,24,39,0
31,Male,Black,Never-married,4,363130,HS-grad,Private,Other-service,0,0,18,39,0
38,Female,Black,Separated,4,296125,HS-grad,Private,Priv-house-serv,0,0,30,39,0
72,Female,White,Widowed,1,28929,11th,Other,Other,0,0,24,39,0
19,Female,White,Never-married,3,172893,Some-college,Private,Exec-managerial,0,0,30,39,0
37,Male,White,Married-civ-spouse,0,282461,Some-college,Self-emp-not-inc,Exec-managerial,0,0,60,39,0
62,Male,White,Married-civ-spouse,0,232308,Bachelors,Private,Exec-managerial,0,0,40,39,1
39,Female,Black,Never-married,4,175390,HS-grad,Private,Sales,0,0,40,39,0
31,Male,Black,Never-married,1,181485,Bachelors,Self-emp-not-inc,Sales,0,0,40,39,1
73,Male,White,Married-civ-spouse,0,89852,1st-4th,Other,Other,0,0,40,32,0
34,Male,White,Never-married,1,57426,Bachelors,Private,Sales,0,0,45,39,0
34,Male,White,Married-civ-spouse,0,186824,HS-grad,Private,Handlers-cleaners,0,0,70,39,0
31,Male,White,Married-civ-spouse,0,247444,Assoc-voc,Private,Machine-op-inspct,0,0,40,4,0
30,Male,White,Married-civ-spouse,0,233980,11th,Private,Transport-moving,0,0,40,39,0
32,Male,White,Married-civ-spouse,0,194740,Some-college,Private,Craft-repair,0,0,55,12,0
45,Male,White,Never-married,1,77132,Some-college,Self-emp-not-inc,Sales,0,0,55,39,0
48,Male,White,Divorced,4,278530,HS-grad,Private,Craft-repair,0,0,40,39,0
20,Male,White,Never-married,4,447488,9th,Private,Other-service,0,0,30,26,0
21,Female,White,Never-married,3,211968,Some-college,Private,Sales,0,1762,28,39,0
20,Male,White,Never-married,3,117222,HS-grad,Private,Other-service,0,0,50,39,0
50,Male,White,Married-civ-spouse,0,177896,Doctorate,Private,Prof-specialty,0,0,40,39,1
50,Female,White,Widowed,1,398625,11th,Private,Machine-op-inspct,0,0,40,39,0
51,Female,Black,Divorced,4,384248,Some-college,Private,Exec-managerial,0,0,50,39,0
31,Male,Amer-Indian-Eskimo,Married-civ-spouse,0,100997,Some-college,Private,Prof-specialty,0,0,40,39,0
39,Male,White,Married-civ-spouse,0,206074,Bachelors,Private,Prof-specialty,0,0,45,39,1
34,Female,White,Never-married,1,118551,Bachelors,Private,Tech-support,0,0,40,39,0
26,Female,White,Married-civ-spouse,5,310907,Some-college,Private,Exec-managerial,0,0,35,39,0
22,Female,White,Never-married,3,240817,HS-grad,Private,Sales,2597,0,40,39,0
22,Female,White,Never-married,4,192455,HS-grad,Private,Adm-clerical,0,0,40,39,0
18,Female,White,Never-married,3,155905,Masters,Local-gov,Prof-specialty,0,0,60,39,0
45,Male,White,Married-civ-spouse,0,240554,Bachelors,Private,Exec-managerial,0,0,40,39,1
47,Male,Black,Divorced,1,193012,Masters,Local-gov,Protective-serv,0,0,50,39,1
29,Female,White,Never-married,1,183854,HS-grad,Private,Sales,0,0,25,39,0
61,Female,White,Widowed,1,231183,HS-grad,Private,Exec-managerial,0,0,40,39,0
39,Male,White,Married-civ-spouse,0,188069,9th,Private,Transport-moving,0,0,25,39,0
34,Male,White,Married-civ-spouse,0,152493,HS-grad,Self-emp-not-inc,Farming-fishing,0,0,70,39,0
47,Female,White,Married-civ-spouse,5,158451,Masters,Private,Prof-specialty,0,0,2,39,1
22,Female,White,Never-married,3,226508,Bachelors,Private,Exec-managerial,0,0,50,39,0
60,Female,White,Married-civ-spouse,5,113658,Some-college,Local-gov,Adm-clerical,0,0,35,39,0
20,Male,White,Never-married,1,181675,HS-grad,Private,Other-service,0,0,40,39,0
20,Male,White,Never-married,1,32732,Some-college,Private,Other-service,0,0,45,39,0
52,Male,White,Married-civ-spouse,0,108914,HS-grad,Private,Sales,0,0,40,39,1
37,Female,Black,Never-married,4,172232,HS-grad,Private,Other-service,0,0,30,39,0
39,Male,White,Married-civ-spouse,0,284166,Bachelors,Private,Prof-specialty,0,1902,50,39,1
43,Male,White,Married-civ-spouse,0,248094,HS-grad,Private,Machine-op-inspct,0,0,40,39,0
57,Male,White,Married-civ-spouse,0,103403,5th-6th,Private,Transport-moving,0,0,40,39,0
51,Male,White,Separated,1,172281,Bachelors,Private,Sales,0,0,40,39,0
23,Male,White,Never-married,3,234108,Assoc-acdm,Private,Handlers-cleaners,0,0,32,39,0
41,Female,Asian-Pac-Islander,Never-married,4,291965,Some-college,Private,Tech-support,0,0,40,30,0
29,Male,White,Married-civ-spouse,0,169815,Assoc-acdm,Private,Sales,0,0,50,39,1
81,Male,White,Widowed,1,98116,Bachelors,Private,Sales,0,0,50,39,1
58,Male,Black,Divorced,1,102509,10th,Private,Transport-moving,0,0,50,39,0
56,Male,Black,Married-civ-spouse,0,117872,Assoc-voc,Private,Craft-repair,0,0,40,39,1
20,Female,White,Never-married,1,39477,Some-college,Private,Prof-specialty,0,0,30,39,0
47,Male,White,Married-civ-spouse,0,102771,7th-8th,Private,Handlers-cleaners,0,0,40,32,0
45,Male,White,Never-married,1,242994,Some-college,Private,Sales,0,0,52,39,0
58,Male,Black,Divorced,3,280519,HS-grad,State-gov,Other-service,0,0,40,39,0
43,Male,White,Married-civ-spouse,0,180599,HS-grad,Private,Craft-repair,0,0,55,39,0
70,Male,Asian-Pac-Islander,Widowed,2,304570,Bachelors,Private,Machine-op-inspct,0,0,32,30,0
17,Male,White,Never-married,3,175587,11th,Local-gov,Protective-serv,0,0,30,39,0
29,Female,White,Never-married,1,236436,HS-grad,Private,Adm-clerical,0,0,40,39,0
51,Male,White,Married-civ-spouse,0,101432,HS-grad,Private,Craft-repair,0,0,40,39,0
20,Female,White,Never-married,3,375698,Some-college,Private,Adm-clerical,0,0,15,39,0
32,Male,White,Never-married,1,37070,Assoc-voc,Private,Craft-repair,0,0,45,39,0
40,Female,White,Divorced,1,77332,Some-college,Federal-gov,Adm-clerical,0,0,50,39,0
28,Male,White,Never-married,1,138269,HS-grad,Private,Craft-repair,0,0,40,39,0
17,Male,White,Never-married,3,195505,10th,Private,Sales,0,0,5,39,0
36,Male,White,Married-civ-spouse,0,180419,HS-grad,Self-emp-inc,Farming-fishing,0,0,45,39,0
37,Male,White,Married-civ-spouse,0,52221,11th,Private,Transport-moving,0,0,40,39,0
58,Male,White,Never-married,1,72812,10th,Private,Other-service,0,0,40,39,0
41,Male,White,Married-civ-spouse,0,220460,Assoc-acdm,Private,Sales,0,0,20,39,0
34,Male,White,Married-civ-spouse,0,195576,Bachelors,Private,Exec-managerial,0,0,50,39,1
25,Female,White,Never-married,3,361307,Bachelors,Private,Sales,0,0,40,39,0
43,Male,White,Married-civ-spouse,0,34218,Some-college,Self-emp-inc,Exec-managerial,0,0,40,39,0
30,Male,White,Never-married,1,162572,Bachelors,Private,Exec-managerial,0,0,70,39,1
47,Male,Black,Never-married,3,55377,HS-grad,Federal-gov,Machine-op-inspct,0,0,40,39,0
50,Female,White,Widowed,4,308764,HS-grad,Local-gov,Transport-moving,0,0,40,39,0
32,Male,White,Divorced,2,160362,Some-college,Private,Other-service,0,0,40,27,0
40,Male,White,Married-civ-spouse,0,566537,Preschool,Private,Other-service,0,1672,40,26,0
25,Female,Black,Never-married,1,372728,Bachelors,Private,Other-service,0,0,24,23,0
29,Male,White,Never-married,3,169544,Some-college,Local-gov,Protective-serv,0,0,48,39,0
29,Male,White,Never-married,1,206351,Bachelors,Private,Prof-specialty,0,0,40,39,0
45,Male,White,Married-civ-spouse,0,210364,HS-grad,Self-emp-not-inc,Sales,15024,0,80,39,1
45,Female,White,Divorced,4,265083,5th-6th,Private,Priv-house-serv,0,0,35,26,0
45,Female,White,Divorced,1,183598,HS-grad,Private,Adm-clerical,0,0,40,39,0
37,Male,White,Divorced,1,294919,Some-college,Private,Transport-moving,0,0,40,39,0
25,Male,Black,Never-married,3,53147,Bachelors,Private,Exec-managerial,0,0,50,39,0
26,Male,White,Never-married,3,202286,Bachelors,Local-gov,Tech-support,0,0,40,39,0
57,Male,White,Married-civ-spouse,0,361324,10th,Private,Craft-repair,0,0,40,39,0
69,Female,White,Divorced,4,117525,Assoc-acdm,Other,Other,0,0,1,39,0
54,Male,White,Married-civ-spouse,0,179704,Bachelors,Self-emp-not-inc,Exec-managerial,0,0,45,39,1
43,Male,White,Married-civ-spouse,0,144778,HS-grad,Private,Exec-managerial,0,0,50,39,1
39,Female,White,Divorced,1,112284,Masters,Local-gov,Prof-specialty,0,0,40,39,0
35,Male,White,Never-married,3,290226,HS-grad,Private,Transport-moving,0,0,40,39,0
26,Male,White,Never-married,1,377754,HS-grad,Private,Machine-op-inspct,0,0,40,39,0
47,Female,White,Divorced,1,26994,Some-college,Private,Adm-clerical,0,0,35,39,0
37,Female,White,Married-civ-spouse,5,161226,HS-grad,Private,Other-service,0,0,30,39,1
47,Male,White,Married-civ-spouse,0,156926,Bachelors,Private,Exec-managerial,0,0,45,2,1
41,Male,Black,Divorced,1,197093,Bachelors,Private,Prof-specialty,0,0,40,39,0
34,Male,White,Married-civ-spouse,0,94413,Some-college,Private,Handlers-cleaners,0,0,40,39,0
25,Female,White,Married-civ-spouse,5,117833,Some-college,State-gov,Exec-managerial,0,0,19,39,0
40,Male,White,Never-married,1,101795,HS-grad,Local-gov,Protective-serv,0,0,42,39,0
18,Female,White,Never-married,3,46247,Some-college,Private,Other-service,0,0,15,39,0
26,Male,White,Married-civ-spouse,0,318934,10th,Private,Handlers-cleaners,0,0,40,39,0
24,Male,White,Never-married,3,402778,9th,Private,Handlers-cleaners,0,0,12,39,0
23,Female,Black,Never-married,3,137994,Some-college,Private,Machine-op-inspct,0,0,40,39,0
25,Male,White,Married-civ-spouse,0,120238,Some-college,Private,Sales,2885,0,43,39,0
45,Male,Black,Married-civ-spouse,0,55377,Bachelors,Local-gov,Prof-specialty,0,0,40,39,0
60,Male,White,Married-civ-spouse,0,122276,5th-6th,Private,Craft-repair,0,0,45,22,0
34,Male,White,Married-civ-spouse,0,87209,Masters,Self-emp-not-inc,Farming-fishing,0,0,60,39,0
25,Female,White,Never-married,3,178843,Bachelors,Private,Prof-specialty,0,0,15,39,0
29,Female,White,Never-married,4,152461,Bachelors,Private,Prof-specialty,14344,0,50,39,1
36,Male,White,Married-civ-spouse,0,153066,Masters,Federal-gov,Prof-specialty,0,0,40,39,1
37,Female,White,Separated,4,196338,9th,Private,Priv-house-serv,0,0,16,26,0
28,Female,White,Never-married,3,202558,Some-college,Local-gov,Exec-managerial,0,0,40,39,0
30,Female,Black,Divorced,4,297155,Some-college,Private,Adm-clerical,0,0,40,39,0
40,Male,Black,Divorced,1,126868,HS-grad,Private,Machine-op-inspct,0,0,40,39,0
50,Female,Black,Widowed,4,161075,HS-grad,State-gov,Tech-support,0,0,40,39,0
39,Male,White,Married-civ-spouse,0,231180,HS-grad,Self-emp-not-inc,Other-service,0,0,50,39,0
39,Male,White,Married-civ-spouse,0,112158,Some-college,Private,Sales,0,0,26,0,0
28,Female,Black,Never-married,4,127833,HS-grad,Other,Other,0,0,40,39,0
41,Male,White,Divorced,1,37997,12th,Private,Transport-moving,0,0,84,39,1
23,Male,White,Never-married,1,269687,Assoc-voc,Private,Tech-support,0,0,40,39,0
30,Male,White,Never-married,1,116138,Bachelors,Private,Exec-managerial,27828,0,60,39,1
26,Female,Black,Never-married,3,343506,HS-grad,Private,Other-service,0,0,40,39,0
55,Male,Asian-Pac-Islander,Married-civ-spouse,0,120781,Doctorate,State-gov,Prof-specialty,0,0,40,19,1
28,Male,White,Never-married,3,138692,Some-college,Private,Craft-repair,0,0,50,39,0
18,Female,White,Never-married,3,152044,10th,Private,Other-service,0,0,3,39,0
34,Male,White,Married-civ-spouse,0,527162,Some-college,Self-emp-not-inc,Exec-managerial,0,0,30,39,0
25,Male,White,Married-civ-spouse,0,315643,HS-grad,Private,Other-service,0,0,30,39,0
29,Male,White,Married-civ-spouse,0,240738,HS-grad,State-gov,Craft-repair,0,0,40,39,1
46,Female,White,Divorced,1,214955,5th-6th,Private,Craft-repair,0,2339,45,39,0
40,Male,White,Married-civ-spouse,0,309311,HS-grad,Private,Farming-fishing,0,0,40,39,0
37,Male,White,Married-civ-spouse,0,227545,Some-college,Private,Sales,0,0,44,39,1
18,Female,White,Never-married,3,157131,11th,Private,Sales,0,0,30,39,0
53,Male,White,Married-civ-spouse,0,297796,10th,Self-emp-not-inc,Farming-fishing,0,0,40,39,0
68,Male,White,Married-civ-spouse,0,140282,7th-8th,Other,Other,0,0,8,39,0
23,Female,White,Never-married,3,110677,Some-college,Private,Other-service,0,0,15,39,0
56,Female,Black,Never-married,4,365050,7th-8th,Private,Farming-fishing,0,0,20,39,0
48,Male,White,Married-civ-spouse,0,276664,Doctorate,Private,Prof-specialty,0,1902,50,39,1
66,Female,Black,Widowed,4,186061,Some-college,Other,Other,0,4356,40,39,0
44,Female,White,Separated,1,228057,HS-grad,Private,Adm-clerical,0,0,40,33,0
38,Female,White,Never-married,1,124665,Bachelors,Self-emp-inc,Craft-repair,0,0,20,39,0
32,Female,White,Never-married,1,207301,HS-grad,Private,Handlers-cleaners,0,0,40,39,0
34,Female,White,Divorced,4,139890,Some-college,Private,Adm-clerical,0,0,40,39,0
82,Female,White,Widowed,1,132870,HS-grad,Private,Exec-managerial,0,4356,18,39,0
58,Male,White,Married-civ-spouse,0,318537,12th,Local-gov,Farming-fishing,0,0,40,39,0
29,Male,Black,Never-married,1,147256,Assoc-acdm,State-gov,Prof-specialty,0,0,40,39,1
37,Male,White,Married-civ-spouse,0,189922,Assoc-acdm,Private,Tech-support,0,0,50,39,1
25,Male,White,Never-married,1,259505,HS-grad,Private,Tech-support,0,0,40,39,0
27,Male,Asian-Pac-Islander,Separated,1,188576,Bachelors,Private,Prof-specialty,0,0,40,30,1
54,Male,White,Divorced,1,103024,HS-grad,Private,Tech-support,0,0,42,39,1
43,Male,White,Married-civ-spouse,0,193459,11th,Private,Handlers-cleaners,0,0,40,39,0
40,Male,White,Married-civ-spouse,0,110862,Assoc-acdm,Self-emp-inc,Craft-repair,0,2377,50,39,0
39,Male,White,Married-civ-spouse,0,154641,Assoc-voc,Private,Adm-clerical,0,0,40,39,0
40,Male,White,Married-civ-spouse,0,236110,12th,Private,Prof-specialty,0,0,40,5,1
19,Male,White,Never-married,3,270551,HS-grad,Private,Other-service,0,0,20,39,0
44,Male,White,Married-civ-spouse,0,107584,Masters,Private,Adm-clerical,3908,0,50,39,0
40,Male,White,Married-civ-spouse,0,391736,Assoc-voc,State-gov,Craft-repair,0,0,40,39,0
53,Male,White,Married-civ-spouse,0,30244,Assoc-acdm,Private,Exec-managerial,15024,0,40,39,1
28,Male,White,Never-married,1,190391,Bachelors,Private,Sales,0,0,40,39,0
35,Male,Amer-Indian-Eskimo,Divorced,3,108198,HS-grad,Self-emp-not-inc,Craft-repair,0,0,15,39,0
18,Female,White,Never-married,3,226956,HS-grad,Private,Other-service,0,0,30,0,0
43,Female,White,Divorced,1,311914,Some-college,Local-gov,Adm-clerical,0,0,40,39,0
36,Male,White,Married-civ-spouse,0,248010,HS-grad,Private,Adm-clerical,0,0,45,39,0
63,Male,White,Married-civ-spouse,0,334741,HS-grad,Other,Other,0,0,20,39,0
58,Male,White,Married-civ-spouse,0,87329,11th,Private,Adm-clerical,0,0,48,39,0
53,Male,White,Married-civ-spouse,0,145419,1st-4th,Self-emp-not-inc,Exec-managerial,7688,0,67,22,1
31,Male,White,Married-civ-spouse,0,36302,Bachelors,Private,Machine-op-inspct,0,0,50,39,0
35,Male,White,Married-civ-spouse,0,61343,HS-grad,Self-emp-not-inc,Craft-repair,0,0,90,39,0
34,Male,White,Married-civ-spouse,0,314375,Some-college,Self-emp-inc,Sales,0,0,60,39,1
18,Female,White,Never-married,1,267965,11th,Private,Sales,0,0,15,39,0
41,Male,White,Married-civ-spouse,0,207685,HS-grad,Private,Transport-moving,0,0,45,0,0
52,Male,White,Married-civ-spouse,0,121942,7th-8th,Other,Other,0,0,40,39,0
46,Male,White,Married-civ-spouse,0,216214,Bachelors,Local-gov,Prof-specialty,0,0,35,39,1
50,Female,White,Widowed,4,163708,HS-grad,Private,Other-service,0,0,40,39,0
28,Male,White,Married-civ-spouse,0,275116,10th,Private,Transport-moving,0,0,40,39,0
33,Female,White,Never-married,1,345277,Bachelors,Private,Tech-support,0,0,45,39,1
51,Male,White,Married-civ-spouse,0,175339,Bachelors,Private,Sales,0,0,47,39,1
33,Male,White,Divorced,1,167476,11th,Self-emp-not-inc,Handlers-cleaners,0,0,7,39,0
33,Male,White,Married-civ-spouse,0,217460,Assoc-acdm,Private,Prof-specialty,0,0,40,39,1
20,Female,White,Never-married,3,210029,Some-college,Other,Other,0,0,40,39,0
37,Male,White,Never-married,3,126569,HS-grad,Private,Craft-repair,0,0,40,39,0
43,Male,Black,Married-civ-spouse,0,245056,HS-grad,Private,Adm-clerical,0,0,40,39,1
36,Female,Black,Separated,4,448337,HS-grad,Private,Sales,0,0,40,39,0
34,Female,White,Separated,4,339142,HS-grad,Private,Handlers-cleaners,0,0,40,39,0
23,Female,White,Never-married,1,275818,Some-college,Private,Sales,0,1974,40,39,0
41,Male,White,Married-civ-spouse,0,287037,HS-grad,Self-emp-not-inc,Prof-specialty,0,0,40,39,0
43,Male,White,Married-civ-spouse,0,153132,Masters,Local-gov,Prof-specialty,15024,0,40,39,1
21,Male,White,Never-married,3,219086,HS-grad,Private,Other-service,0,0,35,39,0
39,Male,Asian-Pac-Islander,Married-civ-spouse,0,193260,Some-college,Private,Adm-clerical,0,0,25,26,0
35,Male,White,Married-civ-spouse,0,67728,Some-college,Private,Craft-repair,0,2051,45,39,0
49,Male,White,Married-civ-spouse,0,315984,HS-grad,Private,Machine-op-inspct,0,0,40,39,0
35,Female,White,Divorced,4,180988,Some-college,Private,Adm-clerical,0,0,39,39,0
39,Female,White,Never-married,1,230356,Bachelors,Private,Adm-clerical,0,0,40,39,0
54,Female,White,Never-married,1,286342,Masters,Local-gov,Prof-specialty,0,0,32,39,1
33,Male,White,Married-civ-spouse,0,162930,Bachelors,Private,Prof-specialty,0,0,50,22,0
68,Male,White,Married-civ-spouse,0,107627,Some-college,Private,Prof-specialty,0,0,15,39,0
18,Female,White,Never-married,3,157131,12th,Private,Sales,0,0,8,39,0
31,Male,White,Married-civ-spouse,0,159123,Bachelors,Private,Prof-specialty,0,0,60,39,1
46,Male,White,Married-civ-spouse,0,29437,Assoc-acdm,Private,Sales,0,0,50,39,0
33,Male,White,Married-civ-spouse,0,183612,HS-grad,Private,Transport-moving,0,0,20,39,0
60,Male,White,Married-civ-spouse,0,121319,7th-8th,Private,Machine-op-inspct,3137,0,40,31,0
65,Male,White,Married-civ-spouse,0,115498,Bachelors,Self-emp-not-inc,Sales,3818,0,10,39,0
19,Male,White,Never-married,3,275889,11th,Private,Handlers-cleaners,0,0,40,26,0
56,Male,White,Married-civ-spouse,0,268213,Masters,Local-gov,Prof-specialty,0,0,35,0,1
55,Male,White,Married-civ-spouse,0,175942,Doctorate,Private,Prof-specialty,0,1977,55,0,1
49,Male,White,Married-civ-spouse,0,169711,Assoc-voc,Private,Prof-specialty,0,0,40,11,1
67,Female,White,Divorced,1,407618,9th,Other,Other,2050,0,40,39,0
49,Female,White,Divorced,2,198774,Bachelors,Private,Sales,0,0,35,39,0
36,Male,White,Married-civ-spouse,0,188563,Some-college,Private,Sales,5178,0,50,39,1
52,Male,White,Married-civ-spouse,0,190333,Some-college,Private,Adm-clerical,0,0,40,39,1
47,Female,Black,Married-spouse-absent,1,264244,HS-grad,Private,Craft-repair,0,0,40,39,0
32,Male,White,Never-married,3,317647,HS-grad,State-gov,Transport-moving,0,0,40,39,0
38,Female,White,Never-married,2,117528,Bachelors,Private,Other-service,0,0,45,39,0
40,Male,White,Married-civ-spouse,0,199303,HS-grad,Private,Craft-repair,0,0,40,39,0
51,Female,White,Married-civ-spouse,5,122109,Some-college,Private,Adm-clerical,0,0,35,39,0
45,Male,Asian-Pac-Islander,Divorced,4,207107,Assoc-acdm,Federal-gov,Adm-clerical,0,2080,40,30,0
62,Male,White,Married-civ-spouse,0,35783,Some-college,Private,Transport-moving,0,0,60,39,0
65,Male,White,Divorced,1,170939,Bachelors,Private,Prof-specialty,6723,0,40,39,0
35,Male,White,Married-civ-spouse,0,200153,Masters,Private,Exec-managerial,0,0,45,39,1
23,Female,Black,Never-married,3,145651,Some-college,Private,Sales,0,0,20,39,0
36,Male,White,Married-civ-spouse,0,181705,11th,Private,Transport-moving,0,0,40,39,0
59,Male,White,Married-civ-spouse,0,95283,1st-4th,Private,Machine-op-inspct,0,0,40,39,0
57,Female,White,Married-civ-spouse,5,334585,10th,Other,Other,0,0,40,39,0
30,Female,White,Never-married,1,178841,Bachelors,Private,Exec-managerial,0,0,40,39,0
35,Female,White,Divorced,1,170797,Bachelors,Private,Other-service,0,0,40,39,0
56,Male,Asian-Pac-Islander,Married-civ-spouse,0,255386,Some-college,Federal-gov,Adm-clerical,0,0,40,25,0
38,Male,White,Married-civ-spouse,0,34180,Some-college,Self-emp-not-inc,Farming-fishing,0,0,35,39,0
32,Male,White,Married-civ-spouse,0,260954,11th,Private,Craft-repair,0,2042,30,39,0
32,Male,White,Married-civ-spouse,2,106541,5th-6th,Private,Other-service,0,0,40,39,0
23,Male,White,Never-married,3,378460,Some-college,Private,Prof-specialty,0,0,20,39,0
33,Female,White,Married-civ-spouse,5,183845,HS-grad,Private,Other-service,0,0,38,8,0
46,Male,White,Married-civ-spouse,0,128460,10th,Private,Handlers-cleaners,0,0,40,39,0
31,Female,Asian-Pac-Islander,Never-married,1,159979,Some-college,Private,Sales,0,0,50,39,0
40,Female,White,Married-civ-spouse,5,29841,Bachelors,Private,Adm-clerical,0,0,40,39,0
46,Male,White,Divorced,1,364548,Bachelors,Private,Sales,8614,0,40,39,1
40,Male,White,Married-civ-spouse,0,403550,Some-college,Self-emp-not-inc,Craft-repair,0,0,50,39,0
54,Male,White,Married-civ-spouse,0,198741,Some-college,State-gov,Protective-serv,0,0,40,39,1
49,Male,White,Divorced,1,102318,Assoc-acdm,Self-emp-not-inc,Exec-managerial,0,0,25,39,0
46,Male,White,Married-civ-spouse,0,29696,HS-grad,State-gov,Transport-moving,0,0,40,39,0
21,Male,White,Married-civ-spouse,2,200089,1st-4th,Private,Other-service,0,0,40,9,0
31,Female,Black,Separated,4,111843,Assoc-acdm,State-gov,Other-service,0,0,40,39,0
21,Female,White,Never-married,3,479482,Some-college,Other,Other,0,0,40,39,0
32,Male,White,Married-civ-spouse,2,56026,Bachelors,Self-emp-not-inc,Sales,0,0,45,39,0
57,Male,White,Married-civ-spouse,0,101338,Bachelors,Self-emp-inc,Exec-managerial,0,0,20,39,0
61,Female,Black,Never-married,4,132972,9th,Private,Machine-op-inspct,0,0,40,39,0
29,Male,Asian-Pac-Islander,Married-spouse-absent,2,341672,HS-grad,Self-emp-not-inc,Transport-moving,0,1564,50,19,1
18,Female,White,Never-married,3,169652,11th,Private,Other-service,0,0,12,39,0
36,Female,White,Divorced,4,111268,Assoc-acdm,Private,Sales,0,0,40,39,0
24,Female,White,Never-married,3,194604,Bachelors,Private,Sales,0,0,15,39,0
49,Male,White,Married-civ-spouse,0,191277,Some-college,Private,Other-service,0,0,40,39,0
27,Male,White,Never-married,1,98769,Bachelors,Private,Sales,0,0,45,39,0
29,Female,White,Divorced,4,128777,7th-8th,Private,Craft-repair,0,0,55,39,0
40,Male,White,Married-civ-spouse,0,177905,Assoc-voc,Private,Exec-managerial,7688,0,44,39,1
65,Female,White,Widowed,4,315728,HS-grad,Other,Other,2329,0,75,39,0
39,Female,White,Married-civ-spouse,5,189632,HS-grad,Federal-gov,Adm-clerical,0,0,40,39,1
20,Male,White,Never-married,3,262749,Some-college,Private,Other-service,0,0,35,39,0
39,Female,White,Divorced,4,164515,HS-grad,Local-gov,Adm-clerical,0,0,40,39,0
22,Female,White,Never-married,3,150175,Some-college,Private,Adm-clerical,0,0,20,39,0
50,Male,White,Married-civ-spouse,0,20795,HS-grad,Private,Farming-fishing,0,0,60,39,1
39,Female,White,Married-civ-spouse,5,202937,Masters,Self-emp-inc,Prof-specialty,0,0,40,39,1
31,Male,White,Married-civ-spouse,0,118710,Masters,Private,Tech-support,0,1902,40,39,1
56,Male,White,Married-civ-spouse,0,116143,Bachelors,Private,Adm-clerical,5178,0,44,39,1
38,Male,Asian-Pac-Islander,Married-civ-spouse,0,227154,Bachelors,Local-gov,Craft-repair,0,0,40,30,0
33,Female,White,Never-married,1,185480,Bachelors,Private,Prof-specialty,0,0,45,39,0
42,Male,White,Married-civ-spouse,0,170649,Some-college,Self-emp-not-inc,Farming-fishing,0,0,60,39,0
54,Male,White,Married-civ-spouse,0,257337,Some-college,Private,Craft-repair,0,0,40,39,1
26,Male,White,Never-married,3,102476,Bachelors,Private,Prof-specialty,10520,0,64,39,1
26,Male,White,Married-civ-spouse,0,210714,HS-grad,Private,Transport-moving,0,0,52,39,1
59,Female,White,Divorced,1,193895,HS-grad,Private,Exec-managerial,0,0,40,39,0
50,Female,White,Divorced,4,193871,Bachelors,Private,Exec-managerial,0,0,40,39,0
44,Male,White,Married-civ-spouse,0,343190,Some-college,Self-emp-not-inc,Craft-repair,0,1887,55,39,1
43,Male,White,Married-civ-spouse,0,88233,Some-college,Private,Transport-moving,0,0,60,39,0
45,Male,White,Married-civ-spouse,0,90803,Some-college,State-gov,Adm-clerical,0,0,40,39,0
19,Female,White,Never-married,3,37332,HS-grad,Other,Other,1055,0,12,39,0
39,Female,White,Married-civ-spouse,5,206253,Bachelors,Self-emp-inc,Prof-specialty,0,0,40,39,0
40,Male,White,Separated,1,143327,Some-college,Private,Handlers-cleaners,0,0,40,39,0
32,Male,White,Never-married,3,72744,HS-grad,Private,Craft-repair,0,0,40,39,0
28,Female,White,Divorced,1,270366,10th,Private,Sales,0,0,40,39,0
64,Male,White,Married-civ-spouse,0,103643,HS-grad,Self-emp-not-inc,Sales,0,0,15,39,1
20,Female,White,Never-married,3,234640,Some-college,Private,Adm-clerical,0,0,40,39,0
42,Male,White,Married-civ-spouse,0,29962,Bachelors,Self-emp-not-inc,Sales,0,0,48,39,0
20,Male,White,Never-married,3,88126,Some-college,Private,Adm-clerical,0,0,9,9,0
51,Male,White,Married-civ-spouse,0,208302,Assoc-acdm,Self-emp-inc,Sales,0,0,38,39,1
32,Female,White,Separated,4,170154,Assoc-acdm,Private,Exec-managerial,25236,0,50,39,1
29,Male,White,Never-married,1,159768,HS-grad,Private,Machine-op-inspct,3325,0,40,7,0
39,Male,White,Never-married,1,346478,Some-college,Private,Exec-managerial,0,0,45,39,0
45,Male,White,Married-civ-spouse,0,173664,Bachelors,Self-emp-inc,Exec-managerial,0,0,45,39,1
20,Male,White,Never-married,1,219835,Some-college,Private,Handlers-cleaners,0,0,30,39,0
20,Male,White,Separated,3,161978,HS-grad,Private,Machine-op-inspct,0,0,40,39,0
41,Male,White,Married-civ-spouse,0,147206,12th,Private,Handlers-cleaners,0,0,40,39,1
46,Female,White,Divorced,4,199596,Some-college,Self-emp-not-inc,Exec-managerial,0,0,50,39,0
28,Female,White,Never-married,1,109162,Masters,Private,Prof-specialty,0,0,50,39,0
39,Male,White,Married-civ-spouse,0,286789,Doctorate,Private,Exec-managerial,0,0,45,39,1
63,Female,Asian-Pac-Islander,Married-civ-spouse,5,68872,HS-grad,Private,Transport-moving,0,0,20,39,0
21,Male,White,Never-married,3,283969,HS-grad,Private,Craft-repair,0,0,40,26,0
44,Male,White,Never-married,1,55395,HS-grad,State-gov,Craft-repair,0,0,40,39,0
24,Female,White,Never-married,3,199444,Bachelors,Private,Exec-managerial,0,0,15,39,0
42,Male,Black,Married-civ-spouse,0,153414,Bachelors,Private,Sales,0,0,40,39,1
25,Male,White,Married-civ-spouse,0,139730,HS-grad,Private,Craft-repair,0,0,80,39,1
50,Male,White,Married-civ-spouse,0,163948,HS-grad,Self-emp-not-inc,Transport-moving,0,0,40,39,1
61,Male,White,Divorced,1,123273,5th-6th,Private,Transport-moving,0,1876,56,39,0
20,Female,Other,Never-married,3,165804,Some-college,Private,Adm-clerical,0,0,40,39,0
18,Male,White,Never-married,3,39222,11th,Private,Other-service,0,0,40,39,0
17,Female,White,Never-married,3,115551,11th,Private,Other-service,0,0,20,39,0
25,Female,Black,Married-civ-spouse,5,299908,Some-college,Private,Exec-managerial,0,0,40,39,1
26,Female,White,Never-married,1,227858,Some-college,Self-emp-not-inc,Other-service,0,0,48,39,0
67,Male,White,Married-civ-spouse,0,45814,7th-8th,Self-emp-not-inc,Farming-fishing,0,0,40,39,0
57,Male,White,Never-married,1,319122,Bachelors,Private,Sales,0,0,40,39,0
61,Female,White,Widowed,1,260167,HS-grad,Local-gov,Prof-specialty,0,0,40,39,0
68,Male,White,Married-civ-spouse,0,450580,HS-grad,Self-emp-not-inc,Farming-fishing,0,0,20,39,0
47,Male,Black,Married-civ-spouse,0,209212,9th,Private,Machine-op-inspct,0,0,56,0,0
49,Male,White,Married-civ-spouse,0,126754,HS-grad,State-gov,Craft-repair,0,0,40,32,0
39,Male,White,Married-civ-spouse,0,190297,Doctorate,Private,Prof-specialty,99999,0,55,39,1
50,Male,White,Married-civ-spouse,0,104501,HS-grad,Private,Craft-repair,0,0,40,39,1
28,Female,Amer-Indian-Eskimo,Married-civ-spouse,5,24153,10th,Federal-gov,Other-service,0,0,40,39,0
33,Male,White,Never-married,1,222654,Bachelors,Private,Prof-specialty,0,0,40,39,0
46,Male,White,Married-civ-spouse,0,219611,Some-college,Private,Adm-clerical,0,0,40,39,0
27,Male,White,Never-married,3,176683,HS-grad,Private,Transport-moving,0,0,40,39,0
29,Male,White,Married-civ-spouse,0,74500,Bachelors,Private,Sales,0,0,40,39,1
53,Female,White,Married-civ-spouse,5,346754,Some-college,Private,Exec-managerial,0,0,40,39,1
17,Male,White,Never-married,3,277583,11th,Private,Handlers-cleaners,0,0,15,39,0
25,Male,White,Never-married,3,176756,HS-grad,Self-emp-not-inc,Farming-fishing,0,0,35,39,0
53,Male,White,Divorced,1,251675,Some-college,Self-emp-inc,Sales,8614,0,50,5,1
46,Male,White,Married-civ-spouse,0,353012,HS-grad,State-gov,Transport-moving,0,0,40,39,0
44,Female,White,Never-married,1,205706,HS-grad,Private,Exec-managerial,0,0,40,39,0
54,Female,Asian-Pac-Islander,Never-married,4,93415,Bachelors,State-gov,Prof-specialty,0,0,40,39,1
21,Female,White,Never-married,3,222490,Assoc-voc,Private,Adm-clerical,0,0,40,39,0
39,Male,White,Married-civ-spouse,0,172538,HS-grad,Private,Prof-specialty,0,0,50,39,1
82,Male,White,Widowed,4,147729,5th-6th,Private,Other-service,0,0,20,39,0
29,Male,White,Never-married,1,133696,Bachelors,Private,Prof-specialty,8614,0,45,39,1
30,Male,White,Married-civ-spouse,0,229741,HS-grad,Self-emp-not-inc,Craft-repair,0,0,40,39,0
27,Female,White,Never-married,1,247819,Some-college,Private,Adm-clerical,0,0,15,39,0
42,Male,White,Married-civ-spouse,0,183479,Assoc-voc,Private,Sales,0,0,40,39,1
30,Male,White,Married-civ-spouse,0,156890,HS-grad,Private,Machine-op-inspct,0,0,45,39,0
32,Male,White,Divorced,2,176185,Some-college,Private,Exec-managerial,0,0,60,39,0
32,Male,White,Married-civ-spouse,0,206541,Assoc-voc,Private,Tech-support,0,0,45,39,1
40,Male,White,Never-married,1,242619,Bachelors,Private,Prof-specialty,4650,0,40,39,0
25,Male,White,Married-civ-spouse,0,297154,HS-grad,Private,Handlers-cleaners,2407,0,40,39,0
47,Female,White,Married-civ-spouse,5,258498,Some-college,Self-emp-not-inc,Other-service,0,0,52,39,0
27,Male,White,Never-married,3,420351,HS-grad,Private,Transport-moving,0,0,40,39,0
44,Male,White,Never-married,1,101593,Masters,Local-gov,Prof-specialty,0,1876,42,39,0
20,Female,Black,Never-married,4,347530,HS-grad,Private,Other-service,0,0,25,39,0
44,Male,Black,Married-civ-spouse,0,181344,Some-college,Local-gov,Exec-managerial,0,0,38,39,1
36,Male,White,Married-civ-spouse,0,422275,5th-6th,State-gov,Other-service,0,0,40,26,0
41,Male,White,Married-civ-spouse,0,363591,Assoc-voc,State-gov,Exec-managerial,0,0,40,39,0
51,Female,White,Never-married,1,197163,Prof-school,Private,Prof-specialty,0,2559,50,39,1
59,Male,White,Married-civ-spouse,0,100313,HS-grad,Private,Exec-managerial,0,1887,40,39,1
30,Male,White,Never-married,1,154120,Bachelors,Private,Sales,0,0,65,39,0
22,Female,Black,Married-spouse-absent,4,459463,12th,Private,Other-service,0,0,50,39,0
27,Male,White,Married-civ-spouse,0,115831,Some-college,Private,Other-service,0,0,40,39,0
32,Female,White,Never-married,1,362259,Bachelors,Private,Exec-managerial,0,0,40,39,0
41,Male,White,Divorced,4,24763,HS-grad,Private,Transport-moving,7443,0,40,39,0
36,Female,White,Divorced,1,116608,HS-grad,Private,Exec-managerial,0,0,40,39,0
38,Male,White,Married-civ-spouse,0,133299,Assoc-acdm,Self-emp-not-inc,Transport-moving,0,0,40,39,0
36,Male,White,Married-civ-spouse,0,337778,Some-college,Self-emp-inc,Exec-managerial,0,0,60,41,1
28,Female,White,Never-married,3,171067,HS-grad,Private,Handlers-cleaners,0,0,40,39,0
27,Female,White,Never-married,1,79787,Masters,Private,Exec-managerial,0,0,25,39,0
18,Female,White,Married-civ-spouse,5,163787,HS-grad,Private,Exec-managerial,0,0,40,39,0
29,Male,Asian-Pac-Islander,Never-married,3,256211,1st-4th,Other,Other,0,0,40,30,0
27,Female,White,Divorced,4,97490,Some-college,Private,Craft-repair,0,0,40,39,0
55,Male,White,Married-civ-spouse,0,101524,Bachelors,Private,Sales,0,0,40,39,1
35,Male,White,Married-civ-spouse,0,216711,HS-grad,Private,Craft-repair,0,0,40,39,1
44,Female,White,Married-civ-spouse,2,357814,12th,Local-gov,Other-service,0,0,35,26,0
57,Male,White,Married-civ-spouse,0,231232,7th-8th,Private,Craft-repair,0,0,40,39,0
41,Female,White,Divorced,4,180181,Masters,Private,Exec-managerial,0,0,40,39,0
17,Female,White,Never-married,3,108273,10th,Private,Sales,0,0,12,39,0
30,Female,White,Never-married,1,104965,9th,Other,Other,0,0,30,39,0
51,Male,White,Married-spouse-absent,1,163998,HS-grad,Other,Other,0,0,20,39,1
38,Male,White,Married-civ-spouse,0,160192,HS-grad,Private,Craft-repair,0,2051,44,39,0
35,Male,White,Married-civ-spouse,0,468713,HS-grad,Self-emp-not-inc,Exec-managerial,0,0,40,39,0
45,Female,White,Divorced,1,305739,Some-college,State-gov,Adm-clerical,0,0,40,39,0
31,Male,White,Married-civ-spouse,0,319146,Assoc-voc,Private,Craft-repair,4386,0,40,26,1
39,Male,White,Married-civ-spouse,0,180686,Masters,Local-gov,Prof-specialty,0,1977,45,39,1
39,Female,White,Married-civ-spouse,5,352628,Assoc-acdm,Local-gov,Craft-repair,0,0,50,39,1
24,Female,White,Separated,4,82847,HS-grad,Private,Other-service,0,0,50,32,1
51,Male,White,Married-civ-spouse,0,255412,Bachelors,Private,Exec-managerial,0,0,50,10,1
44,Female,White,Divorced,3,63042,Bachelors,Private,Exec-managerial,0,0,50,39,1
46,Female,White,Separated,1,146919,HS-grad,Private,Sales,0,0,40,39,0
20,Female,White,Never-married,3,211968,Some-college,Other,Other,0,0,45,39,0
31,Female,White,Never-married,1,222130,Some-college,Private,Adm-clerical,0,0,43,39,0
24,Male,White,Never-married,3,72310,Some-college,Private,Sales,0,0,43,39,0
35,Male,White,Married-civ-spouse,0,141896,12th,Private,Craft-repair,0,0,40,39,0
44,Male,White,Married-civ-spouse,0,184099,HS-grad,Federal-gov,Adm-clerical,0,0,40,39,1
48,Male,Black,Never-married,1,483261,Some-college,Federal-gov,Adm-clerical,0,0,40,39,0
39,Female,White,Divorced,4,193583,Bachelors,Federal-gov,Prof-specialty,5455,0,60,39,0
18,Male,White,Never-married,3,312634,11th,Other,Other,0,0,25,39,0
18,Female,Asian-Pac-Islander,Never-married,3,71792,HS-grad,Private,Sales,0,0,40,39,0
45,Male,Asian-Pac-Islander,Divorced,1,89028,HS-grad,Private,Craft-repair,10520,0,40,39,1
22,Male,White,Never-married,1,186634,12th,State-gov,Exec-managerial,0,0,50,39,1
50,Male,White,Married-civ-spouse,0,97741,HS-grad,Private,Machine-op-inspct,0,0,45,39,1
64,Male,White,Married-civ-spouse,0,169871,HS-grad,Private,Transport-moving,0,0,45,39,0
52,Male,White,Married-civ-spouse,0,128272,HS-grad,Private,Sales,0,0,14,39,0
40,Male,White,Never-married,3,201495,11th,Private,Transport-moving,0,0,35,39,0
25,Female,White,Never-married,1,171114,HS-grad,Private,Adm-clerical,0,0,48,39,0
33,Male,White,Married-civ-spouse,0,116508,10th,Private,Craft-repair,0,0,40,39,0
18,Female,Asian-Pac-Islander,Never-married,2,20057,7th-8th,Private,Other-service,0,0,40,30,0
51,Male,White,Married-civ-spouse,0,337195,Some-college,Private,Sales,0,1902,50,39,1
22,Female,White,Never-married,1,62865,Assoc-acdm,Private,Adm-clerical,0,0,40,39,0
20,Female,White,Never-married,3,266400,Some-college,Private,Prof-specialty,0,0,48,39,0
39,Female,Asian-Pac-Islander,Separated,4,165235,Bachelors,Private,Prof-specialty,0,0,40,30,1
70,Male,White,Married-civ-spouse,0,272896,Doctorate,Self-emp-inc,Exec-managerial,0,0,40,39,1
60,Female,Asian-Pac-Islander,Widowed,4,139586,Assoc-voc,Private,Exec-managerial,0,0,40,39,1
23,Female,White,Never-married,3,217169,Bachelors,Private,Adm-clerical,0,0,40,39,0
34,Male,White,Never-married,1,101266,Bachelors,Self-emp-not-inc,Sales,0,0,62,39,0
53,Female,White,Never-married,1,144586,Some-college,State-gov,Protective-serv,0,0,40,39,0
49,Male,White,Divorced,1,287647,Masters,Private,Sales,4787,0,45,39,1
34,Female,White,Never-married,4,103371,Assoc-voc,State-gov,Adm-clerical,0,0,40,39,0
23,Male,Asian-Pac-Islander,Married-civ-spouse,0,298871,Some-college,State-gov,Adm-clerical,0,0,40,40,0
41,Male,White,Married-civ-spouse,0,83411,HS-grad,Federal-gov,Other-service,0,0,40,39,0
24,Male,White,Never-married,3,353696,Some-college,Private,Other-service,0,0,20,2,0
20,Female,White,Never-married,3,366929,Some-college,Private,Adm-clerical,0,0,35,39,0
46,Male,White,Married-civ-spouse,0,192835,Some-college,Private,Transport-moving,0,0,48,39,0
26,Female,White,Never-married,1,137658,Some-college,Private,Adm-clerical,0,0,45,39,0
35,Male,Black,Never-married,4,79050,HS-grad,Private,Transport-moving,0,0,72,39,0
62,Female,White,Never-married,1,174711,HS-grad,Private,Adm-clerical,0,0,32,39,0
18,Male,Black,Never-married,3,414721,11th,Private,Other-service,0,1602,23,39,0
44,Male,White,Married-civ-spouse,0,254146,Masters,Local-gov,Prof-specialty,0,0,40,39,1
81,Male,White,Married-civ-spouse,0,177408,HS-grad,Private,Exec-managerial,0,2377,26,39,1
43,Male,White,Married-civ-spouse,0,207685,HS-grad,Private,Machine-op-inspct,0,0,40,39,0
29,Male,White,Married-civ-spouse,0,209934,5th-6th,Private,Other-service,0,0,40,26,0
41,Male,White,Married-civ-spouse,0,227644,Some-college,Local-gov,Craft-repair,0,0,40,39,0
45,Female,White,Married-civ-spouse,5,48271,Some-college,Private,Adm-clerical,0,0,40,39,1
60,Male,White,Married-civ-spouse,0,123992,Some-college,Private,Craft-repair,0,0,45,39,0
29,Female,White,Married-civ-spouse,3,138332,Some-college,Private,Adm-clerical,0,0,6,39,0
29,Female,White,Married-civ-spouse,5,233168,Bachelors,Private,Prof-specialty,0,0,46,39,1
23,Male,Black,Never-married,3,160951,HS-grad,Private,Craft-repair,2597,0,40,39,0
37,Male,White,Married-civ-spouse,0,186359,HS-grad,Self-emp-inc,Sales,7688,0,60,39,1
24,Female,White,Never-married,3,117363,Bachelors,Private,Sales,0,0,35,39,0
27,Female,White,Never-married,3,169631,HS-grad,Private,Handlers-cleaners,0,0,40,39,0
43,Male,White,Married-civ-spouse,0,111483,Some-college,Private,Sales,7298,0,40,39,1
35,Male,White,Separated,4,289106,Assoc-acdm,Private,Sales,0,0,40,39,0
20,Male,White,Never-married,3,121313,10th,Other,Other,0,0,40,39,0
32,Male,White,Never-married,1,182926,Masters,Self-emp-not-inc,Prof-specialty,0,0,40,39,0
26,Male,White,Never-married,1,176729,Bachelors,Private,Craft-repair,0,0,45,39,1
18,Female,White,Never-married,2,391585,HS-grad,Private,Machine-op-inspct,0,0,40,39,0
42,Male,White,Married-civ-spouse,0,341638,Bachelors,State-gov,Prof-specialty,0,0,40,39,1
60,Male,White,Married-civ-spouse,0,103344,HS-grad,Private,Craft-repair,15024,0,40,39,1
39,Female,White,Divorced,4,85874,HS-grad,State-gov,Adm-clerical,0,0,40,39,0
19,Male,White,Never-married,2,87497,11th,Private,Transport-moving,0,0,10,39,0
28,Female,White,Divorced,1,191088,HS-grad,Private,Other-service,0,1741,52,39,0
41,Male,White,Married-civ-spouse,0,27187,Assoc-voc,Other,Other,0,2415,12,39,1
38,Male,White,Married-civ-spouse,0,214008,HS-grad,Self-emp-not-inc,Prof-specialty,0,0,50,39,1
39,Male,White,Married-civ-spouse,0,216552,Masters,Private,Adm-clerical,0,0,40,39,0
45,Male,White,Married-civ-spouse,0,238386,Some-college,Local-gov,Protective-serv,0,0,40,39,1
30,Male,White,Divorced,4,103435,HS-grad,Private,Machine-op-inspct,0,0,40,39,0
62,Male,White,Married-civ-spouse,0,266624,HS-grad,Private,Farming-fishing,6418,0,40,39,1
39,Male,White,Married-civ-spouse,0,111129,HS-grad,Private,Handlers-cleaners,0,0,40,39,0
21,Female,Black,Never-married,3,188073,HS-grad,Private,Machine-op-inspct,0,0,40,39,0
32,Female,White,Divorced,1,113688,Assoc-voc,Private,Exec-managerial,0,0,50,39,0
54,Female,White,Married-civ-spouse,5,346014,Some-college,Private,Craft-repair,0,0,40,39,0
44,Male,White,Married-civ-spouse,0,186916,Masters,Private,Exec-managerial,0,0,50,39,1
24,Male,White,Married-civ-spouse,0,121313,HS-grad,Private,Adm-clerical,0,0,40,39,0
44,Male,White,Married-civ-spouse,0,567788,5th-6th,Self-emp-not-inc,Farming-fishing,0,0,40,26,0
50,Female,White,Married-civ-spouse,5,184424,Some-college,Private,Adm-clerical,0,1902,38,39,1
34,Male,Asian-Pac-Islander,Married-civ-spouse,0,142897,Masters,Private,Exec-managerial,7298,0,35,36,1
23,Female,White,Never-married,1,368739,Bachelors,Private,Adm-clerical,0,0,40,39,0
45,Female,White,Married-civ-spouse,5,374450,HS-grad,Local-gov,Transport-moving,5178,0,40,39,1
50,Male,White,Married-civ-spouse,0,219420,HS-grad,Self-emp-inc,Sales,0,0,50,39,1
35,Male,White,Married-civ-spouse,0,261646,HS-grad,Private,Protective-serv,0,0,55,39,0
24,Female,White,Never-married,1,265434,Bachelors,Other,Other,0,0,40,39,0
22,Male,White,Married-civ-spouse,3,110371,HS-grad,Private,Other-service,0,0,50,39,0
57,Male,White,Married-civ-spouse,0,148315,HS-grad,Private,Sales,0,0,30,39,0
27,Female,White,Married-civ-spouse,5,153546,Assoc-voc,Self-emp-inc,Other-service,0,0,36,39,1
33,Male,White,Married-civ-spouse,0,132601,Bachelors,Private,Sales,0,0,55,39,1
36,Male,Asian-Pac-Islander,Never-married,1,162312,HS-grad,Private,Craft-repair,0,0,70,35,0
30,Female,White,Never-married,1,118500,Bachelors,Local-gov,Prof-specialty,0,0,40,39,0
21,Male,White,Never-married,3,163870,Some-college,Private,Adm-clerical,0,0,40,39,0
32,Male,White,Married-civ-spouse,0,175878,7th-8th,Private,Craft-repair,0,0,35,39,0
64,Female,White,Widowed,4,203783,HS-grad,Private,Adm-clerical,0,0,8,39,0
58,Female,White,Divorced,4,116901,HS-grad,Private,Other-service,0,0,25,39,0
23,Male,Asian-Pac-Islander,Never-married,4,215624,Some-college,Private,Machine-op-inspct,0,0,40,40,0
46,Male,White,Married-civ-spouse,0,182541,HS-grad,Self-emp-not-inc,Farming-fishing,0,1672,50,39,0
29,Male,White,Married-civ-spouse,0,280344,Some-college,Local-gov,Transport-moving,0,0,40,39,0
20,Male,White,Never-married,1,38455,10th,Private,Other-service,0,0,40,39,0
49,Male,Black,Divorced,1,68505,9th,Private,Other-service,0,0,37,39,0
36,Male,White,Married-civ-spouse,0,207568,HS-grad,Private,Craft-repair,0,0,50,39,0
32,Male,White,Married-civ-spouse,0,205152,HS-grad,Private,Exec-managerial,3103,0,40,39,1
24,Male,White,Married-civ-spouse,0,341294,HS-grad,Private,Machine-op-inspct,0,0,40,39,0
31,Male,Black,Married-civ-spouse,0,467579,Bachelors,Private,Exec-managerial,0,1887,40,39,1
46,Male,White,Married-civ-spouse,0,198660,Bachelors,Self-emp-inc,Sales,99999,0,72,39,1
33,Male,White,Never-married,1,93930,HS-grad,Private,Craft-repair,0,0,50,39,0
56,Male,White,Married-civ-spouse,0,187487,HS-grad,Private,Craft-repair,0,0,48,39,1
42,Male,White,Married-civ-spouse,0,169995,Some-college,Private,Prof-specialty,0,0,45,39,0
23,Male,White,Separated,3,148315,Some-college,Private,Craft-repair,0,0,40,39,0
31,Male,White,Married-spouse-absent,2,301526,Some-college,State-gov,Other-service,0,0,40,39,0
35,Male,White,Never-married,1,45607,Masters,Local-gov,Prof-specialty,0,0,60,39,1
45,Female,White,Separated,1,116163,HS-grad,Private,Exec-managerial,0,0,40,39,0
18,Female,White,Never-married,3,240747,HS-grad,Private,Machine-op-inspct,0,0,40,6,0
36,Male,White,Married-civ-spouse,0,126675,Masters,Private,Prof-specialty,0,1977,50,39,1
45,Female,Black,Never-married,1,148222,HS-grad,Local-gov,Adm-clerical,0,0,40,39,0
52,Male,White,Married-civ-spouse,0,232132,12th,Private,Machine-op-inspct,0,0,45,39,1
47,Female,White,Divorced,1,125120,Bachelors,Private,Craft-repair,0,0,50,39,0
45,Male,White,Married-civ-spouse,0,184581,HS-grad,Private,Machine-op-inspct,0,0,40,39,0
34,Male,White,Married-civ-spouse,0,289731,11th,Self-emp-not-inc,Machine-op-inspct,0,0,40,39,0
24,Female,White,Never-married,1,197552,HS-grad,Local-gov,Tech-support,0,0,40,39,0
42,Male,White,Married-civ-spouse,0,178780,Masters,Self-emp-not-inc,Exec-managerial,0,0,50,39,1
18,Male,White,Never-married,3,423024,12th,Private,Handlers-cleaners,0,0,20,39,0
42,Female,Black,Divorced,4,109462,Bachelors,State-gov,Adm-clerical,2977,0,40,39,0
29,Male,Amer-Indian-Eskimo,Married-civ-spouse,0,183061,HS-grad,Private,Craft-repair,0,0,48,39,0
46,Male,White,Married-civ-spouse,0,295334,Doctorate,Private,Prof-specialty,0,0,60,39,1
23,Male,White,Never-married,1,114357,Some-college,Other,Other,0,0,40,39,0
23,Male,White,Never-married,3,150683,Some-college,Private,Exec-managerial,0,0,40,39,0
43,Female,Black,Separated,4,110556,HS-grad,Private,Exec-managerial,0,0,40,39,0
30,Male,White,Married-civ-spouse,0,140790,HS-grad,Private,Sales,0,0,45,39,0
48,Female,White,Divorced,4,272778,Some-college,Private,Other-service,0,0,32,39,0
62,Female,White,Widowed,1,159165,HS-grad,Federal-gov,Exec-managerial,0,0,36,39,0
43,Female,White,Divorced,4,147099,Some-college,Self-emp-not-inc,Adm-clerical,0,0,36,39,0
42,Female,White,Married-civ-spouse,5,274198,5th-6th,Private,Machine-op-inspct,0,0,38,26,0
38,Male,White,Never-married,4,193026,HS-grad,Private,Other-service,0,1408,40,0,0
30,Female,White,Never-married,1,70377,Some-college,Private,Machine-op-inspct,0,0,40,39,0
31,Female,White,Married-civ-spouse,5,252752,HS-grad,Self-emp-not-inc,Other-service,0,2415,40,39,1
47,Male,Asian-Pac-Islander,Married-civ-spouse,0,133969,Bachelors,Private,Exec-managerial,2885,0,65,24,0
20,Female,White,Never-married,3,181761,HS-grad,Private,Adm-clerical,0,0,40,39,0
39,Female,White,Divorced,4,126494,HS-grad,Private,Prof-specialty,0,0,40,39,0
43,Male,White,Married-civ-spouse,0,388849,Assoc-acdm,Private,Handlers-cleaners,0,0,60,39,0
17,Male,White,Never-married,3,316929,12th,Private,Handlers-cleaners,0,0,20,39,0
20,Female,White,Never-married,3,270517,HS-grad,Private,Other-service,0,0,40,26,0
56,Female,Black,Separated,4,202220,Some-college,Private,Tech-support,0,0,38,39,0
30,Male,White,Married-civ-spouse,0,167476,Some-college,Private,Transport-moving,0,0,60,39,0
63,Male,White,Married-civ-spouse,0,113324,Some-college,Private,Protective-serv,0,0,40,39,0
53,Female,White,Divorced,1,191025,Some-college,Private,Adm-clerical,0,0,43,39,0
45,Male,White,Married-civ-spouse,0,160167,10th,Self-emp-not-inc,Craft-repair,0,0,70,39,0
22,Male,White,Married-civ-spouse,0,173736,HS-grad,Private,Craft-repair,0,0,40,39,0
69,Female,White,Widowed,1,180187,Assoc-acdm,Other,Other,0,0,6,22,0
23,Male,White,Never-married,1,320294,HS-grad,Federal-gov,Prof-specialty,0,0,40,39,0
52,Male,White,Divorced,1,191529,Bachelors,Private,Farming-fishing,0,0,40,39,0
58,Male,White,Married-civ-spouse,0,279878,Masters,State-gov,Exec-managerial,0,0,40,39,1
45,Female,White,Divorced,4,234195,HS-grad,Local-gov,Adm-clerical,0,0,35,39,0
38,Male,White,Married-civ-spouse,0,189679,Bachelors,Self-emp-inc,Prof-specialty,0,0,50,39,1
26,Male,White,Married-civ-spouse,0,192262,HS-grad,Private,Other-service,0,0,40,39,0
45,Male,White,Married-civ-spouse,0,256866,Some-college,Self-emp-not-inc,Sales,5013,0,40,39,0
28,Female,White,Widowed,4,129460,10th,Private,Adm-clerical,0,2238,35,39,0
42,Male,White,Married-civ-spouse,0,64632,HS-grad,Self-emp-not-inc,Exec-managerial,0,0,50,39,0
41,Male,White,Divorced,1,242619,Assoc-acdm,Private,Prof-specialty,0,0,80,39,0
30,Male,White,Married-civ-spouse,0,356689,Bachelors,Federal-gov,Adm-clerical,0,0,30,24,0
37,Male,White,Married-civ-spouse,0,78928,9th,Private,Other-service,3137,0,40,39,0
24,Male,White,Never-married,3,216181,Assoc-voc,Private,Machine-op-inspct,0,0,40,39,0
49,Female,White,Never-married,4,147002,HS-grad,Private,Craft-repair,0,0,40,33,0
38,Male,White,Married-civ-spouse,0,190895,Bachelors,Private,Exec-managerial,7298,0,50,39,1
42,Male,White,Married-civ-spouse,0,201495,Bachelors,Private,Exec-managerial,0,0,40,39,0
42,Male,White,Married-civ-spouse,0,112607,HS-grad,Private,Craft-repair,0,0,50,39,0
25,Male,White,Divorced,1,121712,Bachelors,Private,Craft-repair,0,0,40,39,0
18,Male,White,Never-married,3,232024,11th,Private,Machine-op-inspct,0,0,55,39,0
56,Male,White,Married-civ-spouse,0,196307,Doctorate,Federal-gov,Prof-specialty,0,0,40,39,1
72,Male,White,Married-civ-spouse,0,118902,Doctorate,Other,Other,0,2392,6,39,1
43,Male,White,Divorced,4,60001,Bachelors,Private,Sales,0,0,44,39,1
55,Female,White,Married-civ-spouse,5,153451,HS-grad,State-gov,Tech-support,0,1887,40,39,1
56,Male,White,Married-civ-spouse,0,215839,Some-college,Private,Transport-moving,0,0,60,0,0
18,Male,White,Never-married,3,182643,Some-college,Private,Handlers-cleaners,0,0,9,39,0
18,Male,Black,Never-married,2,174732,HS-grad,Private,Other-service,0,0,36,39,0
44,Male,White,Divorced,1,254303,Some-college,Self-emp-not-inc,Other-service,0,0,45,39,0
45,Male,White,Never-married,1,513660,Bachelors,Private,Prof-specialty,0,0,40,39,0
20,Female,White,Never-married,1,107658,Some-college,Private,Tech-support,0,0,10,39,0
31,Male,White,Never-married,1,318647,11th,Private,Craft-repair,0,0,40,39,0
31,Male,White,Married-civ-spouse,0,87891,Some-college,Private,Adm-clerical,0,0,40,39,0
17,Female,White,Never-married,3,238628,11th,Private,Other-service,0,0,5,39,0
51,Male,White,Married-civ-spouse,0,163671,Bachelors,Federal-gov,Exec-managerial,0,1902,40,39,0
55,Male,White,Married-civ-spouse,0,161662,Masters,Local-gov,Exec-managerial,0,0,55,39,1
54,Male,White,Married-civ-spouse,0,154728,Assoc-voc,Private,Tech-support,7688,0,40,39,1
52,Female,White,Divorced,1,71768,Some-college,Private,Adm-clerical,0,0,40,39,0
41,Male,White,Divorced,1,89942,HS-grad,Self-emp-not-inc,Sales,3674,0,45,39,0
23,Female,White,Never-married,3,182812,Some-college,Private,Other-service,0,0,40,6,0
47,Female,White,Divorced,1,347025,Masters,Private,Prof-specialty,0,0,40,39,0
57,Female,White,Divorced,1,139452,HS-grad,Local-gov,Adm-clerical,0,0,16,39,0
72,Male,White,Married-civ-spouse,0,259762,HS-grad,Local-gov,Exec-managerial,2290,0,10,39,0
51,Female,White,Divorced,1,274502,7th-8th,Private,Machine-op-inspct,0,0,48,39,0
21,Female,Black,Never-married,4,247075,HS-grad,Other,Other,0,0,25,39,0
41,Male,White,Married-civ-spouse,0,195897,Masters,Local-gov,Prof-specialty,0,0,60,39,0
20,Male,White,Never-married,3,219835,Some-college,Private,Sales,0,0,30,0,0
40,Male,White,Married-civ-spouse,0,198790,11th,Private,Machine-op-inspct,0,0,30,39,0
34,Male,White,Never-married,1,156809,Some-college,Self-emp-not-inc,Craft-repair,0,1504,60,39,0
29,Female,White,Divorced,1,112031,HS-grad,Private,Craft-repair,0,0,50,39,0
49,Female,White,Divorced,4,199448,Assoc-voc,Private,Sales,0,0,40,39,0
27,Female,White,Married-civ-spouse,5,87006,Some-college,Private,Adm-clerical,0,1579,40,39,0
18,Female,White,Never-married,1,220836,11th,Private,Other-service,0,0,20,39,0
40,Female,White,Separated,2,346847,Assoc-voc,Private,Prof-specialty,0,0,40,39,0
20,Male,White,Never-married,3,39803,Some-college,Private,Other-service,0,1719,36,39,0
51,Male,White,Married-civ-spouse,0,120914,7th-8th,Private,Craft-repair,2961,0,40,39,0
32,Female,Black,Never-married,1,390157,Bachelors,Private,Prof-specialty,0,0,40,39,0
49,Male,White,Divorced,1,163229,HS-grad,Private,Craft-repair,0,0,50,39,0
60,Male,White,Divorced,4,128367,Some-college,Private,Prof-specialty,3325,0,42,39,0
25,Female,White,Never-married,1,121102,Assoc-acdm,Private,Tech-support,0,2001,30,39,0
19,Female,White,Never-married,1,158118,HS-grad,Private,Other-service,0,1719,40,39,0
33,Male,White,Married-civ-spouse,0,309630,HS-grad,Private,Other-service,0,0,40,39,0
51,Male,White,Married-civ-spouse,0,86332,Assoc-voc,Private,Other-service,4064,0,55,39,0
24,Male,White,Never-married,1,38455,Some-college,Private,Craft-repair,0,0,40,39,0
20,Female,White,Never-married,3,340475,Some-college,State-gov,Adm-clerical,0,0,10,39,0
37,Male,White,Married-civ-spouse,0,186191,HS-grad,Private,Machine-op-inspct,0,0,46,39,0
40,Male,White,Never-married,1,43711,HS-grad,Private,Machine-op-inspct,0,0,45,39,0
23,Male,White,Never-married,1,173851,HS-grad,Federal-gov,Armed-Forces,0,0,8,39,0
25,Female,White,Never-married,1,371987,Bachelors,Private,Exec-managerial,0,0,40,39,0
27,Male,White,Never-married,1,205499,Doctorate,State-gov,Prof-specialty,0,0,77,39,0
44,Female,White,Married-civ-spouse,5,202466,Some-college,Private,Exec-managerial,0,0,60,39,0
37,Female,White,Married-civ-spouse,5,333305,Doctorate,Private,Prof-specialty,0,0,35,39,0
32,Male,White,Married-civ-spouse,0,279231,Assoc-voc,Private,Adm-clerical,0,0,40,22,0
22,Male,Black,Married-civ-spouse,0,311512,Some-college,State-gov,Other-service,0,0,15,39,0
39,Male,White,Married-civ-spouse,0,195253,Prof-school,Self-emp-not-inc,Prof-specialty,0,0,45,39,1
45,Male,White,Married-civ-spouse,0,225456,Bachelors,Self-emp-not-inc,Exec-managerial,0,0,50,39,1
19,Male,White,Never-married,1,223648,HS-grad,Private,Sales,4101,0,48,39,0
46,Male,Black,Married-civ-spouse,0,160061,Some-college,Private,Machine-op-inspct,0,0,40,39,0
54,Female,White,Divorced,1,169785,Some-college,Private,Exec-managerial,0,0,40,22,0
33,Male,White,Married-civ-spouse,0,112115,Bachelors,Private,Exec-managerial,0,1902,45,39,1
42,Female,White,Divorced,4,136177,Some-college,Private,Adm-clerical,0,0,38,39,0
25,Female,White,Never-married,1,176836,Some-college,Private,Exec-managerial,0,0,60,39,0
42,Male,White,Married-civ-spouse,0,177989,HS-grad,Private,Craft-repair,0,0,40,39,0
43,Male,White,Married-civ-spouse,0,456236,HS-grad,Private,Craft-repair,0,0,40,39,1
41,Female,White,Never-married,1,117012,Masters,Self-emp-not-inc,Exec-managerial,0,0,55,39,0
36,Female,White,Widowed,4,194905,Bachelors,Private,Prof-specialty,0,0,44,39,0
36,Male,Black,Never-married,3,76845,HS-grad,Private,Other-service,0,0,35,39,0
37,Male,Black,Married-civ-spouse,0,176756,Some-college,Private,Adm-clerical,0,1485,70,39,1
51,Female,White,Divorced,4,94174,Some-college,State-gov,Adm-clerical,0,0,35,39,0
46,Female,White,Divorced,1,201217,HS-grad,Private,Prof-specialty,0,0,40,39,0
30,Male,Black,Never-married,2,149568,9th,Private,Farming-fishing,0,0,40,39,0
50,Male,White,Married-civ-spouse,0,248619,HS-grad,Private,Craft-repair,0,0,40,39,0
62,Male,White,Married-civ-spouse,0,368476,5th-6th,Private,Farming-fishing,0,0,24,26,0
17,Female,Amer-Indian-Eskimo,Never-married,3,130125,10th,Private,Other-service,1055,0,20,39,0
66,Female,White,Widowed,1,98837,HS-grad,Private,Adm-clerical,0,0,40,39,0
59,Male,Asian-Pac-Islander,Married-civ-spouse,0,81973,Masters,Private,Exec-managerial,0,0,40,39,1
18,Female,White,Never-married,3,162840,12th,Private,Sales,0,0,20,39,0
59,Male,White,Married-civ-spouse,0,252714,HS-grad,Private,Machine-op-inspct,0,0,30,22,0
47,Female,White,Divorced,1,39530,HS-grad,Private,Other-service,0,0,4,39,0
39,Male,White,Married-civ-spouse,0,85566,Bachelors,State-gov,Prof-specialty,0,0,40,39,0
29,Female,White,Divorced,1,31935,HS-grad,Private,Prof-specialty,0,0,40,39,0
25,Male,White,Married-civ-spouse,0,306513,Some-college,Private,Adm-clerical,0,0,45,39,0
27,Male,White,Divorced,1,103634,HS-grad,Private,Adm-clerical,0,0,38,39,0
31,Male,Asian-Pac-Islander,Married-civ-spouse,0,136398,Doctorate,Private,Prof-specialty,0,0,50,37,1
54,Male,White,Married-civ-spouse,0,308087,Some-college,Private,Tech-support,0,1977,18,39,1
33,Male,White,Married-civ-spouse,0,176992,Some-college,Private,Craft-repair,0,0,40,39,1
46,Male,White,Married-civ-spouse,0,203067,Prof-school,Private,Prof-specialty,0,0,40,39,1
41,Male,White,Married-civ-spouse,0,125831,HS-grad,Private,Craft-repair,0,2051,60,39,0
49,Male,White,Married-civ-spouse,0,31339,HS-grad,Private,Craft-repair,0,0,40,39,0
34,Male,White,Married-civ-spouse,0,189759,Bachelors,Private,Exec-managerial,0,1977,45,39,1
44,Female,White,Never-married,1,29115,Some-college,Private,Other-service,0,0,40,39,0
60,Female,White,Widowed,1,297261,Some-college,Private,Sales,0,0,15,39,0
19,Female,White,Never-married,1,165115,HS-grad,Private,Sales,0,0,40,39,0
60,Male,White,Married-civ-spouse,0,180418,11th,Private,Craft-repair,0,0,40,39,0
27,Male,White,Never-married,2,587310,7th-8th,Private,Other-service,0,0,35,13,0
35,Male,White,Married-civ-spouse,0,77146,HS-grad,Self-emp-not-inc,Craft-repair,2829,0,45,39,0
37,Female,White,Married-civ-spouse,5,380614,Assoc-acdm,Private,Prof-specialty,0,0,13,39,1
39,Male,White,Married-civ-spouse,0,505119,Masters,Private,Exec-managerial,0,0,40,5,1
21,Male,White,Never-married,3,118712,Assoc-voc,Private,Craft-repair,0,1504,40,39,0
34,Male,White,Never-married,3,37210,HS-grad,Private,Adm-clerical,0,0,50,39,0
26,Female,White,Divorced,4,236008,Assoc-voc,Private,Prof-specialty,0,0,40,39,0
44,Male,White,Divorced,3,218653,Bachelors,Self-emp-not-inc,Craft-repair,0,0,40,39,0
20,Male,White,Never-married,3,471452,Some-college,Private,Other-service,0,0,30,39,0
19,Female,White,Never-married,1,63434,Some-college,Private,Machine-op-inspct,0,0,35,39,0
37,Male,White,Separated,1,208106,Bachelors,Private,Exec-managerial,0,0,35,39,0
26,Male,White,Never-married,1,282304,Some-college,Private,Sales,0,0,45,39,0
39,Male,White,Married-civ-spouse,0,262841,HS-grad,Private,Exec-managerial,0,0,50,39,1
35,Male,White,Married-civ-spouse,0,54317,HS-grad,Private,Farming-fishing,0,1672,50,39,0
49,Male,White,Married-civ-spouse,0,298659,HS-grad,Private,Sales,0,0,15,26,0
40,Female,White,Divorced,4,162098,HS-grad,Private,Adm-clerical,0,0,30,39,0
19,Male,White,Never-married,3,225775,Some-college,Other,Other,0,0,40,39,0
52,Male,White,Never-married,1,238959,Masters,Local-gov,Prof-specialty,0,0,32,39,1
55,Female,White,Divorced,4,219775,HS-grad,Local-gov,Other-service,0,0,38,39,0
28,Male,White,Married-civ-spouse,0,132191,HS-grad,Private,Transport-moving,0,0,45,39,1
56,Male,White,Married-civ-spouse,0,212864,HS-grad,Local-gov,Transport-moving,0,0,40,39,1
49,Female,Asian-Pac-Islander,Never-married,1,24712,Bachelors,Private,Other-service,0,0,35,30,0
42,Female,White,Divorced,4,183205,HS-grad,Private,Exec-managerial,0,0,45,39,0
48,Male,White,Married-civ-spouse,0,105838,Bachelors,Private,Exec-managerial,0,0,45,39,1
33,Male,White,Divorced,4,223212,HS-grad,Private,Craft-repair,0,0,40,39,0
27,Male,Other,Divorced,2,244315,HS-grad,Private,Craft-repair,0,0,40,39,0
56,Male,White,Married-civ-spouse,0,179594,HS-grad,Self-emp-not-inc,Exec-managerial,0,0,48,39,0
65,Female,White,Widowed,1,172510,Some-college,Private,Prof-specialty,1848,0,20,18,0
41,Male,White,Married-civ-spouse,0,166813,Some-college,Private,Sales,0,0,55,39,0
39,Male,White,Married-civ-spouse,0,115289,Assoc-acdm,Private,Tech-support,0,0,40,10,1
20,Male,White,Never-married,3,194848,Some-college,Private,Craft-repair,0,0,40,39,0
56,Male,White,Married-civ-spouse,0,175057,Bachelors,State-gov,Exec-managerial,0,0,40,39,0
20,Female,White,Never-married,3,200061,Some-college,Other,Other,0,0,40,0,0
66,Male,White,Married-civ-spouse,0,293114,HS-grad,Self-emp-not-inc,Farming-fishing,1409,0,40,39,0
60,Female,White,Divorced,1,97030,Bachelors,State-gov,Exec-managerial,0,0,35,39,0
43,Male,White,Never-married,1,23157,HS-grad,State-gov,Transport-moving,0,0,60,39,0
34,Male,White,Never-married,4,56150,11th,Private,Transport-moving,0,0,40,39,0
62,Male,White,Married-civ-spouse,0,144116,10th,Other,Other,0,0,40,39,0
65,Male,White,Married-civ-spouse,0,420277,Some-college,Private,Protective-serv,0,0,40,39,0
20,Female,White,Never-married,3,234880,Some-college,Private,Sales,0,0,30,39,0
36,Male,White,Never-married,1,103110,Doctorate,Private,Prof-specialty,0,0,40,9,0
23,Male,White,Never-married,3,214542,Some-college,Private,Farming-fishing,0,0,40,39,0
62,Male,White,Married-civ-spouse,0,81578,HS-grad,Other,Other,0,0,40,39,1
48,Female,White,Divorced,4,207946,HS-grad,Private,Adm-clerical,0,0,52,39,0
36,Male,White,Married-civ-spouse,0,241998,Bachelors,Private,Craft-repair,0,0,50,39,1
50,Male,White,Married-civ-spouse,0,146310,9th,Private,Machine-op-inspct,0,0,40,39,0
53,Male,White,Married-civ-spouse,0,38795,9th,Local-gov,Exec-managerial,0,0,40,39,0
57,Male,White,Married-civ-spouse,0,199572,11th,Private,Machine-op-inspct,0,0,40,39,0
33,Male,White,Married-civ-spouse,0,161745,Assoc-voc,Private,Farming-fishing,0,0,45,39,0
56,Male,White,Married-civ-spouse,0,329059,HS-grad,Private,Machine-op-inspct,0,0,40,22,1
34,Male,White,Never-married,1,34572,HS-grad,Private,Handlers-cleaners,0,0,60,39,0
34,Female,Black,Divorced,4,140571,Assoc-voc,Private,Tech-support,0,0,40,39,0
37,Female,White,Divorced,4,173780,Some-college,State-gov,Prof-specialty,0,0,30,39,0
37,Male,White,Married-civ-spouse,0,40955,Prof-school,Private,Prof-specialty,0,0,50,39,1
54,Male,White,Married-civ-spouse,0,42924,Some-college,Self-emp-not-inc,Sales,0,0,50,39,0
23,Male,White,Never-married,3,520775,12th,Private,Priv-house-serv,0,0,30,39,0
53,Male,White,Married-civ-spouse,0,317313,HS-grad,Private,Transport-moving,0,0,60,39,1
41,Male,White,Married-civ-spouse,0,443508,Bachelors,Private,Transport-moving,0,0,48,2,1
32,Male,White,Married-civ-spouse,0,192565,HS-grad,Private,Machine-op-inspct,0,0,40,39,0
41,Female,White,Separated,1,86399,Some-college,Private,Adm-clerical,0,0,38,39,0
52,Male,White,Divorced,1,31533,HS-grad,Private,Other-service,0,0,40,39,0
19,Female,White,Never-married,3,272800,12th,Private,Adm-clerical,0,0,25,39,0
48,Male,White,Married-civ-spouse,0,94342,Bachelors,Private,Craft-repair,0,0,55,39,0
80,Male,White,Married-civ-spouse,0,29020,Prof-school,Other,Other,10605,0,10,39,1
44,Female,White,Divorced,3,60735,Bachelors,Local-gov,Prof-specialty,0,0,60,39,0
39,Male,White,Divorced,4,160728,HS-grad,Private,Machine-op-inspct,2977,0,40,39,0
21,Male,White,Never-married,3,226145,Some-college,Private,Handlers-cleaners,0,0,30,39,0
21,Male,Black,Never-married,3,396790,HS-grad,Private,Transport-moving,0,0,20,39,0
59,Male,White,Married-civ-spouse,0,81929,Doctorate,Private,Prof-specialty,0,2415,45,39,1
37,Male,White,Married-civ-spouse,0,99935,Masters,Local-gov,Protective-serv,7688,0,50,39,1
20,Female,White,Never-married,3,216472,Some-college,Private,Sales,0,0,25,39,0
25,Female,White,Separated,3,345121,10th,Private,Other-service,0,0,25,39,0
30,Male,White,Married-civ-spouse,0,345522,HS-grad,Private,Transport-moving,3103,0,70,39,1
26,Male,White,Married-civ-spouse,0,289980,5th-6th,Private,Farming-fishing,0,0,30,26,0
58,Male,White,Married-civ-spouse,0,100960,HS-grad,Self-emp-inc,Sales,0,0,50,39,0
22,Female,White,Never-married,3,383603,Some-college,Private,Adm-clerical,0,0,40,39,0
35,Female,White,Never-married,1,62333,Bachelors,Private,Prof-specialty,0,0,40,39,0
48,Female,White,Widowed,4,26490,Bachelors,Private,Other-service,0,0,20,39,0
26,Female,White,Never-married,3,172063,Some-college,Private,Sales,0,0,24,39,0
55,Male,White,Never-married,1,100054,10th,Private,Other-service,0,0,40,39,0
27,Male,White,Never-married,3,208725,Bachelors,Private,Craft-repair,0,0,40,39,0
29,Female,White,Never-married,1,153416,Bachelors,Private,Exec-managerial,0,0,55,39,0
45,Male,White,Married-civ-spouse,0,215862,Doctorate,Local-gov,Exec-managerial,7688,0,45,39,1
27,Male,White,Married-civ-spouse,0,123116,HS-grad,Self-emp-not-inc,Transport-moving,0,0,40,39,0
62,Female,White,Divorced,1,113443,Masters,Local-gov,Prof-specialty,10520,0,33,39,1
50,Male,White,Married-civ-spouse,0,283676,Some-college,Private,Craft-repair,0,0,40,39,1
24,Male,White,Married-civ-spouse,0,68577,Assoc-voc,Private,Transport-moving,0,0,40,39,0
26,Male,Other,Never-married,1,184026,Some-college,Private,Prof-specialty,0,0,50,39,0
47,Female,White,Married-civ-spouse,5,123207,HS-grad,Private,Adm-clerical,0,0,20,39,1
34,Female,White,Never-married,3,137223,10th,Self-emp-not-inc,Other-service,0,0,40,39,0
32,Male,White,Never-married,1,281030,HS-grad,Self-emp-inc,Craft-repair,0,0,40,39,0
41,Male,White,Divorced,1,40151,Some-college,Private,Craft-repair,0,0,40,39,1
45,Male,White,Married-civ-spouse,0,421412,HS-grad,Private,Machine-op-inspct,0,0,45,39,1
38,Female,White,Never-married,3,292570,Some-college,Private,Sales,0,0,50,39,0
36,Male,White,Never-married,3,117073,HS-grad,Private,Craft-repair,0,0,40,39,0
21,Female,White,Never-married,1,50341,Some-college,Private,Adm-clerical,0,0,38,39,0
24,Male,White,Never-married,1,184839,Some-college,Private,Machine-op-inspct,0,0,40,39,0
19,Male,White,Never-married,3,223392,HS-grad,Private,Handlers-cleaners,0,0,15,39,0
35,Male,White,Married-civ-spouse,0,56352,Assoc-voc,Private,Other-service,0,0,40,33,0
42,Male,White,Divorced,4,184018,HS-grad,Self-emp-inc,Sales,1151,0,50,39,0
40,Female,Black,Never-married,4,240027,Some-college,Private,Sales,0,0,45,39,0
37,Female,White,Never-married,1,162494,Bachelors,Private,Adm-clerical,0,0,40,39,0
69,Female,White,Married-civ-spouse,5,168139,HS-grad,Private,Sales,0,0,40,39,0
17,Female,White,Never-married,1,99175,11th,Private,Other-service,0,0,20,39,0
37,Female,White,Divorced,4,86310,Some-college,Private,Adm-clerical,0,0,45,39,0
54,Male,White,Married-civ-spouse,0,123011,HS-grad,Self-emp-not-inc,Craft-repair,15024,0,52,39,1
41,Male,Asian-Pac-Islander,Never-married,3,82393,Some-college,Private,Craft-repair,0,0,40,39,0
22,Male,White,Never-married,1,255969,12th,Other,Other,0,0,48,39,0
18,Male,White,Never-married,3,214617,Some-college,Private,Sales,0,0,16,39,0
50,Male,White,Divorced,1,307555,Bachelors,Federal-gov,Prof-specialty,0,0,60,39,1
37,Male,White,Married-civ-spouse,0,34378,Some-college,Private,Craft-repair,0,0,35,39,0
26,Male,White,Never-married,3,208122,Bachelors,Local-gov,Prof-specialty,1055,0,40,39,0
25,Male,White,Never-married,3,109080,Some-college,Private,Craft-repair,0,0,55,39,0
35,Male,Asian-Pac-Islander,Married-civ-spouse,0,139012,Bachelors,Private,Other-service,0,0,40,40,0
56,Male,White,Separated,1,301835,5th-6th,Private,Machine-op-inspct,0,0,40,39,0
27,Male,White,Married-civ-spouse,0,57052,HS-grad,Private,Craft-repair,2885,0,40,39,0
54,Male,White,Never-married,1,141663,HS-grad,Private,Other-service,0,0,15,39,0
33,Male,Black,Never-married,1,62155,Some-college,Private,Sales,0,0,35,39,0
42,Female,White,Never-married,1,178537,HS-grad,Private,Other-service,0,0,24,39,0
28,Female,White,Never-married,3,224964,HS-grad,Private,Other-service,0,0,25,39,0
36,Male,White,Never-married,1,34180,HS-grad,Self-emp-not-inc,Farming-fishing,0,0,70,39,1
30,Female,White,Divorced,3,145231,Assoc-acdm,Private,Adm-clerical,0,1762,40,39,0
24,Female,White,Never-married,3,284317,Bachelors,Private,Other-service,0,0,30,39,0
50,Male,White,Married-civ-spouse,0,203098,Bachelors,Self-emp-not-inc,Exec-managerial,0,0,35,39,0
30,Male,Asian-Pac-Islander,Never-married,2,257295,Some-college,Self-emp-not-inc,Sales,0,2258,40,35,0
47,Male,White,Married-civ-spouse,0,200471,Assoc-voc,Private,Adm-clerical,4064,0,40,39,0
69,Male,White,Married-civ-spouse,0,71489,Masters,Private,Prof-specialty,0,0,25,39,0
32,Female,White,Married-civ-spouse,5,164707,HS-grad,Federal-gov,Adm-clerical,0,0,40,39,1
59,Male,White,Married-civ-spouse,0,53481,Some-college,Private,Sales,0,0,50,39,0
18,Male,White,Never-married,3,50879,10th,Private,Other-service,0,0,6,39,0
21,Female,White,Never-married,1,202214,HS-grad,Private,Machine-op-inspct,0,0,40,39,0
20,Male,White,Never-married,3,204641,Some-college,Private,Other-service,0,0,40,39,0
45,Female,Black,Divorced,1,155093,10th,Private,Other-service,0,0,38,6,0
49,Male,White,Married-civ-spouse,0,195727,Bachelors,Private,Exec-managerial,0,0,40,39,0
57,Female,Black,Separated,2,135028,HS-grad,Federal-gov,Adm-clerical,0,0,35,39,0
39,Male,White,Never-married,1,227597,HS-grad,Federal-gov,Armed-Forces,0,0,50,39,0
51,Male,White,Married-civ-spouse,0,178054,Some-college,Private,Sales,0,0,40,0,1
30,Female,White,Separated,1,295612,HS-grad,State-gov,Adm-clerical,0,0,40,39,0
33,Male,White,Married-civ-spouse,0,189843,7th-8th,Private,Machine-op-inspct,0,0,40,39,0
54,Female,White,Divorced,1,111469,Some-college,Private,Exec-managerial,0,0,40,39,0
30,Female,Black,Separated,4,228406,HS-grad,Private,Adm-clerical,0,0,40,39,0
18,Male,White,Never-married,3,256005,HS-grad,Private,Other-service,0,0,40,39,0
18,Female,White,Never-married,3,140164,11th,Private,Sales,0,0,40,39,0
33,Male,White,Married-civ-spouse,0,176711,Bachelors,Private,Farming-fishing,0,0,40,9,0
19,Male,Black,Never-married,3,129059,Some-college,Private,Sales,0,0,30,39,0
21,Female,White,Never-married,1,210355,11th,Private,Prof-specialty,0,0,24,39,0
35,Female,White,Never-married,1,438176,Assoc-voc,Private,Other-service,0,0,65,39,0
30,Female,White,Divorced,4,118500,Some-college,Local-gov,Adm-clerical,0,0,40,39,0
40,Male,Asian-Pac-Islander,Married-civ-spouse,0,162312,HS-grad,Self-emp-not-inc,Craft-repair,0,0,66,35,0
28,Female,White,Never-married,1,175796,Assoc-acdm,Local-gov,Adm-clerical,0,0,40,39,0
33,Male,White,Married-civ-spouse,0,60567,HS-grad,Private,Craft-repair,3411,0,40,39,0
22,Male,White,Never-married,3,188950,Some-college,Private,Tech-support,0,0,40,39,0
46,Female,White,Married-civ-spouse,5,101455,HS-grad,Private,Adm-clerical,0,0,40,39,0
57,Male,White,Married-civ-spouse,0,149168,Some-college,Self-emp-not-inc,Exec-managerial,0,0,55,39,0
51,Female,White,Divorced,1,200576,Bachelors,Private,Adm-clerical,0,0,40,39,0
65,Male,White,Widowed,1,153890,12th,Local-gov,Exec-managerial,2009,0,44,39,0
61,Male,White,Married-civ-spouse,0,113080,9th,Self-emp-not-inc,Sales,0,0,58,39,1
20,Female,White,Never-married,1,41356,Some-college,Private,Prof-specialty,0,0,40,39,0
23,Male,White,Never-married,3,115458,HS-grad,Private,Transport-moving,0,0,40,39,0
41,Male,White,Married-civ-spouse,0,101593,Masters,Private,Prof-specialty,15024,0,50,39,1
44,Female,Black,Married-spouse-absent,1,216116,HS-grad,Private,Other-service,0,0,40,23,0
44,Male,White,Divorced,4,101214,Bachelors,Private,Sales,0,0,44,39,1
38,Female,White,Divorced,1,75024,7th-8th,Other,Other,0,0,40,39,0
19,Male,White,Never-married,3,118306,HS-grad,Private,Handlers-cleaners,0,0,16,39,0
49,Male,Black,Married-civ-spouse,0,215389,Bachelors,Private,Machine-op-inspct,0,0,48,39,0
49,Male,White,Married-civ-spouse,0,229737,Prof-school,Self-emp-inc,Prof-specialty,99999,0,37,39,1
62,Male,White,Married-civ-spouse,0,113440,Bachelors,Private,Sales,0,0,35,39,0
25,Male,White,Divorced,2,328697,Some-college,State-gov,Protective-serv,0,0,45,39,0
31,Male,White,Never-married,1,46807,Bachelors,Private,Tech-support,0,0,40,39,0
34,Male,White,Married-civ-spouse,0,155151,Some-college,Private,Craft-repair,0,0,40,39,1
29,Male,White,Married-civ-spouse,0,142443,Bachelors,Other,Other,0,0,25,39,0
50,Male,White,Married-civ-spouse,0,123429,Some-college,Private,Craft-repair,0,0,40,39,1
36,Female,White,Separated,4,188972,Doctorate,Self-emp-not-inc,Prof-specialty,0,0,10,2,0
59,Male,White,Married-civ-spouse,0,153484,Bachelors,Private,Craft-repair,15024,0,50,39,1
24,Female,White,Never-married,4,47791,HS-grad,Private,Other-service,0,0,32,39,0
52,Male,White,Divorced,1,443742,Some-college,Private,Exec-managerial,0,0,60,39,0
30,Female,White,Married-civ-spouse,5,207172,Bachelors,Private,Adm-clerical,0,0,40,26,0
43,Male,White,Divorced,3,194726,HS-grad,Self-emp-not-inc,Craft-repair,0,0,35,39,0
19,Female,White,Never-married,3,209826,Some-college,Private,Sales,0,0,15,39,0
53,Male,White,Married-civ-spouse,0,55861,HS-grad,Private,Craft-repair,0,0,40,39,1
55,Male,White,Married-civ-spouse,0,162205,HS-grad,Private,Transport-moving,5178,0,72,39,1
53,Male,White,Married-civ-spouse,0,276369,HS-grad,Private,Exec-managerial,0,0,45,39,0
35,Female,White,Divorced,1,174503,HS-grad,Private,Craft-repair,0,0,40,39,0
30,Male,White,Divorced,4,261023,Some-college,Private,Machine-op-inspct,0,0,50,39,0
33,Female,Black,Never-married,4,311194,11th,Private,Sales,0,0,17,39,0
33,Male,Black,Never-married,1,310525,12th,Self-emp-not-inc,Craft-repair,0,0,32,39,0
25,Male,White,Never-married,1,19214,HS-grad,Private,Handlers-cleaners,0,0,40,39,0
29,Male,White,Divorced,4,231287,Some-college,Private,Tech-support,0,0,40,39,0
28,Female,White,Never-married,2,250135,HS-grad,Private,Prof-specialty,0,0,40,39,0
20,Female,Asian-Pac-Islander,Never-married,3,81853,Some-college,Other,Other,0,0,15,39,0
29,Male,Black,Married-civ-spouse,0,231554,Some-college,Private,Adm-clerical,0,0,50,39,0
43,Male,White,Divorced,2,226902,Bachelors,Private,Machine-op-inspct,0,0,40,39,0
40,Male,White,Married-civ-spouse,0,221172,Assoc-acdm,Private,Exec-managerial,0,0,50,39,1
42,Female,White,Separated,4,192712,HS-grad,Private,Other-service,0,0,25,39,0
27,Male,White,Married-civ-spouse,0,249362,Some-college,State-gov,Transport-moving,3411,0,40,39,0
71,Female,White,Widowed,1,337064,Masters,Local-gov,Prof-specialty,0,0,40,39,0
36,Male,White,Never-married,1,82743,Assoc-acdm,Private,Transport-moving,0,0,55,20,0
28,Female,Black,Never-married,3,214385,Assoc-voc,Private,Exec-managerial,0,0,40,39,0
24,Male,White,Never-married,4,199555,Assoc-voc,Private,Sales,0,0,5,39,0
45,Male,White,Married-civ-spouse,0,76008,Bachelors,Federal-gov,Exec-managerial,0,0,50,39,1
22,Female,White,Never-married,1,127185,9th,Private,Machine-op-inspct,0,0,40,39,0
25,Female,White,Married-civ-spouse,3,169323,Bachelors,Private,Exec-managerial,0,0,40,39,0
42,Male,White,Separated,4,147510,Bachelors,Local-gov,Prof-specialty,0,0,40,39,0
21,Male,White,Never-married,3,136975,HS-grad,Private,Other-service,0,0,40,39,0
25,Female,White,Never-married,1,105693,Bachelors,Private,Prof-specialty,0,0,40,39,0
53,Male,White,Married-civ-spouse,0,104879,HS-grad,Private,Tech-support,0,0,40,39,1
37,Male,White,Married-civ-spouse,0,105044,Some-college,Private,Exec-managerial,0,0,42,39,1
26,Female,White,Married-civ-spouse,5,360252,Assoc-acdm,Private,Adm-clerical,0,0,40,39,0
29,Male,White,Never-married,3,194200,Some-college,Private,Machine-op-inspct,0,0,45,39,0
59,Male,White,Married-civ-spouse,0,202682,HS-grad,State-gov,Sales,0,0,40,39,0
38,Male,White,Married-civ-spouse,0,234901,Masters,Private,Exec-managerial,0,1977,60,39,1
67,Female,White,Widowed,1,172756,1st-4th,Private,Machine-op-inspct,2062,0,34,7,0
36,Male,White,Divorced,1,220696,HS-grad,Private,Machine-op-inspct,0,0,40,39,0
29,Male,White,Married-civ-spouse,0,499197,Some-college,Private,Prof-specialty,0,0,40,39,0
34,Male,White,Divorced,1,182177,HS-grad,Private,Craft-repair,3325,0,35,39,0
46,Female,White,Separated,4,551962,HS-grad,Private,Handlers-cleaners,0,0,50,29,0
46,Male,White,Married-civ-spouse,0,318331,HS-grad,Private,Machine-op-inspct,0,0,40,39,0
50,Male,White,Divorced,1,219420,Doctorate,Self-emp-not-inc,Sales,0,0,64,39,0
36,Male,White,Married-civ-spouse,0,409189,Some-college,Self-emp-not-inc,Craft-repair,0,0,40,39,1
40,Male,White,Married-civ-spouse,0,70539,Some-college,Private,Sales,4386,0,50,39,0
18,Male,White,Never-married,3,134935,12th,Local-gov,Protective-serv,0,0,40,39,0
18,Male,White,Never-married,3,151150,10th,Private,Farming-fishing,0,0,27,39,0
43,Male,Black,Married-civ-spouse,0,152420,Some-college,Private,Machine-op-inspct,0,0,50,39,0
30,Male,Asian-Pac-Islander,Married-civ-spouse,0,95299,HS-grad,Private,Machine-op-inspct,0,0,40,40,1
25,Male,White,Never-married,3,169759,HS-grad,Private,Handlers-cleaners,0,0,95,39,0
35,Female,Black,Divorced,4,248374,Some-college,State-gov,Adm-clerical,0,0,40,39,0
25,Female,White,Never-married,3,129784,Some-college,Private,Other-service,0,0,40,39,0
33,Male,White,Married-civ-spouse,0,121245,Bachelors,State-gov,Prof-specialty,0,0,60,39,1
32,Male,White,Married-civ-spouse,0,262153,HS-grad,Private,Machine-op-inspct,0,0,40,39,0
66,Male,White,Married-civ-spouse,0,102663,7th-8th,Self-emp-inc,Exec-managerial,0,0,50,39,0
45,Male,White,Married-civ-spouse,0,241350,Assoc-acdm,Private,Craft-repair,0,0,45,39,1
39,Male,White,Married-civ-spouse,0,129597,Bachelors,Private,Sales,3464,0,40,39,0
30,Female,White,Never-married,1,186346,Bachelors,Private,Exec-managerial,0,0,50,39,0
48,Male,White,Married-civ-spouse,0,188081,HS-grad,Federal-gov,Adm-clerical,0,0,40,39,1
51,Female,White,Separated,2,114508,9th,Local-gov,Other-service,0,0,40,39,0
37,Male,White,Married-civ-spouse,0,179481,Bachelors,Private,Machine-op-inspct,0,0,40,39,1
17,Male,White,Never-married,3,369909,10th,Private,Other-service,0,0,20,39,0
17,Male,Black,Never-married,3,133449,9th,Private,Other-service,0,0,26,39,0
44,Male,White,Married-civ-spouse,0,125461,Doctorate,Private,Exec-managerial,0,0,60,39,1
60,Male,White,Married-civ-spouse,0,124987,Bachelors,Local-gov,Prof-specialty,7298,0,40,39,1
20,Male,White,Never-married,3,215443,Some-college,State-gov,Craft-repair,0,0,38,39,0
40,Male,White,Married-civ-spouse,0,193882,HS-grad,Private,Exec-managerial,0,0,45,39,1
49,Male,White,Married-civ-spouse,0,261688,HS-grad,Private,Craft-repair,5013,0,60,39,0
23,Male,White,Never-married,3,112819,HS-grad,Private,Machine-op-inspct,0,0,40,39,0
43,Male,White,Married-civ-spouse,0,26915,Assoc-voc,Private,Exec-managerial,0,0,45,39,1
39,Female,White,Never-married,4,319248,10th,Private,Other-service,0,0,25,26,0
23,Male,White,Never-married,1,133582,1st-4th,Private,Farming-fishing,0,0,36,26,0
74,Male,White,Married-civ-spouse,0,167537,Some-college,Self-emp-inc,Exec-managerial,0,0,35,39,1
19,Male,White,Never-married,3,261422,Some-college,State-gov,Prof-specialty,0,0,40,39,0
38,Male,Black,Divorced,1,287658,Masters,Local-gov,Prof-specialty,0,0,40,23,0
20,Female,White,Never-married,3,125165,Some-college,State-gov,Adm-clerical,0,0,25,39,0
28,Male,White,Married-civ-spouse,0,288731,Bachelors,State-gov,Prof-specialty,0,0,20,39,0
38,Female,White,Divorced,4,103474,Assoc-voc,Private,Adm-clerical,0,0,40,39,0
25,Female,White,Never-married,1,186294,HS-grad,Private,Adm-clerical,0,0,50,39,0
40,Male,White,Married-civ-spouse,0,37869,HS-grad,Self-emp-inc,Exec-managerial,0,0,50,39,0
30,Male,White,Married-civ-spouse,0,54608,Bachelors,Private,Adm-clerical,0,0,40,39,0
45,Female,Asian-Pac-Islander,Widowed,2,281565,HS-grad,Private,Other-service,0,0,50,35,0
48,Male,White,Married-civ-spouse,0,184513,Bachelors,Other,Other,0,0,80,39,1
21,Male,White,Married-civ-spouse,0,216672,HS-grad,Private,Craft-repair,0,0,40,39,0
23,Male,Black,Never-married,4,111450,12th,Private,Other-service,0,0,38,39,0
21,Male,White,Never-married,1,322674,Some-college,Private,Other-service,0,0,32,39,0
44,Male,White,Married-civ-spouse,0,145441,Bachelors,Private,Exec-managerial,7298,0,48,39,1
66,Male,Black,Married-civ-spouse,0,174486,Doctorate,Local-gov,Prof-specialty,20051,0,35,23,1
18,Male,White,Never-married,2,208103,11th,Private,Other-service,0,0,25,39,0
44,Male,Asian-Pac-Islander,Married-civ-spouse,0,116358,Bachelors,Private,Sales,0,0,40,39,1
37,Male,White,Married-civ-spouse,0,180342,Bachelors,Local-gov,Other-service,0,0,40,39,1
55,Male,White,Married-civ-spouse,0,147989,Some-college,Private,Craft-repair,5013,0,52,39,0
51,Male,White,Married-civ-spouse,0,74275,HS-grad,Private,Machine-op-inspct,0,0,40,39,0
26,Male,White,Never-married,1,273399,Some-college,Local-gov,Protective-serv,0,0,40,29,0
37,Male,White,Married-civ-spouse,0,210945,HS-grad,Private,Handlers-cleaners,0,0,24,39,0
38,Female,White,Divorced,4,32897,11th,Private,Sales,0,0,40,39,0
39,Male,White,Married-civ-spouse,0,52870,HS-grad,Self-emp-not-inc,Craft-repair,0,0,40,39,1
65,Male,White,Married-civ-spouse,0,88513,HS-grad,Private,Sales,0,0,18,39,0
18,Male,White,Never-married,3,577521,11th,Private,Sales,0,0,13,39,0
48,Female,White,Divorced,1,108557,Some-college,Self-emp-not-inc,Sales,3325,0,60,39,0
62,Male,White,Married-civ-spouse,0,153891,Bachelors,Private,Exec-managerial,0,0,50,39,1
49,Male,Black,Married-civ-spouse,0,274720,HS-grad,Private,Craft-repair,0,0,40,39,0
30,Male,White,Married-civ-spouse,0,38848,HS-grad,Private,Transport-moving,0,0,40,39,0
50,Female,Black,Divorced,1,157043,11th,Private,Other-service,0,0,40,39,0
21,Female,White,Never-married,1,178255,Some-college,Private,Adm-clerical,0,0,30,4,0
28,Male,White,Divorced,1,389713,HS-grad,Private,Protective-serv,0,0,40,39,0
42,Female,White,Separated,4,150568,HS-grad,Private,Sales,0,0,45,39,0
43,Male,White,Married-civ-spouse,0,180985,Some-college,Private,Transport-moving,0,0,60,39,1
38,Male,White,Married-civ-spouse,0,115634,Some-college,Local-gov,Exec-managerial,0,0,40,39,0
31,Male,White,Married-civ-spouse,0,166626,HS-grad,Federal-gov,Adm-clerical,0,0,40,39,1
25,Male,White,Never-married,1,182227,Some-college,Private,Adm-clerical,0,0,30,39,0
34,Male,White,Married-civ-spouse,0,90705,Some-college,Private,Tech-support,0,1485,40,39,0
40,Male,Asian-Pac-Islander,Married-civ-spouse,0,72887,Assoc-voc,Private,Machine-op-inspct,0,0,40,39,1
22,Female,White,Never-married,3,113175,Some-college,Other,Other,0,0,20,39,0
54,Male,White,Married-civ-spouse,0,124993,HS-grad,Other,Other,0,0,40,39,1
36,Male,White,Married-civ-spouse,0,183735,Masters,State-gov,Prof-specialty,0,0,40,39,1
51,Male,White,Married-civ-spouse,0,259363,Some-college,Private,Exec-managerial,0,0,60,39,1
31,Female,White,Divorced,3,185528,Some-college,Private,Sales,0,0,35,39,0
67,Female,White,Widowed,1,160456,11th,Private,Other-service,0,0,40,39,0
21,Female,White,Never-married,4,195532,HS-grad,Private,Adm-clerical,0,0,40,39,0
24,Male,White,Married-civ-spouse,3,256240,7th-8th,Other,Other,0,0,60,39,0
25,Female,White,Never-married,4,174545,HS-grad,Private,Adm-clerical,0,0,46,39,0
36,Female,White,Divorced,1,94954,HS-grad,Private,Transport-moving,0,0,40,39,0
37,Male,Asian-Pac-Islander,Married-civ-spouse,0,73199,Bachelors,Self-emp-not-inc,Sales,3137,0,77,40,0
27,Male,White,Never-married,1,155057,HS-grad,Private,Transport-moving,0,0,70,39,0
44,Male,Asian-Pac-Islander,Divorced,4,73199,Assoc-voc,Local-gov,Tech-support,0,0,40,39,0
54,Male,White,Married-civ-spouse,0,172175,Some-college,Self-emp-inc,Transport-moving,0,0,40,39,1
33,Male,White,Separated,1,319854,Bachelors,Private,Prof-specialty,4650,0,35,39,0
43,Male,White,Married-civ-spouse,0,180609,Bachelors,Private,Transport-moving,0,0,45,39,0
34,Female,Black,Never-married,4,224358,10th,Private,Other-service,0,0,40,39,0
47,Female,Asian-Pac-Islander,Divorced,4,72333,HS-grad,State-gov,Adm-clerical,0,0,40,39,0
19,Male,White,Never-married,3,414871,HS-grad,Private,Craft-repair,0,0,40,39,0
56,Male,White,Married-civ-spouse,0,213105,HS-grad,Private,Sales,0,0,36,39,1
56,Male,White,Married-civ-spouse,0,247337,Bachelors,Private,Prof-specialty,0,0,50,39,1
67,Male,White,Widowed,1,148690,Masters,Self-emp-not-inc,Prof-specialty,18481,0,2,39,1
55,Male,White,Married-civ-spouse,0,159028,HS-grad,Local-gov,Transport-moving,0,0,40,39,0
25,Female,White,Never-married,1,123083,Bachelors,Private,Prof-specialty,0,0,40,39,0
45,Male,White,Married-civ-spouse,0,213140,10th,Private,Craft-repair,2829,0,40,39,0
32,Male,White,Married-civ-spouse,0,419691,12th,Private,Sales,0,0,40,39,1
37,Male,White,Never-married,3,410919,HS-grad,Self-emp-not-inc,Craft-repair,0,0,35,39,0
42,Male,White,Married-civ-spouse,0,174216,Prof-school,Self-emp-not-inc,Prof-specialty,0,0,38,39,1
47,Female,White,Divorced,4,145886,Some-college,Private,Other-service,0,0,40,39,0
32,Female,White,Divorced,4,213389,Some-college,State-gov,Protective-serv,0,1726,38,39,0
25,Female,White,Never-married,3,255849,HS-grad,Private,Adm-clerical,0,0,40,39,0
34,Male,White,Never-married,3,113543,Masters,Private,Exec-managerial,0,0,40,39,0
24,Male,White,Married-civ-spouse,0,197731,HS-grad,State-gov,Transport-moving,0,0,49,39,1
25,Male,White,Never-married,1,383306,Bachelors,Private,Sales,0,0,40,39,0
25,Female,White,Married-civ-spouse,2,211231,HS-grad,Private,Tech-support,0,0,48,39,1
45,Male,White,Married-civ-spouse,0,117409,Some-college,Private,Exec-managerial,0,0,40,39,1
51,Female,White,Never-married,3,203435,HS-grad,Private,Handlers-cleaners,0,0,40,39,0
35,Male,White,Married-civ-spouse,0,209609,HS-grad,Private,Transport-moving,0,0,60,39,0
31,Female,White,Married-civ-spouse,5,185480,HS-grad,Private,Adm-clerical,0,0,40,0,1
22,Male,White,Never-married,3,27937,Some-college,Other,Other,0,0,36,39,0
66,Female,White,Widowed,1,66008,HS-grad,Private,Priv-house-serv,0,0,50,9,0
57,Male,White,Married-civ-spouse,0,258883,HS-grad,Self-emp-inc,Transport-moving,5178,0,60,18,1
48,Male,White,Divorced,4,373606,Some-college,Self-emp-not-inc,Sales,0,0,65,39,1
44,Male,White,Never-married,3,203761,Bachelors,Private,Prof-specialty,10520,0,40,39,1
39,Male,White,Married-civ-spouse,0,291665,HS-grad,Private,Adm-clerical,4508,0,24,39,0
46,Male,White,Married-civ-spouse,0,54190,HS-grad,Private,Craft-repair,0,0,60,39,0
37,Male,White,Never-married,1,37238,Bachelors,Private,Exec-managerial,0,0,45,39,0
64,Female,White,Married-civ-spouse,5,338355,Assoc-voc,Other,Other,0,0,15,39,0
32,Male,White,Married-civ-spouse,0,108116,Bachelors,Private,Exec-managerial,0,1902,60,39,1
34,Male,White,Married-civ-spouse,0,31740,7th-8th,Private,Transport-moving,0,0,40,39,0
34,Male,White,Never-married,1,174789,Bachelors,Private,Other-service,0,2001,40,39,0
28,Male,Black,Married-civ-spouse,0,216814,HS-grad,Private,Transport-moving,0,0,40,39,0
60,Male,White,Married-civ-spouse,0,106118,HS-grad,Self-emp-not-inc,Sales,0,0,70,39,1
31,Male,White,Married-civ-spouse,0,34572,Bachelors,Private,Sales,0,0,55,39,0
41,Male,White,Married-civ-spouse,0,174395,Doctorate,Self-emp-not-inc,Prof-specialty,15024,0,55,39,1
62,Male,White,Married-civ-spouse,0,226733,HS-grad,Private,Adm-clerical,0,0,40,39,1
40,Male,White,Married-civ-spouse,0,96129,HS-grad,Private,Sales,0,0,72,39,1
46,Male,White,Married-civ-spouse,0,272780,Some-college,Local-gov,Prof-specialty,0,0,24,39,0
27,Male,White,Married-civ-spouse,0,104329,11th,Private,Sales,0,0,40,39,0
31,Female,Asian-Pac-Islander,Married-civ-spouse,5,162551,12th,Self-emp-not-inc,Sales,0,0,50,0,0
25,Male,White,Never-married,1,224361,HS-grad,Private,Other-service,0,0,40,39,0
50,Male,White,Never-married,4,139296,11th,Local-gov,Craft-repair,0,0,40,39,0
21,Female,White,Never-married,4,54472,HS-grad,Private,Other-service,0,0,40,39,0
55,Male,White,Married-civ-spouse,0,234125,HS-grad,Private,Other-service,0,0,40,39,0
36,Male,White,Married-civ-spouse,0,186212,Assoc-acdm,Private,Craft-repair,0,0,50,39,0
60,Female,White,Widowed,1,178792,HS-grad,Private,Handlers-cleaners,0,0,40,39,0
24,Male,White,Never-married,3,190015,HS-grad,Private,Sales,0,0,40,39,0
52,Male,White,Married-civ-spouse,0,236497,Bachelors,Private,Exec-managerial,0,0,48,39,1
38,Male,White,Married-civ-spouse,0,338320,Prof-school,Federal-gov,Prof-specialty,0,1977,50,39,1
31,Male,White,Never-married,3,198069,HS-grad,Private,Other-service,0,0,24,39,0
32,Male,White,Divorced,3,107793,HS-grad,Private,Other-service,2174,0,40,39,0
66,Male,White,Married-civ-spouse,0,151227,Bachelors,Private,Other-service,0,0,40,39,1
33,Male,White,Married-civ-spouse,0,55176,7th-8th,Private,Craft-repair,0,0,40,39,0
49,Male,White,Married-civ-spouse,0,121602,Bachelors,Private,Exec-managerial,0,0,40,39,0
50,Female,Other,Separated,3,171852,Bachelors,Private,Prof-specialty,0,0,40,39,0
20,Female,White,Never-married,3,29810,Some-college,Other,Other,0,0,40,39,0
36,Male,White,Married-civ-spouse,0,176050,Some-college,Private,Machine-op-inspct,0,0,40,39,0
38,Male,White,Married-civ-spouse,0,156550,HS-grad,Private,Craft-repair,0,0,60,39,0
30,Female,White,Divorced,4,31985,Some-college,Private,Exec-managerial,0,0,40,39,0
45,Male,White,Married-civ-spouse,0,195949,HS-grad,Private,Craft-repair,0,0,40,39,0
45,Male,Black,Married-civ-spouse,0,154308,Masters,Private,Exec-managerial,0,0,40,39,1
41,Male,White,Married-civ-spouse,0,150533,Prof-school,Self-emp-not-inc,Prof-specialty,0,0,50,39,1
30,Male,White,Never-married,1,56121,HS-grad,Private,Craft-repair,0,0,40,39,0
46,Male,Black,Divorced,1,174224,Assoc-voc,Private,Protective-serv,0,0,40,39,0
45,Female,White,Divorced,4,145637,Some-college,Private,Adm-clerical,0,0,48,39,0
29,Male,Other,Never-married,2,153805,HS-grad,Private,Machine-op-inspct,0,0,40,7,0
35,Male,White,Married-civ-spouse,0,150057,Some-college,Private,Exec-managerial,0,0,40,39,1
69,Male,White,Never-married,1,320280,Some-college,Other,Other,1848,0,1,39,0
28,Female,White,Never-married,1,355259,Masters,Private,Prof-specialty,0,0,40,39,1
17,Female,White,Never-married,3,166242,10th,Private,Other-service,0,0,15,39,0
41,Male,White,Married-civ-spouse,0,320984,Prof-school,Private,Prof-specialty,99999,0,65,39,1
29,Female,White,Married-civ-spouse,5,189765,5th-6th,Other,Other,0,0,40,39,0
26,Female,White,Never-married,3,134287,Assoc-voc,Private,Sales,0,0,35,39,0
24,Male,White,Never-married,4,145964,Bachelors,Private,Exec-managerial,0,0,40,39,1
31,Female,White,Divorced,1,367314,HS-grad,Private,Adm-clerical,0,0,40,39,0
62,Male,White,Married-civ-spouse,0,337721,HS-grad,Other,Other,0,0,8,39,0
52,Male,White,Married-civ-spouse,0,181677,10th,Private,Transport-moving,0,0,30,39,1
34,Male,Asian-Pac-Islander,Married-civ-spouse,0,100079,Bachelors,Self-emp-not-inc,Sales,0,0,55,19,0
60,Male,White,Married-civ-spouse,0,174073,HS-grad,Other,Other,0,0,40,39,0
29,Male,White,Separated,3,266855,Bachelors,Self-emp-not-inc,Prof-specialty,0,0,40,39,0
90,Female,White,Married-civ-spouse,5,206667,Masters,Private,Prof-specialty,0,0,40,39,1
34,Male,White,Married-civ-spouse,0,119153,11th,Private,Transport-moving,0,0,50,39,0
22,Female,White,Never-married,1,61499,HS-grad,Other,Other,0,0,40,39,0
24,Male,White,Never-married,4,222853,Some-college,Private,Craft-repair,0,0,50,39,0
42,Male,White,Married-civ-spouse,0,225193,HS-grad,Private,Craft-repair,0,0,40,39,0
26,Male,White,Never-married,1,190469,Bachelors,Private,Tech-support,0,0,40,39,0
19,Female,White,Never-married,2,333953,12th,Private,Other-service,0,0,30,39,0
23,Male,White,Never-married,3,181820,Some-college,Private,Handlers-cleaners,0,0,20,39,0
45,Female,White,Never-married,3,32896,5th-6th,Private,Machine-op-inspct,0,0,35,39,0
36,Female,White,Never-married,1,90897,Assoc-acdm,Private,Tech-support,0,0,40,39,0
50,Male,White,Married-civ-spouse,0,343847,HS-grad,Private,Protective-serv,0,0,38,39,1
29,Male,White,Never-married,3,112754,Some-college,Private,Craft-repair,0,0,40,39,0
38,Male,White,Married-civ-spouse,0,358682,Some-college,Private,Handlers-cleaners,0,0,40,39,0
30,Female,Asian-Pac-Islander,Married-civ-spouse,5,165235,Bachelors,Private,Adm-clerical,0,0,40,30,1
50,Male,White,Divorced,1,200783,7th-8th,Private,Craft-repair,0,0,60,39,0
46,Female,White,Divorced,1,166546,Some-college,Private,Adm-clerical,0,0,24,39,0
29,Male,White,Married-civ-spouse,0,105422,HS-grad,Private,Prof-specialty,0,0,40,39,1
68,Male,White,Married-civ-spouse,0,218637,Some-college,Private,Sales,0,2377,55,39,1
42,Male,White,Separated,1,350387,HS-grad,Private,Machine-op-inspct,0,0,15,39,0
62,Male,White,Married-civ-spouse,0,210142,Assoc-voc,Private,Exec-managerial,0,0,50,39,1
39,Female,White,Divorced,4,178100,Masters,Local-gov,Prof-specialty,0,0,40,39,0
68,Male,White,Married-spouse-absent,1,45508,5th-6th,Private,Sales,0,0,22,39,0
44,Male,White,Divorced,1,31251,7th-8th,Local-gov,Handlers-cleaners,0,0,40,39,0
26,Male,White,Never-married,1,36201,Bachelors,Private,Sales,0,0,50,39,0
41,Male,White,Married-civ-spouse,0,168730,Some-college,Private,Sales,0,0,50,39,1
26,Female,White,Never-married,1,158734,Masters,Private,Exec-managerial,0,0,30,39,0
31,Male,White,Married-civ-spouse,0,59496,Some-college,Private,Adm-clerical,0,0,50,39,0
69,Female,White,Divorced,1,125437,HS-grad,Private,Other-service,0,0,32,39,0
24,Male,White,Never-married,1,379066,Some-college,Private,Adm-clerical,0,2205,24,39,0
24,Male,White,Divorced,1,100321,Some-college,Private,Craft-repair,0,0,48,39,0
51,Male,White,Never-married,1,313702,HS-grad,Self-emp-not-inc,Sales,0,0,40,39,0
19,Male,White,Never-married,3,389143,Some-college,Private,Sales,0,0,40,39,0
50,Female,White,Divorced,1,225772,Doctorate,Self-emp-not-inc,Prof-specialty,0,0,60,39,1
43,Female,White,Never-married,1,194773,Some-college,Private,Other-service,0,0,40,39,0
59,Male,White,Married-civ-spouse,0,159008,Some-college,Private,Protective-serv,0,0,56,39,0
45,Male,White,Married-civ-spouse,0,67716,Some-college,Self-emp-not-inc,Exec-managerial,0,0,60,39,0
23,Female,White,Never-married,3,218343,Assoc-acdm,Private,Sales,0,0,40,39,0
32,Male,White,Married-civ-spouse,0,185027,Some-college,Private,Sales,0,0,40,39,1
44,Female,White,Married-civ-spouse,5,174675,HS-grad,State-gov,Prof-specialty,0,0,40,39,1
21,Female,White,Never-married,2,225890,Some-college,Private,Other-service,0,0,30,39,0
90,Male,White,Widowed,4,90523,HS-grad,Private,Transport-moving,0,0,99,39,0
28,Male,Asian-Pac-Islander,Married-civ-spouse,0,73211,Some-college,State-gov,Adm-clerical,0,0,20,39,0
59,Male,Asian-Pac-Islander,Married-spouse-absent,1,138370,10th,Private,Protective-serv,0,0,40,19,0
21,Female,White,Never-married,3,79728,Some-college,Other,Other,0,0,40,39,0
64,Male,White,Married-civ-spouse,0,260082,12th,Private,Craft-repair,0,0,40,4,0
39,Male,White,Never-married,1,225504,Masters,Private,Prof-specialty,0,0,40,39,0
39,Male,White,Separated,3,363418,Bachelors,Self-emp-not-inc,Craft-repair,0,0,35,39,0
52,Male,White,Married-civ-spouse,0,175339,Bachelors,Local-gov,Protective-serv,0,0,40,39,1
20,Female,White,Never-married,1,122244,HS-grad,Other,Other,0,0,28,39,0
63,Male,Black,Married-civ-spouse,0,124242,HS-grad,Private,Adm-clerical,0,0,40,39,0
31,Male,White,Married-civ-spouse,0,84130,Some-college,Private,Adm-clerical,0,0,50,39,1
39,Female,White,Divorced,4,75995,HS-grad,Private,Exec-managerial,0,0,45,39,0
49,Male,White,Married-civ-spouse,0,94754,Masters,Federal-gov,Adm-clerical,0,0,40,39,1
28,Male,White,Married-civ-spouse,0,134566,Bachelors,Private,Exec-managerial,0,0,45,39,0
60,Female,White,Widowed,1,174486,HS-grad,Private,Machine-op-inspct,0,0,40,39,0
47,Male,White,Separated,1,304857,Masters,Private,Tech-support,27828,0,40,39,1
50,Male,Black,Married-civ-spouse,0,370733,HS-grad,Local-gov,Adm-clerical,0,0,40,39,0
51,Male,White,Married-civ-spouse,0,138022,Masters,Private,Exec-managerial,0,0,60,39,1
24,Female,White,Never-married,3,509629,HS-grad,Private,Other-service,0,0,25,39,0
32,Female,White,Separated,1,192965,HS-grad,Private,Sales,0,0,45,39,0
51,Male,White,Married-civ-spouse,0,304955,Masters,Self-emp-inc,Exec-managerial,0,0,50,39,1
31,Male,White,Married-civ-spouse,0,253354,10th,Private,Sales,0,0,40,39,0
26,Female,White,Never-married,3,195734,HS-grad,Private,Adm-clerical,2354,0,40,39,0
27,Male,Black,Never-married,1,73587,HS-grad,Private,Handlers-cleaners,0,0,35,39,0
49,Male,White,Married-civ-spouse,0,349986,Bachelors,Self-emp-not-inc,Prof-specialty,0,0,60,39,1
76,Male,White,Never-married,1,117169,7th-8th,Self-emp-not-inc,Farming-fishing,0,0,30,39,0
31,Male,White,Married-civ-spouse,0,253354,Bachelors,Private,Prof-specialty,0,0,50,39,0
55,Male,White,Married-civ-spouse,0,305850,Prof-school,Federal-gov,Exec-managerial,15024,0,40,39,1
34,Male,White,Married-civ-spouse,0,97723,Prof-school,Local-gov,Prof-specialty,0,0,40,39,1
25,Female,White,Never-married,1,114838,Prof-school,Private,Prof-specialty,0,0,8,22,0
38,Male,White,Married-civ-spouse,0,282461,7th-8th,Self-emp-not-inc,Sales,0,0,35,39,1
46,Male,White,Married-civ-spouse,0,113806,12th,Private,Craft-repair,7298,0,40,0,1
48,Female,White,Married-civ-spouse,5,334409,Bachelors,Local-gov,Prof-specialty,0,0,50,39,1
35,Female,Black,Separated,4,243357,11th,Private,Other-service,0,0,40,39,0
33,Male,White,Married-civ-spouse,0,203784,Assoc-voc,Self-emp-not-inc,Farming-fishing,0,0,62,39,0
21,Male,White,Never-married,1,265116,Some-college,Self-emp-inc,Exec-managerial,0,0,40,39,0
41,Female,White,Divorced,4,184846,Some-college,Private,Adm-clerical,0,0,40,39,0
22,Male,White,Never-married,1,146540,11th,Private,Craft-repair,0,0,50,39,0
19,Female,White,Never-married,3,95078,HS-grad,Private,Adm-clerical,0,0,15,39,0
17,Male,White,Never-married,3,368700,11th,Private,Sales,0,0,28,39,0
34,Male,Asian-Pac-Islander,Never-married,3,160261,HS-grad,Private,Tech-support,14084,0,35,3,1
67,Male,White,Married-civ-spouse,0,179285,Bachelors,Self-emp-not-inc,Sales,0,0,30,39,0
17,Male,White,Never-married,3,276718,HS-grad,Private,Adm-clerical,0,0,20,39,0
49,Male,White,Married-civ-spouse,0,101722,Prof-school,Self-emp-inc,Prof-specialty,0,0,60,39,1
40,Male,White,Married-civ-spouse,0,180985,Masters,Private,Exec-managerial,0,0,50,39,1
33,Male,White,Married-civ-spouse,0,201988,Masters,Private,Prof-specialty,0,0,45,39,0
32,Male,White,Married-civ-spouse,0,195000,Bachelors,Private,Exec-managerial,7298,0,45,39,1
33,Male,White,Married-civ-spouse,0,41610,Bachelors,Private,Prof-specialty,0,0,40,39,0
18,Female,White,Never-married,3,188076,11th,Private,Other-service,0,0,20,39,0
43,Female,White,Divorced,3,216042,Some-college,Private,Tech-support,0,1617,72,39,0
68,Male,White,Married-civ-spouse,0,257269,Bachelors,Other,Other,0,2377,35,39,1
37,Male,White,Married-civ-spouse,0,359001,Assoc-voc,Private,Transport-moving,15024,0,50,39,1
18,Male,White,Never-married,3,170544,11th,Private,Sales,0,0,20,39,0
55,Female,White,Widowed,1,276229,HS-grad,Private,Sales,0,0,38,39,0
19,Female,White,Never-married,1,198668,7th-8th,Private,Other-service,0,0,40,39,0
20,Female,White,Never-married,3,211345,Some-college,Private,Handlers-cleaners,0,0,20,39,0
28,Male,White,Married-civ-spouse,0,148429,HS-grad,Private,Machine-op-inspct,0,0,40,39,0
44,Male,White,Married-civ-spouse,0,155930,Masters,Private,Prof-specialty,7688,0,55,39,1
34,Male,White,Married-civ-spouse,0,212781,Bachelors,Private,Exec-managerial,0,0,40,39,1
27,Male,White,Married-civ-spouse,0,411950,Some-college,Self-emp-not-inc,Other-service,0,0,40,39,0
47,Male,White,Married-civ-spouse,0,70754,HS-grad,Private,Craft-repair,0,0,40,39,0
20,Female,Black,Never-married,1,230955,12th,Other,Other,0,0,35,39,0
40,Female,White,Divorced,4,456110,11th,State-gov,Transport-moving,0,0,52,39,0
29,Male,White,Divorced,4,160279,HS-grad,Private,Machine-op-inspct,0,0,40,39,0
17,Male,White,Never-married,1,176467,9th,Private,Transport-moving,0,0,20,39,0
53,Male,White,Married-civ-spouse,0,321865,Masters,Private,Exec-managerial,0,0,40,39,1
24,Male,White,Never-married,3,204209,Some-college,Self-emp-not-inc,Farming-fishing,0,0,60,39,0
57,Female,White,Divorced,1,142714,Some-college,Private,Other-service,0,0,38,39,0
59,Female,White,Married-civ-spouse,5,81107,Some-college,Self-emp-not-inc,Sales,0,0,80,39,1
30,Male,Asian-Pac-Islander,Married-civ-spouse,3,72887,HS-grad,Private,Craft-repair,3411,0,40,39,0
30,Female,White,Separated,4,179446,HS-grad,Private,Adm-clerical,0,0,40,39,0
23,Male,White,Never-married,1,60331,Some-college,Private,Transport-moving,0,0,60,39,0
55,Female,White,Separated,1,170169,HS-grad,Private,Adm-clerical,0,0,40,39,0
24,Female,White,Married-civ-spouse,5,127185,Assoc-acdm,Federal-gov,Exec-managerial,0,0,40,39,0
18,Female,White,Never-married,3,236090,HS-grad,Other,Other,0,0,40,39,0
35,Female,White,Divorced,4,96824,Some-college,Private,Other-service,0,0,40,39,0
26,Male,White,Never-married,1,152457,HS-grad,State-gov,Protective-serv,0,0,40,39,0
90,Male,White,Widowed,1,39824,HS-grad,Other,Other,401,0,4,39,0
19,Male,White,Never-married,4,241616,HS-grad,Other,Other,0,2001,40,39,0
43,Male,White,Married-civ-spouse,0,33331,Masters,Local-gov,Exec-managerial,0,0,40,39,1
22,Female,White,Never-married,1,51362,Bachelors,Private,Sales,0,0,16,39,0
43,Male,White,Married-civ-spouse,0,76487,11th,Private,Craft-repair,0,0,40,39,0
34,Female,White,Married-civ-spouse,0,175878,HS-grad,Private,Sales,0,0,40,39,0
27,Female,White,Never-married,3,289147,Bachelors,Private,Prof-specialty,0,0,40,39,0
58,Male,White,Married-civ-spouse,0,222311,HS-grad,Self-emp-not-inc,Other-service,7688,0,55,39,1
35,Female,Black,Never-married,3,194828,Some-college,State-gov,Prof-specialty,0,0,40,39,0
36,Female,Black,Separated,4,218542,HS-grad,Private,Adm-clerical,0,0,40,39,0
49,Female,White,Married-civ-spouse,5,101320,Assoc-acdm,Private,Sales,0,1902,40,39,1
30,Male,White,Never-married,1,447739,Doctorate,Private,Prof-specialty,0,0,60,39,0
35,Male,White,Married-civ-spouse,0,29874,Some-college,Private,Handlers-cleaners,0,0,40,39,0
40,Male,White,Married-civ-spouse,0,199599,10th,Private,Exec-managerial,0,0,40,39,1
34,Male,White,Married-civ-spouse,0,223212,Bachelors,Private,Prof-specialty,0,1848,40,29,1
22,Male,White,Never-married,3,362623,HS-grad,Private,Handlers-cleaners,0,0,40,39,0
38,Female,White,Married-civ-spouse,5,219137,HS-grad,Private,Adm-clerical,0,0,22,39,0
44,Male,White,Divorced,1,182629,Masters,Private,Sales,0,0,24,20,0
59,Male,White,Married-civ-spouse,0,178660,Assoc-acdm,Federal-gov,Adm-clerical,0,0,40,39,0
20,Male,White,Never-married,3,280714,Some-college,Private,Other-service,0,0,40,39,0
22,Female,White,Never-married,3,89991,Some-college,Private,Other-service,0,0,11,39,0
26,Female,White,Never-married,4,73312,11th,Private,Machine-op-inspct,0,0,15,39,0
46,Male,White,Divorced,1,245724,Some-college,Self-emp-not-inc,Exec-managerial,0,0,50,39,0
23,Male,White,Never-married,1,27776,Assoc-voc,Private,Machine-op-inspct,0,0,40,39,0
29,Male,White,Married-civ-spouse,0,124953,Assoc-voc,Federal-gov,Tech-support,0,0,42,39,1
43,Male,White,Never-married,4,159449,HS-grad,State-gov,Craft-repair,0,0,40,39,0
31,Female,White,Never-married,1,191001,HS-grad,Private,Sales,0,0,40,39,0
42,Male,White,Married-civ-spouse,0,273230,Bachelors,Private,Prof-specialty,0,0,90,39,0
58,Male,White,Married-civ-spouse,0,145574,11th,Private,Craft-repair,0,0,40,39,0
27,Female,Amer-Indian-Eskimo,Never-married,1,221252,HS-grad,Private,Adm-clerical,0,0,8,39,0
58,Male,White,Married-civ-spouse,0,205410,HS-grad,Private,Craft-repair,0,0,40,39,0
26,Female,White,Never-married,1,58065,Bachelors,Private,Adm-clerical,0,0,20,39,0
46,Female,White,Married-civ-spouse,5,224108,HS-grad,Self-emp-not-inc,Exec-managerial,0,0,50,39,0
55,Female,Black,Divorced,4,201112,HS-grad,Private,Prof-specialty,0,0,40,39,0
44,Male,White,Divorced,1,409505,Bachelors,Local-gov,Protective-serv,0,0,40,39,0
21,Female,White,Never-married,3,301199,Some-college,Private,Machine-op-inspct,0,0,40,39,0
48,Female,White,Separated,1,93476,HS-grad,Private,Adm-clerical,0,2001,40,39,0
26,Male,White,Married-civ-spouse,0,150062,HS-grad,Private,Sales,0,0,50,39,0
34,Male,White,Separated,1,112820,HS-grad,Private,Handlers-cleaners,2463,0,40,39,0
30,Male,White,Married-civ-spouse,0,248584,Some-college,Private,Craft-repair,0,0,40,39,0
28,Male,White,Married-civ-spouse,0,138692,Bachelors,Private,Exec-managerial,0,0,40,39,1
58,Female,White,Widowed,1,274917,Masters,Self-emp-not-inc,Other-service,0,0,15,39,0
80,Male,White,Married-civ-spouse,0,91901,HS-grad,Other,Other,0,0,25,39,0
21,Male,White,Never-married,3,334113,HS-grad,Private,Machine-op-inspct,0,0,40,39,0
51,Male,White,Married-civ-spouse,0,200618,Bachelors,Private,Prof-specialty,0,0,40,39,0
28,Male,White,Married-civ-spouse,0,274964,HS-grad,Private,Craft-repair,0,0,38,39,0
41,Male,White,Never-married,4,139907,10th,Private,Handlers-cleaners,0,0,50,39,0
51,Male,White,Married-civ-spouse,0,120173,Assoc-voc,Private,Craft-repair,3103,0,50,39,1
31,Female,White,Divorced,4,122609,HS-grad,Private,Adm-clerical,0,0,40,39,0
29,Male,White,Married-civ-spouse,2,241895,HS-grad,Private,Transport-moving,0,0,40,39,0
35,Male,White,Separated,1,186934,Masters,Private,Prof-specialty,0,0,40,39,1
63,Male,White,Married-civ-spouse,0,43313,10th,Private,Craft-repair,0,0,40,39,0
46,Male,White,Married-civ-spouse,0,167159,Some-college,Local-gov,Protective-serv,0,0,70,39,1
44,Female,White,Married-civ-spouse,5,193425,Masters,Local-gov,Prof-specialty,4386,0,40,39,1
27,Female,White,Never-married,1,204788,HS-grad,Private,Adm-clerical,0,0,40,39,0
26,Male,White,Married-civ-spouse,0,193165,Some-college,Private,Transport-moving,0,0,52,39,1
18,Female,Black,Never-married,3,276540,12th,Private,Sales,0,0,15,39,0
20,Male,White,Never-married,3,275691,HS-grad,Private,Handlers-cleaners,0,0,28,39,0
30,Male,White,Married-civ-spouse,0,102130,Some-college,Local-gov,Craft-repair,0,0,40,39,0
46,Female,White,Divorced,4,247286,Some-college,Private,Sales,0,0,40,39,0
24,Female,White,Never-married,3,103277,Bachelors,Local-gov,Prof-specialty,0,0,50,39,0
25,Male,White,Never-married,3,410240,HS-grad,Private,Craft-repair,0,0,40,39,0
22,Male,White,Never-married,3,180052,Some-college,Private,Sales,0,0,20,39,0
40,Female,Asian-Pac-Islander,Married-civ-spouse,2,110622,Prof-school,Private,Adm-clerical,0,0,40,30,0
44,Male,White,Married-civ-spouse,0,104196,HS-grad,Self-emp-not-inc,Exec-managerial,0,0,84,39,0
30,Female,White,Never-married,1,66194,Bachelors,Private,Prof-specialty,0,0,60,28,0
28,Male,Black,Married-civ-spouse,0,149991,Bachelors,Local-gov,Protective-serv,0,0,42,39,1
64,Male,White,Married-civ-spouse,0,114650,9th,State-gov,Craft-repair,0,0,40,39,0
27,Male,White,Never-married,1,161155,10th,Private,Other-service,0,0,40,39,0
47,Female,White,Never-married,1,72880,Masters,Private,Prof-specialty,0,0,40,39,0
29,Female,White,Divorced,4,174645,11th,Private,Craft-repair,0,0,52,39,0
31,Male,White,Married-civ-spouse,0,110643,Bachelors,Private,Prof-specialty,0,0,40,39,1
35,Male,White,Married-civ-spouse,0,186934,Bachelors,Private,Sales,0,0,50,39,1
33,Female,White,Never-married,1,90668,HS-grad,Private,Adm-clerical,0,0,40,39,0
18,Male,White,Never-married,3,175648,11th,Other,Other,0,0,40,39,0
21,Female,White,Never-married,3,299153,Some-college,State-gov,Adm-clerical,0,0,15,39,0
73,Male,White,Never-married,1,132737,10th,Other,Other,0,0,4,39,0
45,Male,White,Divorced,1,246891,Masters,Self-emp-not-inc,Craft-repair,0,0,40,39,0
45,Male,White,Never-married,1,330535,HS-grad,Private,Adm-clerical,3325,0,40,39,0
47,Female,White,Never-married,1,159389,Assoc-acdm,Private,Adm-clerical,0,0,40,39,0
30,Male,White,Married-civ-spouse,0,312667,Some-college,Private,Craft-repair,0,0,40,39,0
24,Male,White,Never-married,1,34568,Assoc-voc,Private,Transport-moving,0,0,40,39,0
71,Male,White,Married-civ-spouse,0,38822,Masters,Self-emp-inc,Exec-managerial,99999,0,40,39,1
40,Male,White,Married-civ-spouse,0,137225,Masters,Private,Exec-managerial,0,0,40,39,1
76,Male,White,Widowed,1,431192,7th-8th,Other,Other,0,0,2,39,0
44,Female,White,Divorced,4,317320,Some-college,Private,Other-service,0,0,40,39,0
41,Male,White,Married-civ-spouse,0,159549,Bachelors,Private,Sales,0,0,40,39,0
36,Male,White,Divorced,1,140583,HS-grad,Private,Handlers-cleaners,0,0,40,39,0
34,Male,White,Married-civ-spouse,0,189843,HS-grad,State-gov,Adm-clerical,0,0,40,39,0
49,Male,White,Married-civ-spouse,0,115784,Some-college,Federal-gov,Craft-repair,0,0,40,39,0
31,Male,White,Married-civ-spouse,0,234537,Some-college,Self-emp-not-inc,Craft-repair,0,0,60,39,0
32,Male,White,Divorced,4,356689,HS-grad,Private,Adm-clerical,3887,0,40,39,0
31,Male,White,Never-married,1,286406,HS-grad,Private,Exec-managerial,3325,0,40,39,0
54,Male,White,Married-civ-spouse,0,183611,Some-college,Private,Sales,3137,0,50,39,0
38,Male,White,Married-civ-spouse,0,91857,Some-college,Private,Craft-repair,0,0,41,39,0
46,Male,White,Married-civ-spouse,0,324655,Masters,Private,Tech-support,0,1902,40,0,1
23,Male,White,Married-civ-spouse,0,39182,HS-grad,Private,Sales,0,0,40,39,0
33,Male,White,Married-civ-spouse,0,80145,HS-grad,Private,Transport-moving,0,0,60,39,0
45,Male,White,Married-civ-spouse,0,178319,Doctorate,Private,Prof-specialty,0,0,56,39,1
26,Male,White,Never-married,4,53833,HS-grad,Private,Other-service,0,0,40,39,0
26,Female,White,Separated,4,94392,11th,Private,Other-service,0,0,20,39,0
51,Male,White,Married-civ-spouse,0,256963,Some-college,Self-emp-not-inc,Sales,0,0,60,39,0
41,Male,White,Married-civ-spouse,0,180096,Bachelors,Local-gov,Prof-specialty,0,0,35,39,0
42,Male,White,Married-civ-spouse,0,443508,Doctorate,Self-emp-inc,Prof-specialty,0,0,45,39,1
22,Male,White,Never-married,3,249727,Some-college,Private,Adm-clerical,0,0,30,39,0
39,Male,White,Married-civ-spouse,0,165848,HS-grad,Private,Sales,0,0,50,39,0
24,Male,White,Never-married,3,117583,Bachelors,Private,Exec-managerial,0,0,48,39,0
32,Male,White,Married-civ-spouse,3,604506,HS-grad,Private,Transport-moving,0,0,72,26,0
32,Female,White,Divorced,1,462255,Bachelors,Private,Exec-managerial,0,0,40,39,0
36,Male,White,Married-civ-spouse,0,280169,Some-college,Self-emp-not-inc,Farming-fishing,3456,0,8,39,0
62,Male,White,Married-civ-spouse,0,88055,Some-college,Private,Adm-clerical,0,0,60,39,1
29,Male,White,Never-married,3,124953,Bachelors,Private,Prof-specialty,0,0,50,39,0
23,Female,White,Never-married,3,218415,Some-college,Other,Other,0,0,10,39,0
22,Male,White,Never-married,3,153131,Some-college,Other,Other,0,0,40,39,0
24,Female,White,Never-married,2,228772,5th-6th,Private,Machine-op-inspct,0,0,40,26,0
27,Female,Black,Never-married,1,189775,HS-grad,Private,Adm-clerical,0,0,40,39,0
37,Female,White,Divorced,1,57424,Bachelors,Self-emp-inc,Sales,0,0,60,39,0
43,Male,White,Married-civ-spouse,0,602513,Masters,Self-emp-inc,Exec-managerial,0,0,50,39,1
41,Female,Black,Separated,1,186601,HS-grad,Federal-gov,Exec-managerial,0,0,40,39,0
65,Male,White,Married-civ-spouse,0,160654,HS-grad,Other,Other,0,0,20,39,0
44,Male,White,Married-civ-spouse,0,277488,Some-college,Private,Machine-op-inspct,3103,0,40,39,1
33,Male,White,Married-civ-spouse,0,119913,Assoc-voc,Private,Prof-specialty,0,0,40,39,1
39,Female,Other,Married-civ-spouse,2,221059,Masters,State-gov,Prof-specialty,7688,0,38,39,1
32,Female,White,Separated,4,205581,Some-college,Private,Tech-support,0,0,50,39,0
32,Male,White,Married-civ-spouse,0,339773,Some-college,Private,Exec-managerial,0,0,40,39,1
53,Male,White,Married-civ-spouse,0,143822,Masters,State-gov,Prof-specialty,0,0,36,39,1
72,Female,White,Divorced,1,39110,11th,Federal-gov,Adm-clerical,0,0,8,2,0
36,Female,White,Divorced,4,95462,Bachelors,Local-gov,Prof-specialty,0,0,40,39,0
45,Male,White,Divorced,1,100651,HS-grad,Private,Other-service,0,1980,40,39,0
51,Female,White,Divorced,1,203334,Doctorate,Local-gov,Exec-managerial,0,0,45,39,1
66,Male,White,Married-civ-spouse,0,127139,Bachelors,Private,Prof-specialty,0,0,40,39,1
23,Female,White,Never-married,1,184665,HS-grad,Private,Adm-clerical,0,0,50,39,0
36,Male,White,Divorced,1,105138,HS-grad,Private,Transport-moving,0,0,50,39,0
20,Female,White,Never-married,1,344394,Some-college,Private,Other-service,0,0,30,39,0
20,Male,White,Never-married,3,48121,HS-grad,Private,Handlers-cleaners,0,0,40,39,0
38,Male,White,Married-civ-spouse,0,177305,Bachelors,Local-gov,Prof-specialty,0,0,38,39,0
53,Male,White,Widowed,4,99185,HS-grad,Private,Craft-repair,0,0,40,39,1
35,Male,White,Married-civ-spouse,0,177305,Some-college,Local-gov,Exec-managerial,0,2377,40,39,0
54,Male,White,Divorced,1,172281,Masters,Private,Tech-support,0,0,40,39,1
44,Female,Black,Married-spouse-absent,4,228124,HS-grad,Private,Adm-clerical,0,0,40,39,0
20,Male,White,Never-married,3,161092,Some-college,Private,Handlers-cleaners,0,0,40,39,0
53,Male,White,Married-civ-spouse,0,291755,Assoc-voc,Private,Craft-repair,0,0,40,39,0
33,Male,White,Married-civ-spouse,0,331615,Doctorate,Federal-gov,Prof-specialty,0,1848,40,39,1
28,Female,White,Never-married,1,211184,Some-college,Private,Sales,0,0,50,39,0
61,Female,White,Separated,1,227232,Bachelors,Self-emp-inc,Sales,0,0,30,39,0
46,Male,White,Married-civ-spouse,0,186172,Bachelors,Private,Prof-specialty,3103,0,40,39,1
41,Male,White,Divorced,1,33068,Masters,Local-gov,Prof-specialty,0,1974,40,39,0
64,Female,White,Married-civ-spouse,5,264544,Masters,State-gov,Prof-specialty,0,0,5,39,1
40,Male,White,Divorced,1,179717,Bachelors,Private,Sales,0,1564,60,39,1
28,Male,White,Never-married,3,115945,Doctorate,Private,Adm-clerical,0,0,18,39,0
40,Male,White,Married-civ-spouse,0,197344,Bachelors,Private,Exec-managerial,0,0,65,39,1
18,Female,White,Never-married,1,423052,HS-grad,Private,Machine-op-inspct,0,0,30,39,0
52,Male,White,Married-civ-spouse,0,173839,10th,Self-emp-not-inc,Exec-managerial,0,0,60,39,0
40,Female,White,Divorced,4,50644,Assoc-acdm,Self-emp-inc,Sales,1506,0,40,39,0
56,Female,White,Divorced,1,81954,HS-grad,State-gov,Adm-clerical,0,0,40,39,0
43,Male,White,Married-civ-spouse,0,75742,HS-grad,Private,Machine-op-inspct,0,0,40,39,0
63,Male,White,Married-civ-spouse,0,129845,7th-8th,Self-emp-not-inc,Craft-repair,0,0,40,39,0
25,Male,Other,Married-civ-spouse,0,374163,12th,Private,Farming-fishing,0,0,60,26,0
40,Female,White,Separated,4,260425,Assoc-acdm,Private,Tech-support,1471,0,32,39,0
42,Female,White,Married-civ-spouse,3,93099,Some-college,Self-emp-not-inc,Prof-specialty,0,0,25,39,0
21,Male,White,Never-married,1,313702,Some-college,Private,Sales,0,0,40,39,0
47,Female,Black,Divorced,4,418961,Assoc-voc,Private,Sales,0,0,25,39,0
70,Female,White,Never-married,1,262345,Some-college,Private,Adm-clerical,0,0,6,39,0
60,Male,White,Married-civ-spouse,0,232769,11th,Local-gov,Transport-moving,0,0,20,39,0
36,Male,Black,Married-civ-spouse,0,262688,Some-college,Private,Sales,7688,0,50,39,1
17,Male,White,Never-married,3,130806,10th,Private,Handlers-cleaners,0,0,24,39,0
29,Male,White,Never-married,2,167737,HS-grad,Private,Transport-moving,0,0,50,39,0
39,Male,White,Married-civ-spouse,0,167140,Masters,Private,Exec-managerial,0,0,40,39,0
48,Male,White,Married-civ-spouse,0,248164,Bachelors,Private,Sales,4386,0,50,39,1
20,Female,Black,Never-married,4,163965,HS-grad,Local-gov,Other-service,0,0,40,39,0
36,Female,Black,Never-married,4,293358,Some-college,Local-gov,Exec-managerial,0,0,48,39,0
40,Male,Black,Married-civ-spouse,0,229148,12th,Private,Other-service,0,0,40,23,0
19,Female,White,Never-married,3,252862,Assoc-voc,Private,Prof-specialty,0,0,40,39,0
48,Male,White,Married-civ-spouse,0,81513,Bachelors,Self-emp-inc,Exec-managerial,0,0,50,39,1
38,Male,White,Divorced,1,126675,HS-grad,Private,Craft-repair,0,2205,40,39,0
69,Male,Asian-Pac-Islander,Married-civ-spouse,0,248248,1st-4th,Other,Other,0,0,34,30,0
23,Male,White,Never-married,1,434467,HS-grad,Private,Sales,0,0,48,39,0
31,Male,Black,Never-married,3,166343,HS-grad,Private,Machine-op-inspct,0,0,50,0,0
30,Female,White,Married-spouse-absent,4,399522,11th,Private,Handlers-cleaners,0,0,40,39,0
31,Male,White,Married-civ-spouse,0,203488,HS-grad,Private,Handlers-cleaners,0,0,40,39,0
17,Female,White,Never-married,3,110723,11th,Private,Sales,0,0,25,39,0
45,Male,White,Married-civ-spouse,0,247379,HS-grad,Self-emp-not-inc,Craft-repair,0,0,40,39,1
60,Male,White,Married-civ-spouse,0,118197,Some-college,Private,Craft-repair,0,0,65,39,0
28,Male,White,Never-married,2,210313,10th,Private,Handlers-cleaners,0,0,40,26,0
57,Male,White,Married-civ-spouse,0,180779,Bachelors,Private,Prof-specialty,7298,0,40,39,1
38,Male,White,Married-civ-spouse,0,241153,Masters,Private,Exec-managerial,0,0,48,39,1
38,Male,White,Married-civ-spouse,0,277248,Masters,Private,Exec-managerial,0,0,60,5,1
21,Male,White,Never-married,3,77665,Some-college,Other,Other,0,0,35,39,0
22,Male,White,Never-married,1,39615,Some-college,Private,Prof-specialty,0,0,45,39,0
38,Male,White,Never-married,1,147258,HS-grad,Local-gov,Transport-moving,0,0,40,39,0
33,Female,White,Never-married,3,391122,HS-grad,Federal-gov,Adm-clerical,0,0,30,39,0
31,Female,Black,Never-married,4,178506,Some-college,Private,Adm-clerical,0,0,40,39,0
26,Female,Black,Never-married,3,128553,Some-college,Private,Exec-managerial,0,0,40,39,0
32,Male,White,Never-married,1,239824,Bachelors,Private,Tech-support,0,0,40,39,0
25,Female,White,Never-married,2,181814,HS-grad,Private,Craft-repair,0,0,40,39,0
41,Male,White,Married-civ-spouse,0,359259,HS-grad,Local-gov,Other-service,0,0,40,39,0
20,Female,White,Divorced,1,327462,10th,Other,Other,0,0,40,39,0
18,Female,White,Never-married,3,280298,HS-grad,Private,Sales,0,0,24,39,0
30,Male,White,Married-spouse-absent,4,125279,HS-grad,Private,Sales,0,0,40,39,0
42,Male,Asian-Pac-Islander,Married-civ-spouse,0,96509,Some-college,Self-emp-inc,Exec-managerial,0,0,60,36,0
54,Female,White,Married-civ-spouse,5,182388,HS-grad,Local-gov,Other-service,0,0,35,39,0
78,Male,White,Married-civ-spouse,0,33186,7th-8th,Other,Other,0,0,60,39,0
58,Male,Black,Divorced,1,225603,9th,Private,Farming-fishing,0,0,40,39,0
23,Male,White,Never-married,3,240160,Assoc-acdm,Private,Prof-specialty,0,0,40,39,0
51,Male,Black,Married-civ-spouse,0,146181,9th,Local-gov,Transport-moving,0,0,40,39,0
17,Female,White,Never-married,3,95799,11th,Private,Sales,0,0,18,39,0
35,Female,White,Married-civ-spouse,5,343403,Doctorate,Private,Tech-support,0,0,20,0,0
22,Male,White,Never-married,3,190625,Some-college,Private,Adm-clerical,0,0,35,39,0
58,Male,White,Divorced,1,199278,Bachelors,Private,Exec-managerial,0,0,38,39,0
72,Male,White,Married-civ-spouse,0,258761,HS-grad,Self-emp-not-inc,Farming-fishing,0,0,40,39,0
43,Male,White,Married-civ-spouse,0,191814,Assoc-acdm,Private,Sales,7688,0,50,39,1
29,Female,White,Divorced,1,174163,Some-college,Private,Exec-managerial,0,0,40,39,0
31,Female,White,Divorced,1,175778,Bachelors,Local-gov,Prof-specialty,0,0,40,39,0
65,Female,Black,Widowed,4,178934,HS-grad,Private,Other-service,0,0,20,23,0
46,Male,White,Married-civ-spouse,0,91608,Bachelors,Private,Adm-clerical,0,0,40,39,1
36,Male,White,Married-civ-spouse,0,192939,Masters,Private,Prof-specialty,0,1977,60,39,1
51,Female,White,Married-civ-spouse,5,117496,Masters,Local-gov,Prof-specialty,0,0,40,39,1
40,Female,White,Divorced,4,65866,Some-college,Private,Tech-support,0,213,40,39,0
30,Female,White,Never-married,1,509500,Bachelors,Private,Tech-support,4787,0,45,39,1
21,Male,White,Never-married,3,197387,HS-grad,Private,Handlers-cleaners,0,0,20,39,0
20,Female,White,Never-married,1,88231,Some-college,Private,Adm-clerical,0,0,40,39,0
44,Male,White,Married-civ-spouse,0,59474,HS-grad,Private,Transport-moving,0,0,40,39,1
67,Male,White,Married-civ-spouse,0,36876,HS-grad,Self-emp-not-inc,Farming-fishing,0,0,55,39,0
62,Female,White,Widowed,1,122033,HS-grad,Private,Adm-clerical,0,0,38,39,0
42,Male,Black,Separated,2,529216,HS-grad,Private,Transport-moving,0,0,40,39,0
41,Female,White,Married-civ-spouse,5,58880,Bachelors,Private,Prof-specialty,7688,0,10,39,1
24,Male,White,Never-married,3,161092,HS-grad,Local-gov,Other-service,0,0,40,39,0
34,Male,Black,Married-civ-spouse,0,386877,HS-grad,Private,Machine-op-inspct,0,0,40,39,0
45,Female,White,Never-married,1,167187,Bachelors,Private,Prof-specialty,0,0,40,39,1
67,Female,White,Divorced,1,233182,HS-grad,Other,Other,0,0,7,39,0
48,Female,Black,Never-married,4,204990,HS-grad,Private,Tech-support,0,0,33,23,0
23,Male,White,Never-married,2,221955,9th,Private,Handlers-cleaners,0,0,39,26,0
43,Male,White,Married-civ-spouse,0,124692,Bachelors,Private,Sales,0,0,40,39,1
51,Male,White,Married-civ-spouse,0,193374,1st-4th,Private,Craft-repair,0,0,40,26,0
26,Female,White,Never-married,1,48718,10th,Private,Adm-clerical,2907,0,40,39,0
23,Female,White,Never-married,3,103064,HS-grad,Private,Adm-clerical,0,0,40,39,0
47,Male,White,Never-married,3,265275,Some-college,Private,Other-service,0,0,40,39,0
43,Female,White,Married-civ-spouse,5,233851,HS-grad,Federal-gov,Adm-clerical,0,0,40,39,1
27,Male,White,Never-married,1,111900,Some-college,Private,Prof-specialty,0,0,40,39,0
23,Male,Amer-Indian-Eskimo,Never-married,3,186813,HS-grad,Private,Protective-serv,0,0,40,39,0
35,Male,Asian-Pac-Islander,Married-civ-spouse,0,67083,HS-grad,Private,Other-service,0,0,40,3,0
45,Male,White,Never-married,1,222374,Bachelors,Self-emp-not-inc,Prof-specialty,0,0,40,39,0
22,Male,White,Never-married,3,517995,HS-grad,Other,Other,0,0,40,26,0
37,Male,White,Married-civ-spouse,0,125167,Some-college,Private,Exec-managerial,0,0,60,39,1
44,Female,Black,Widowed,1,151780,Some-college,Private,Exec-managerial,0,0,40,39,0
21,Male,Black,Never-married,3,276840,12th,Local-gov,Other-service,0,0,20,39,0
42,Male,White,Married-civ-spouse,0,369131,Assoc-acdm,Private,Sales,0,0,55,39,1
53,Female,White,Married-civ-spouse,5,281590,HS-grad,State-gov,Exec-managerial,15024,0,40,39,1
19,Female,White,Never-married,3,112780,Some-college,Other,Other,0,0,30,39,0
37,Female,Black,Never-married,4,96330,Some-college,Private,Exec-managerial,0,0,40,39,0
36,Male,White,Married-civ-spouse,0,24106,HS-grad,Private,Craft-repair,3103,0,40,39,1
36,Male,White,Married-civ-spouse,0,67317,HS-grad,Federal-gov,Adm-clerical,0,0,40,39,0
41,Male,Asian-Pac-Islander,Married-civ-spouse,0,93227,Bachelors,Self-emp-inc,Exec-managerial,0,1977,60,36,1
29,Male,White,Married-civ-spouse,0,278637,Bachelors,Private,Sales,3103,0,45,39,1
37,Female,White,Divorced,4,408229,HS-grad,Federal-gov,Tech-support,0,0,40,39,0
28,Male,White,Married-civ-spouse,0,337378,HS-grad,Private,Craft-repair,0,0,40,39,0
45,Male,White,Divorced,1,138626,Some-college,Private,Exec-managerial,0,1876,50,39,0
31,Female,White,Married-civ-spouse,5,99928,Masters,Private,Prof-specialty,0,0,50,39,0
39,Female,White,Widowed,3,238008,HS-grad,Private,Adm-clerical,0,0,40,39,0
44,Female,Black,Divorced,4,194049,Some-college,Private,Other-service,0,0,35,39,0
29,Male,White,Married-civ-spouse,0,215504,HS-grad,Private,Machine-op-inspct,0,0,40,39,0
17,Male,White,Never-married,2,270942,HS-grad,Private,Other-service,0,0,35,26,0
38,Male,White,Married-civ-spouse,0,182609,Bachelors,Private,Sales,0,0,50,31,0
53,Male,White,Married-civ-spouse,0,154891,9th,Private,Transport-moving,0,0,40,39,0
43,Male,White,Married-civ-spouse,0,151089,HS-grad,Self-emp-inc,Sales,0,0,50,39,0
18,Male,Black,Never-married,3,272918,HS-grad,State-gov,Adm-clerical,0,0,15,39,0
41,Male,Black,Married-civ-spouse,0,256647,HS-grad,Private,Machine-op-inspct,0,0,40,39,0
26,Male,White,Never-married,1,284343,Bachelors,Private,Prof-specialty,0,0,50,39,0
31,Female,White,Never-married,1,29662,Some-college,Private,Sales,0,0,60,39,0
59,Male,White,Married-civ-spouse,0,151616,Masters,Private,Prof-specialty,0,0,55,39,0
47,Female,White,Married-civ-spouse,5,47247,Some-college,Private,Adm-clerical,0,0,40,39,0
29,Female,White,Never-married,3,81057,Some-college,Private,Adm-clerical,0,0,40,39,0
59,Male,White,Never-married,1,329059,Bachelors,Private,Craft-repair,0,0,50,39,0
34,Female,White,Divorced,1,227689,Assoc-voc,Private,Tech-support,0,0,64,39,0
27,Male,White,Married-civ-spouse,0,189702,7th-8th,Private,Craft-repair,0,0,40,39,0
68,Male,White,Never-married,4,315859,11th,Self-emp-not-inc,Farming-fishing,0,0,20,39,0
56,Male,White,Married-civ-spouse,0,267652,Bachelors,Private,Craft-repair,0,0,40,39,0
32,Male,White,Married-civ-spouse,0,49325,7th-8th,Local-gov,Other-service,0,0,40,39,0
46,Male,White,Married-civ-spouse,0,182655,Assoc-voc,Self-emp-inc,Exec-managerial,0,0,60,39,1
29,Female,Amer-Indian-Eskimo,Married-civ-spouse,5,100405,10th,Private,Farming-fishing,0,0,40,39,0
39,Female,Black,Separated,4,287306,Some-college,Private,Adm-clerical,0,0,40,39,0
25,Female,White,Never-married,3,335376,Bachelors,Other,Other,0,0,30,39,0
17,Female,Black,Never-married,2,117549,10th,Private,Sales,0,0,12,39,0
30,Female,White,Married-civ-spouse,5,180374,HS-grad,Private,Exec-managerial,0,0,40,39,0
46,Male,White,Married-civ-spouse,0,332884,Bachelors,Private,Exec-managerial,7298,0,65,39,1
30,Female,White,Never-married,1,182714,Some-college,Private,Exec-managerial,0,0,40,9,0
21,Male,White,Never-married,1,305446,Some-college,Private,Exec-managerial,0,0,40,39,0
49,Female,Asian-Pac-Islander,Never-married,3,75673,HS-grad,Private,Adm-clerical,0,0,40,39,0
33,Male,White,Divorced,1,213226,HS-grad,Private,Sales,0,0,50,39,0
49,Male,White,Married-civ-spouse,0,275074,Bachelors,Local-gov,Prof-specialty,0,0,60,39,0
21,Female,White,Never-married,3,242736,Assoc-acdm,Other,Other,0,0,40,39,0
18,Female,White,Never-married,3,761006,11th,Private,Other-service,0,0,20,39,0
30,Male,White,Married-civ-spouse,0,346122,Assoc-acdm,Local-gov,Protective-serv,5013,0,45,39,0
31,Male,White,Married-civ-spouse,0,291052,Some-college,Private,Adm-clerical,0,2051,40,39,0
66,Female,Black,Widowed,1,151793,7th-8th,Private,Other-service,0,0,10,39,0
51,Male,White,Never-married,1,209320,Prof-school,Local-gov,Prof-specialty,3325,0,40,39,0
37,Male,White,Married-civ-spouse,0,168475,HS-grad,Private,Exec-managerial,0,0,40,39,1
45,Male,White,Never-married,1,168232,Bachelors,Federal-gov,Adm-clerical,0,0,55,39,1
63,Male,White,Married-civ-spouse,0,213095,Bachelors,Private,Exec-managerial,0,0,50,39,1
44,Male,White,Married-civ-spouse,0,245317,Some-college,Private,Craft-repair,0,0,56,39,1
39,Female,White,Married-civ-spouse,5,207185,Some-college,Private,Exec-managerial,0,0,35,33,1
63,Male,White,Widowed,1,28612,HS-grad,Self-emp-not-inc,Sales,0,0,70,39,0
69,Male,White,Never-married,1,182862,HS-grad,Private,Transport-moving,15831,0,40,39,1
24,Female,White,Never-married,1,377725,Bachelors,Other,Other,0,0,40,39,0
42,Male,White,Married-civ-spouse,0,173628,Bachelors,Private,Exec-managerial,0,0,40,39,1
58,Female,White,Divorced,4,216941,HS-grad,Private,Exec-managerial,0,0,40,39,0
32,Male,White,Never-married,1,191385,Doctorate,Self-emp-inc,Prof-specialty,0,0,77,39,0
45,Male,White,Married-civ-spouse,0,334039,Some-college,Local-gov,Exec-managerial,0,0,40,39,1
35,Female,White,Divorced,4,338611,Some-college,Private,Adm-clerical,0,0,40,39,0
18,Male,White,Never-married,2,112974,11th,Private,Prof-specialty,0,0,3,39,0
18,Female,White,Never-married,3,240543,11th,Private,Other-service,0,0,20,39,0
19,Male,White,Never-married,1,323605,7th-8th,Private,Other-service,0,0,60,39,1
33,Male,White,Married-civ-spouse,0,150570,Bachelors,Private,Sales,0,0,40,39,0
33,Male,White,Married-civ-spouse,0,245378,10th,Private,Machine-op-inspct,0,0,40,39,0
45,Male,Black,Married-civ-spouse,0,257855,11th,Local-gov,Other-service,0,0,50,39,0
40,Female,White,Never-married,4,119578,Bachelors,State-gov,Prof-specialty,0,0,20,39,0
31,Male,White,Never-married,1,484669,Some-college,Federal-gov,Tech-support,0,0,40,39,0
58,Female,White,Married-civ-spouse,5,205267,Bachelors,Local-gov,Prof-specialty,0,0,40,39,1
37,Male,White,Never-married,1,120074,HS-grad,Private,Transport-moving,0,0,40,39,0
29,Male,White,Married-civ-spouse,0,190525,Bachelors,Local-gov,Prof-specialty,0,1848,60,11,1
47,Female,White,Widowed,1,206947,Assoc-acdm,Self-emp-inc,Exec-managerial,0,0,67,39,0
34,Female,White,Never-married,4,56883,Some-college,Private,Other-service,0,0,40,39,0
25,Male,White,Never-married,3,90291,Bachelors,Private,Exec-managerial,0,0,40,39,0
48,Male,White,Married-civ-spouse,0,213140,Some-college,Self-emp-inc,Exec-managerial,0,0,40,39,1
24,Female,Black,Never-married,3,246207,Bachelors,Private,Machine-op-inspct,0,0,40,39,0
46,Male,White,Married-civ-spouse,0,276934,Bachelors,Self-emp-inc,Sales,0,0,70,39,1
29,Female,White,Never-married,4,293287,Some-college,State-gov,Other-service,0,0,40,39,0
45,Male,White,Married-civ-spouse,0,127738,Some-college,Private,Other-service,0,0,40,39,0
58,Female,White,Widowed,2,473836,7th-8th,Private,Farming-fishing,0,0,45,13,0
38,Male,White,Separated,1,151322,HS-grad,Self-emp-not-inc,Craft-repair,0,0,40,39,0
47,Male,White,Married-civ-spouse,0,420986,Bachelors,Private,Exec-managerial,0,0,40,39,1
37,Female,White,Divorced,4,89559,HS-grad,Private,Adm-clerical,0,0,40,39,0
39,Male,White,Married-civ-spouse,0,140752,HS-grad,Self-emp-not-inc,Sales,0,0,50,39,1
56,Female,White,Divorced,1,255406,HS-grad,Local-gov,Exec-managerial,0,0,40,39,0
23,Male,White,Never-married,3,22966,Bachelors,Other,Other,0,0,35,39,0
35,Male,White,Married-spouse-absent,4,248010,Bachelors,Private,Craft-repair,0,0,40,39,0
20,Male,White,Never-married,3,130959,Some-college,Private,Other-service,0,0,20,39,0
28,Female,Black,Never-married,4,186239,Some-college,Private,Adm-clerical,0,0,40,39,0
48,Male,White,Married-civ-spouse,0,186172,Bachelors,Private,Exec-managerial,0,0,45,39,1
29,Female,White,Married-civ-spouse,5,260729,HS-grad,Self-emp-inc,Sales,0,1977,25,39,1
35,Male,White,Married-civ-spouse,0,434114,HS-grad,Private,Handlers-cleaners,0,0,40,26,0
30,Male,White,Married-civ-spouse,0,164190,HS-grad,Private,Exec-managerial,0,0,40,39,1
44,Male,White,Married-civ-spouse,0,145246,Masters,Local-gov,Prof-specialty,0,0,44,39,1
34,Female,White,Married-spouse-absent,4,146980,HS-grad,Private,Other-service,0,0,65,39,0
75,Female,White,Widowed,1,111177,Bachelors,Other,Other,25124,0,16,39,1
24,Male,White,Never-married,3,417668,Bachelors,Private,Prof-specialty,0,0,20,39,0
46,Female,White,Divorced,4,102597,Bachelors,Private,Prof-specialty,0,0,40,39,0
34,Male,White,Never-married,2,112115,Some-college,Federal-gov,Craft-repair,0,0,40,39,0
25,Male,White,Never-married,2,114150,HS-grad,Private,Handlers-cleaners,0,0,40,39,0
27,Female,Asian-Pac-Islander,Never-married,4,289039,Some-college,Local-gov,Protective-serv,0,0,40,39,0
41,Male,White,Never-married,1,207685,Bachelors,Federal-gov,Exec-managerial,0,0,40,39,1
25,Male,White,Married-civ-spouse,0,570821,Some-college,Private,Machine-op-inspct,0,0,40,39,0
23,Male,Black,Never-married,3,161874,Some-college,Private,Exec-managerial,0,0,40,39,0
22,Female,White,Never-married,3,165065,Some-college,Other,Other,0,0,40,22,0
63,Male,Black,Widowed,1,124244,HS-grad,Federal-gov,Handlers-cleaners,0,0,40,39,0
52,Male,White,Married-civ-spouse,0,152795,HS-grad,Local-gov,Protective-serv,0,0,52,39,1
46,Female,White,Married-civ-spouse,5,191389,HS-grad,Private,Exec-managerial,0,0,28,39,1
35,Male,White,Married-civ-spouse,0,153066,HS-grad,Self-emp-not-inc,Craft-repair,0,0,60,39,1
59,Male,White,Married-civ-spouse,0,53304,Bachelors,Local-gov,Prof-specialty,0,0,50,39,1
33,Male,White,Married-civ-spouse,0,155475,HS-grad,Private,Sales,0,0,40,39,0
22,Male,White,Never-married,3,201179,Some-college,Other,Other,0,0,40,39,0
17,Female,White,Never-married,3,146268,10th,Private,Other-service,0,0,10,39,0
39,Male,Asian-Pac-Islander,Married-civ-spouse,0,198654,Prof-school,Private,Prof-specialty,0,2415,67,19,1
22,Male,White,Never-married,3,236907,Some-college,Private,Handlers-cleaners,0,0,20,39,0
30,Female,Black,Never-married,1,49593,Prof-school,Federal-gov,Prof-specialty,0,0,40,39,0
76,Male,White,Widowed,1,42209,9th,Other,Other,0,0,25,39,0
37,Female,Black,Divorced,4,232614,HS-grad,Private,Other-service,0,0,30,39,0
40,Male,White,Never-married,1,163434,HS-grad,Private,Craft-repair,0,0,50,39,0
39,Male,White,Married-civ-spouse,0,48063,Some-college,Self-emp-not-inc,Farming-fishing,0,0,60,39,0
22,Female,Asian-Pac-Islander,Never-married,1,177902,Some-college,Other,Other,0,0,25,39,0
33,Male,Asian-Pac-Islander,Never-married,3,182771,Bachelors,Other,Other,0,0,80,30,0
41,Male,White,Divorced,1,48087,7th-8th,Private,Craft-repair,0,1590,40,39,0
44,Male,White,Married-civ-spouse,0,376072,HS-grad,Private,Tech-support,0,0,45,39,1
33,Male,White,Married-civ-spouse,0,159929,HS-grad,Private,Craft-repair,0,0,40,39,0
49,Female,White,Married-civ-spouse,5,182752,Some-college,Private,Adm-clerical,0,0,40,39,1
34,Male,White,Married-civ-spouse,0,209317,HS-grad,Private,Transport-moving,0,0,40,33,0
50,Female,Black,Divorced,4,138514,Some-college,Private,Adm-clerical,0,0,40,39,0
33,Male,White,Married-civ-spouse,0,133503,HS-grad,Private,Protective-serv,7688,0,48,39,1
39,Male,White,Never-married,1,180477,Masters,Private,Prof-specialty,0,0,60,39,1
25,Male,White,Never-married,1,302465,12th,Private,Machine-op-inspct,0,1741,40,39,0
51,Male,White,Married-civ-spouse,0,168660,11th,Private,Handlers-cleaners,0,0,40,39,0
41,Male,White,Married-civ-spouse,0,263339,HS-grad,Federal-gov,Transport-moving,0,0,40,39,1
35,Female,White,Married-civ-spouse,3,333305,Some-college,Other,Other,0,0,40,39,0
50,Female,White,Divorced,1,155118,HS-grad,Self-emp-not-inc,Exec-managerial,99999,0,35,39,1
26,Male,White,Never-married,1,224361,HS-grad,Private,Exec-managerial,0,0,40,39,0
54,Male,White,Married-civ-spouse,0,90363,Assoc-acdm,Private,Exec-managerial,0,0,40,39,1
17,Female,White,Never-married,3,242773,11th,Private,Other-service,0,0,20,39,0
45,Male,White,Married-civ-spouse,0,102771,Bachelors,Self-emp-not-inc,Transport-moving,0,0,40,39,1
35,Female,White,Divorced,1,139647,Some-college,Private,Exec-managerial,0,0,40,39,1
29,Male,White,Separated,1,134152,HS-grad,Private,Machine-op-inspct,0,0,40,39,0
25,Male,White,Married-civ-spouse,0,153534,Some-college,State-gov,Protective-serv,0,0,40,39,0
55,Male,Black,Married-civ-spouse,0,306164,HS-grad,Private,Other-service,0,0,40,39,0
29,Female,White,Never-married,3,197565,Assoc-voc,Private,Adm-clerical,0,0,35,39,0
30,Female,White,Married-spouse-absent,1,173350,Assoc-voc,Private,Adm-clerical,0,0,40,39,0
32,Female,White,Divorced,4,114733,Bachelors,Local-gov,Prof-specialty,0,0,35,39,0
32,Male,Other,Never-married,4,326283,Bachelors,Private,Other-service,0,0,40,39,0
27,Female,White,Never-married,3,187746,Some-college,Private,Other-service,0,0,40,39,0
32,Female,White,Divorced,4,30499,Bachelors,Other,Other,0,0,32,39,0
37,Male,White,Never-married,3,87076,HS-grad,Private,Machine-op-inspct,0,0,40,39,0
32,Female,White,Divorced,1,42617,Some-college,Private,Prof-specialty,0,0,30,39,0
40,Female,Asian-Pac-Islander,Never-married,1,287983,Bachelors,Private,Tech-support,0,2258,48,30,0
44,Male,Black,Married-civ-spouse,0,228729,HS-grad,Private,Craft-repair,0,0,40,0,0
23,Female,White,Never-married,3,223019,HS-grad,Private,Adm-clerical,0,0,40,39,0
56,Female,White,Married-civ-spouse,5,84774,Assoc-acdm,Self-emp-not-inc,Farming-fishing,0,0,40,39,0
35,Female,White,Married-civ-spouse,5,99357,Masters,Private,Prof-specialty,15024,0,50,39,1
25,Male,White,Married-civ-spouse,0,344991,Some-college,Private,Craft-repair,0,0,40,39,0
26,Male,White,Married-civ-spouse,0,93806,Some-college,Self-emp-not-inc,Sales,0,0,55,39,0
58,Male,White,Married-civ-spouse,0,205235,HS-grad,Private,Transport-moving,0,0,60,39,1
52,Female,White,Married-civ-spouse,5,202115,HS-grad,Private,Other-service,0,0,25,39,0
65,Female,White,Widowed,1,264188,HS-grad,Private,Sales,0,0,24,39,0
29,Male,White,Married-civ-spouse,0,327779,Some-college,Private,Handlers-cleaners,0,0,20,39,0
21,Female,White,Never-married,3,147655,HS-grad,Private,Other-service,0,0,35,39,0
39,Male,White,Married-civ-spouse,0,248445,5th-6th,Private,Handlers-cleaners,0,0,40,26,0
28,Female,Black,Never-married,3,173649,HS-grad,Private,Other-service,0,0,40,0,0
36,Female,White,Married-spouse-absent,4,133655,HS-grad,Private,Adm-clerical,0,0,40,39,0
57,Male,White,Divorced,1,323309,7th-8th,Local-gov,Other-service,0,0,40,39,0
45,Female,White,Divorced,1,156117,Assoc-voc,Private,Prof-specialty,0,0,32,39,0
41,Female,Black,Divorced,1,175537,Some-college,State-gov,Machine-op-inspct,0,0,38,39,0
35,Female,White,Never-married,1,187625,Some-college,Private,Other-service,0,0,65,39,0
18,Female,White,Never-married,1,155752,HS-grad,Private,Machine-op-inspct,0,0,30,39,0
38,Male,White,Married-civ-spouse,0,31033,Bachelors,Private,Sales,7298,0,40,39,1
29,Female,White,Divorced,4,229656,HS-grad,Private,Adm-clerical,0,0,50,39,0
32,Male,White,Married-civ-spouse,0,230224,Assoc-acdm,State-gov,Other-service,0,0,35,39,0
26,Male,White,Married-civ-spouse,0,291968,HS-grad,Private,Transport-moving,0,0,44,39,0
62,Male,Black,Married-civ-spouse,0,55621,Some-college,Other,Other,0,0,35,39,1
25,Male,White,Never-married,1,34307,Some-college,Other,Other,0,0,40,39,0
24,Female,White,Never-married,3,218215,Assoc-voc,Private,Adm-clerical,0,0,20,39,0
33,Male,White,Never-married,1,173806,Masters,State-gov,Prof-specialty,0,0,30,39,0
22,Male,White,Never-married,3,162667,HS-grad,Private,Handlers-cleaners,0,0,50,32,0
43,Female,Black,Divorced,1,210844,Bachelors,Private,Exec-managerial,0,0,40,39,1
47,Male,White,Divorced,1,606752,Masters,Private,Tech-support,0,0,40,39,0
33,Male,White,Never-married,3,169652,Assoc-voc,Local-gov,Adm-clerical,0,1669,55,39,0
56,Male,White,Married-civ-spouse,0,182460,HS-grad,Private,Handlers-cleaners,0,0,40,39,1
28,Male,White,Never-married,3,37250,Bachelors,State-gov,Prof-specialty,0,0,16,39,0
29,Female,White,Never-married,4,370494,HS-grad,Private,Other-service,0,0,40,26,0
22,Male,White,Married-civ-spouse,0,138542,Some-college,Private,Handlers-cleaners,0,0,35,39,0
45,Male,White,Married-civ-spouse,0,449354,Some-college,Private,Exec-managerial,0,0,40,39,0
17,Male,White,Never-married,3,277112,11th,Private,Sales,0,0,30,39,0
36,Male,White,Never-married,1,342642,Masters,Private,Exec-managerial,0,0,15,39,0
39,Male,White,Married-civ-spouse,0,342448,Bachelors,Private,Adm-clerical,0,0,45,39,0
28,Male,White,Never-married,1,212318,HS-grad,Self-emp-not-inc,Craft-repair,0,0,55,39,0
27,Male,White,Married-civ-spouse,0,101364,HS-grad,Private,Handlers-cleaners,0,0,40,26,0
34,Male,White,Married-civ-spouse,0,107624,Some-college,Private,Craft-repair,0,0,50,39,0
28,Female,Black,Never-married,1,298661,Bachelors,Federal-gov,Tech-support,0,0,40,39,0
29,Male,White,Married-civ-spouse,0,183639,HS-grad,Private,Farming-fishing,0,0,97,39,0
30,Female,White,Divorced,4,188798,HS-grad,Self-emp-not-inc,Other-service,0,0,40,39,0
26,Male,Black,Never-married,1,56929,Bachelors,Private,Exec-managerial,0,0,50,0,0
33,Male,White,Married-civ-spouse,0,79303,HS-grad,Private,Farming-fishing,0,0,45,39,0
59,Male,White,Married-civ-spouse,0,171355,Doctorate,Private,Exec-managerial,0,0,40,39,1
38,Male,White,Married-civ-spouse,0,238980,Some-college,Private,Other-service,0,0,40,39,0
50,Male,White,Never-married,1,36489,10th,Local-gov,Other-service,0,0,40,39,0
34,Female,White,Never-married,3,353270,Assoc-voc,Local-gov,Craft-repair,0,0,40,39,0
47,Male,White,Never-married,1,149337,Bachelors,Private,Adm-clerical,0,0,60,39,0
44,Male,White,Divorced,4,177905,Some-college,Private,Machine-op-inspct,0,0,58,39,1
37,Male,White,Married-civ-spouse,0,105021,Bachelors,Private,Sales,0,0,50,39,1
46,Female,White,Divorced,4,102076,HS-grad,Local-gov,Adm-clerical,0,0,25,39,0
33,Male,White,Married-civ-spouse,0,188861,HS-grad,Private,Machine-op-inspct,0,0,40,39,0
36,Male,White,Married-civ-spouse,0,182898,Bachelors,Self-emp-not-inc,Exec-managerial,7298,0,40,39,1
68,Male,White,Married-civ-spouse,0,104438,Bachelors,Private,Prof-specialty,0,0,40,21,1
25,Male,White,Married-civ-spouse,0,178025,Masters,Private,Prof-specialty,0,0,40,39,0
57,Female,White,Divorced,4,141459,Some-college,State-gov,Prof-specialty,0,0,40,39,0
51,Female,White,Never-married,3,230095,Assoc-voc,Self-emp-inc,Adm-clerical,0,0,40,39,0
49,Female,White,Widowed,4,197418,HS-grad,Private,Adm-clerical,0,0,20,39,0
53,Male,White,Married-civ-spouse,0,95647,9th,Private,Handlers-cleaners,0,0,50,39,0
65,Male,White,Married-civ-spouse,0,157403,HS-grad,Self-emp-inc,Sales,0,0,50,39,0
19,Male,White,Never-married,3,125938,12th,Private,Other-service,0,0,40,8,0
18,Male,White,Never-married,3,114008,HS-grad,Private,Other-service,0,0,35,39,0
43,Male,White,Divorced,1,81243,Bachelors,Private,Tech-support,0,1876,40,39,0
25,Female,White,Divorced,4,182656,Assoc-voc,Private,Adm-clerical,0,0,40,39,0
74,Male,White,Married-civ-spouse,0,340939,9th,Other,Other,3471,0,40,39,0
35,Male,White,Married-civ-spouse,0,268292,Some-college,Local-gov,Craft-repair,0,0,40,39,0
37,Male,White,Married-civ-spouse,0,82622,Some-college,Private,Other-service,0,0,40,39,1
20,Female,White,Never-married,3,225515,Some-college,Federal-gov,Tech-support,0,0,24,39,0
33,Female,Asian-Pac-Islander,Married-spouse-absent,1,122612,HS-grad,Private,Other-service,0,0,35,37,0
17,Male,White,Never-married,3,193748,11th,Private,Sales,0,0,15,39,0
60,Male,Black,Never-married,1,205246,HS-grad,Self-emp-not-inc,Exec-managerial,0,2559,50,39,1
40,Female,White,Never-married,3,195488,HS-grad,Private,Adm-clerical,0,0,45,39,0
44,Male,White,Divorced,1,83812,Bachelors,Self-emp-not-inc,Exec-managerial,0,0,60,39,0
23,Male,White,Never-married,1,37072,Bachelors,Private,Sales,0,0,50,39,0
50,Male,White,Married-civ-spouse,0,172281,HS-grad,Self-emp-not-inc,Exec-managerial,7688,0,50,39,1
45,Female,Black,Married-civ-spouse,5,168598,12th,Private,Adm-clerical,3103,0,40,39,1
29,Female,Black,Never-married,4,265638,Some-college,Private,Other-service,0,0,40,39,0
32,Female,White,Married-civ-spouse,5,145983,Some-college,Federal-gov,Tech-support,0,0,40,39,0
18,Male,White,Never-married,3,249857,Some-college,Private,Other-service,0,0,20,39,0
21,Female,White,Never-married,1,198050,Assoc-acdm,Private,Adm-clerical,0,0,25,39,0
34,Male,White,Married-civ-spouse,0,294064,Masters,Private,Exec-managerial,0,0,50,10,0
17,Male,White,Never-married,3,103810,12th,Other,Other,0,0,40,39,0
45,Male,White,Married-civ-spouse,0,30457,Bachelors,Private,Exec-managerial,15024,0,40,39,1
49,Male,White,Married-civ-spouse,0,128990,Bachelors,Federal-gov,Prof-specialty,0,0,40,39,1
37,Male,White,Married-civ-spouse,0,126743,1st-4th,Private,Other-service,0,0,53,26,0
34,Male,White,Never-married,4,265706,Masters,Private,Sales,0,0,60,39,1
26,Male,White,Never-married,1,120238,Bachelors,Private,Craft-repair,3325,0,40,39,0
53,Female,White,Divorced,1,35102,Some-college,Private,Adm-clerical,0,0,34,39,0
21,Female,White,Never-married,3,38251,Some-college,State-gov,Tech-support,0,0,20,39,0
69,Male,White,Married-civ-spouse,0,254834,Bachelors,Other,Other,10605,0,10,39,1
26,Male,Other,Married-civ-spouse,0,61603,5th-6th,Private,Handlers-cleaners,0,0,40,26,0
41,Male,Black,Separated,1,322980,HS-grad,Private,Adm-clerical,2354,0,40,39,0
37,Male,White,Separated,1,64922,Bachelors,Private,Other-service,0,0,70,9,0
28,Male,White,Married-civ-spouse,0,192588,HS-grad,Private,Machine-op-inspct,0,0,40,39,0
23,Female,Other,Married-civ-spouse,2,256278,7th-8th,Private,Handlers-cleaners,0,0,30,8,0
37,Male,Black,Married-civ-spouse,0,241805,Some-college,Private,Other-service,0,0,30,39,0
36,Female,White,Divorced,4,163290,Some-college,Private,Sales,0,0,40,39,0
43,Female,White,Divorced,3,152617,Some-college,Private,Adm-clerical,0,0,40,39,0
31,Female,Black,Never-married,2,190027,HS-grad,Private,Other-service,0,0,40,0,0
19,Male,White,Never-married,3,69770,Some-college,Private,Other-service,0,0,20,39,0
45,Male,White,Divorced,1,107231,Bachelors,Self-emp-not-inc,Prof-specialty,0,0,45,10,0
46,Female,White,Divorced,4,213408,Some-college,Private,Sales,0,0,40,5,0
27,Female,White,Never-married,1,335421,Bachelors,Private,Prof-specialty,0,0,20,39,0
21,Male,White,Never-married,4,118712,HS-grad,Private,Craft-repair,0,0,35,39,0
46,Male,White,Married-civ-spouse,0,27243,Doctorate,State-gov,Prof-specialty,7688,0,45,39,1
18,Female,White,Never-married,3,252046,HS-grad,Other,Other,0,0,30,39,0
45,Male,White,Married-civ-spouse,0,55720,Bachelors,Private,Prof-specialty,0,0,40,39,1
30,Male,White,Never-married,3,58582,Bachelors,Private,Craft-repair,0,0,10,39,0
27,Female,White,Never-married,1,244402,Assoc-acdm,Private,Exec-managerial,0,0,40,39,1
23,Male,White,Never-married,3,105617,9th,Private,Transport-moving,0,0,40,39,0
34,Male,White,Married-civ-spouse,0,113198,Assoc-acdm,Private,Adm-clerical,0,0,28,39,0
29,Male,White,Married-civ-spouse,0,207473,7th-8th,Private,Transport-moving,0,0,40,26,0
43,Male,White,Married-civ-spouse,0,139734,Bachelors,State-gov,Exec-managerial,15024,0,40,39,1
70,Male,White,Divorced,1,102610,Some-college,Private,Other-service,0,0,80,39,0
38,Male,White,Married-civ-spouse,0,207202,HS-grad,Private,Machine-op-inspct,0,0,48,39,1
39,Male,White,Married-civ-spouse,0,177907,HS-grad,Local-gov,Protective-serv,0,1887,40,39,1
23,Male,White,Never-married,3,235071,Some-college,Private,Exec-managerial,0,0,50,39,0
56,Male,White,Married-civ-spouse,0,250873,11th,Private,Craft-repair,0,0,45,39,0
40,Female,White,Never-married,3,180362,Bachelors,Other,Other,0,0,40,39,0
52,Male,White,Married-civ-spouse,0,135388,HS-grad,State-gov,Craft-repair,5013,0,40,39,0
24,Male,White,Never-married,1,326587,Some-college,Private,Sales,0,0,40,39,0
31,Male,White,Divorced,3,226883,HS-grad,Other,Other,0,0,75,39,0
18,Male,White,Never-married,1,230875,11th,Private,Adm-clerical,0,0,40,39,0
35,Male,White,Never-married,2,234962,HS-grad,Private,Machine-op-inspct,0,0,40,26,0
26,Female,White,Never-married,1,425092,Masters,Local-gov,Prof-specialty,2174,0,40,39,0
48,Female,Black,Married-civ-spouse,5,112860,10th,Other,Other,0,0,35,39,0
42,Male,White,Married-civ-spouse,0,124692,Masters,Private,Exec-managerial,0,0,40,39,1
43,Male,White,Married-civ-spouse,0,193882,Some-college,Private,Sales,7688,0,40,39,1
27,Male,White,Never-married,1,130438,HS-grad,Private,Machine-op-inspct,0,0,40,39,0
27,Male,White,Never-married,3,134890,Bachelors,Private,Tech-support,0,0,50,39,0
63,Male,Other,Married-civ-spouse,0,440607,Preschool,Private,Prof-specialty,0,0,30,26,0
38,Male,White,Never-married,1,278924,Bachelors,Private,Farming-fishing,0,0,40,39,0
36,Male,Amer-Indian-Eskimo,Married-civ-spouse,0,195385,HS-grad,Private,Transport-moving,0,0,40,39,0
25,Female,White,Never-married,3,251915,Bachelors,Private,Sales,0,0,40,39,0
27,Male,White,Married-civ-spouse,0,99897,Some-college,Private,Tech-support,0,0,40,39,0
62,Male,White,Married-civ-spouse,0,263374,Assoc-voc,Other,Other,0,0,40,2,0
49,Female,White,Divorced,1,155372,Masters,State-gov,Prof-specialty,0,0,40,39,0
62,Female,White,Never-married,1,88579,HS-grad,Private,Adm-clerical,0,0,38,39,0
19,Male,White,Never-married,1,285263,9th,Self-emp-not-inc,Prof-specialty,0,0,35,26,0
44,Male,White,Never-married,1,193882,Assoc-voc,Local-gov,Tech-support,0,1340,40,39,0
24,Female,White,Never-married,1,196280,Bachelors,Private,Sales,0,0,30,39,0
39,Male,White,Married-civ-spouse,0,352248,Assoc-acdm,Private,Adm-clerical,0,0,40,39,0
35,Male,White,Separated,1,171968,HS-grad,Self-emp-not-inc,Transport-moving,0,0,70,39,0
20,Male,White,Never-married,1,157595,Some-college,Private,Handlers-cleaners,0,0,40,39,0
43,Female,White,Divorced,1,33310,HS-grad,Private,Adm-clerical,0,0,40,39,0
25,Female,Asian-Pac-Islander,Divorced,3,64671,HS-grad,Private,Handlers-cleaners,0,0,40,30,0
47,Male,White,Married-civ-spouse,0,246396,HS-grad,Private,Adm-clerical,0,0,40,26,0
31,Male,White,Married-civ-spouse,0,202729,HS-grad,Private,Machine-op-inspct,0,0,40,39,1
41,Male,White,Married-civ-spouse,0,117721,Some-college,Self-emp-inc,Farming-fishing,0,0,65,39,0
20,Female,White,Never-married,3,379525,Some-college,Private,Other-service,0,0,10,39,0
24,Male,White,Married-civ-spouse,0,273905,Assoc-acdm,State-gov,Protective-serv,0,0,50,39,0
17,Female,White,Never-married,4,309504,10th,Private,Sales,0,0,24,39,0
41,Female,Black,Divorced,4,124956,Bachelors,Private,Exec-managerial,0,0,90,39,1
22,Male,Black,Never-married,1,119592,Assoc-acdm,Private,Handlers-cleaners,0,2824,40,0,1
21,Male,White,Never-married,3,155697,9th,Other,Other,0,0,42,39,0
40,Female,White,Married-civ-spouse,5,31627,Bachelors,State-gov,Exec-managerial,0,0,20,39,0
47,Female,White,Married-civ-spouse,5,180277,HS-grad,Private,Adm-clerical,0,0,40,18,0
53,Male,White,Married-civ-spouse,0,53197,Masters,Private,Prof-specialty,3103,0,40,39,1
33,Male,White,Married-civ-spouse,0,206609,Bachelors,Private,Exec-managerial,0,0,45,39,0
27,Male,Black,Never-married,3,617860,Some-college,Private,Handlers-cleaners,0,0,40,39,0
55,Male,White,Married-civ-spouse,0,238638,HS-grad,Private,Sales,4386,0,40,39,1
43,Male,White,Married-civ-spouse,0,83411,Some-college,Private,Sales,0,0,50,39,1
31,Male,White,Married-civ-spouse,0,86492,Assoc-voc,Private,Transport-moving,0,0,30,39,1
26,Female,Asian-Pac-Islander,Never-married,3,165235,Bachelors,Private,Adm-clerical,0,0,40,37,0
41,Male,White,Married-civ-spouse,0,147110,HS-grad,Self-emp-not-inc,Machine-op-inspct,0,0,25,39,0
42,Male,White,Never-married,1,106900,Assoc-voc,Private,Tech-support,0,0,40,39,0
43,Male,White,Married-civ-spouse,0,91209,Bachelors,Private,Exec-managerial,0,0,40,39,1
75,Female,White,Widowed,1,101887,10th,Private,Priv-house-serv,0,0,70,39,0
22,Male,White,Never-married,1,283499,HS-grad,Private,Transport-moving,0,0,35,39,0
56,Male,White,Married-civ-spouse,0,75785,HS-grad,Private,Exec-managerial,0,0,40,39,1
23,Male,White,Never-married,1,324637,Some-college,Local-gov,Adm-clerical,0,0,30,39,0
23,Male,White,Never-married,1,51985,HS-grad,Private,Transport-moving,0,0,38,39,0
45,Male,White,Married-civ-spouse,0,168283,HS-grad,Private,Other-service,0,0,40,39,0
51,Male,White,Divorced,1,258735,HS-grad,Self-emp-inc,Protective-serv,0,0,81,39,0
27,Male,White,Married-civ-spouse,0,501172,5th-6th,Private,Transport-moving,0,0,40,26,0
35,Female,White,Married-civ-spouse,5,267891,HS-grad,Private,Other-service,0,0,38,39,0
27,Female,White,Never-married,1,365110,Bachelors,Self-emp-not-inc,Prof-specialty,0,0,20,39,0
61,Female,White,Never-married,1,120933,Some-college,Private,Priv-house-serv,0,0,40,39,0
35,Male,Black,Married-civ-spouse,0,265535,Some-college,Private,Craft-repair,0,0,50,23,1
50,Male,White,Married-civ-spouse,0,105010,Bachelors,Private,Farming-fishing,0,0,45,39,1
28,Female,White,Married-civ-spouse,5,191088,Bachelors,Private,Exec-managerial,0,0,40,39,1
33,Male,White,Married-civ-spouse,0,108438,HS-grad,Self-emp-not-inc,Craft-repair,0,0,40,39,1
27,Male,White,Married-civ-spouse,0,302406,Masters,Private,Prof-specialty,0,0,55,39,0
30,Male,White,Married-civ-spouse,0,39150,HS-grad,Private,Machine-op-inspct,0,0,40,39,0
20,Male,White,Never-married,3,219262,Some-college,Private,Sales,0,0,40,39,0
21,Female,White,Never-married,3,147655,HS-grad,Private,Adm-clerical,0,0,40,39,0
35,Male,White,Married-civ-spouse,0,115792,Bachelors,Private,Prof-specialty,0,0,55,39,0
49,Female,White,Divorced,1,181657,Some-college,Federal-gov,Exec-managerial,0,0,50,39,0
34,Male,White,Divorced,1,208785,Assoc-acdm,Private,Sales,0,0,50,39,1
68,Male,White,Married-civ-spouse,0,208478,Masters,Private,Prof-specialty,0,0,18,0,0
57,Male,Black,Never-married,3,124852,Some-college,Private,Handlers-cleaners,0,0,40,39,0
21,Male,White,Never-married,3,300812,Some-college,Private,Other-service,0,0,25,39,0
29,Male,White,Married-civ-spouse,0,200511,HS-grad,Private,Sales,0,0,50,39,0
49,Male,Black,Married-civ-spouse,0,94606,Doctorate,Self-emp-inc,Prof-specialty,0,0,60,39,1
60,Female,Black,Widowed,4,156616,HS-grad,Private,Other-service,0,0,40,39,0
20,Female,White,Never-married,3,236592,11th,Private,Sales,0,0,25,39,0
24,Male,Black,Never-married,4,198914,HS-grad,Private,Sales,0,0,25,39,0
50,Male,Asian-Pac-Islander,Married-civ-spouse,0,98350,Some-college,Private,Adm-clerical,0,0,40,30,1
36,Female,White,Divorced,4,36425,Some-college,Self-emp-not-inc,Sales,0,0,35,39,0
31,Female,White,Never-married,1,264936,Some-college,Private,Other-service,0,0,40,39,0
27,Female,White,Divorced,1,189589,Some-college,Private,Tech-support,0,0,40,39,0
49,Male,White,Divorced,1,201080,Some-college,Self-emp-inc,Craft-repair,0,0,55,39,0
40,Male,White,Divorced,1,388725,Some-college,Private,Exec-managerial,0,0,40,39,0
19,Male,White,Never-married,2,456572,HS-grad,Private,Farming-fishing,0,0,35,39,0
45,Female,White,Separated,4,28359,HS-grad,Other,Other,0,0,10,39,0
47,Male,White,Married-civ-spouse,0,284916,HS-grad,Private,Sales,7298,0,45,39,1
37,Male,White,Married-civ-spouse,0,415847,Bachelors,Self-emp-not-inc,Prof-specialty,0,0,40,39,1
31,Female,Black,Divorced,4,377374,Some-college,Private,Adm-clerical,0,0,40,24,0
23,Female,White,Never-married,3,210781,Bachelors,Local-gov,Prof-specialty,0,0,15,39,0
60,Male,White,Married-civ-spouse,0,120067,9th,Private,Farming-fishing,0,0,45,39,0
52,Male,White,Divorced,1,198863,Prof-school,Private,Exec-managerial,0,2559,60,39,1
22,Male,White,Never-married,2,106843,10th,Private,Craft-repair,0,0,30,39,0
49,Female,Asian-Pac-Islander,Widowed,4,135643,HS-grad,Private,Craft-repair,0,0,40,35,0
41,Female,Asian-Pac-Islander,Married-civ-spouse,5,19914,Bachelors,Federal-gov,Adm-clerical,0,0,40,30,1
26,Female,Black,Never-married,1,203777,Some-college,Private,Sales,0,0,37,39,0
18,Female,White,Never-married,3,41381,HS-grad,Private,Sales,0,1602,20,39,0
49,Male,Black,Never-married,1,343742,10th,Self-emp-not-inc,Craft-repair,0,0,32,39,0
32,Female,White,Divorced,4,37380,Some-college,Private,Adm-clerical,0,0,38,39,0
58,Male,White,Married-civ-spouse,0,142182,HS-grad,Private,Craft-repair,0,0,25,39,0
24,Male,White,Never-married,1,464103,HS-grad,Private,Adm-clerical,0,0,50,39,0
54,Male,White,Married-civ-spouse,0,206369,HS-grad,Private,Machine-op-inspct,5178,0,50,39,1
40,Male,White,Married-civ-spouse,0,83953,Some-college,Private,Transport-moving,0,0,50,39,1
39,Male,White,Married-civ-spouse,0,355468,HS-grad,Private,Sales,0,1887,46,39,1
46,Male,White,Married-civ-spouse,0,102308,Prof-school,Federal-gov,Prof-specialty,15024,0,50,39,1
30,Male,White,Divorced,1,142977,Some-college,Private,Craft-repair,0,0,65,39,0
53,Male,White,Divorced,1,274528,Bachelors,Private,Exec-managerial,0,0,70,39,0
46,Female,White,Separated,4,170165,HS-grad,State-gov,Adm-clerical,0,0,37,39,0
56,Male,White,Married-civ-spouse,0,267763,HS-grad,Self-emp-inc,Exec-managerial,0,0,40,0,0
41,Male,White,Married-civ-spouse,0,152629,Some-college,Private,Tech-support,0,0,40,39,1
38,Male,White,Married-civ-spouse,0,312528,Bachelors,State-gov,Exec-managerial,0,0,37,39,0
38,Male,White,Married-civ-spouse,0,320305,7th-8th,Private,Adm-clerical,0,0,40,39,0
44,Male,Black,Separated,1,721161,Some-college,Private,Machine-op-inspct,0,0,40,39,0
17,Male,White,Never-married,3,207637,11th,Private,Handlers-cleaners,0,0,10,39,0
21,Male,White,Never-married,3,65038,HS-grad,Private,Machine-op-inspct,0,0,40,39,0
42,Male,White,Married-civ-spouse,0,50018,HS-grad,Private,Other-service,0,0,40,0,0
44,Male,White,Married-civ-spouse,0,167005,Bachelors,Private,Exec-managerial,7688,0,60,39,1
17,Male,Black,Never-married,3,230789,9th,Private,Sales,0,0,22,39,0
28,Male,White,Married-civ-spouse,0,51461,HS-grad,Self-emp-not-inc,Farming-fishing,0,0,40,39,0
65,Male,White,Divorced,1,316093,Prof-school,Self-emp-not-inc,Prof-specialty,0,1668,40,39,0
34,Male,White,Married-civ-spouse,0,299635,Masters,Private,Exec-managerial,0,1902,50,39,1
60,Male,White,Married-civ-spouse,0,93272,7th-8th,Self-emp-inc,Sales,0,0,60,39,0
62,Female,White,Divorced,1,153148,HS-grad,Private,Other-service,0,0,84,39,0
44,Male,White,Divorced,3,219591,Some-college,Private,Handlers-cleaners,0,0,40,39,0
41,Male,White,Divorced,3,114157,HS-grad,Private,Machine-op-inspct,0,0,40,39,0
41,Male,White,Married-civ-spouse,0,194636,Bachelors,Private,Exec-managerial,0,0,60,39,1
57,Male,Asian-Pac-Islander,Married-civ-spouse,0,123053,Prof-school,Self-emp-inc,Prof-specialty,15024,0,50,19,1
65,Female,White,Widowed,1,107620,11th,Private,Adm-clerical,0,0,8,39,0
63,Male,White,Married-civ-spouse,0,146196,Bachelors,Other,Other,0,0,40,39,0
28,Male,White,Married-civ-spouse,0,188064,HS-grad,Private,Craft-repair,0,0,35,2,0
34,Male,White,Married-civ-spouse,0,150324,Bachelors,Private,Prof-specialty,0,0,40,39,1
31,Male,White,Married-spouse-absent,4,332379,Some-college,Private,Transport-moving,0,0,50,39,0
49,Female,White,Married-civ-spouse,5,93639,Bachelors,Private,Exec-managerial,0,0,43,39,0
28,Male,Black,Never-married,2,125159,Some-college,Local-gov,Adm-clerical,0,0,40,14,0
26,Female,White,Never-married,3,123384,Masters,Private,Other-service,0,0,40,39,0
28,Female,White,Never-married,1,116372,Bachelors,Private,Exec-managerial,0,0,60,39,0
45,Male,Black,Married-civ-spouse,0,71823,Some-college,Federal-gov,Adm-clerical,0,0,20,39,0
46,Male,Asian-Pac-Islander,Married-civ-spouse,0,138370,7th-8th,Private,Other-service,0,1651,40,3,0
44,Male,White,Married-civ-spouse,0,111483,Masters,State-gov,Prof-specialty,0,0,40,39,1
27,Male,Amer-Indian-Eskimo,Married-civ-spouse,0,156266,9th,Private,Farming-fishing,0,0,40,39,0
31,Female,White,Never-married,1,47151,HS-grad,Private,Other-service,0,0,56,39,0
29,Female,White,Never-married,2,356133,Some-college,Private,Prof-specialty,0,0,40,39,0
52,Female,White,Separated,4,198824,Assoc-voc,Private,Other-service,0,0,35,39,0
27,Male,White,Married-civ-spouse,0,37250,Some-college,Private,Machine-op-inspct,0,1651,40,39,0
39,Female,White,Divorced,4,52645,Some-college,Private,Sales,0,0,40,39,0
51,Female,White,Never-married,1,282680,Doctorate,Federal-gov,Prof-specialty,0,1564,70,39,1
31,Male,White,Married-civ-spouse,0,152940,Some-college,Private,Craft-repair,0,0,40,39,0
27,Female,White,Never-married,4,363053,9th,Private,Priv-house-serv,0,0,24,26,0
27,Male,White,Married-civ-spouse,0,106935,Bachelors,Private,Exec-managerial,0,0,45,39,0
32,Male,White,Never-married,1,200323,Prof-school,Private,Prof-specialty,0,0,60,39,0
46,Male,White,Married-civ-spouse,0,120131,Prof-school,Self-emp-inc,Prof-specialty,99999,0,60,39,1
30,Female,White,Never-married,2,86808,Bachelors,Private,Prof-specialty,0,0,40,39,0
35,Male,Asian-Pac-Islander,Married-spouse-absent,1,173858,HS-grad,Private,Craft-repair,0,0,40,0,0
46,Male,White,Married-civ-spouse,0,28225,Some-college,Private,Transport-moving,0,0,58,39,0
31,Male,White,Married-civ-spouse,0,226443,Some-college,Private,Craft-repair,0,0,55,39,1
72,Male,White,Married-civ-spouse,0,473748,HS-grad,Self-emp-not-inc,Sales,0,0,30,39,0
39,Male,White,Married-civ-spouse,0,49020,Bachelors,Private,Sales,3103,0,48,39,1
46,Male,White,Married-civ-spouse,0,265266,Bachelors,Private,Prof-specialty,0,1902,40,39,1
51,Male,White,Married-civ-spouse,0,121548,Bachelors,Self-emp-not-inc,Exec-managerial,0,0,25,39,0
37,Male,White,Divorced,1,35330,HS-grad,Private,Craft-repair,0,1669,55,39,0
65,Male,White,Married-civ-spouse,0,149049,HS-grad,Other,Other,0,0,40,39,0
30,Female,White,Married-civ-spouse,5,318749,Assoc-voc,Private,Tech-support,0,0,35,11,0
30,Female,Black,Never-married,3,190823,Some-college,Private,Other-service,0,0,40,39,0
23,Male,White,Never-married,3,180060,Bachelors,Private,Machine-op-inspct,0,0,50,39,0
28,Male,White,Never-married,1,113870,HS-grad,Private,Adm-clerical,0,0,40,39,0
31,Male,Other,Married-civ-spouse,0,209276,HS-grad,Private,Other-service,0,0,40,39,0
47,Male,White,Married-civ-spouse,0,155659,Some-college,Private,Craft-repair,7688,0,55,39,1
58,Female,White,Married-civ-spouse,5,183870,10th,Self-emp-inc,Transport-moving,0,0,40,39,0
26,Male,White,Never-married,2,122206,HS-grad,Private,Craft-repair,0,0,40,39,0
33,Female,White,Married-civ-spouse,5,179758,HS-grad,Private,Sales,0,0,20,39,0
25,Female,White,Never-married,3,38488,HS-grad,Private,Adm-clerical,0,0,40,39,0
20,Male,White,Never-married,3,226978,HS-grad,Private,Other-service,0,0,35,39,0
43,Male,White,Married-civ-spouse,0,242488,Some-college,Private,Adm-clerical,5013,0,40,39,0
47,Male,White,Married-civ-spouse,0,252079,Bachelors,Private,Machine-op-inspct,7688,0,44,39,1
49,Male,White,Married-civ-spouse,0,122177,Some-college,State-gov,Machine-op-inspct,0,0,40,39,1
53,Male,White,Married-civ-spouse,0,204447,Masters,Local-gov,Exec-managerial,0,0,43,39,1
61,Male,Black,Married-civ-spouse,0,394534,HS-grad,Other,Other,0,0,6,39,0
44,Female,Asian-Pac-Islander,Divorced,4,78374,Masters,Self-emp-inc,Exec-managerial,0,0,40,39,0
58,Male,White,Married-civ-spouse,0,114495,HS-grad,Private,Exec-managerial,0,0,40,39,0
38,Male,White,Married-civ-spouse,0,32528,Some-college,Private,Exec-managerial,0,0,40,39,1
38,Female,Black,Never-married,4,182416,HS-grad,Self-emp-not-inc,Sales,0,0,42,39,0
69,Male,White,Married-civ-spouse,0,107850,Masters,Self-emp-inc,Exec-managerial,6514,0,40,39,1
37,Female,White,Never-married,1,125550,HS-grad,Private,Tech-support,14084,0,35,39,1
18,Female,Asian-Pac-Islander,Never-married,2,308889,11th,Private,Adm-clerical,0,0,20,39,0
27,Female,White,Never-married,1,170504,Bachelors,Local-gov,Transport-moving,0,0,40,39,0
47,Male,White,Married-civ-spouse,0,427055,Some-college,Private,Adm-clerical,0,0,45,26,0
30,Male,White,Married-civ-spouse,0,115426,Bachelors,Private,Sales,0,0,40,39,1
60,Female,White,Widowed,1,74243,Assoc-voc,Private,Craft-repair,0,0,30,39,0
37,Female,Black,Divorced,1,172232,HS-grad,Private,Other-service,0,0,30,39,0
62,Female,Black,Never-married,1,147627,9th,Private,Priv-house-serv,1055,0,22,39,0
23,Male,White,Never-married,3,117583,HS-grad,Private,Craft-repair,0,0,40,39,0
50,Female,Black,Divorced,1,154779,Some-college,Local-gov,Adm-clerical,0,0,40,39,0
54,Male,White,Married-civ-spouse,0,113000,Some-college,Local-gov,Farming-fishing,0,0,40,39,0
33,Male,Black,Never-married,4,394727,10th,Private,Handlers-cleaners,0,0,40,39,0
47,Female,White,Divorced,1,154033,Some-college,Local-gov,Prof-specialty,0,1876,40,39,0
34,Male,Black,Married-civ-spouse,0,284703,Some-college,Federal-gov,Machine-op-inspct,0,0,52,39,0
17,Female,White,Never-married,3,127366,11th,Private,Sales,0,0,8,39,0
62,Male,White,Married-civ-spouse,0,160155,7th-8th,Other,Other,6418,0,40,39,1
37,Male,Black,Married-civ-spouse,0,238311,HS-grad,Private,Machine-op-inspct,0,0,36,39,1
36,Male,Black,Married-civ-spouse,0,414683,Bachelors,Private,Prof-specialty,0,0,40,39,0
28,Female,White,Never-married,1,173673,5th-6th,Private,Other-service,0,0,40,26,0
28,Male,White,Never-married,1,109001,HS-grad,Private,Craft-repair,0,0,40,39,0
42,Male,White,Married-civ-spouse,0,170721,HS-grad,Self-emp-not-inc,Craft-repair,0,2002,40,39,0
31,Male,Black,Never-married,2,217962,Some-college,Private,Protective-serv,0,0,40,0,0
38,Male,White,Married-civ-spouse,0,177305,HS-grad,Private,Craft-repair,0,0,45,39,0
45,Male,White,Divorced,1,168262,Masters,Private,Prof-specialty,0,0,40,39,0
34,Male,White,Never-married,3,167063,HS-grad,Local-gov,Protective-serv,0,0,40,39,0
23,Female,White,Divorced,4,40021,Some-college,Local-gov,Adm-clerical,0,0,70,39,0
32,Male,White,Divorced,1,388672,Some-college,Private,Handlers-cleaners,0,0,16,39,0
28,Female,Black,Never-married,1,268222,11th,Other,Other,0,0,40,39,0
49,Female,White,Divorced,1,218357,Assoc-voc,Private,Prof-specialty,0,0,38,39,0
33,Male,White,Married-civ-spouse,0,104525,HS-grad,Private,Handlers-cleaners,0,0,40,39,0
45,Male,White,Married-civ-spouse,0,182100,Bachelors,Local-gov,Sales,0,0,40,39,1
38,Male,White,Married-civ-spouse,0,159179,HS-grad,Private,Craft-repair,0,0,40,39,0
25,Male,White,Never-married,1,177017,HS-grad,Private,Sales,0,1504,37,39,0
29,Male,Amer-Indian-Eskimo,Married-civ-spouse,0,190636,Some-college,Self-emp-not-inc,Craft-repair,0,1485,60,39,1
50,Male,White,Married-civ-spouse,0,34832,Bachelors,Private,Tech-support,15024,0,40,39,1
17,Male,White,Never-married,3,171080,11th,Private,Other-service,0,0,12,39,0
36,Male,White,Married-civ-spouse,0,210945,Bachelors,Private,Prof-specialty,0,0,40,39,1
26,Female,White,Never-married,1,96467,Bachelors,Private,Prof-specialty,0,0,40,39,0
37,Male,White,Never-married,1,27997,HS-grad,Self-emp-inc,Transport-moving,0,0,50,39,0
27,Male,White,Married-civ-spouse,0,228472,Bachelors,Private,Craft-repair,0,0,45,39,1
70,Female,Black,Widowed,4,405362,7th-8th,Private,Other-service,0,0,38,39,0
36,Female,Asian-Pac-Islander,Divorced,4,247600,Assoc-acdm,Private,Exec-managerial,0,0,40,36,0
55,Female,White,Divorced,4,51008,HS-grad,Private,Adm-clerical,0,0,40,39,0
44,Female,Black,Separated,4,215468,Bachelors,Private,Machine-op-inspct,0,0,7,39,0
54,Male,White,Married-civ-spouse,0,185407,Bachelors,Private,Exec-managerial,0,0,60,39,1
50,Female,White,Widowed,4,217577,HS-grad,Private,Machine-op-inspct,0,0,40,39,0
19,Male,Black,Never-married,2,204441,HS-grad,Other,Other,0,0,20,39,0
33,Female,White,Married-civ-spouse,5,126414,Bachelors,Private,Other-service,0,0,40,0,0
60,Female,White,Married-civ-spouse,5,207665,HS-grad,Private,Tech-support,0,0,40,39,1
28,Female,White,Never-married,1,89718,HS-grad,Private,Sales,2202,0,48,39,0
29,Male,White,Married-civ-spouse,0,207064,HS-grad,Private,Craft-repair,0,0,40,39,1
57,Male,Black,Married-civ-spouse,0,189824,Some-college,Local-gov,Handlers-cleaners,7298,0,40,39,1
38,Female,White,Never-married,4,235379,Assoc-acdm,Private,Prof-specialty,0,0,36,39,0
49,Female,White,Divorced,1,202053,HS-grad,Private,Sales,0,0,32,39,0
32,Female,White,Never-married,1,169886,Bachelors,Other,Other,0,0,20,0,0
41,Male,Black,Married-civ-spouse,0,131591,HS-grad,Private,Adm-clerical,0,0,45,39,0
67,Female,White,Widowed,1,224984,HS-grad,Private,Adm-clerical,15831,0,16,11,1
22,Male,White,Married-civ-spouse,0,216867,5th-6th,Private,Craft-repair,0,0,48,26,0
41,Male,White,Married-civ-spouse,0,230168,Some-college,Self-emp-inc,Sales,0,0,91,39,0
33,Male,White,Never-married,1,59944,HS-grad,Private,Transport-moving,0,0,40,39,0
35,Female,White,Divorced,4,133906,HS-grad,Private,Adm-clerical,0,0,40,39,0
23,Male,White,Never-married,1,320294,HS-grad,Private,Exec-managerial,0,0,40,39,0
33,Female,White,Married-civ-spouse,3,193172,Assoc-voc,Other,Other,7688,0,50,39,1
51,Female,White,Married-civ-spouse,5,139347,HS-grad,Private,Adm-clerical,7688,0,40,39,1
56,Male,White,Never-married,1,196307,Bachelors,Self-emp-not-inc,Prof-specialty,0,0,20,39,0
29,Female,White,Married-civ-spouse,5,201022,Bachelors,Private,Exec-managerial,0,0,50,39,1
25,Female,White,Divorced,3,171236,HS-grad,Private,Handlers-cleaners,0,0,40,39,0
22,Male,White,Never-married,3,184813,Some-college,Private,Adm-clerical,0,0,40,39,0
45,Male,White,Never-married,1,44791,Bachelors,Private,Prof-specialty,0,0,40,39,0
55,Male,White,Divorced,1,205527,HS-grad,Other,Other,0,0,20,39,0
43,Male,White,Never-married,1,182437,Bachelors,Private,Prof-specialty,0,0,45,39,1
43,Female,White,Married-spouse-absent,4,342567,Bachelors,Private,Adm-clerical,0,0,40,39,0
30,Male,White,Never-married,1,54334,9th,Private,Sales,0,0,40,39,0
66,Male,White,Married-civ-spouse,0,427422,Doctorate,Self-emp-not-inc,Sales,0,2377,25,39,1
34,Female,White,Divorced,1,97355,Some-college,Private,Sales,0,0,60,39,0
30,Male,White,Married-civ-spouse,0,177304,Some-college,Private,Sales,0,0,44,39,0
34,Male,White,Divorced,1,127651,Bachelors,Self-emp-inc,Farming-fishing,0,0,60,39,0
38,Male,White,Married-civ-spouse,0,245090,9th,Self-emp-not-inc,Craft-repair,0,0,40,26,0
38,Female,White,Divorced,1,212048,Prof-school,Other,Other,0,0,30,39,0
25,Male,White,Never-married,4,179462,7th-8th,Private,Handlers-cleaners,0,0,40,39,0
26,Male,White,Never-married,3,136226,HS-grad,Private,Craft-repair,0,0,40,39,0
68,Male,White,Married-civ-spouse,0,211584,Some-college,Self-emp-not-inc,Sales,0,0,40,39,1
34,Male,White,Married-civ-spouse,0,238376,1st-4th,Private,Craft-repair,0,0,40,26,0
34,Male,White,Married-civ-spouse,0,356882,Some-college,Private,Sales,0,0,45,39,1
30,Female,White,Never-married,1,190385,Some-college,State-gov,Adm-clerical,0,0,37,39,0
57,Male,White,Married-civ-spouse,0,317969,HS-grad,Private,Exec-managerial,0,0,50,39,0
41,Male,Black,Never-married,1,216968,Bachelors,Private,Handlers-cleaners,0,0,40,0,0
42,Male,White,Married-civ-spouse,0,190290,Assoc-acdm,Private,Prof-specialty,0,0,40,39,1
41,Female,Asian-Pac-Islander,Married-civ-spouse,5,217921,9th,Other,Other,0,0,40,17,0
35,Female,Amer-Indian-Eskimo,Never-married,1,153790,Some-college,Private,Sales,0,0,40,39,0
36,Female,White,Widowed,3,139743,Some-college,Private,Prof-specialty,0,0,40,39,0
62,Male,Asian-Pac-Islander,Married-civ-spouse,0,77884,HS-grad,Private,Sales,0,0,40,30,0
24,Female,White,Never-married,3,193416,Some-college,Local-gov,Protective-serv,0,0,40,39,0
52,Male,White,Married-civ-spouse,0,94391,HS-grad,Private,Adm-clerical,0,0,40,39,0
50,Male,White,Never-married,1,338033,Some-college,Private,Other-service,0,0,32,39,0
38,Female,White,Never-married,3,187346,HS-grad,Private,Sales,0,0,40,39,0
26,Female,White,Never-married,3,212800,Assoc-acdm,Private,Prof-specialty,0,0,36,39,0
61,Male,White,Married-civ-spouse,0,232719,Masters,Private,Prof-specialty,0,0,50,39,0
28,Male,White,Married-civ-spouse,0,249541,Some-college,Private,Craft-repair,0,0,40,39,0
47,Male,White,Married-civ-spouse,0,192793,Doctorate,Private,Prof-specialty,0,0,40,20,1
44,Male,White,Married-civ-spouse,0,104892,Some-college,Self-emp-inc,Craft-repair,0,0,58,39,1
21,Female,White,Separated,1,187643,HS-grad,Private,Other-service,0,0,40,39,0
30,Female,White,Never-married,4,81282,HS-grad,Private,Other-service,0,0,40,39,0
27,Male,White,Married-civ-spouse,0,157941,Assoc-voc,Private,Sales,0,0,45,39,0
48,Female,White,Married-spouse-absent,4,497486,HS-grad,Federal-gov,Adm-clerical,1471,0,40,39,0
31,Male,Asian-Pac-Islander,Never-married,2,86143,HS-grad,State-gov,Protective-serv,0,0,40,39,0
43,Female,Black,Never-married,4,169628,Bachelors,Private,Sales,0,0,35,39,1
19,Female,Asian-Pac-Islander,Married-civ-spouse,5,109938,11th,Other,Other,0,0,40,25,0
49,Female,White,Separated,4,169042,HS-grad,Private,Prof-specialty,0,625,40,33,0
67,Male,White,Married-spouse-absent,1,212705,Masters,Private,Exec-managerial,0,0,55,39,1
39,Male,White,Never-married,4,172538,HS-grad,Private,Machine-op-inspct,0,0,40,39,0
41,Female,White,Never-married,1,185132,Bachelors,Private,Prof-specialty,0,0,45,39,0
59,Male,White,Married-civ-spouse,0,200453,Masters,Self-emp-inc,Sales,0,0,40,39,0
29,Male,White,Married-civ-spouse,0,213842,Some-college,Private,Craft-repair,0,0,40,39,0
31,Female,White,Divorced,4,102270,7th-8th,Private,Machine-op-inspct,0,0,40,39,0
46,Male,Amer-Indian-Eskimo,Divorced,4,134727,11th,Private,Machine-op-inspct,0,0,43,11,0
39,Male,White,Never-married,1,191103,HS-grad,Private,Other-service,0,0,40,39,0
36,Female,White,Married-civ-spouse,5,66173,Assoc-acdm,Private,Sales,0,0,15,39,0
30,Male,White,Never-married,1,76107,HS-grad,Private,Transport-moving,0,0,45,39,1
68,Male,White,Married-civ-spouse,0,182131,Some-college,Self-emp-inc,Exec-managerial,10605,0,20,39,1
37,Female,White,Divorced,1,198216,Assoc-acdm,Private,Tech-support,0,0,40,39,0
57,Male,White,Separated,1,206343,HS-grad,Private,Machine-op-inspct,2174,0,40,5,0
22,Male,White,Never-married,2,134181,HS-grad,Local-gov,Handlers-cleaners,0,0,50,39,0
38,Female,White,Married-civ-spouse,5,127601,Some-college,Private,Handlers-cleaners,0,0,35,39,0
40,Male,White,Married-civ-spouse,0,238574,Prof-school,Self-emp-not-inc,Prof-specialty,0,0,55,39,1
49,Male,White,Divorced,1,30751,Assoc-voc,Self-emp-inc,Exec-managerial,0,0,60,39,0
46,Male,White,Divorced,1,185673,HS-grad,Private,Transport-moving,0,0,40,39,0
28,Male,White,Never-married,2,403671,HS-grad,Private,Other-service,0,0,40,26,0
37,Male,White,Married-civ-spouse,0,329980,Masters,Private,Exec-managerial,0,2415,60,39,1
42,Male,White,Married-civ-spouse,0,169383,Masters,Private,Prof-specialty,0,0,40,39,1
35,Male,White,Married-civ-spouse,0,331831,Bachelors,Private,Sales,0,0,40,39,0
50,Female,White,Divorced,1,120190,Masters,Local-gov,Prof-specialty,0,0,45,39,0
64,Male,White,Married-civ-spouse,0,140237,Preschool,Other,Other,0,0,40,39,0
30,Female,White,Married-civ-spouse,5,181372,Bachelors,Local-gov,Prof-specialty,0,0,33,39,1
56,Female,Other,Widowed,4,247119,7th-8th,Private,Machine-op-inspct,0,0,40,6,0
23,Male,White,Never-married,3,187513,Assoc-voc,Private,Machine-op-inspct,0,0,40,39,0
46,Female,White,Divorced,1,108699,Some-college,Private,Sales,0,0,40,39,0
56,Male,White,Married-civ-spouse,0,125147,10th,Self-emp-not-inc,Transport-moving,0,0,60,39,0
66,Male,White,Married-civ-spouse,0,182470,Prof-school,Self-emp-not-inc,Prof-specialty,0,0,25,39,1
26,Female,White,Never-married,1,195555,Bachelors,Private,Sales,0,0,40,39,0
31,Female,White,Divorced,1,193650,11th,Private,Other-service,0,0,40,39,0
38,Female,White,Never-married,3,166988,Bachelors,Private,Adm-clerical,0,0,40,39,0
20,Female,White,Never-married,3,205975,HS-grad,Private,Adm-clerical,0,0,20,39,0
65,Male,White,Married-civ-spouse,0,81413,HS-grad,Self-emp-inc,Farming-fishing,0,2352,65,39,0
22,Female,White,Married-civ-spouse,5,200109,HS-grad,Private,Priv-house-serv,4508,0,40,39,0
43,Female,White,Married-civ-spouse,5,216685,HS-grad,Private,Prof-specialty,0,0,35,39,0
42,Male,White,Married-civ-spouse,0,157562,Bachelors,Self-emp-not-inc,Farming-fishing,0,1902,80,39,1
25,Male,White,Never-married,3,200681,Some-college,Other,Other,0,0,40,39,0
43,Male,White,Married-civ-spouse,0,159549,Some-college,Private,Sales,0,0,50,39,1
45,Male,White,Married-civ-spouse,0,102359,Bachelors,Local-gov,Prof-specialty,0,0,37,39,0
25,Female,White,Never-married,3,132661,Assoc-voc,Private,Adm-clerical,0,0,60,39,0
31,Male,White,Married-civ-spouse,0,115488,HS-grad,Private,Farming-fishing,0,0,40,39,0
53,Male,White,Married-civ-spouse,0,46704,Masters,Self-emp-not-inc,Prof-specialty,0,0,50,39,1
46,Male,White,Married-civ-spouse,0,394860,Bachelors,State-gov,Prof-specialty,0,0,38,39,0
65,Female,White,Divorced,1,179985,HS-grad,Federal-gov,Adm-clerical,0,0,40,39,0
63,Male,White,Married-civ-spouse,0,28856,7th-8th,Local-gov,Other-service,0,0,55,39,0
41,Female,White,Never-married,1,254440,Assoc-voc,Private,Prof-specialty,0,0,60,39,0
55,Male,White,Married-civ-spouse,0,298449,Bachelors,Self-emp-inc,Exec-managerial,0,2415,50,39,1
47,Female,Black,Separated,2,155509,HS-grad,Private,Other-service,0,0,35,39,0
26,Male,White,Never-married,1,259585,Some-college,Private,Sales,0,0,24,39,0
43,Male,White,Married-civ-spouse,0,270721,Bachelors,State-gov,Exec-managerial,0,0,55,39,1
53,Male,White,Married-civ-spouse,0,231919,HS-grad,Private,Machine-op-inspct,0,0,45,39,0
32,Female,White,Divorced,4,188154,Some-college,Private,Machine-op-inspct,0,0,40,39,0
19,Female,White,Never-married,3,45643,Some-college,Other,Other,0,0,25,39,0
42,Male,White,Married-civ-spouse,0,195124,HS-grad,Other,Other,0,0,60,6,0
33,Female,Amer-Indian-Eskimo,Never-married,2,110998,HS-grad,Private,Other-service,0,0,36,39,0
44,Female,White,Never-married,1,202872,Bachelors,Private,Prof-specialty,0,0,45,39,0
18,Male,Black,Never-married,2,131033,11th,Private,Other-service,0,0,15,39,0
46,Male,White,Married-civ-spouse,0,238162,Bachelors,Private,Craft-repair,0,0,45,39,1
33,Female,White,Divorced,4,268451,Some-college,Private,Exec-managerial,0,0,40,39,0
57,Male,White,Married-civ-spouse,0,368797,HS-grad,Self-emp-inc,Exec-managerial,0,0,40,39,0
25,Female,White,Married-civ-spouse,5,27678,Some-college,Private,Other-service,0,0,60,39,0
36,Female,Black,Never-married,1,139703,Masters,Local-gov,Prof-specialty,0,0,40,39,0
25,Male,White,Never-married,1,112835,Masters,Local-gov,Protective-serv,0,0,40,39,0
57,Male,White,Never-married,1,174353,HS-grad,Private,Exec-managerial,0,0,40,39,0
39,Female,White,Never-married,1,65738,Masters,Private,Other-service,0,0,32,39,0
37,Male,White,Married-civ-spouse,0,216924,HS-grad,Private,Handlers-cleaners,0,0,44,39,1
53,Male,White,Married-civ-spouse,0,167065,11th,Private,Machine-op-inspct,0,0,40,39,0
50,Male,White,Married-civ-spouse,0,36480,HS-grad,Private,Exec-managerial,0,0,40,39,0
63,Male,White,Married-civ-spouse,0,179400,HS-grad,Self-emp-not-inc,Craft-repair,2290,0,20,39,0
34,Male,Black,Married-civ-spouse,0,180714,Some-college,Private,Transport-moving,0,2179,40,39,0
52,Female,White,Married-civ-spouse,5,311931,5th-6th,Private,Sales,0,0,15,8,0
34,Male,White,Married-civ-spouse,0,102130,HS-grad,Private,Sales,0,0,65,39,1
37,Female,Asian-Pac-Islander,Divorced,1,60722,Some-college,Private,Exec-managerial,0,0,40,24,1
35,Male,White,Married-civ-spouse,0,289430,Masters,Self-emp-inc,Sales,0,0,45,26,1
21,Female,White,Never-married,2,63899,11th,Private,Adm-clerical,0,0,40,39,0
26,Female,Black,Never-married,3,190350,Bachelors,Local-gov,Prof-specialty,0,0,35,39,0
30,Male,White,Never-married,1,177675,Some-college,Private,Craft-repair,0,0,40,39,1
31,Female,White,Never-married,1,97933,Some-college,Private,Adm-clerical,0,0,40,39,0
43,Male,White,Married-civ-spouse,0,258049,Masters,Private,Exec-managerial,7688,0,53,39,1
29,Male,White,Never-married,1,304595,Masters,Private,Sales,0,0,50,39,1
31,Male,White,Never-married,3,117963,Doctorate,Self-emp-inc,Prof-specialty,0,0,40,39,0
19,Male,White,Never-married,3,263338,Some-college,Other,Other,0,0,45,39,0
20,Male,White,Never-married,3,155775,HS-grad,Private,Craft-repair,0,0,30,39,0
27,Male,White,Married-civ-spouse,0,109001,Some-college,Private,Craft-repair,0,0,49,39,0
40,Male,White,Married-civ-spouse,0,344060,Prof-school,Self-emp-inc,Prof-specialty,0,0,50,39,1
46,Male,White,Married-spouse-absent,1,320421,Bachelors,Self-emp-not-inc,Prof-specialty,0,0,25,39,0
29,Female,White,Never-married,1,179565,Bachelors,Private,Adm-clerical,0,0,40,39,0
36,Male,White,Married-civ-spouse,0,107410,HS-grad,Private,Sales,0,0,40,39,0
34,Female,White,Never-married,1,321709,Assoc-acdm,Self-emp-not-inc,Prof-specialty,0,0,25,39,0
34,Male,White,Never-married,1,204052,HS-grad,Private,Craft-repair,0,0,40,39,0
17,Female,White,Never-married,3,34088,12th,Other,Other,0,0,25,39,0
51,Female,White,Married-civ-spouse,5,205884,Some-college,Private,Tech-support,0,0,40,39,1
46,Male,White,Married-civ-spouse,0,85109,Some-college,Private,Machine-op-inspct,0,1628,40,39,0
27,Female,White,Divorced,2,61580,Some-college,Private,Adm-clerical,0,0,40,39,0
21,Female,White,Never-married,2,194723,Some-college,Private,Adm-clerical,0,0,40,26,0
57,Male,White,Divorced,4,348430,1st-4th,Private,Craft-repair,0,0,40,32,0
27,Male,White,Never-married,1,302422,HS-grad,Private,Adm-clerical,0,0,40,39,0
20,Male,White,Never-married,3,182117,Some-college,Other,Other,0,0,40,39,0
36,Male,White,Married-civ-spouse,0,280169,Masters,Private,Exec-managerial,0,0,50,39,1
38,Male,White,Married-civ-spouse,0,95432,HS-grad,Federal-gov,Adm-clerical,0,0,40,39,1
27,Male,White,Separated,3,492263,10th,Private,Machine-op-inspct,0,0,35,26,0
23,Female,White,Never-married,1,342769,Bachelors,Private,Tech-support,0,0,20,39,0
62,Female,White,Widowed,1,164518,HS-grad,Local-gov,Adm-clerical,0,0,38,39,0
26,Male,White,Never-married,1,193945,Assoc-acdm,Private,Tech-support,0,0,45,39,0
33,Male,White,Married-civ-spouse,0,374905,10th,State-gov,Other-service,0,0,40,39,0
27,Male,White,Married-civ-spouse,0,221317,11th,Local-gov,Craft-repair,0,0,40,26,0
38,Male,White,Never-married,1,179579,HS-grad,Private,Prof-specialty,0,0,40,39,0
27,Male,White,Never-married,1,180758,Assoc-acdm,Private,Sales,0,0,40,39,0
34,Male,White,Married-civ-spouse,0,353927,Some-college,Self-emp-inc,Exec-managerial,0,0,40,39,1
32,Female,White,Never-married,1,252752,Masters,Private,Exec-managerial,13550,0,60,39,1
33,Male,Black,Never-married,1,554206,Some-college,Private,Tech-support,0,0,40,30,0
25,Male,White,Never-married,3,220220,11th,Private,Handlers-cleaners,0,0,45,39,0
46,Male,Asian-Pac-Islander,Married-civ-spouse,0,124733,Some-college,Private,Craft-repair,0,0,40,40,0
18,Male,White,Never-married,3,208447,12th,Private,Handlers-cleaners,0,0,6,39,0
30,Male,White,Never-married,1,496414,Doctorate,Private,Prof-specialty,0,0,40,0,0
17,Female,White,Never-married,3,147069,10th,Private,Sales,0,0,16,39,0
66,Male,White,Married-civ-spouse,0,168071,HS-grad,Other,Other,0,0,30,39,0
46,Female,White,Divorced,4,160474,HS-grad,Private,Adm-clerical,0,1590,43,39,0
40,Female,White,Married-civ-spouse,5,205706,HS-grad,Private,Exec-managerial,0,0,40,39,0
42,Male,White,Married-civ-spouse,0,412379,HS-grad,Private,Handlers-cleaners,0,0,40,39,0
28,Male,White,Divorced,4,187160,Prof-school,Private,Prof-specialty,0,0,55,39,0
36,Male,Black,Never-married,3,255454,HS-grad,Private,Craft-repair,0,0,30,39,0
64,Male,Asian-Pac-Islander,Married-civ-spouse,0,84737,HS-grad,Local-gov,Other-service,0,0,35,39,1
28,Female,White,Married-civ-spouse,5,229223,Assoc-voc,Local-gov,Prof-specialty,7688,0,36,39,1
41,Male,Asian-Pac-Islander,Married-civ-spouse,0,178431,HS-grad,Private,Craft-repair,0,0,40,36,0
27,Female,White,Married-spouse-absent,4,219371,HS-grad,Private,Adm-clerical,0,0,40,23,0
54,Male,White,Married-civ-spouse,0,178356,9th,Local-gov,Other-service,0,0,40,39,0
23,Male,Asian-Pac-Islander,Never-married,3,72887,HS-grad,Private,Craft-repair,0,0,1,40,0
28,Male,White,Married-civ-spouse,0,215211,HS-grad,Private,Sales,0,0,50,39,0
36,Male,White,Married-civ-spouse,0,186934,Bachelors,Federal-gov,Adm-clerical,0,1848,55,39,1
45,Male,White,Divorced,1,353012,HS-grad,Private,Transport-moving,0,0,40,39,0
39,Male,White,Married-civ-spouse,0,176949,Assoc-acdm,State-gov,Protective-serv,0,0,52,39,0
49,Male,White,Divorced,4,180899,Masters,Private,Exec-managerial,0,1755,45,39,1
37,Male,White,Never-married,1,52465,HS-grad,Local-gov,Other-service,0,0,40,39,0
55,Female,White,Divorced,1,84564,Prof-school,Local-gov,Prof-specialty,0,0,39,39,0
23,Female,White,Divorced,1,284651,Bachelors,Self-emp-inc,Sales,0,0,43,39,0
36,Female,Black,Separated,4,240323,HS-grad,Private,Sales,0,0,17,39,0
40,Male,White,Never-married,3,33155,HS-grad,Local-gov,Other-service,0,0,40,39,0
57,Male,White,Widowed,4,186386,Bachelors,Private,Prof-specialty,10520,0,40,39,1
35,Male,White,Never-married,1,290226,HS-grad,Private,Exec-managerial,0,0,45,39,0
41,Female,White,Married-civ-spouse,5,108681,Some-college,Private,Adm-clerical,0,0,40,39,0
21,Female,White,Never-married,3,174907,Assoc-acdm,Private,Sales,0,0,32,39,0
28,Male,White,Married-civ-spouse,0,33798,Assoc-voc,Private,Machine-op-inspct,0,0,40,39,0
17,Female,White,Never-married,3,228399,11th,Private,Other-service,0,0,7,39,0
43,Male,White,Married-civ-spouse,0,137126,Some-college,Private,Exec-managerial,0,0,40,39,1
51,Male,White,Married-civ-spouse,0,146574,Masters,Private,Exec-managerial,0,0,50,39,1
38,Female,Other,Divorced,4,165302,Some-college,Private,Adm-clerical,0,0,40,39,0
42,Male,White,Married-civ-spouse,0,176286,Assoc-acdm,Private,Exec-managerial,0,0,40,39,1
47,Female,White,Never-married,1,380127,HS-grad,Federal-gov,Exec-managerial,0,0,40,39,0
38,Male,White,Married-civ-spouse,0,295127,Some-college,Private,Machine-op-inspct,0,0,40,39,0
30,Male,White,Divorced,1,347166,HS-grad,Self-emp-not-inc,Craft-repair,0,0,40,39,0
46,Female,White,Divorced,1,188293,HS-grad,Private,Adm-clerical,0,0,40,39,0
41,Male,White,Married-civ-spouse,0,175674,Some-college,Private,Sales,0,0,40,39,1
28,Male,White,Never-married,1,270887,Assoc-acdm,Private,Sales,0,0,65,39,0
44,Male,White,Married-civ-spouse,0,325461,Bachelors,Private,Exec-managerial,0,1902,50,39,1
38,Male,White,Married-civ-spouse,0,261241,Some-college,Federal-gov,Adm-clerical,0,0,45,39,1
25,Female,White,Divorced,4,201737,Some-college,Private,Adm-clerical,0,0,40,39,0
62,Male,White,Divorced,1,81116,Some-college,Private,Adm-clerical,0,1974,40,39,0
31,Male,White,Married-civ-spouse,0,229946,HS-grad,Self-emp-not-inc,Prof-specialty,0,0,40,4,0
27,Male,White,Never-married,1,329426,Bachelors,Private,Exec-managerial,0,0,45,39,0
30,Male,White,Never-married,3,143526,Bachelors,Private,Sales,0,0,40,39,0
39,Male,White,Divorced,4,58972,Assoc-acdm,Private,Exec-managerial,1506,0,40,39,0
44,Female,White,Married-civ-spouse,5,162028,Some-college,Private,Adm-clerical,0,2415,6,39,1
18,Female,White,Never-married,3,152182,Some-college,Private,Other-service,0,0,25,39,0
65,Male,White,Married-civ-spouse,0,78875,Some-college,Self-emp-not-inc,Exec-managerial,2290,0,40,39,0
52,Male,Other,Married-civ-spouse,0,181855,Prof-school,Self-emp-inc,Prof-specialty,99999,0,65,39,1
57,Male,White,Married-civ-spouse,0,165881,Prof-school,Self-emp-inc,Prof-specialty,0,0,40,39,0
57,Female,White,Married-civ-spouse,5,225334,Prof-school,Self-emp-not-inc,Sales,15024,0,35,39,1
60,Male,White,Married-civ-spouse,0,33266,HS-grad,Private,Protective-serv,0,0,40,39,0
24,Female,White,Never-married,3,21154,Some-college,Private,Adm-clerical,0,0,30,39,0
21,Female,Asian-Pac-Islander,Never-married,3,154835,Some-college,Private,Adm-clerical,0,0,40,40,0
42,Male,White,Married-civ-spouse,0,52781,Some-college,Private,Tech-support,0,0,40,39,0
43,Female,White,Married-civ-spouse,5,209894,HS-grad,Private,Adm-clerical,0,0,40,39,1
62,Female,Black,Widowed,1,407669,7th-8th,Local-gov,Other-service,0,0,35,39,0
24,Male,White,Never-married,3,653574,HS-grad,Private,Craft-repair,0,0,40,8,0
24,Female,White,Never-married,3,275421,Assoc-voc,Private,Machine-op-inspct,0,0,40,39,0
43,Female,Black,Separated,4,206833,HS-grad,Private,Handlers-cleaners,0,0,45,39,0
26,Female,White,Never-married,1,174921,Bachelors,Private,Prof-specialty,0,0,40,39,0
19,Female,White,Never-married,3,168693,HS-grad,Private,Sales,0,0,25,39,0
34,Male,White,Married-civ-spouse,0,173266,HS-grad,State-gov,Tech-support,0,0,40,39,1
20,Male,White,Never-married,3,283499,Some-college,Private,Transport-moving,0,0,30,39,0
20,Female,White,Never-married,3,210338,Some-college,Private,Other-service,0,0,15,39,0
39,Male,White,Never-married,1,86643,Some-college,Private,Craft-repair,0,0,50,39,0
26,Male,White,Never-married,1,112847,HS-grad,Private,Handlers-cleaners,0,0,40,39,0
43,Female,White,Married-civ-spouse,5,143046,HS-grad,Private,Machine-op-inspct,0,0,40,12,0
49,Male,White,Divorced,1,188823,HS-grad,Private,Prof-specialty,0,0,42,39,0
43,Female,White,Divorced,4,148998,HS-grad,Private,Adm-clerical,0,0,40,39,0
43,Male,White,Married-civ-spouse,0,206927,HS-grad,State-gov,Prof-specialty,0,0,40,39,0
42,Female,White,Never-married,3,143046,HS-grad,Private,Other-service,0,0,40,39,0
62,Male,White,Married-civ-spouse,0,204085,Some-college,Self-emp-not-inc,Sales,0,0,25,39,0
46,Male,White,Married-civ-spouse,0,212120,Assoc-voc,Federal-gov,Adm-clerical,0,0,40,39,1
24,Male,Black,Never-married,3,106085,HS-grad,Private,Other-service,0,1721,30,39,0
36,Male,White,Married-civ-spouse,0,239074,Assoc-acdm,Federal-gov,Other-service,0,0,40,39,0
27,Male,White,Never-married,2,241607,Bachelors,Private,Tech-support,0,0,50,39,0
26,Male,Black,Never-married,1,290286,HS-grad,Private,Craft-repair,0,0,40,39,0
17,Male,Black,Never-married,3,173497,11th,Local-gov,Prof-specialty,0,0,15,39,0
23,Male,White,Never-married,3,117618,Some-college,Private,Handlers-cleaners,0,0,35,39,0
35,Male,Black,Married-civ-spouse,0,372130,HS-grad,State-gov,Protective-serv,0,0,40,39,0
38,Male,White,Married-civ-spouse,0,180220,HS-grad,Self-emp-not-inc,Craft-repair,0,0,60,39,0
39,Male,White,Never-married,4,191807,HS-grad,Private,Machine-op-inspct,0,0,48,39,0
25,Male,White,Married-civ-spouse,3,469697,Some-college,Private,Craft-repair,0,0,40,39,0
18,Male,White,Never-married,3,245199,Some-college,Private,Other-service,0,0,40,39,0
25,Male,White,Married-civ-spouse,0,190628,Some-college,Private,Craft-repair,0,0,40,4,0
42,Male,White,Married-civ-spouse,0,325353,Assoc-acdm,Private,Adm-clerical,7688,0,42,39,1
58,Male,White,Married-civ-spouse,0,110199,7th-8th,State-gov,Transport-moving,0,0,40,39,0
48,Male,White,Married-civ-spouse,0,168283,Some-college,Private,Transport-moving,0,0,45,39,1
24,Male,White,Never-married,4,424034,HS-grad,Private,Exec-managerial,0,0,40,39,0
18,Male,White,Never-married,3,234428,11th,Private,Other-service,0,0,20,39,0
30,Female,Black,Never-married,3,201196,11th,Other,Other,0,0,40,39,0
22,Female,White,Never-married,3,212114,Bachelors,Private,Handlers-cleaners,0,0,15,39,0
25,Male,White,Never-married,1,66935,HS-grad,Private,Craft-repair,0,0,35,39,0
38,Male,White,Married-civ-spouse,0,205852,Bachelors,Private,Exec-managerial,0,0,40,39,1
45,Female,White,Divorced,1,271962,Bachelors,State-gov,Protective-serv,0,0,40,39,0
22,Female,White,Never-married,3,29810,Some-college,Private,Transport-moving,0,0,30,39,0
31,Female,Amer-Indian-Eskimo,Divorced,1,87950,Assoc-voc,Private,Sales,0,0,40,39,0
33,Male,White,Married-civ-spouse,0,117963,Assoc-acdm,Self-emp-inc,Exec-managerial,0,1887,60,39,1
18,Male,White,Never-married,3,266681,11th,Private,Other-service,0,0,20,39,0
59,Male,White,Married-civ-spouse,0,140478,Masters,Local-gov,Prof-specialty,0,0,40,39,1
17,Male,White,Never-married,3,286960,11th,Private,Prof-specialty,0,0,40,39,0
39,Male,White,Never-married,3,101260,HS-grad,Private,Machine-op-inspct,0,0,40,39,0
50,Male,White,Married-civ-spouse,0,226497,Some-college,Private,Tech-support,0,0,45,39,1
22,Female,White,Separated,4,205970,10th,Private,Other-service,0,0,35,39,0
45,Female,White,Married-civ-spouse,5,98881,11th,Private,Other-service,0,0,32,39,0
20,Female,White,Never-married,1,190423,Some-college,Private,Other-service,0,0,20,39,0
21,Female,White,Never-married,3,170272,Some-college,Other,Other,0,0,25,39,0
43,Male,White,Married-civ-spouse,0,146908,Some-college,State-gov,Craft-repair,0,0,40,0,0
58,Female,White,Separated,4,202652,HS-grad,Private,Other-service,0,0,40,6,0
40,Male,White,Married-civ-spouse,0,49249,Bachelors,Self-emp-inc,Exec-managerial,0,0,50,39,1
38,Male,White,Married-civ-spouse,0,207066,HS-grad,Federal-gov,Exec-managerial,0,0,42,39,1
52,Female,Black,Divorced,3,90189,7th-8th,Private,Priv-house-serv,0,0,16,39,0
43,Female,White,Divorced,4,186995,HS-grad,Local-gov,Protective-serv,0,0,40,39,0
90,Male,White,Married-civ-spouse,0,46786,Bachelors,Private,Sales,9386,0,15,39,1
31,Male,White,Married-civ-spouse,0,42485,HS-grad,Private,Machine-op-inspct,0,0,55,39,0
25,Female,Black,Never-married,3,251854,11th,Private,Adm-clerical,0,0,40,39,0
29,Male,White,Married-civ-spouse,0,200511,Bachelors,Private,Sales,0,0,50,39,0
37,Male,White,Married-civ-spouse,0,143771,HS-grad,Private,Exec-managerial,0,0,60,39,1
63,Female,White,Widowed,1,38472,Some-college,Self-emp-inc,Sales,14084,0,60,39,1
23,Female,White,Never-married,3,227594,12th,Private,Machine-op-inspct,0,0,40,39,0
19,Male,White,Never-married,2,140459,11th,Private,Craft-repair,0,0,25,39,0
27,Male,Amer-Indian-Eskimo,Never-married,1,23740,HS-grad,State-gov,Transport-moving,0,0,38,39,1
40,Male,White,Separated,4,155767,HS-grad,Private,Machine-op-inspct,0,0,40,39,0
33,Female,White,Divorced,1,258932,HS-grad,Private,Exec-managerial,0,0,40,39,0
25,Male,White,Never-married,1,339324,Bachelors,Private,Tech-support,0,0,40,39,0
30,Male,White,Never-married,1,331419,Assoc-acdm,Private,Craft-repair,4787,0,50,39,1
33,Male,White,Married-civ-spouse,0,127894,Prof-school,Self-emp-not-inc,Prof-specialty,0,0,60,39,1
30,Male,Black,Never-married,4,366065,Some-college,Private,Craft-repair,0,0,40,39,0
66,Male,White,Married-civ-spouse,0,97847,Bachelors,Self-emp-not-inc,Sales,0,0,50,39,0
27,Female,White,Never-married,3,212622,Masters,Private,Exec-managerial,0,0,40,39,0
41,Male,White,Married-civ-spouse,0,182567,Bachelors,Private,Exec-managerial,0,0,40,0,1
39,Female,White,Divorced,4,30269,Assoc-voc,Private,Sales,0,0,40,39,0
41,Male,White,Divorced,1,423217,Bachelors,Self-emp-inc,Exec-managerial,0,0,50,39,0
30,Female,White,Never-married,4,237903,Some-college,Private,Handlers-cleaners,0,0,40,39,0
34,Male,White,Married-civ-spouse,0,175856,Bachelors,Private,Exec-managerial,3103,0,55,39,1
55,Female,White,Widowed,4,83401,5th-6th,Private,Machine-op-inspct,0,0,40,39,0
35,Male,White,Married-civ-spouse,0,216473,Some-college,Private,Adm-clerical,0,0,50,39,1
25,Male,White,Married-civ-spouse,0,51201,HS-grad,Private,Craft-repair,0,0,35,39,0
69,Male,White,Never-married,2,29980,7th-8th,Self-emp-not-inc,Farming-fishing,1848,0,10,39,0
36,Female,Black,Separated,4,355053,HS-grad,Private,Other-service,0,0,28,39,0
31,Female,White,Divorced,4,302626,Some-college,Private,Adm-clerical,0,0,40,39,0
41,Male,White,Married-civ-spouse,0,293791,Assoc-voc,Private,Transport-moving,0,0,55,39,0
38,Female,White,Married-civ-spouse,5,187934,HS-grad,Self-emp-inc,Other-service,0,0,20,31,0
31,Male,White,Never-married,1,61559,HS-grad,Private,Other-service,0,0,50,39,0
39,Female,White,Divorced,1,150217,Some-college,Private,Sales,0,0,38,39,0
21,Male,White,Never-married,1,162667,Bachelors,Private,Adm-clerical,0,0,40,4,0
75,Male,White,Married-civ-spouse,0,231741,Doctorate,Self-emp-not-inc,Prof-specialty,4931,0,3,39,0
79,Male,White,Married-civ-spouse,0,121318,Some-college,Private,Adm-clerical,0,0,20,39,0
57,Male,Asian-Pac-Islander,Married-civ-spouse,0,98350,Prof-school,Private,Craft-repair,0,1902,40,30,1
31,Male,White,Married-civ-spouse,0,286911,Some-college,State-gov,Adm-clerical,0,0,38,39,0
37,Male,White,Married-civ-spouse,0,99452,Some-college,Self-emp-inc,Transport-moving,0,0,55,39,1
32,Male,White,Married-civ-spouse,0,223267,HS-grad,Local-gov,Transport-moving,0,0,40,39,0
56,Male,White,Married-civ-spouse,0,130454,Bachelors,Federal-gov,Prof-specialty,0,0,40,39,1
63,Female,White,Married-civ-spouse,5,167501,Some-college,Self-emp-not-inc,Prof-specialty,20051,0,10,39,1
23,Male,White,Never-married,1,257509,Some-college,Private,Sales,0,0,25,39,0
39,Male,White,Married-civ-spouse,0,117683,HS-grad,Private,Transport-moving,0,0,40,39,1
77,Female,White,Widowed,1,187656,Some-college,Private,Priv-house-serv,0,0,20,39,0
47,Male,White,Married-civ-spouse,0,246891,Bachelors,Local-gov,Protective-serv,0,0,40,39,0
35,Male,White,Married-civ-spouse,0,31964,Bachelors,Private,Sales,0,0,50,39,1
23,Male,Black,Never-married,1,248344,Some-college,Local-gov,Other-service,0,0,30,39,0
36,Male,Black,Never-married,3,287658,HS-grad,Private,Adm-clerical,0,0,40,39,0
41,Female,White,Divorced,1,163322,Bachelors,Private,Tech-support,0,0,30,0,0
30,Male,White,Never-married,3,160634,Assoc-voc,Private,Craft-repair,0,0,40,39,1
28,Female,White,Divorced,1,137898,HS-grad,Private,Adm-clerical,0,0,35,39,0
80,Male,White,Widowed,1,107762,HS-grad,Other,Other,0,0,24,39,0
50,Male,White,Married-civ-spouse,0,54261,HS-grad,Self-emp-not-inc,Farming-fishing,0,0,84,39,0
45,Male,White,Married-civ-spouse,0,102559,Assoc-voc,Private,Craft-repair,0,0,40,2,1
23,Female,White,Divorced,4,259301,HS-grad,Private,Exec-managerial,0,0,40,39,0
38,Female,White,Never-married,2,108293,Masters,State-gov,Prof-specialty,0,0,40,39,0
28,Female,White,Married-civ-spouse,3,60374,HS-grad,Private,Other-service,0,0,35,39,0
26,Female,White,Never-married,1,163747,Bachelors,Private,Sales,0,0,55,39,0
35,Female,Black,Married-civ-spouse,5,462832,HS-grad,Self-emp-not-inc,Craft-repair,0,0,40,39,1
37,Male,White,Divorced,1,259089,Bachelors,Private,Exec-managerial,0,0,40,39,0
36,Female,Asian-Pac-Islander,Widowed,4,110998,Masters,Private,Tech-support,0,0,40,19,0
22,Female,White,Never-married,3,400966,Some-college,Private,Adm-clerical,0,0,40,39,0
35,Male,White,Married-civ-spouse,0,202950,HS-grad,Private,Exec-managerial,0,0,55,20,1
49,Male,White,Married-civ-spouse,0,185041,HS-grad,Private,Machine-op-inspct,0,0,40,39,0
31,Male,Black,Never-married,3,295589,Some-college,Local-gov,Adm-clerical,0,0,40,39,0
42,Female,White,Separated,4,195821,HS-grad,Private,Sales,0,0,40,39,0
37,Male,White,Married-civ-spouse,0,171150,Bachelors,Private,Sales,99999,0,60,39,1
42,Female,White,Married-civ-spouse,5,193626,HS-grad,Private,Adm-clerical,0,0,53,39,0
65,Male,White,Never-married,1,169047,HS-grad,Private,Machine-op-inspct,0,0,10,39,0
66,Female,White,Widowed,1,186032,Assoc-voc,Other,Other,2964,0,30,39,0
31,Male,White,Never-married,1,288983,Some-college,Private,Protective-serv,0,0,40,39,0
20,Male,White,Never-married,3,195770,Some-college,Private,Adm-clerical,0,0,26,39,0
53,Male,White,Never-married,1,55139,HS-grad,Private,Farming-fishing,0,0,10,39,0
19,Male,White,Never-married,1,47577,Some-college,Private,Transport-moving,0,0,50,39,0
51,Male,Asian-Pac-Islander,Married-civ-spouse,0,123053,Masters,Private,Prof-specialty,5013,0,40,19,0
55,Female,White,Widowed,4,179534,11th,Private,Handlers-cleaners,0,0,40,39,0
65,Male,White,Married-civ-spouse,0,191380,10th,Other,Other,9386,0,50,39,1
20,Male,White,Never-married,3,41721,Some-college,Private,Other-service,0,0,60,39,0
58,Male,White,Married-civ-spouse,0,200042,Some-college,Federal-gov,Exec-managerial,15024,0,40,39,1
23,Male,White,Never-married,3,227943,Assoc-acdm,Private,Sales,0,0,30,39,0
19,Male,White,Never-married,3,162621,Some-college,Private,Tech-support,0,0,14,39,0
59,Male,White,Married-civ-spouse,0,115414,Some-college,Private,Exec-managerial,0,0,40,39,1
47,Female,Black,Married-civ-spouse,5,151267,HS-grad,Private,Machine-op-inspct,15024,0,40,39,1
48,Male,White,Divorced,1,209460,HS-grad,Private,Handlers-cleaners,0,0,40,39,0
42,Male,White,Separated,4,220776,HS-grad,Private,Handlers-cleaners,0,0,40,31,0
26,Male,White,Married-civ-spouse,0,167761,Bachelors,Private,Prof-specialty,0,0,50,39,1
54,Female,White,Never-married,1,138845,Some-college,Private,Other-service,0,0,40,39,0
30,Female,White,Divorced,3,327825,HS-grad,Local-gov,Protective-serv,0,0,32,39,0
21,Male,Asian-Pac-Islander,Never-married,3,162160,Some-college,Other,Other,0,0,40,36,0
27,Male,White,Married-civ-spouse,0,162343,Bachelors,Private,Exec-managerial,0,0,40,6,0
22,Female,Black,Never-married,4,139324,9th,Other,Other,0,0,36,39,0
35,Male,White,Never-married,1,31095,Assoc-voc,Self-emp-not-inc,Farming-fishing,0,0,60,39,0
24,Male,White,Never-married,3,249046,Bachelors,Private,Tech-support,0,0,40,39,0
41,Female,White,Never-married,1,185616,HS-grad,Federal-gov,Adm-clerical,0,1980,40,39,0
25,Male,White,Never-married,3,241025,Bachelors,Private,Other-service,0,0,18,39,0
41,Male,White,Married-civ-spouse,0,146908,Doctorate,Private,Prof-specialty,0,0,60,39,1
29,Male,White,Divorced,3,33798,Some-college,State-gov,Adm-clerical,0,0,20,39,0
44,Male,Black,Married-civ-spouse,0,201435,Assoc-voc,Federal-gov,Craft-repair,0,0,40,39,1
46,Female,White,Never-married,1,176684,Assoc-acdm,Private,Adm-clerical,0,0,40,39,0
46,Female,Black,Married-civ-spouse,5,72506,HS-grad,State-gov,Other-service,0,0,40,39,0
42,Female,White,Divorced,1,235700,HS-grad,Private,Handlers-cleaners,0,0,40,39,0
44,Male,White,Married-civ-spouse,0,158555,Some-college,Self-emp-not-inc,Exec-managerial,0,0,50,39,1
32,Female,White,Married-civ-spouse,5,100135,Bachelors,Local-gov,Prof-specialty,0,0,35,39,1
37,Female,White,Divorced,4,128054,Some-college,Local-gov,Adm-clerical,0,0,40,39,0
61,Male,White,Married-civ-spouse,0,175999,HS-grad,Private,Machine-op-inspct,0,0,40,39,0
29,Male,Asian-Pac-Islander,Married-civ-spouse,0,337505,Some-college,Self-emp-not-inc,Craft-repair,0,0,40,35,0
30,Male,White,Divorced,1,131699,HS-grad,Private,Transport-moving,0,0,40,39,0
37,Female,White,Married-civ-spouse,5,103121,Bachelors,Private,Exec-managerial,0,1848,40,39,1
53,Male,White,Married-civ-spouse,0,170354,Some-college,Federal-gov,Adm-clerical,0,0,40,39,1
50,Female,Black,Divorced,4,136836,HS-grad,Private,Prof-specialty,0,0,40,39,0
36,Female,Black,Separated,4,285865,Assoc-acdm,Private,Other-service,0,0,32,39,0
30,Female,Asian-Pac-Islander,Married-civ-spouse,5,89625,Some-college,Private,Prof-specialty,0,0,5,39,1
23,Female,White,Never-married,3,199915,HS-grad,State-gov,Other-service,0,0,21,39,0
45,Male,White,Married-civ-spouse,0,266860,Bachelors,Private,Exec-managerial,0,0,50,39,1
25,Male,Asian-Pac-Islander,Never-married,2,149943,HS-grad,Private,Other-service,4101,0,60,0,0
22,Male,White,Never-married,4,141698,10th,Private,Craft-repair,0,0,40,39,0
47,Male,White,Married-civ-spouse,0,120429,Doctorate,State-gov,Prof-specialty,15024,0,50,39,1
45,Male,Asian-Pac-Islander,Married-civ-spouse,0,348172,Bachelors,Local-gov,Farming-fishing,7298,0,40,39,1
47,Male,White,Married-civ-spouse,0,151584,Prof-school,Private,Exec-managerial,7688,0,60,39,1
25,Female,White,Married-civ-spouse,5,74977,Some-college,Private,Adm-clerical,0,0,40,39,0
39,Male,White,Divorced,1,232854,HS-grad,Private,Transport-moving,0,0,40,39,0
30,Female,White,Married-civ-spouse,5,100734,Some-college,Private,Adm-clerical,0,0,40,39,0
29,Male,White,Never-married,1,271579,10th,Private,Craft-repair,0,0,40,26,0
31,Male,White,Never-married,1,98639,Bachelors,Private,Tech-support,0,0,40,39,0
34,Male,Asian-Pac-Islander,Married-civ-spouse,0,100669,Bachelors,Private,Transport-moving,0,0,40,39,1
45,Female,Black,Divorced,4,117556,Some-college,Private,Adm-clerical,0,0,32,39,0
39,Male,White,Divorced,1,347491,11th,Private,Craft-repair,0,1876,46,39,0
37,Male,White,Married-civ-spouse,0,160910,Bachelors,Local-gov,Adm-clerical,7298,0,40,39,1
31,Male,White,Married-civ-spouse,0,177675,Bachelors,Private,Prof-specialty,0,0,40,39,0
33,Male,White,Married-civ-spouse,0,170979,Prof-school,Self-emp-not-inc,Prof-specialty,0,1887,40,39,1
43,Male,White,Married-civ-spouse,0,214781,Masters,Private,Prof-specialty,5178,0,40,39,1
28,Female,White,Never-married,3,64940,Some-college,Private,Other-service,0,0,30,39,0
21,Male,White,Never-married,3,182117,Some-college,Private,Other-service,0,0,15,39,0
47,Male,White,Married-civ-spouse,0,103757,Assoc-acdm,Private,Craft-repair,0,0,40,39,0
21,Male,White,Never-married,1,349041,HS-grad,Private,Handlers-cleaners,0,0,40,39,0
43,Male,Black,Married-civ-spouse,0,160943,HS-grad,Private,Other-service,0,0,40,39,1
23,Male,Black,Never-married,4,177087,11th,Private,Adm-clerical,0,0,35,39,0
31,Female,White,Divorced,4,181372,HS-grad,Private,Adm-clerical,0,0,35,39,0
70,Female,White,Divorced,1,642830,HS-grad,Private,Protective-serv,0,0,32,39,0
53,Male,White,Married-civ-spouse,0,182186,9th,Private,Other-service,0,0,40,6,0
28,Male,White,Married-civ-spouse,0,205337,HS-grad,Private,Craft-repair,0,0,40,39,0
37,Male,White,Married-civ-spouse,0,632613,10th,Private,Farming-fishing,0,0,35,26,0
21,Male,White,Never-married,1,196467,HS-grad,Private,Machine-op-inspct,0,0,35,39,0
30,Male,White,Married-civ-spouse,0,243665,HS-grad,Self-emp-not-inc,Sales,0,0,50,39,0
29,Male,White,Married-civ-spouse,0,126822,HS-grad,Private,Other-service,0,0,35,39,0
41,Male,White,Married-civ-spouse,0,219155,Prof-school,Federal-gov,Prof-specialty,0,0,50,19,1
59,Female,White,Divorced,1,163047,Some-college,State-gov,Adm-clerical,0,0,38,39,0
26,Male,Other,Married-civ-spouse,0,218782,HS-grad,Federal-gov,Adm-clerical,0,0,40,39,0
37,Male,White,Married-civ-spouse,0,239397,10th,Private,Machine-op-inspct,0,0,40,26,0
51,Male,White,Married-civ-spouse,0,173987,9th,Private,Sales,0,0,40,39,0
53,Male,White,Married-civ-spouse,0,110977,Masters,Private,Exec-managerial,0,1902,50,39,1
20,Female,Black,Divorced,1,242077,HS-grad,Private,Sales,0,0,40,39,0
17,Male,White,Never-married,3,350995,12th,Private,Other-service,0,0,16,39,0
43,Female,White,Never-married,1,424094,Doctorate,State-gov,Prof-specialty,0,0,40,39,0
22,Female,White,Never-married,3,178818,Some-college,State-gov,Prof-specialty,0,0,20,39,0
32,Male,White,Married-civ-spouse,0,182323,9th,Private,Craft-repair,0,0,40,39,0
31,Female,White,Never-married,1,163594,HS-grad,Private,Sales,0,0,45,39,0
44,Male,White,Married-civ-spouse,0,165599,HS-grad,Private,Machine-op-inspct,0,0,48,39,0
43,Male,White,Divorced,1,155106,Assoc-acdm,Private,Craft-repair,0,2444,70,39,1
24,Female,White,Divorced,1,186495,HS-grad,Private,Adm-clerical,0,0,32,39,0
57,Male,White,Married-civ-spouse,0,375868,Masters,Private,Adm-clerical,0,0,40,39,0
35,Female,White,Divorced,4,210150,HS-grad,Private,Adm-clerical,0,0,40,39,0
23,Female,White,Divorced,3,103277,Some-college,Private,Other-service,0,0,24,39,0
52,Male,White,Married-civ-spouse,0,187356,10th,Private,Machine-op-inspct,0,0,41,39,0
29,Male,White,Never-married,1,322238,HS-grad,Self-emp-not-inc,Farming-fishing,0,0,40,39,0
18,Male,White,Never-married,1,434430,HS-grad,Private,Prof-specialty,0,0,30,39,0
26,Male,Other,Never-married,1,52322,Bachelors,Federal-gov,Tech-support,0,0,60,39,0
46,Male,Black,Married-civ-spouse,0,164023,Some-college,State-gov,Protective-serv,0,0,70,39,1
23,Male,Black,Never-married,3,664670,HS-grad,Private,Craft-repair,0,0,40,39,0
20,Female,White,Never-married,3,151790,Some-college,Private,Adm-clerical,0,0,30,39,0
20,Male,White,Never-married,3,197496,Some-college,Private,Sales,0,0,30,0,0
20,Female,White,Never-married,3,201799,Some-college,Private,Sales,0,0,13,39,0
44,Male,White,Married-civ-spouse,0,198316,Bachelors,Private,Exec-managerial,15024,0,50,39,1
21,Male,Black,Never-married,3,202373,Some-college,Private,Sales,0,0,25,39,0
33,Male,White,Married-civ-spouse,0,160784,10th,Private,Craft-repair,0,0,40,39,0
50,Male,White,Married-civ-spouse,0,96586,Assoc-voc,Private,Other-service,0,0,40,39,0
20,Female,White,Never-married,3,41103,Some-college,State-gov,Other-service,0,0,20,39,0
31,Male,White,Divorced,3,122749,Assoc-voc,Self-emp-not-inc,Craft-repair,0,0,20,39,0
54,Male,White,Married-civ-spouse,0,30908,7th-8th,Self-emp-not-inc,Farming-fishing,0,0,60,39,0
47,Male,White,Married-civ-spouse,0,199512,Bachelors,State-gov,Exec-managerial,0,0,40,39,1
47,Male,Asian-Pac-Islander,Married-civ-spouse,0,277545,Bachelors,Private,Adm-clerical,0,0,40,0,1
57,Male,White,Married-civ-spouse,0,138285,Assoc-acdm,Self-emp-not-inc,Other-service,0,0,40,20,0
50,Male,White,Married-civ-spouse,0,175070,Prof-school,Self-emp-inc,Prof-specialty,0,0,45,39,1
36,Male,Black,Never-married,1,252231,Preschool,Private,Machine-op-inspct,0,0,40,33,0
51,Male,Asian-Pac-Islander,Married-civ-spouse,0,63685,HS-grad,Private,Sales,0,0,50,1,0
34,Female,White,Married-civ-spouse,5,154667,HS-grad,Private,Machine-op-inspct,0,0,40,39,0
41,Male,White,Married-civ-spouse,0,187881,Some-college,Private,Sales,3942,0,40,39,0
36,Male,White,Married-civ-spouse,0,221650,Some-college,Private,Craft-repair,0,0,40,24,0
28,Female,White,Never-married,3,47168,10th,Private,Machine-op-inspct,0,0,40,39,0
20,Male,White,Never-married,1,235442,Some-college,Private,Other-service,0,0,35,39,0
61,Female,White,Divorced,1,198542,Bachelors,Other,Other,0,0,40,39,0
32,Male,White,Married-civ-spouse,0,169589,Assoc-voc,Private,Handlers-cleaners,0,0,40,39,1
33,Male,White,Married-civ-spouse,0,167474,10th,State-gov,Handlers-cleaners,0,0,40,39,0
30,Male,Black,Never-married,1,144593,HS-grad,Private,Other-service,0,0,40,0,0
54,Male,White,Married-civ-spouse,0,114758,Masters,Self-emp-not-inc,Sales,0,0,50,39,0
33,Male,White,Never-married,1,213002,Bachelors,Private,Prof-specialty,0,1408,36,39,0
23,Female,Black,Never-married,3,234460,7th-8th,Private,Machine-op-inspct,0,0,40,6,0
43,Female,White,Divorced,1,131435,Bachelors,Private,Other-service,0,0,40,39,0
37,Female,White,Never-married,1,178948,Bachelors,Private,Prof-specialty,0,0,45,39,0
27,Male,White,Married-civ-spouse,0,120155,HS-grad,Private,Adm-clerical,0,0,39,39,0
65,Male,White,Married-civ-spouse,0,111095,HS-grad,Private,Transport-moving,0,0,16,39,0
23,Male,White,Married-civ-spouse,2,201664,HS-grad,Private,Adm-clerical,0,0,40,39,0
36,Male,White,Married-civ-spouse,0,41624,10th,Private,Craft-repair,0,0,70,26,0
48,Female,White,Widowed,1,143281,HS-grad,Private,Machine-op-inspct,0,0,48,39,0
39,Male,White,Married-civ-spouse,0,114251,HS-grad,Private,Craft-repair,0,0,40,39,1
48,Female,White,Married-civ-spouse,5,317360,Masters,Local-gov,Prof-specialty,0,0,40,39,1
43,Male,White,Never-married,1,347720,Bachelors,Federal-gov,Tech-support,0,0,50,39,0
56,Male,White,Married-civ-spouse,0,31782,10th,Private,Sales,0,0,40,39,0
47,Male,White,Married-civ-spouse,0,83046,Bachelors,Other,Other,0,0,18,39,0
61,Male,White,Married-civ-spouse,0,238913,Assoc-voc,Private,Tech-support,0,0,40,39,1
20,Female,White,Never-married,4,117244,HS-grad,Private,Machine-op-inspct,0,0,45,39,0
26,Male,White,Married-civ-spouse,0,159732,Some-college,Private,Exec-managerial,0,0,60,39,0
35,Female,White,Divorced,4,225385,HS-grad,State-gov,Prof-specialty,0,0,40,39,0
50,Male,White,Never-married,1,211319,Masters,State-gov,Prof-specialty,0,0,38,39,0
33,Male,Black,Divorced,1,29617,Some-college,Federal-gov,Other-service,0,0,40,39,0
33,Female,White,Divorced,3,262042,HS-grad,Local-gov,Adm-clerical,0,1138,40,39,0
27,Male,White,Never-married,1,263552,HS-grad,Private,Adm-clerical,0,0,50,39,0
55,Female,Black,Married-spouse-absent,4,171328,Some-college,Local-gov,Adm-clerical,0,0,35,39,0
28,Female,White,Divorced,1,80165,Some-college,Other,Other,0,0,30,39,0
26,Male,White,Never-married,3,273792,Some-college,Private,Other-service,0,0,20,39,0
29,Female,White,Never-married,1,118230,HS-grad,Private,Sales,0,0,35,39,0
20,Female,White,Never-married,1,206681,12th,Private,Sales,0,0,55,39,0
49,Female,White,Divorced,1,130206,HS-grad,Self-emp-not-inc,Other-service,0,0,40,39,0
63,Male,White,Married-civ-spouse,0,181828,HS-grad,Private,Sales,0,0,48,0,0
46,Female,White,Separated,4,195023,Some-college,Federal-gov,Adm-clerical,0,0,40,39,0
24,Male,White,Married-civ-spouse,0,385540,HS-grad,Private,Sales,0,0,40,26,0
25,Female,White,Married-civ-spouse,5,199947,HS-grad,Private,Adm-clerical,0,0,40,39,0
28,Male,White,Divorced,1,100270,Bachelors,Local-gov,Prof-specialty,0,0,40,39,0
55,Male,White,Married-civ-spouse,0,76901,Assoc-acdm,Self-emp-not-inc,Exec-managerial,0,0,55,39,1
45,Male,White,Married-civ-spouse,0,54744,Some-college,Private,Craft-repair,0,1848,40,39,1
46,Male,White,Married-civ-spouse,0,149388,Bachelors,Private,Craft-repair,0,0,40,39,1
46,Male,White,Married-civ-spouse,0,138626,Some-college,Private,Craft-repair,0,0,40,39,0
21,Male,White,Never-married,3,205759,HS-grad,Private,Handlers-cleaners,0,0,40,39,0
30,Male,White,Married-civ-spouse,0,231263,HS-grad,Private,Sales,0,0,40,39,0
59,Female,Black,Never-married,1,120617,Some-college,Other,Other,0,0,40,39,0
37,Female,White,Divorced,4,234807,HS-grad,Private,Adm-clerical,0,0,37,39,0
36,Female,White,Widowed,1,129263,HS-grad,Private,Other-service,0,0,40,39,0
19,Female,White,Married-civ-spouse,5,204868,HS-grad,Other,Other,0,0,36,39,0
33,Male,Black,Married-civ-spouse,0,247205,Bachelors,Private,Protective-serv,0,0,40,9,0
48,Female,White,Married-civ-spouse,5,47686,11th,Private,Other-service,0,0,40,39,0
19,Male,White,Never-married,3,316868,Some-college,Private,Other-service,0,0,30,26,0
40,Male,White,Divorced,1,78255,HS-grad,Other,Other,0,0,25,39,0
61,Male,White,Married-civ-spouse,0,30073,HS-grad,Self-emp-not-inc,Farming-fishing,0,1848,60,39,1
50,Male,White,Separated,1,301024,Bachelors,Private,Sales,0,0,40,39,1
44,Male,Black,Never-married,1,291566,HS-grad,Private,Craft-repair,0,0,60,39,0
25,Female,White,Never-married,1,262778,Bachelors,Private,Sales,6849,0,50,39,0
34,Male,White,Married-civ-spouse,0,213887,Doctorate,Self-emp-not-inc,Prof-specialty,0,0,32,2,1
39,Male,White,Divorced,1,365739,Some-college,Private,Craft-repair,0,0,40,39,0
33,Female,White,Separated,4,209432,HS-grad,Other,Other,0,0,20,39,0
61,Female,White,Divorced,1,168654,HS-grad,Private,Adm-clerical,0,0,40,2,0
36,Female,Asian-Pac-Islander,Separated,3,154835,HS-grad,Private,Adm-clerical,0,0,40,30,0
46,Female,White,Divorced,1,86220,Bachelors,Private,Sales,0,0,40,39,0
46,Male,White,Married-civ-spouse,0,332727,Some-college,Federal-gov,Craft-repair,0,0,40,39,1
47,Male,Black,Married-civ-spouse,0,29819,Masters,Local-gov,Exec-managerial,0,1977,50,39,1
28,Male,White,Married-civ-spouse,0,394927,Some-college,Private,Tech-support,0,0,40,39,1
41,Male,White,Married-civ-spouse,0,195897,Some-college,Private,Sales,0,0,50,39,0
24,Male,White,Never-married,1,220993,HS-grad,Private,Craft-repair,0,0,50,39,0
32,Male,White,Married-civ-spouse,0,231263,Some-college,Private,Machine-op-inspct,0,0,50,39,0
46,Male,White,Married-civ-spouse,0,236852,Bachelors,Self-emp-not-inc,Sales,0,0,45,39,1
35,Male,White,Divorced,1,126675,HS-grad,Private,Craft-repair,0,0,46,0,0
59,Female,White,Never-married,4,230039,HS-grad,Private,Exec-managerial,0,625,38,39,0
47,Male,White,Divorced,1,193061,Some-college,Private,Exec-managerial,0,0,60,39,0
43,Female,White,Divorced,1,243476,HS-grad,Private,Tech-support,0,0,40,39,0
36,Female,Black,Never-married,4,323726,Some-college,State-gov,Tech-support,0,0,40,39,0
35,Female,White,Married-civ-spouse,5,150042,HS-grad,Private,Exec-managerial,0,0,40,39,1
31,Male,White,Married-civ-spouse,0,34572,Assoc-voc,Private,Handlers-cleaners,0,0,45,39,0
34,Male,White,Married-civ-spouse,0,34848,Some-college,Private,Transport-moving,4064,0,40,39,0
42,Male,White,Married-civ-spouse,0,87284,Prof-school,Private,Prof-specialty,7298,0,35,39,1
55,Male,White,Married-civ-spouse,0,182460,HS-grad,Private,Craft-repair,15024,0,35,39,1
36,Male,White,Married-civ-spouse,0,63509,Assoc-acdm,Private,Prof-specialty,0,0,48,39,1
26,Male,White,Never-married,2,167350,HS-grad,Private,Other-service,0,0,30,39,0
17,Male,White,Never-married,3,137042,10th,Private,Prof-specialty,0,0,20,39,0
33,Male,White,Married-civ-spouse,0,175502,Bachelors,Self-emp-not-inc,Prof-specialty,0,0,60,39,0
43,Male,White,Married-civ-spouse,0,175526,Some-college,Local-gov,Other-service,0,0,40,39,0
28,Female,White,Never-married,1,176027,HS-grad,Self-emp-not-inc,Other-service,0,0,28,39,0
25,Male,White,Married-civ-spouse,0,109526,HS-grad,Local-gov,Craft-repair,0,0,38,39,0
38,Male,White,Married-civ-spouse,0,698363,HS-grad,Private,Craft-repair,0,0,40,39,0
48,Female,White,Married-civ-spouse,5,158924,HS-grad,Private,Adm-clerical,0,0,40,39,1
33,Female,White,Divorced,3,207301,Assoc-acdm,Private,Exec-managerial,0,0,40,39,0
44,Female,White,Divorced,4,138077,Bachelors,Private,Adm-clerical,0,0,32,39,0
35,Female,White,Divorced,1,177121,HS-grad,Private,Other-service,0,0,35,39,0
48,Female,White,Divorced,2,97176,HS-grad,Private,Adm-clerical,0,0,40,39,0
34,Male,Black,Never-married,1,284843,HS-grad,Local-gov,Farming-fishing,594,0,60,39,0
17,Male,White,Never-married,3,294485,10th,Private,Other-service,0,0,30,39,0
40,Male,White,Divorced,1,174395,HS-grad,Private,Other-service,0,0,60,12,0
53,Male,White,Married-civ-spouse,0,167651,HS-grad,Private,Craft-repair,0,0,40,39,1
27,Male,White,Married-civ-spouse,0,221366,Some-college,Private,Prof-specialty,3103,0,50,39,1
40,Male,White,Married-civ-spouse,0,40024,Prof-school,State-gov,Prof-specialty,0,0,38,39,1
44,Male,Black,Divorced,4,174684,HS-grad,Local-gov,Craft-repair,0,0,40,39,0
84,Female,White,Widowed,1,132806,HS-grad,Private,Other-service,0,0,13,39,0
25,Male,Black,Divorced,3,237065,Some-college,Private,Other-service,0,0,38,39,0
56,Male,White,Married-civ-spouse,0,115422,HS-grad,Self-emp-not-inc,Farming-fishing,0,0,40,39,0
48,Male,White,Married-civ-spouse,0,121124,HS-grad,Private,Exec-managerial,0,0,50,39,1
30,Male,White,Married-civ-spouse,0,231826,Some-college,Private,Sales,0,0,40,39,1
20,Female,White,Never-married,1,526734,HS-grad,Local-gov,Adm-clerical,0,0,30,39,0
44,Male,Asian-Pac-Islander,Married-civ-spouse,0,182771,Bachelors,Self-emp-not-inc,Exec-managerial,0,0,48,35,1
53,Female,Asian-Pac-Islander,Never-married,1,83434,Bachelors,Private,Other-service,0,0,21,24,1
38,Male,White,Married-civ-spouse,0,108726,HS-grad,Private,Exec-managerial,0,0,40,39,1
26,Male,White,Married-civ-spouse,0,177951,HS-grad,Private,Handlers-cleaners,0,0,48,39,0
64,Male,White,Married-civ-spouse,0,185912,Prof-school,Self-emp-inc,Prof-specialty,99999,0,35,39,1
47,Male,White,Married-civ-spouse,0,184579,Some-college,Private,Tech-support,0,0,60,39,0
27,Male,White,Never-married,3,332249,HS-grad,Local-gov,Farming-fishing,0,0,40,39,0
40,Male,White,Separated,4,184857,HS-grad,Private,Machine-op-inspct,0,0,40,39,0
40,Female,White,Never-married,1,143046,Bachelors,Private,Prof-specialty,0,0,45,39,0
24,Male,White,Married-civ-spouse,0,172987,Bachelors,Private,Tech-support,0,0,50,39,0
66,Female,White,Widowed,4,188220,HS-grad,Local-gov,Adm-clerical,0,0,35,39,1
68,Female,White,Married-spouse-absent,4,174695,Some-college,Without-pay,Farming-fishing,0,0,25,39,0
22,Male,White,Never-married,3,269221,Some-college,Other,Other,0,0,40,39,0
46,Male,White,Married-civ-spouse,0,188325,HS-grad,Private,Other-service,0,0,40,39,0
31,Male,Black,Married-civ-spouse,0,148600,HS-grad,Private,Machine-op-inspct,0,0,40,39,0
38,Male,White,Married-civ-spouse,0,161141,Some-college,Private,Craft-repair,0,0,48,39,1
20,Female,White,Never-married,3,186014,Some-college,Self-emp-not-inc,Adm-clerical,0,0,12,11,0
37,Male,White,Married-civ-spouse,0,342768,HS-grad,Private,Craft-repair,0,0,40,39,0
20,Male,White,Never-married,3,204641,HS-grad,Private,Adm-clerical,0,0,20,39,0
20,Male,White,Never-married,3,380544,Assoc-acdm,Private,Transport-moving,0,0,20,39,0
38,Male,White,Married-civ-spouse,0,31848,Assoc-voc,Private,Craft-repair,0,0,40,39,1
44,Male,Asian-Pac-Islander,Married-civ-spouse,0,239539,Bachelors,Federal-gov,Adm-clerical,0,0,40,30,1
34,Male,White,Never-married,1,203488,HS-grad,Private,Craft-repair,0,0,40,39,0
30,Male,White,Never-married,1,164190,Bachelors,Private,Exec-managerial,0,0,42,39,0
46,Female,White,Never-married,1,155933,Bachelors,Private,Machine-op-inspct,0,1602,8,39,0
45,Male,White,Married-civ-spouse,0,200559,Assoc-voc,Private,Farming-fishing,0,0,70,39,0
32,Female,White,Married-civ-spouse,5,212064,Bachelors,Private,Exec-managerial,0,0,40,39,1
46,Male,Black,Married-civ-spouse,0,316205,Bachelors,Local-gov,Exec-managerial,0,0,40,39,1
33,Female,White,Never-married,1,96480,Masters,Local-gov,Prof-specialty,0,0,40,11,0
27,Male,White,Married-civ-spouse,0,107236,HS-grad,Private,Other-service,0,0,40,39,0
33,Male,White,Married-civ-spouse,0,124827,HS-grad,Private,Transport-moving,0,0,40,39,0
40,Female,White,Married-civ-spouse,5,193537,Some-college,Private,Adm-clerical,0,0,40,6,0
45,Female,White,Married-civ-spouse,5,87583,HS-grad,Private,Prof-specialty,0,0,14,39,0
34,Male,Black,Married-civ-spouse,0,318641,Bachelors,Private,Exec-managerial,0,0,45,39,1
18,Female,White,Never-married,3,265099,11th,Private,Other-service,0,0,16,39,0
54,Male,Asian-Pac-Islander,Married-civ-spouse,0,175262,Preschool,Private,Craft-repair,0,0,40,3,0
37,Male,White,Married-civ-spouse,0,36214,Bachelors,Self-emp-not-inc,Craft-repair,0,0,65,39,1
41,Female,Black,Never-married,1,288433,Masters,State-gov,Adm-clerical,0,0,40,39,0
21,Female,White,Never-married,3,355686,HS-grad,Other,Other,0,0,10,39,0
30,Male,White,Married-civ-spouse,0,427474,9th,Private,Other-service,0,0,40,26,0
68,Male,White,Married-civ-spouse,0,186943,HS-grad,Private,Craft-repair,0,0,8,39,0
34,Male,White,Married-civ-spouse,0,207668,HS-grad,Self-emp-inc,Craft-repair,0,0,54,0,1
53,Male,Black,Married-spouse-absent,4,202720,9th,Private,Machine-op-inspct,0,0,75,14,0
34,Female,White,Never-married,1,137900,HS-grad,Private,Sales,0,0,35,39,0
58,Male,Black,Married-civ-spouse,0,357788,HS-grad,Private,Craft-repair,0,0,40,39,0
24,Male,White,Never-married,1,254293,Bachelors,Private,Exec-managerial,2174,0,45,39,0
36,Male,White,Married-civ-spouse,0,30267,HS-grad,Private,Transport-moving,0,0,50,39,0
36,Male,White,Married-civ-spouse,0,328466,5th-6th,Self-emp-not-inc,Transport-moving,0,0,50,26,1
21,Male,Black,Married-civ-spouse,0,278254,HS-grad,Private,Machine-op-inspct,0,0,40,39,0
53,Male,White,Married-civ-spouse,0,152810,HS-grad,Self-emp-inc,Craft-repair,5178,0,45,39,1
45,Male,White,Married-civ-spouse,0,179428,Some-college,Private,Transport-moving,0,0,55,39,0
55,Male,White,Married-civ-spouse,0,259532,7th-8th,Private,Transport-moving,0,0,50,39,0
20,Female,White,Never-married,3,371089,HS-grad,Other,Other,0,0,40,39,0
33,Male,Black,Never-married,3,141841,HS-grad,Private,Other-service,0,0,36,39,0
49,Male,White,Married-civ-spouse,0,164799,HS-grad,Private,Machine-op-inspct,0,0,40,39,1
44,Male,Asian-Pac-Islander,Married-civ-spouse,0,361280,Some-college,Self-emp-not-inc,Sales,0,0,80,30,1
49,Male,White,Married-civ-spouse,0,277434,HS-grad,Private,Transport-moving,0,0,50,39,0
29,Male,White,Married-civ-spouse,0,133136,12th,Private,Transport-moving,0,0,40,39,1
26,Male,Black,Never-married,2,51961,12th,Private,Sales,0,0,51,39,0
36,Female,White,Divorced,3,139770,Some-college,Other,Other,0,0,32,39,0
27,Male,White,Married-civ-spouse,0,215014,HS-grad,Private,Sales,0,0,35,26,0
35,Female,White,Divorced,4,215323,Assoc-voc,Private,Other-service,0,0,35,39,0
37,Male,Asian-Pac-Islander,Married-civ-spouse,0,257295,Some-college,Self-emp-inc,Exec-managerial,0,0,75,37,1
58,Male,White,Divorced,4,106942,Some-college,Self-emp-not-inc,Craft-repair,0,0,40,39,0
43,Male,White,Married-civ-spouse,0,193459,Some-college,Self-emp-not-inc,Craft-repair,0,0,60,39,0
41,Male,White,Married-civ-spouse,0,222596,Bachelors,Private,Sales,15024,0,45,39,1
32,Female,Black,Never-married,1,178623,HS-grad,Private,Other-service,0,0,40,0,0
26,Female,White,Divorced,3,144483,Assoc-voc,Private,Sales,594,0,35,39,0
29,Female,White,Never-married,4,351324,Some-college,Private,Sales,0,0,40,39,0
52,Male,White,Married-civ-spouse,0,180195,Bachelors,Private,Sales,0,0,40,39,1
21,Male,White,Never-married,3,208503,Some-college,Private,Transport-moving,0,0,10,39,0
62,Male,Black,Married-civ-spouse,0,209433,HS-grad,Federal-gov,Adm-clerical,0,0,40,39,0
36,Female,Amer-Indian-Eskimo,Never-married,4,68089,HS-grad,Private,Machine-op-inspct,0,0,40,39,0
58,Male,Black,Divorced,1,132606,5th-6th,Private,Machine-op-inspct,0,0,40,39,0
21,Female,White,Never-married,3,509629,Some-college,Other,Other,0,0,35,39,0
45,Male,White,Divorced,1,231013,Bachelors,State-gov,Protective-serv,0,0,40,39,0
37,Male,White,Married-civ-spouse,0,215310,HS-grad,Private,Craft-repair,0,0,50,39,1
50,Male,Black,Married-civ-spouse,0,204577,Bachelors,Other,Other,0,1902,60,39,1
34,Male,White,Divorced,1,28568,HS-grad,Self-emp-not-inc,Exec-managerial,0,0,60,39,1
32,Male,White,Divorced,1,34572,HS-grad,Self-emp-not-inc,Farming-fishing,0,0,65,39,0
52,Female,White,Divorced,1,378045,HS-grad,Local-gov,Adm-clerical,0,0,45,39,0
54,Male,White,Married-civ-spouse,0,33863,HS-grad,Self-emp-not-inc,Farming-fishing,0,0,60,39,1
21,Male,White,Divorced,2,47541,HS-grad,Private,Machine-op-inspct,0,0,40,39,0
28,Female,White,Separated,1,303440,Bachelors,Private,Exec-managerial,0,0,50,39,1
54,Female,White,Separated,1,24108,Some-college,Private,Exec-managerial,0,0,40,39,0
43,Male,White,Married-civ-spouse,0,176138,Bachelors,Private,Exec-managerial,0,0,50,39,0
38,Male,Asian-Pac-Islander,Married-civ-spouse,0,215917,Some-college,Private,Sales,0,0,40,30,0
46,Male,White,Married-civ-spouse,0,225456,HS-grad,Self-emp-not-inc,Exec-managerial,0,0,40,39,0
21,Male,White,Never-married,4,455361,9th,Private,Other-service,0,0,35,26,0
45,Female,White,Never-married,3,213620,HS-grad,Private,Other-service,0,0,40,39,0
84,Male,White,Married-civ-spouse,0,155057,Bachelors,Self-emp-not-inc,Farming-fishing,0,0,20,39,0
46,Male,White,Never-married,1,70754,7th-8th,Private,Handlers-cleaners,0,0,50,39,0
45,Female,White,Divorced,1,164210,Some-college,Private,Exec-managerial,0,0,40,39,0
58,Male,White,Married-civ-spouse,0,130714,Masters,Self-emp-not-inc,Exec-managerial,0,0,50,39,0
53,Male,White,Divorced,4,186087,HS-grad,Federal-gov,Tech-support,0,0,40,39,0
46,Male,White,Married-civ-spouse,0,278322,Assoc-voc,Private,Exec-managerial,0,0,40,39,1
33,Male,White,Never-married,1,202046,Bachelors,Private,Handlers-cleaners,0,2001,40,39,0
23,Male,White,Never-married,3,138768,Bachelors,Other,Other,2907,0,40,39,0
41,Female,White,Married-civ-spouse,5,95047,Assoc-voc,Private,Adm-clerical,7688,0,44,39,1
38,Male,White,Married-civ-spouse,0,180342,Bachelors,Private,Adm-clerical,0,0,40,39,0
36,Male,White,Never-married,1,247807,Assoc-voc,Local-gov,Protective-serv,0,0,40,39,1
24,Female,White,Never-married,3,211129,Bachelors,Private,Sales,0,0,35,39,0
40,Female,White,Separated,4,183404,Some-college,Private,Other-service,0,0,8,39,0
55,Male,White,Married-civ-spouse,0,322691,Masters,Self-emp-not-inc,Sales,3103,0,55,39,1
26,Female,Black,Never-married,3,130931,HS-grad,Private,Adm-clerical,0,0,40,39,0
43,Male,White,Never-married,1,247880,HS-grad,Private,Craft-repair,0,0,40,39,0
38,Male,White,Married-civ-spouse,0,201328,Bachelors,Private,Prof-specialty,0,0,50,39,1
66,Male,White,Married-civ-spouse,0,263637,10th,Private,Protective-serv,0,0,40,39,0
46,Male,White,Never-married,1,375606,Doctorate,Private,Prof-specialty,0,0,40,39,1
26,Male,White,Married-civ-spouse,0,231714,HS-grad,Self-emp-not-inc,Craft-repair,0,0,40,39,0
33,Male,White,Separated,1,85355,HS-grad,Private,Machine-op-inspct,0,0,30,39,0
36,Male,White,Married-civ-spouse,0,95336,HS-grad,Private,Tech-support,0,0,45,39,1
27,Male,White,Never-married,1,411950,Bachelors,Private,Prof-specialty,0,0,60,39,0
52,Female,White,Never-married,1,169785,Some-college,Private,Exec-managerial,0,0,50,39,0
18,Female,White,Never-married,2,120029,Some-college,Private,Adm-clerical,0,0,20,39,0
36,Female,White,Divorced,1,166509,HS-grad,Private,Craft-repair,0,0,40,39,0
56,Female,White,Married-spouse-absent,4,76281,Bachelors,Private,Prof-specialty,0,0,40,39,0
33,Male,White,Married-civ-spouse,0,198003,Some-college,Private,Craft-repair,7298,0,50,39,1
58,Female,White,Married-civ-spouse,5,210563,HS-grad,Self-emp-inc,Sales,15024,0,35,39,1
46,Male,White,Married-civ-spouse,0,325372,Some-college,Private,Exec-managerial,0,0,40,39,0
27,Male,White,Married-civ-spouse,0,205145,HS-grad,Private,Machine-op-inspct,0,0,40,39,0
32,Male,White,Never-married,1,35595,Bachelors,Private,Adm-clerical,0,0,40,39,0
42,Female,Black,Widowed,4,224203,Some-college,Private,Sales,0,0,40,39,0
57,Male,White,Married-civ-spouse,0,182062,10th,Private,Other-service,0,0,40,39,0
19,Female,White,Never-married,3,177839,HS-grad,Private,Other-service,0,0,15,39,0
37,Male,White,Married-civ-spouse,0,111128,Some-college,Self-emp-inc,Craft-repair,0,0,50,39,1
24,Male,White,Married-civ-spouse,0,346909,HS-grad,Private,Craft-repair,0,0,44,26,0
46,Male,White,Married-civ-spouse,0,63299,HS-grad,Private,Other-service,0,0,50,39,0
24,Male,White,Married-civ-spouse,0,241523,HS-grad,Private,Other-service,0,0,45,39,1
58,Male,White,Never-married,1,164857,Bachelors,Private,Prof-specialty,0,0,99,39,0
25,Female,White,Never-married,3,152035,Assoc-acdm,State-gov,Adm-clerical,0,0,40,39,0
33,Female,White,Never-married,1,351810,Bachelors,Private,Prof-specialty,0,0,45,26,0
36,Female,White,Married-civ-spouse,5,108293,Bachelors,Self-emp-inc,Exec-managerial,0,1977,45,39,1
28,Female,White,Never-married,1,266070,Some-college,Private,Exec-managerial,0,0,40,39,0
35,Male,White,Married-civ-spouse,0,58343,HS-grad,Private,Sales,0,0,44,39,0
45,Male,White,Married-civ-spouse,0,275995,Bachelors,Private,Tech-support,0,0,50,39,1
51,Male,White,Married-civ-spouse,0,133461,Some-college,Private,Exec-managerial,0,0,40,39,0
40,Male,White,Divorced,1,239708,HS-grad,Private,Craft-repair,0,0,50,39,0
64,Male,White,Married-civ-spouse,0,161325,Assoc-acdm,Self-emp-inc,Sales,0,1887,50,39,1
24,Male,White,Never-married,1,232841,HS-grad,Private,Other-service,0,0,35,39,0
24,Male,White,Separated,3,230248,7th-8th,Private,Machine-op-inspct,0,0,40,39,0
61,Female,White,Divorced,1,162432,Some-college,Private,Other-service,0,0,40,39,0
18,Female,White,Never-married,3,36251,10th,Private,Other-service,0,0,15,39,0
23,Male,White,Divorced,3,91658,Some-college,Private,Handlers-cleaners,0,0,40,39,0
33,Female,White,Divorced,1,214129,Some-college,Private,Adm-clerical,0,0,40,39,0
57,Female,White,Never-married,3,78707,HS-grad,Private,Adm-clerical,0,0,40,39,0
34,Female,White,Never-married,1,169583,Masters,Private,Exec-managerial,0,0,50,39,0
22,Male,White,Never-married,3,222993,HS-grad,Private,Prof-specialty,0,0,54,39,0
28,Female,White,Married-civ-spouse,5,185957,HS-grad,Private,Adm-clerical,0,0,40,39,0
45,Male,White,Married-civ-spouse,0,175925,HS-grad,Private,Craft-repair,0,0,40,39,0
30,Male,White,Married-civ-spouse,0,206051,HS-grad,Private,Handlers-cleaners,0,0,40,39,1
36,Male,White,Married-civ-spouse,0,158592,11th,Private,Craft-repair,0,0,50,39,0
48,Male,White,Married-civ-spouse,0,174829,Assoc-acdm,Private,Machine-op-inspct,0,0,40,39,0
35,Male,White,Married-civ-spouse,0,218955,Bachelors,Private,Sales,0,0,40,39,0
25,Female,Black,Never-married,1,225193,Bachelors,Local-gov,Prof-specialty,0,0,40,39,0
45,Male,White,Married-civ-spouse,0,274657,11th,Private,Craft-repair,0,0,40,0,0
27,Female,White,Never-married,3,78529,HS-grad,Private,Transport-moving,0,0,15,39,0
30,Female,White,Never-married,1,87561,Some-college,Self-emp-not-inc,Adm-clerical,0,0,60,39,0
40,Male,Amer-Indian-Eskimo,Married-civ-spouse,0,96509,Some-college,Private,Prof-specialty,0,0,40,39,1
73,Male,White,Married-civ-spouse,0,281907,11th,Other,Other,0,0,3,39,0
53,Female,Other,Divorced,2,220640,Bachelors,Other,Other,0,0,20,39,0
32,Female,White,Divorced,4,210541,Bachelors,Private,Sales,0,0,30,39,0
28,Female,White,Never-married,3,114158,Some-college,Private,Adm-clerical,0,0,26,39,0
22,Male,Black,Never-married,4,283510,HS-grad,Other,Other,0,0,45,39,0
44,Male,White,Divorced,1,29762,HS-grad,Private,Transport-moving,0,0,68,39,0
20,Female,White,Never-married,3,334105,Some-college,Private,Other-service,0,0,10,39,0
57,Male,White,Married-civ-spouse,0,103529,Masters,Self-emp-not-inc,Tech-support,0,0,38,39,1
24,Female,Black,Married-civ-spouse,5,317443,Bachelors,Local-gov,Prof-specialty,0,0,40,39,0
28,Male,White,Separated,1,200511,HS-grad,Private,Farming-fishing,0,0,55,39,0
25,Male,White,Married-civ-spouse,0,86872,HS-grad,Private,Sales,0,0,40,39,0
57,Male,White,Married-civ-spouse,0,210688,HS-grad,Private,Prof-specialty,0,0,15,39,0
38,Female,White,Separated,4,89559,Some-college,Private,Prof-specialty,0,0,40,11,0
58,Male,White,Married-civ-spouse,0,117273,Some-college,Private,Sales,0,0,40,39,1
41,Male,White,Married-civ-spouse,0,421837,HS-grad,Private,Transport-moving,0,0,40,39,0
28,Female,White,Never-married,4,218887,HS-grad,Private,Farming-fishing,0,0,35,39,0
40,Female,Black,Divorced,4,353142,Some-college,Private,Machine-op-inspct,0,0,40,39,0
40,Female,Black,Never-married,4,233891,HS-grad,Local-gov,Adm-clerical,0,0,35,39,0
23,Male,White,Never-married,3,293091,HS-grad,Private,Sales,0,0,30,39,0
50,Male,White,Married-civ-spouse,0,183173,HS-grad,Private,Prof-specialty,99999,0,40,39,1
25,Female,White,Divorced,1,63996,HS-grad,Local-gov,Adm-clerical,0,0,40,39,0
55,Male,White,Divorced,1,157932,HS-grad,Private,Handlers-cleaners,0,0,40,39,0
63,Female,White,Widowed,1,71800,7th-8th,Private,Other-service,0,0,41,39,0
20,Female,White,Never-married,3,181032,Some-college,Private,Machine-op-inspct,0,0,40,39,0
20,Female,White,Never-married,2,374116,HS-grad,Private,Prof-specialty,0,0,40,39,0
54,Male,White,Married-civ-spouse,0,310774,Bachelors,Self-emp-not-inc,Sales,0,0,40,39,0
22,Male,White,Married-civ-spouse,0,126945,Assoc-voc,Private,Tech-support,0,0,40,39,0
47,Male,White,Married-civ-spouse,0,104521,Assoc-voc,Private,Prof-specialty,0,0,40,39,1
55,Male,White,Married-civ-spouse,0,189528,5th-6th,Private,Craft-repair,0,0,50,39,0
44,Male,White,Married-civ-spouse,0,358199,Some-college,Private,Sales,0,0,45,39,1
39,Male,White,Married-civ-spouse,0,183898,Assoc-acdm,Private,Craft-repair,7688,0,60,11,1
59,Female,Black,Never-married,3,43280,Some-college,Federal-gov,Exec-managerial,0,0,40,39,0
60,Male,White,Married-spouse-absent,1,36077,7th-8th,Private,Machine-op-inspct,0,0,40,39,0
25,Female,White,Never-married,3,366416,HS-grad,Private,Adm-clerical,0,0,40,39,0
51,Male,Black,Never-married,1,103824,HS-grad,Private,Other-service,0,0,40,14,0
47,Male,White,Married-civ-spouse,0,109089,Some-college,Private,Prof-specialty,0,0,70,39,0
33,Male,White,Never-married,1,209317,9th,Private,Other-service,0,0,45,8,0
22,Male,Asian-Pac-Islander,Never-married,3,112847,HS-grad,Private,Adm-clerical,0,0,40,39,0
29,Female,White,Never-married,3,129856,Assoc-voc,Private,Adm-clerical,0,0,40,39,0
56,Male,White,Married-civ-spouse,0,83196,HS-grad,Private,Exec-managerial,0,0,50,39,0
19,Male,White,Never-married,3,234519,Some-college,Other,Other,0,0,35,39,0
36,Male,White,Married-civ-spouse,3,177858,Bachelors,Local-gov,Prof-specialty,0,0,40,39,0
39,Male,Asian-Pac-Islander,Married-civ-spouse,0,191342,Bachelors,Private,Craft-repair,0,0,40,30,1
37,Male,Asian-Pac-Islander,Married-civ-spouse,0,69251,Some-college,Private,Transport-moving,0,0,40,39,0
21,Male,White,Married-civ-spouse,0,131230,HS-grad,Private,Craft-repair,0,0,37,39,0
46,Male,White,Married-civ-spouse,0,101722,Some-college,Self-emp-not-inc,Exec-managerial,3137,0,40,39,0
50,Male,White,Married-civ-spouse,0,205803,Masters,Private,Sales,15024,0,40,39,1
28,Male,White,Married-civ-spouse,0,31717,HS-grad,Self-emp-inc,Exec-managerial,0,0,45,39,1
45,Male,White,Married-civ-spouse,0,94754,Masters,State-gov,Adm-clerical,0,0,40,19,0
36,Male,White,Divorced,4,179488,Some-college,Private,Adm-clerical,0,0,40,2,0
51,Female,Black,Married-civ-spouse,5,155403,HS-grad,Private,Adm-clerical,0,0,40,39,0
42,Female,White,Separated,4,196001,HS-grad,Private,Adm-clerical,0,0,40,39,0
41,Male,White,Never-married,1,34037,HS-grad,Private,Handlers-cleaners,0,0,40,39,0
36,Male,White,Married-civ-spouse,0,169469,Some-college,Private,Exec-managerial,7298,0,40,39,1
45,Male,White,Married-civ-spouse,0,144579,Bachelors,Private,Prof-specialty,0,0,40,39,1
73,Female,White,Widowed,1,84053,HS-grad,Other,Other,0,0,15,39,0
64,Male,White,Married-civ-spouse,0,102470,HS-grad,Private,Craft-repair,0,0,40,39,0
35,Male,Black,Married-civ-spouse,2,242094,HS-grad,Private,Other-service,0,0,40,39,0
45,Male,White,Married-civ-spouse,0,271828,Bachelors,Self-emp-not-inc,Craft-repair,0,0,20,39,0
25,Female,White,Never-married,1,209970,Bachelors,Private,Prof-specialty,0,0,40,39,0
29,Male,White,Married-civ-spouse,0,464536,Bachelors,Private,Other-service,0,0,40,39,0
37,Female,White,Divorced,4,95654,10th,Private,Exec-managerial,0,0,35,39,0
36,Female,White,Divorced,4,30509,Some-college,Private,Prof-specialty,0,0,45,39,0
56,Male,White,Married-civ-spouse,0,67153,Masters,Federal-gov,Exec-managerial,0,0,40,32,1
41,Female,Black,Divorced,1,175149,HS-grad,Local-gov,Transport-moving,0,0,38,39,0
34,Male,White,Never-married,1,295922,Some-college,Private,Machine-op-inspct,0,0,40,9,1
26,Male,White,Never-married,3,133373,Bachelors,Other,Other,0,0,44,39,0
30,Male,White,Never-married,1,172822,Assoc-voc,Local-gov,Protective-serv,0,0,40,39,0
29,Female,White,Married-civ-spouse,5,286634,Bachelors,Private,Prof-specialty,0,0,50,39,1
20,Female,Black,Never-married,1,229843,Some-college,Other,Other,0,0,20,39,0
19,Male,White,Never-married,3,400356,Some-college,Other,Other,0,0,40,39,0
36,Female,Black,Separated,2,189674,Some-college,Private,Other-service,0,0,40,39,0
36,Male,White,Never-married,3,89202,Bachelors,Private,Prof-specialty,0,0,50,39,0
47,Male,White,Married-civ-spouse,0,155489,HS-grad,Private,Transport-moving,7688,0,55,39,1
57,Male,Black,Married-civ-spouse,0,36990,HS-grad,Private,Craft-repair,0,0,52,39,0
56,Male,White,Married-civ-spouse,0,204816,HS-grad,Private,Sales,0,0,55,39,1
41,Male,White,Married-civ-spouse,0,303510,HS-grad,Private,Exec-managerial,0,0,40,39,0
46,Male,White,Married-civ-spouse,0,83064,Some-college,Private,Machine-op-inspct,0,0,40,39,0
20,Female,White,Never-married,2,176321,Some-college,Private,Adm-clerical,0,0,20,39,0
22,Female,White,Never-married,3,126613,Some-college,Private,Sales,0,0,20,39,0
33,Female,White,Divorced,4,67482,Assoc-voc,Self-emp-not-inc,Other-service,0,0,99,39,0
24,Male,White,Never-married,3,283757,Bachelors,Private,Adm-clerical,0,0,39,39,0
37,Female,White,Separated,2,302604,Some-college,Private,Other-service,0,0,40,39,0
55,Female,White,Divorced,1,276229,Some-college,Private,Tech-support,0,0,40,39,0
26,Female,White,Married-civ-spouse,5,276548,HS-grad,Private,Sales,0,0,20,39,0
35,Male,White,Married-civ-spouse,0,185769,Some-college,Local-gov,Other-service,0,0,40,39,0
60,Male,White,Married-civ-spouse,0,92845,5th-6th,Self-emp-not-inc,Farming-fishing,0,0,40,39,0
73,Female,White,Married-civ-spouse,5,46514,HS-grad,Self-emp-not-inc,Sales,0,0,25,39,0
36,Male,White,Divorced,1,195516,HS-grad,Private,Machine-op-inspct,0,0,40,39,0
24,Female,Black,Never-married,3,274398,Some-college,Private,Adm-clerical,0,0,20,39,0
29,Female,White,Never-married,1,119848,Bachelors,Federal-gov,Prof-specialty,0,0,40,39,0
59,Male,White,Married-civ-spouse,0,182062,Bachelors,Private,Prof-specialty,5013,0,40,39,0
32,Male,White,Never-married,1,198068,HS-grad,Private,Transport-moving,0,0,60,39,0
46,Male,White,Married-civ-spouse,0,59287,Some-college,Private,Craft-repair,0,0,40,39,0
33,Male,White,Married-civ-spouse,0,425785,Assoc-voc,State-gov,Prof-specialty,0,0,40,39,0
57,Male,White,Married-civ-spouse,0,106103,Some-college,Self-emp-inc,Tech-support,0,0,60,39,1
29,Male,White,Never-married,3,205903,HS-grad,Private,Other-service,0,0,40,39,0
31,Male,White,Married-civ-spouse,0,129775,Bachelors,Private,Sales,0,0,65,39,0
33,Male,White,Separated,1,241885,Some-college,Private,Machine-op-inspct,0,0,40,39,0
26,Male,Asian-Pac-Islander,Married-civ-spouse,0,70447,HS-grad,State-gov,Protective-serv,0,0,40,39,1
28,Male,White,Never-married,1,339372,Bachelors,Private,Adm-clerical,0,1408,40,39,0
35,Male,White,Married-civ-spouse,0,196373,Bachelors,Self-emp-inc,Exec-managerial,0,0,45,39,1
51,Male,White,Married-civ-spouse,0,41806,11th,Private,Machine-op-inspct,0,0,40,39,0
43,Female,White,Never-married,1,47818,Bachelors,State-gov,Prof-specialty,0,0,40,39,0
21,Male,White,Never-married,3,231931,Some-college,Private,Sales,0,0,45,39,0
48,Male,White,Married-civ-spouse,0,155664,HS-grad,Private,Craft-repair,7688,0,70,39,1
25,Male,White,Never-married,3,177499,Bachelors,Private,Craft-repair,0,1590,35,39,0
79,Male,White,Married-civ-spouse,0,84616,11th,Local-gov,Exec-managerial,0,0,7,39,0
40,Female,White,Never-married,1,26358,Assoc-acdm,Federal-gov,Adm-clerical,0,0,40,39,0
62,Male,Black,Divorced,1,236096,HS-grad,Self-emp-inc,Exec-managerial,0,0,40,39,0
61,Male,White,Married-civ-spouse,0,180632,HS-grad,Private,Sales,0,0,40,39,0
38,Male,White,Married-civ-spouse,0,210991,Bachelors,Local-gov,Craft-repair,0,1740,40,39,0
47,Female,White,Married-civ-spouse,1,186805,HS-grad,Other,Other,0,0,35,39,0
50,Male,White,Married-civ-spouse,0,266529,11th,Private,Craft-repair,0,0,40,39,0
31,Female,White,Never-married,3,120461,Some-college,Private,Sales,0,0,40,39,0
36,Male,White,Married-civ-spouse,0,237943,Bachelors,Private,Prof-specialty,0,1977,45,39,1
29,Female,White,Never-married,3,263831,Bachelors,Private,Adm-clerical,0,0,40,39,0
49,Male,White,Separated,3,261059,10th,Other,Other,2176,0,40,39,0
24,Female,White,Never-married,1,148709,HS-grad,Private,Other-service,0,0,40,39,0
51,Male,White,Married-civ-spouse,0,259323,Bachelors,Private,Exec-managerial,0,0,50,39,1
59,Male,White,Married-civ-spouse,0,271571,Some-college,Private,Craft-repair,15024,0,50,39,1
33,Male,White,Married-civ-spouse,0,111567,Masters,Private,Exec-managerial,0,1902,45,11,1
46,Male,White,Separated,1,128047,Some-college,Private,Sales,0,0,42,39,0
24,Male,White,Never-married,3,308285,HS-grad,Private,Craft-repair,0,0,40,39,0
51,Male,White,Married-civ-spouse,0,168660,HS-grad,Private,Exec-managerial,0,0,50,39,0
30,Male,White,Never-married,1,251120,Assoc-acdm,Private,Sales,0,0,40,9,0
34,Male,Black,Married-civ-spouse,0,261799,Assoc-voc,Private,Adm-clerical,0,0,45,39,1
21,Male,White,Never-married,2,138575,HS-grad,Other,Other,0,0,60,39,0
33,Male,White,Never-married,4,347623,Masters,Private,Exec-managerial,0,0,40,39,0
47,Female,White,Divorced,4,191389,HS-grad,Local-gov,Adm-clerical,0,0,35,39,0
75,Male,White,Married-civ-spouse,0,311184,Bachelors,Private,Exec-managerial,0,0,24,39,0
45,Female,White,Married-civ-spouse,5,209482,Masters,Local-gov,Prof-specialty,0,0,45,39,1
30,Male,White,Never-married,1,110643,Some-college,Private,Exec-managerial,0,0,52,39,0
63,Female,White,Married-civ-spouse,5,127363,Some-college,Private,Prof-specialty,0,0,12,39,0
30,Male,White,Married-civ-spouse,0,172304,Assoc-voc,Private,Exec-managerial,0,0,55,39,0
39,Male,White,Married-civ-spouse,0,249392,Masters,Local-gov,Prof-specialty,0,0,72,39,0
34,Male,White,Divorced,1,346275,11th,Private,Handlers-cleaners,0,0,43,39,0
45,Male,White,Married-civ-spouse,0,185385,HS-grad,Private,Machine-op-inspct,0,0,40,39,0
37,Female,White,Widowed,4,401998,HS-grad,Private,Machine-op-inspct,0,0,20,39,0
50,Male,White,Married-civ-spouse,0,124793,Some-college,Self-emp-not-inc,Craft-repair,0,0,55,39,0
39,Male,White,Married-civ-spouse,0,201410,Bachelors,Private,Transport-moving,0,1977,45,30,1
36,Female,Black,Never-married,4,180752,Bachelors,State-gov,Protective-serv,0,0,40,39,0
44,Male,Black,Married-civ-spouse,0,261497,HS-grad,Private,Handlers-cleaners,0,0,40,0,0
19,Male,White,Never-married,2,57067,HS-grad,Private,Machine-op-inspct,0,0,45,39,0
28,Female,White,Married-spouse-absent,1,192283,Masters,Private,Sales,0,0,80,39,1
26,Male,White,Never-married,1,27834,Bachelors,Local-gov,Protective-serv,0,0,40,39,0
47,Female,White,Divorced,1,27815,9th,Private,Other-service,0,1719,30,39,0
38,Female,Black,Separated,4,219902,HS-grad,Private,Transport-moving,0,0,30,39,0
29,Female,Black,Never-married,4,244395,11th,Private,Other-service,0,0,40,39,0
54,Male,White,Never-married,3,137815,12th,State-gov,Other-service,4101,0,40,39,0
17,Male,White,Never-married,3,226980,12th,Private,Handlers-cleaners,0,0,17,39,0
37,Male,White,Divorced,1,176073,Some-college,Private,Craft-repair,0,0,50,39,0
40,Female,White,Never-married,4,208277,Some-college,Private,Exec-managerial,0,0,40,39,0
39,Female,White,Divorced,2,184128,11th,Private,Sales,0,0,40,39,0
23,Male,White,Married-civ-spouse,0,233711,HS-grad,Private,Other-service,0,0,50,39,0
57,Male,Black,Married-civ-spouse,0,169329,HS-grad,Private,Tech-support,0,1887,40,38,1
25,Female,White,Married-civ-spouse,5,113948,Assoc-voc,Self-emp-not-inc,Other-service,0,0,45,39,0
70,Female,White,Divorced,4,131699,Bachelors,Self-emp-inc,Exec-managerial,0,0,55,39,0
48,Male,White,Married-civ-spouse,0,233511,HS-grad,Private,Transport-moving,0,0,50,39,1
36,Male,White,Married-civ-spouse,0,504871,HS-grad,Other,Other,0,0,40,39,1
44,Female,Black,Married-civ-spouse,5,145178,HS-grad,Local-gov,Other-service,0,0,38,23,1
37,Male,White,Never-married,1,95336,10th,Private,Machine-op-inspct,0,0,65,39,0
25,Female,Asian-Pac-Islander,Never-married,2,228608,Some-college,Private,Craft-repair,0,0,40,1,0
38,Male,White,Married-civ-spouse,0,171150,Assoc-acdm,Private,Prof-specialty,0,0,40,39,1
34,Male,White,Married-civ-spouse,0,126838,HS-grad,Private,Transport-moving,0,0,40,39,0
25,Male,White,Married-civ-spouse,0,28473,Assoc-voc,Private,Craft-repair,0,0,40,39,0
31,Female,White,Never-married,1,182896,HS-grad,Private,Craft-repair,0,0,40,39,0
34,Male,White,Married-civ-spouse,0,317809,Bachelors,Private,Exec-managerial,0,0,50,0,1
36,Male,White,Married-civ-spouse,0,66304,Bachelors,Private,Exec-managerial,0,0,55,39,1
17,Female,White,Never-married,3,146329,12th,Private,Sales,0,0,23,39,0
56,Male,White,Married-civ-spouse,0,275236,Bachelors,Private,Machine-op-inspct,0,0,40,39,0
30,Male,White,Married-civ-spouse,0,68330,Some-college,Self-emp-inc,Sales,0,0,50,39,0
32,Male,White,Never-married,2,81528,HS-grad,Private,Handlers-cleaners,0,0,60,39,0
17,Male,Black,Never-married,3,127003,9th,Other,Other,0,0,40,39,0
22,Female,White,Never-married,1,51111,Some-college,Private,Sales,0,0,40,39,0
44,Male,White,Married-civ-spouse,0,74680,Some-college,Private,Craft-repair,5178,0,50,39,1
22,Male,White,Married-civ-spouse,0,396895,5th-6th,Private,Craft-repair,0,0,35,26,0
61,Male,White,Married-civ-spouse,0,85548,Some-college,Private,Tech-support,15024,0,18,39,1
61,Male,White,Married-civ-spouse,0,198686,Assoc-acdm,Other,Other,0,0,2,39,1
35,Male,White,Divorced,1,186110,HS-grad,Private,Transport-moving,0,0,45,39,0
25,Male,White,Never-married,1,252187,11th,Private,Handlers-cleaners,0,0,40,39,0
58,Male,White,Married-civ-spouse,0,172333,HS-grad,Private,Sales,7688,0,40,39,1
18,Male,White,Never-married,1,181755,HS-grad,Private,Sales,0,0,30,39,0
23,Female,White,Never-married,1,216639,Bachelors,Private,Tech-support,0,0,40,39,0
57,Male,White,Married-civ-spouse,0,124507,Bachelors,Private,Sales,0,0,55,39,1
34,Male,Black,Divorced,1,176648,HS-grad,Private,Adm-clerical,0,0,42,39,0
55,Male,White,Married-civ-spouse,0,84231,HS-grad,Private,Transport-moving,0,0,50,39,0
64,Female,White,Widowed,1,192596,HS-grad,Private,Adm-clerical,0,0,30,39,0
39,Male,White,Married-civ-spouse,0,101073,Assoc-acdm,Private,Sales,0,0,24,39,0
18,Male,White,Never-married,3,256179,Some-college,Other,Other,594,0,10,39,0
27,Male,White,Married-civ-spouse,3,214858,HS-grad,Private,Other-service,0,0,40,39,0
27,Male,White,Never-married,1,318639,10th,Private,Other-service,0,0,60,26,0
50,Male,White,Married-civ-spouse,0,173754,HS-grad,Private,Craft-repair,0,0,40,39,0
32,Male,White,Married-civ-spouse,0,195891,Assoc-acdm,Private,Prof-specialty,0,0,45,39,1
19,Female,Other,Never-married,3,204389,HS-grad,Private,Adm-clerical,0,0,25,33,0
34,Male,White,Married-civ-spouse,0,190290,Bachelors,State-gov,Prof-specialty,0,0,38,39,1
51,Male,White,Married-civ-spouse,0,355954,Some-college,Private,Craft-repair,0,0,60,39,1
59,Male,White,Married-civ-spouse,0,357943,Bachelors,Self-emp-not-inc,Exec-managerial,0,0,40,39,1
46,Male,White,Married-civ-spouse,0,349230,Assoc-voc,Federal-gov,Tech-support,0,1848,40,39,1
37,Male,White,Married-civ-spouse,0,378916,HS-grad,State-gov,Adm-clerical,0,0,40,39,0
56,Male,White,Married-civ-spouse,0,66356,Some-college,Self-emp-not-inc,Farming-fishing,0,0,50,39,0
43,Male,White,Married-civ-spouse,0,557349,10th,Private,Transport-moving,0,0,40,41,0
33,Male,White,Married-civ-spouse,0,709798,Bachelors,Private,Prof-specialty,0,0,60,39,1
24,Female,White,Never-married,3,301199,Some-college,Private,Tech-support,0,0,20,39,0
67,Female,White,Widowed,1,364862,HS-grad,Self-emp-not-inc,Other-service,0,0,30,39,0
50,Male,White,Divorced,1,258819,HS-grad,Private,Craft-repair,0,0,40,39,1
54,Female,White,Divorced,4,320196,Some-college,Private,Exec-managerial,0,0,40,11,0
50,Male,White,Never-married,1,22428,Masters,Other,Other,0,0,40,39,0
33,Female,White,Never-married,1,101345,Bachelors,Federal-gov,Prof-specialty,0,0,40,39,0
27,Female,White,Married-civ-spouse,5,199172,HS-grad,Local-gov,Protective-serv,0,0,40,39,0
52,Male,White,Separated,4,196894,11th,Private,Handlers-cleaners,0,0,40,39,0
36,Female,White,Divorced,4,289148,Some-college,Private,Other-service,0,0,40,39,0
67,Male,White,Widowed,4,150516,HS-grad,Other,Other,0,0,3,39,0
50,Male,White,Married-civ-spouse,0,195844,Assoc-acdm,Private,Exec-managerial,0,0,50,39,1
66,Female,White,Divorced,2,222810,Some-college,Other,Other,0,0,35,39,0
40,Male,White,Separated,3,475322,Bachelors,Self-emp-inc,Craft-repair,0,0,50,39,0
39,Male,White,Married-civ-spouse,0,348960,HS-grad,Private,Handlers-cleaners,0,0,40,39,0
56,Female,White,Never-married,1,235197,HS-grad,Private,Adm-clerical,0,0,38,39,0
65,Female,White,Widowed,4,143118,HS-grad,Other,Other,0,2206,10,39,0
39,Male,Black,Married-civ-spouse,0,363630,HS-grad,Federal-gov,Adm-clerical,7688,0,52,39,1
28,Male,White,Married-civ-spouse,0,222442,HS-grad,Private,Sales,0,0,51,5,0
40,Male,White,Married-civ-spouse,0,228535,Assoc-acdm,Private,Prof-specialty,7298,0,36,39,1
67,Male,White,Married-civ-spouse,0,111321,Bachelors,Self-emp-inc,Exec-managerial,0,0,16,39,0
48,Male,White,Married-civ-spouse,0,212954,Some-college,Private,Craft-repair,0,0,60,39,1
28,Female,White,Never-married,3,270973,Assoc-acdm,Private,Adm-clerical,0,0,40,39,0
45,Male,White,Divorced,1,89325,Masters,Private,Prof-specialty,0,0,45,39,0
36,Male,White,Never-married,1,168826,10th,Private,Craft-repair,0,0,40,39,0
57,Male,White,Widowed,2,175942,Some-college,Self-emp-not-inc,Exec-managerial,0,0,25,39,0
22,Female,White,Never-married,1,225156,HS-grad,Private,Adm-clerical,0,0,40,39,0
51,Male,White,Married-civ-spouse,0,221672,Masters,Private,Sales,15024,0,50,39,1
58,Male,White,Married-civ-spouse,0,306233,Bachelors,Private,Sales,15024,0,40,39,1
69,Male,White,Married-civ-spouse,0,106566,Doctorate,Other,Other,0,0,50,39,1
52,Male,White,Married-civ-spouse,0,30731,Bachelors,Federal-gov,Exec-managerial,0,0,45,39,1
24,Male,White,Married-civ-spouse,0,203076,HS-grad,Other,Other,0,0,40,39,0
42,Male,White,Married-civ-spouse,0,436107,Assoc-acdm,Self-emp-not-inc,Transport-moving,0,0,50,39,0
47,Female,White,Divorced,4,223342,HS-grad,Private,Adm-clerical,0,1504,35,39,0
46,Female,White,Separated,3,324601,1st-4th,Private,Machine-op-inspct,0,0,40,13,0
45,Female,Black,Divorced,4,172274,Doctorate,Private,Prof-specialty,0,3004,35,39,1
39,Male,Black,Never-married,1,279272,Assoc-acdm,Private,Transport-moving,0,0,60,39,0
26,Male,White,Married-civ-spouse,0,173593,Masters,Private,Machine-op-inspct,0,0,20,2,0
38,Male,White,Married-civ-spouse,0,325538,Prof-school,Federal-gov,Prof-specialty,0,0,50,39,1
45,Male,White,Married-civ-spouse,0,329144,Some-college,Private,Sales,0,0,40,39,1
72,Female,White,Widowed,1,94242,Some-college,Federal-gov,Tech-support,0,0,16,39,0
18,Female,White,Never-married,3,378707,10th,Private,Sales,0,0,20,39,0
32,Male,White,Divorced,4,92531,HS-grad,Self-emp-not-inc,Craft-repair,0,0,40,39,0
29,Female,White,Never-married,4,174419,HS-grad,Private,Other-service,0,0,30,39,0
31,Male,Asian-Pac-Islander,Never-married,1,358461,Some-college,State-gov,Other-service,0,0,40,39,0
44,Female,White,Divorced,1,442035,Some-college,Private,Prof-specialty,0,0,40,39,0
17,Female,White,Never-married,3,173807,11th,Private,Craft-repair,0,0,15,39,0
40,Female,White,Never-married,1,222011,Masters,Private,Prof-specialty,3325,0,40,39,0
33,Male,White,Married-civ-spouse,0,334744,Some-college,Self-emp-not-inc,Craft-repair,0,0,50,39,1
27,Male,White,Never-married,2,399904,HS-grad,Self-emp-inc,Craft-repair,0,0,50,26,0
39,Male,White,Married-civ-spouse,0,201410,HS-grad,Private,Handlers-cleaners,0,0,40,39,0
21,Female,White,Never-married,3,107882,Assoc-acdm,Private,Other-service,0,0,9,39,0
25,Female,Asian-Pac-Islander,Never-married,3,69847,Bachelors,Private,Adm-clerical,0,0,40,39,0
32,Female,White,Never-married,1,46691,Bachelors,Private,Adm-clerical,0,0,40,39,0
35,Male,White,Never-married,3,187693,HS-grad,Private,Machine-op-inspct,0,0,40,39,0
46,Male,White,Married-civ-spouse,0,72896,Some-college,Private,Exec-managerial,0,0,50,39,0
37,Male,White,Never-married,1,367237,Assoc-voc,State-gov,Prof-specialty,8614,0,40,39,1
84,Female,White,Widowed,1,163685,HS-grad,Local-gov,Exec-managerial,0,0,33,39,0
36,Male,White,Married-civ-spouse,0,361888,Some-college,Private,Craft-repair,0,0,40,0,1
23,Female,Asian-Pac-Islander,Never-married,1,125491,Some-college,Private,Other-service,0,0,35,40,0
26,Male,Black,Never-married,3,183171,11th,Private,Other-service,1055,0,32,39,0
18,Female,White,Never-married,3,41794,11th,Private,Other-service,0,0,20,39,0
31,Male,White,Divorced,1,150324,11th,Private,Farming-fishing,0,0,50,39,0
52,Male,White,Married-civ-spouse,0,138497,Bachelors,Private,Sales,0,0,45,39,1
24,Male,White,Never-married,3,113466,Bachelors,Private,Adm-clerical,0,0,40,39,0
53,Male,White,Married-civ-spouse,0,201127,Masters,Private,Exec-managerial,0,0,48,39,1
40,Female,White,Never-married,1,90222,Some-college,Private,Sales,0,0,40,39,0
41,Female,White,Never-married,1,211731,Some-college,Private,Adm-clerical,0,0,40,26,0
30,Female,White,Divorced,1,147921,Assoc-voc,Private,Adm-clerical,0,0,46,39,0
24,Male,White,Never-married,1,235722,HS-grad,Private,Other-service,0,0,40,39,0
37,Male,White,Divorced,1,32239,HS-grad,Self-emp-not-inc,Farming-fishing,27828,0,40,39,1
38,Male,White,Married-civ-spouse,0,161141,Some-college,Private,Tech-support,0,0,45,39,0
32,Male,White,Never-married,1,340917,Bachelors,Private,Prof-specialty,0,0,50,39,1
23,Female,White,Never-married,3,193586,Some-college,Private,Adm-clerical,0,0,25,39,0
22,Female,White,Never-married,1,171176,HS-grad,Private,Other-service,0,0,48,0,0
36,Female,White,Never-married,1,163278,Masters,Private,Prof-specialty,0,0,40,39,0
42,Female,Black,Divorced,2,191765,HS-grad,Private,Other-service,0,0,35,39,0
35,Male,White,Married-civ-spouse,0,199352,Prof-school,Private,Prof-specialty,0,1977,80,39,1
26,Female,White,Married-civ-spouse,5,30793,Bachelors,Local-gov,Prof-specialty,0,0,55,39,1
45,Male,White,Married-civ-spouse,0,148900,Bachelors,Private,Prof-specialty,0,0,50,39,1
46,Female,White,Divorced,1,443179,Bachelors,Other,Other,0,0,8,39,0
50,Female,Other,Separated,4,182360,HS-grad,Private,Prof-specialty,0,0,60,33,0
21,Male,White,Never-married,3,162228,HS-grad,Private,Sales,0,0,30,39,0
25,Male,Black,Never-married,4,154863,HS-grad,Private,Adm-clerical,0,0,35,39,0
52,Male,White,Married-civ-spouse,0,144361,Assoc-voc,Private,Craft-repair,0,1902,40,39,1
39,Male,White,Divorced,1,28572,HS-grad,Private,Other-service,0,0,40,39,0
46,Male,Asian-Pac-Islander,Married-spouse-absent,1,91262,Some-college,Private,Craft-repair,0,0,40,30,0
40,Male,Black,Never-married,3,72791,Some-college,Private,Craft-repair,0,0,40,39,0
72,Male,White,Married-civ-spouse,0,82635,11th,Other,Other,0,0,40,39,0
21,Female,White,Never-married,3,304949,Some-college,Private,Prof-specialty,0,0,10,39,0
55,Female,White,Widowed,3,176317,HS-grad,Private,Adm-clerical,0,0,40,39,0
34,Female,Black,Divorced,4,226385,Masters,Private,Exec-managerial,0,0,40,39,0
32,Female,Black,Never-married,4,116055,HS-grad,Private,Adm-clerical,2977,0,35,39,0
62,Male,White,Married-civ-spouse,0,109190,Bachelors,Private,Exec-managerial,15024,0,40,39,1
43,Male,White,Married-civ-spouse,0,191429,7th-8th,Private,Other-service,0,0,25,39,0
40,Female,White,Widowed,4,174515,HS-grad,Private,Machine-op-inspct,0,0,40,39,0
29,Male,White,Never-married,3,232784,Assoc-acdm,Private,Exec-managerial,0,0,40,39,0
31,Male,White,Never-married,3,114691,HS-grad,Private,Sales,0,0,40,39,0
40,Male,White,Married-civ-spouse,0,77357,Prof-school,Private,Prof-specialty,0,0,40,39,1
22,Male,White,Never-married,3,39803,Some-college,Other,Other,0,0,40,39,0
32,Female,White,Divorced,1,199244,10th,Other,Other,0,0,40,39,0
51,Female,White,Divorced,1,357949,Bachelors,Private,Prof-specialty,0,0,16,39,0
57,Female,Black,Divorced,1,190561,HS-grad,Local-gov,Handlers-cleaners,0,0,30,39,0
48,Male,White,Married-civ-spouse,0,355890,Bachelors,Other,Other,0,0,55,39,1
27,Male,White,Never-married,1,213421,Prof-school,Private,Prof-specialty,0,0,50,39,0
36,Female,White,Never-married,1,185203,HS-grad,Private,Sales,0,0,40,39,0
45,Male,White,Married-civ-spouse,0,31478,Bachelors,Self-emp-not-inc,Sales,2829,0,60,39,0
23,Male,White,Separated,3,181820,HS-grad,Private,Craft-repair,0,0,53,39,0
28,Female,White,Married-spouse-absent,1,196621,HS-grad,Private,Tech-support,0,0,37,39,0
49,Male,White,Married-civ-spouse,0,391585,Bachelors,State-gov,Exec-managerial,15024,0,40,39,1
34,Male,White,Married-civ-spouse,0,175697,Assoc-voc,Self-emp-not-inc,Craft-repair,0,0,75,39,0
49,Male,White,Never-married,3,122177,HS-grad,Private,Handlers-cleaners,0,0,80,39,0
63,Male,Black,Married-civ-spouse,0,201631,9th,Private,Farming-fishing,0,0,40,39,0
44,Male,White,Separated,1,144778,Some-college,Private,Exec-managerial,0,0,45,39,1
40,Female,White,Never-married,1,135056,HS-grad,Private,Adm-clerical,0,0,45,39,0
25,Male,White,Never-married,1,469572,Some-college,Private,Prof-specialty,8614,0,40,39,1
28,Male,White,Never-married,1,251905,Prof-school,Private,Prof-specialty,0,2339,40,2,0
23,Male,White,Never-married,3,214120,HS-grad,Private,Priv-house-serv,0,0,40,39,0
62,Female,White,Married-civ-spouse,5,320376,HS-grad,Self-emp-not-inc,Sales,0,0,48,39,0
37,Male,White,Married-civ-spouse,0,238433,1st-4th,Private,Transport-moving,0,0,40,5,0
41,Male,White,Married-civ-spouse,0,172307,9th,Private,Craft-repair,0,0,40,39,0
43,Male,White,Married-civ-spouse,0,62857,Some-college,Private,Craft-repair,0,0,60,39,0
45,Male,White,Married-civ-spouse,0,242391,Bachelors,Private,Exec-managerial,0,0,60,39,1
38,Female,White,Divorced,1,161016,Some-college,Private,Prof-specialty,0,0,32,39,0
70,Male,White,Married-civ-spouse,0,37203,Masters,Self-emp-not-inc,Prof-specialty,9386,0,30,39,1
18,Male,White,Never-married,3,36162,11th,Private,Craft-repair,0,0,5,39,0
36,Female,Black,Divorced,4,197495,Bachelors,Local-gov,Prof-specialty,0,0,40,39,0
56,Female,Black,Widowed,1,208431,Some-college,Private,Exec-managerial,0,0,32,39,0
35,Male,White,Never-married,3,225399,HS-grad,Self-emp-not-inc,Machine-op-inspct,8614,0,40,39,1
60,Female,White,Divorced,1,243829,Masters,Private,Prof-specialty,0,0,50,39,0
35,Male,White,Married-civ-spouse,0,32528,HS-grad,Self-emp-not-inc,Transport-moving,0,0,50,39,0
19,Female,White,Never-married,3,219300,Some-college,Private,Sales,0,0,25,39,0
38,Male,White,Married-civ-spouse,0,154641,Assoc-voc,Private,Craft-repair,0,0,40,39,0
27,Male,White,Separated,3,164607,Bachelors,Private,Tech-support,0,0,50,39,0
34,Male,White,Never-married,3,134737,Bachelors,Private,Sales,0,0,40,39,1
71,Female,Asian-Pac-Islander,Widowed,1,99894,5th-6th,Private,Priv-house-serv,0,0,75,39,0
27,Female,White,Never-married,3,77774,HS-grad,Private,Machine-op-inspct,0,0,34,39,0
36,Female,White,Married-civ-spouse,5,747719,Prof-school,State-gov,Prof-specialty,15024,0,50,39,1
21,Female,White,Never-married,2,276709,Some-college,Private,Sales,0,0,40,39,0
24,Female,White,Never-married,3,295763,Bachelors,Private,Exec-managerial,0,0,50,39,0
28,Female,White,Never-married,1,132078,Bachelors,Private,Prof-specialty,0,0,40,39,0
18,Male,White,Never-married,3,132986,HS-grad,Self-emp-not-inc,Farming-fishing,0,0,40,39,0
19,Female,Black,Never-married,2,217418,Some-college,Private,Adm-clerical,0,0,38,39,0
71,Male,White,Married-civ-spouse,0,78786,7th-8th,Self-emp-not-inc,Farming-fishing,0,0,10,39,0
46,Female,White,Divorced,4,198774,Masters,Private,Exec-managerial,0,323,45,39,0
49,Female,White,Widowed,1,35406,HS-grad,Federal-gov,Exec-managerial,0,0,20,39,0
23,Male,Black,Married-civ-spouse,0,137214,HS-grad,Private,Sales,0,0,37,39,0
52,Female,White,Divorced,4,318975,HS-grad,Private,Adm-clerical,0,0,40,5,0
59,Male,White,Married-civ-spouse,0,190541,HS-grad,Federal-gov,Craft-repair,0,0,40,39,1
35,Female,Black,Never-married,4,237873,HS-grad,State-gov,Other-service,0,0,40,39,0
30,Male,White,Married-civ-spouse,0,112358,Bachelors,Private,Other-service,0,0,60,39,1
54,Male,White,Divorced,1,257765,7th-8th,Private,Machine-op-inspct,0,0,40,13,0
25,Male,Black,Never-married,1,218136,Some-college,Private,Handlers-cleaners,0,0,40,28,0
63,Female,White,Married-civ-spouse,5,150079,HS-grad,Local-gov,Adm-clerical,0,0,35,39,1
41,Male,White,Married-civ-spouse,0,27305,Masters,State-gov,Prof-specialty,0,0,40,39,1
45,Male,Amer-Indian-Eskimo,Married-civ-spouse,0,239093,Some-college,Self-emp-not-inc,Exec-managerial,3137,0,40,39,0
66,Female,White,Widowed,1,175558,7th-8th,Private,Other-service,0,0,20,11,0
43,Female,Asian-Pac-Islander,Never-married,3,88913,Some-college,Private,Handlers-cleaners,1055,0,40,39,0
17,Male,White,Never-married,3,151141,11th,Private,Handlers-cleaners,0,0,15,39,0
36,Female,White,Separated,4,112512,12th,Private,Other-service,0,0,40,26,0
36,Male,White,Married-civ-spouse,0,224886,HS-grad,Other,Other,0,0,40,39,0
24,Female,White,Never-married,3,51973,Bachelors,Private,Prof-specialty,0,0,20,39,0
38,Male,White,Never-married,3,20308,HS-grad,Private,Other-service,0,0,40,39,0
24,Female,Asian-Pac-Islander,Never-married,1,311949,HS-grad,Other,Other,0,0,45,0,0
64,Male,White,Married-civ-spouse,0,100722,Bachelors,Self-emp-not-inc,Adm-clerical,0,0,5,39,0
29,Female,White,Never-married,1,29361,HS-grad,Private,Other-service,0,0,38,39,0
17,Male,White,Never-married,3,104232,10th,Private,Other-service,0,0,10,39,0
34,Male,White,Married-civ-spouse,0,234096,Assoc-acdm,Local-gov,Prof-specialty,0,0,40,39,1
18,Female,Black,Never-married,3,198614,11th,Private,Sales,0,0,8,39,0
21,Male,White,Never-married,1,159567,HS-grad,Private,Machine-op-inspct,0,0,50,39,0
34,Female,White,Separated,3,195488,HS-grad,Private,Adm-clerical,0,0,40,39,0
57,Male,White,Married-civ-spouse,0,57071,Some-college,Self-emp-not-inc,Craft-repair,3137,0,40,39,0
54,Male,White,Married-civ-spouse,0,169719,Bachelors,Private,Sales,3103,0,40,39,1
17,Male,White,Never-married,3,242718,11th,Private,Sales,0,0,12,39,0
69,Female,Black,Widowed,1,113035,1st-4th,Private,Priv-house-serv,0,0,4,39,0
19,Female,White,Never-married,3,176634,HS-grad,State-gov,Adm-clerical,0,0,40,39,0
25,Male,White,Married-civ-spouse,0,427744,10th,Private,Exec-managerial,0,0,40,39,0
75,Female,Asian-Pac-Islander,Never-married,1,71898,Preschool,Private,Priv-house-serv,0,0,48,30,0
63,Female,White,Widowed,4,268965,12th,Private,Sales,0,0,40,39,0
20,Male,White,Never-married,3,150084,Some-college,Other,Other,0,0,25,39,0
34,Female,White,Divorced,4,176831,Bachelors,Private,Prof-specialty,0,0,40,39,1
55,Male,White,Divorced,1,368727,Some-college,Private,Craft-repair,0,0,40,39,0
47,Male,White,Married-civ-spouse,0,168283,Bachelors,Private,Prof-specialty,0,0,40,39,1
51,Female,White,Divorced,1,158508,Some-college,Private,Exec-managerial,0,0,36,39,0
35,Male,White,Never-married,1,239755,Bachelors,Private,Other-service,0,0,38,39,0
32,Female,White,Never-married,1,183916,HS-grad,Private,Other-service,0,0,34,39,0
32,Male,Black,Married-civ-spouse,0,260868,Bachelors,Private,Sales,0,0,40,39,1
40,Male,White,Married-civ-spouse,0,184105,Assoc-voc,Private,Craft-repair,0,0,40,39,1
42,Male,Black,Married-civ-spouse,0,69019,Some-college,Private,Craft-repair,0,0,40,39,1
44,Male,White,Married-civ-spouse,0,119281,Prof-school,Private,Prof-specialty,0,0,50,39,1
27,Male,White,Never-married,4,150958,5th-6th,Private,Farming-fishing,0,0,48,13,0
49,Male,White,Married-civ-spouse,0,423222,Masters,Private,Sales,0,0,50,39,1
49,Male,White,Married-civ-spouse,0,247294,HS-grad,Private,Craft-repair,0,0,45,39,1
37,Female,White,Married-civ-spouse,5,272090,Some-college,Self-emp-not-inc,Adm-clerical,0,0,20,39,0
28,Male,White,Never-married,1,22422,HS-grad,Private,Exec-managerial,0,0,40,39,0
23,Female,White,Never-married,1,157127,Some-college,Private,Other-service,0,0,20,39,0
52,Male,White,Never-married,1,110977,Doctorate,Private,Exec-managerial,0,0,40,39,1
24,Male,White,Never-married,1,84257,Bachelors,Local-gov,Prof-specialty,0,0,50,39,0
32,Male,White,Married-civ-spouse,0,400132,Bachelors,State-gov,Protective-serv,0,0,40,39,1
56,Female,Black,Divorced,4,104842,Bachelors,Private,Prof-specialty,0,0,50,14,0
58,Male,White,Married-civ-spouse,0,31732,Bachelors,Self-emp-not-inc,Exec-managerial,0,0,50,39,0
20,Male,Black,Married-civ-spouse,3,470875,HS-grad,Private,Sales,0,0,32,39,0
43,Male,Asian-Pac-Islander,Married-civ-spouse,0,69758,Assoc-acdm,Private,Tech-support,0,0,40,39,0
69,Female,White,Widowed,1,541737,Some-college,Private,Adm-clerical,2050,0,24,39,0
63,Female,White,Widowed,2,45912,HS-grad,Private,Other-service,0,0,40,39,0
25,Male,White,Never-married,3,156848,Some-college,Other,Other,0,0,40,39,0
35,Male,White,Married-civ-spouse,0,320305,HS-grad,Private,Craft-repair,0,0,32,39,0
38,Female,White,Never-married,4,34173,Bachelors,Private,Sales,0,0,45,39,0
21,Male,White,Never-married,1,43475,HS-grad,Private,Protective-serv,0,0,40,39,0
38,Female,White,Never-married,1,143538,HS-grad,Private,Machine-op-inspct,0,0,40,39,0
24,Male,White,Never-married,3,275691,11th,Private,Transport-moving,0,0,39,39,0
34,Female,White,Never-married,1,134886,Some-college,Private,Adm-clerical,0,0,40,39,0
26,Male,Asian-Pac-Islander,Never-married,1,154571,Some-college,Private,Machine-op-inspct,0,0,45,39,1
42,Male,White,Divorced,4,188808,Bachelors,Private,Adm-clerical,0,0,30,39,0
28,Female,White,Divorced,4,156819,HS-grad,Private,Handlers-cleaners,0,0,36,39,0
23,Female,White,Separated,4,460046,HS-grad,Private,Exec-managerial,0,0,42,39,0
42,Female,White,Divorced,1,345504,Assoc-voc,Private,Adm-clerical,0,0,35,39,0
17,Female,White,Never-married,3,134480,11th,Private,Priv-house-serv,0,0,25,39,0
51,Male,White,Divorced,4,221532,Bachelors,Private,Exec-managerial,0,0,40,39,1
59,Male,White,Married-civ-spouse,0,188070,Masters,Other,Other,0,0,35,39,1
38,Male,White,Married-civ-spouse,0,224566,Assoc-voc,Private,Handlers-cleaners,0,0,50,39,0
36,Female,White,Never-married,3,102864,HS-grad,Private,Machine-op-inspct,0,0,40,39,0
17,Female,White,Never-married,2,78602,11th,Private,Other-service,0,0,20,39,0
32,Male,Other,Married-civ-spouse,0,227214,Bachelors,Private,Prof-specialty,0,0,40,7,0
25,Female,White,Never-married,1,259300,Bachelors,Private,Sales,0,0,16,39,0
32,Female,Other,Married-civ-spouse,5,241802,HS-grad,Private,Other-service,0,0,40,39,0
21,Male,White,Never-married,3,191806,Some-college,Other,Other,0,0,75,39,0
48,Male,White,Married-civ-spouse,0,54744,HS-grad,Private,Craft-repair,0,0,40,39,0
43,Female,White,Divorced,1,185057,HS-grad,Private,Exec-managerial,0,0,30,39,1
36,Male,White,Married-civ-spouse,0,187046,HS-grad,Private,Sales,0,0,40,39,1
47,Male,White,Never-married,1,186410,Prof-school,Self-emp-inc,Other-service,0,0,60,39,1
31,Female,White,Divorced,4,189461,Assoc-acdm,Private,Adm-clerical,0,0,41,39,0
31,Male,White,Never-married,3,160594,Assoc-acdm,Private,Prof-specialty,0,0,3,39,0
32,Male,White,Married-civ-spouse,0,84119,HS-grad,Self-emp-not-inc,Craft-repair,0,0,45,39,0
21,Male,White,Never-married,3,220115,Some-college,Other,Other,0,0,20,39,0
25,Male,White,Never-married,3,161235,Assoc-voc,Other,Other,0,0,90,39,0
46,Male,White,Married-civ-spouse,0,172822,HS-grad,Local-gov,Transport-moving,0,0,40,39,0
21,Female,Other,Never-married,3,195248,Some-college,Private,Sales,0,0,20,39,0
24,Male,White,Married-civ-spouse,0,199883,Some-college,Private,Craft-repair,0,0,60,39,0
42,Male,White,Never-married,1,115323,Doctorate,Self-emp-not-inc,Prof-specialty,0,0,7,0,0
25,Male,White,Never-married,3,102476,Bachelors,Private,Farming-fishing,27828,0,50,39,1
32,Female,White,Married-AF-spouse,2,281384,HS-grad,Private,Other-service,0,0,10,39,0
58,Male,White,Divorced,1,165695,HS-grad,Self-emp-not-inc,Exec-managerial,0,0,70,39,0
60,Male,White,Divorced,1,404023,HS-grad,Federal-gov,Exec-managerial,10520,0,40,39,1
33,Male,White,Married-civ-spouse,0,199539,HS-grad,Self-emp-not-inc,Transport-moving,0,0,65,39,0
26,Female,White,Never-married,1,311497,Bachelors,Private,Exec-managerial,0,0,40,39,0
26,Female,White,Never-married,1,150132,HS-grad,Private,Adm-clerical,0,0,45,39,0
45,Male,White,Married-civ-spouse,0,58683,Some-college,Self-emp-not-inc,Transport-moving,0,0,40,39,0
70,Female,White,Widowed,4,97831,HS-grad,Other,Other,0,0,4,39,0
32,Male,White,Married-civ-spouse,0,111567,Prof-school,Federal-gov,Prof-specialty,0,0,40,39,1
36,Male,White,Never-married,3,33355,Some-college,Private,Other-service,0,0,45,39,0
44,Male,White,Married-civ-spouse,0,113597,Some-college,Federal-gov,Exec-managerial,0,0,55,39,1
29,Male,White,Married-civ-spouse,0,184710,HS-grad,Self-emp-not-inc,Craft-repair,0,0,40,39,0
61,Female,White,Widowed,4,193479,HS-grad,Private,Adm-clerical,0,0,24,39,0
46,Female,White,Divorced,1,695411,HS-grad,Private,Adm-clerical,0,0,44,39,0
38,Female,Black,Married-civ-spouse,5,172855,Bachelors,Local-gov,Prof-specialty,0,1887,40,39,1
26,Female,Other,Married-civ-spouse,5,39014,12th,Private,Priv-house-serv,0,0,40,6,0
37,Male,White,Never-married,1,470663,Some-college,Federal-gov,Craft-repair,0,0,40,39,0
25,Female,Black,Separated,4,268222,HS-grad,Private,Handlers-cleaners,0,0,40,39,0
41,Female,White,Divorced,4,401134,Bachelors,Local-gov,Prof-specialty,0,0,40,39,0
22,Male,White,Never-married,3,60783,10th,Private,Craft-repair,0,0,15,39,0
21,Male,White,Never-married,3,99199,HS-grad,Federal-gov,Adm-clerical,0,0,36,39,0
19,Female,White,Never-married,3,393712,HS-grad,Private,Adm-clerical,0,0,20,39,0
38,Male,White,Married-civ-spouse,0,203169,Assoc-voc,Private,Craft-repair,0,0,50,39,1
19,Male,White,Never-married,3,318264,Some-college,Other,Other,0,0,30,39,0
30,Male,White,Married-civ-spouse,0,188146,HS-grad,Private,Machine-op-inspct,5013,0,40,39,0
35,Male,White,Married-civ-spouse,0,30673,12th,Private,Craft-repair,0,0,84,39,0
27,Female,White,Never-married,4,125298,Some-college,Private,Adm-clerical,0,0,50,39,0
25,Male,White,Never-married,1,200408,Some-college,Private,Tech-support,2174,0,40,39,0
65,Male,White,Married-civ-spouse,0,338316,Some-college,Self-emp-inc,Sales,0,0,40,39,0
47,Male,White,Married-civ-spouse,0,102771,HS-grad,Private,Transport-moving,0,0,50,39,0
22,Female,White,Married-AF-spouse,5,228306,Some-college,Private,Other-service,0,0,40,39,1
26,Female,White,Never-married,1,397317,Masters,Private,Prof-specialty,0,1876,40,39,0
55,Male,White,Married-civ-spouse,0,200939,HS-grad,Self-emp-not-inc,Transport-moving,0,0,72,39,0
35,Female,Black,Married-civ-spouse,5,223514,Bachelors,Private,Adm-clerical,0,0,40,39,0
22,Male,White,Never-married,2,199011,HS-grad,Self-emp-not-inc,Craft-repair,0,0,20,39,0
21,Male,White,Never-married,1,355287,9th,Private,Machine-op-inspct,0,0,48,26,0
66,Female,White,Widowed,1,261062,Masters,Local-gov,Prof-specialty,0,0,40,39,0
35,Male,White,Married-civ-spouse,0,278403,Prof-school,Private,Prof-specialty,0,0,80,39,1
44,Female,White,Married-civ-spouse,5,277720,Some-college,Private,Adm-clerical,0,0,35,39,0
34,Male,White,Married-spouse-absent,1,499249,HS-grad,Private,Handlers-cleaners,0,0,40,13,0
52,Male,White,Never-married,1,117674,Bachelors,Private,Prof-specialty,0,0,38,39,0
34,Male,White,Married-civ-spouse,0,318982,Masters,State-gov,Machine-op-inspct,0,1848,40,39,1
40,Male,White,Married-civ-spouse,0,259307,Masters,Private,Exec-managerial,0,0,50,39,1
32,Female,White,Married-civ-spouse,5,217296,HS-grad,Local-gov,Transport-moving,4064,0,22,39,0
41,Female,White,Divorced,1,171234,Some-college,Private,Adm-clerical,0,0,55,39,0
60,Female,White,Married-civ-spouse,5,88570,Assoc-voc,Self-emp-not-inc,Transport-moving,0,0,15,11,1
23,Female,Black,Never-married,3,129583,HS-grad,Private,Handlers-cleaners,0,0,16,39,0
52,Male,White,Married-civ-spouse,0,74660,Masters,Private,Exec-managerial,0,0,40,39,0
33,Female,White,Divorced,3,104509,HS-grad,Private,Adm-clerical,0,0,40,39,0
42,Male,White,Married-civ-spouse,0,136419,HS-grad,Private,Craft-repair,0,0,50,39,1
35,Female,White,Separated,4,142282,Some-college,Private,Other-service,0,0,25,39,0
53,Male,White,Never-married,3,276515,Bachelors,Private,Exec-managerial,0,0,40,5,0
56,Male,White,Married-civ-spouse,0,413373,7th-8th,Private,Transport-moving,0,0,36,39,0
62,Female,White,Married-civ-spouse,5,197514,HS-grad,Private,Sales,0,0,16,39,0
40,Male,White,Married-civ-spouse,0,64885,Masters,Self-emp-inc,Sales,0,0,70,39,1
33,Male,White,Never-married,1,313729,Masters,State-gov,Prof-specialty,0,0,60,39,0
57,Male,White,Married-civ-spouse,0,191318,Masters,Private,Prof-specialty,0,0,40,39,1
45,Male,White,Divorced,3,165937,HS-grad,Private,Transport-moving,0,0,60,39,0
51,Male,Black,Never-married,1,182187,Bachelors,Private,Prof-specialty,0,0,35,39,0
38,Male,White,Never-married,1,99233,Prof-school,Private,Exec-managerial,0,0,40,39,1
26,Male,White,Married-civ-spouse,0,330695,Some-college,Private,Machine-op-inspct,0,0,40,39,0
35,Male,White,Married-civ-spouse,0,272019,11th,Private,Craft-repair,0,2057,40,39,0
37,Male,White,Married-civ-spouse,0,272950,HS-grad,Private,Exec-managerial,0,0,40,39,0
30,Male,White,Never-married,1,302438,HS-grad,Private,Machine-op-inspct,0,0,40,39,0
42,Male,White,Divorced,4,53956,HS-grad,Self-emp-not-inc,Exec-managerial,0,0,55,39,0
67,Female,White,Divorced,4,222899,Assoc-voc,Private,Prof-specialty,0,0,40,39,0
44,Male,White,Married-civ-spouse,0,282062,7th-8th,Private,Craft-repair,0,0,40,39,0
35,Female,White,Separated,4,216068,HS-grad,Local-gov,Adm-clerical,0,0,38,39,0
18,Female,White,Never-married,3,118376,Some-college,Private,Other-service,0,0,16,0,0
23,Male,White,Never-married,3,352207,Assoc-voc,Private,Other-service,0,0,20,39,0
23,Male,Black,Never-married,1,391171,Some-college,Private,Other-service,0,0,25,39,0
42,Male,White,Married-civ-spouse,0,245317,10th,Private,Transport-moving,0,0,50,39,0
25,Male,White,Never-married,3,241825,Some-college,Private,Exec-managerial,0,0,46,39,0
48,Female,White,Divorced,4,187969,Masters,Local-gov,Prof-specialty,0,0,80,39,0
19,Male,White,Never-married,3,229745,HS-grad,Private,Farming-fishing,0,0,20,39,0
29,Male,White,Never-married,1,375655,Bachelors,Local-gov,Prof-specialty,0,0,40,39,0
45,Male,White,Married-civ-spouse,0,192323,Assoc-acdm,Private,Craft-repair,0,0,66,41,0
34,Female,Black,Divorced,4,355571,HS-grad,Private,Machine-op-inspct,0,0,40,39,0
26,Female,White,Separated,4,211798,HS-grad,Other,Other,0,0,40,39,0
44,Female,White,Married-spouse-absent,4,271792,Bachelors,Private,Exec-managerial,0,0,40,39,0
35,Male,White,Never-married,4,239755,Some-college,Private,Sales,0,0,50,39,0
35,Male,White,Married-civ-spouse,0,30529,HS-grad,Private,Handlers-cleaners,0,0,40,39,0
35,Male,White,Married-civ-spouse,0,129305,HS-grad,Other,Other,0,0,40,39,0
49,Male,White,Married-civ-spouse,0,110457,Some-college,Self-emp-not-inc,Craft-repair,0,0,50,39,1
34,Female,White,Never-married,1,272411,Bachelors,Private,Adm-clerical,0,0,40,39,0
34,Female,White,Never-married,1,299507,Assoc-voc,Private,Craft-repair,0,0,40,39,0
56,Male,White,Separated,4,193622,HS-grad,Private,Craft-repair,0,0,40,39,0
45,Female,White,Divorced,4,367037,HS-grad,Private,Adm-clerical,0,0,40,39,0
24,Male,Black,Never-married,3,500509,HS-grad,Private,Other-service,0,0,40,39,0
31,Male,White,Never-married,2,111883,HS-grad,Private,Craft-repair,0,0,40,39,0
41,Male,White,Married-civ-spouse,0,33126,Bachelors,State-gov,Farming-fishing,0,0,40,39,1
21,Male,White,Never-married,2,315065,7th-8th,Private,Other-service,0,0,48,26,0
18,Female,White,Never-married,3,170627,11th,Private,Other-service,0,0,15,39,0
27,Male,White,Never-married,1,85625,Some-college,Private,Sales,0,0,20,39,0
41,Female,White,Divorced,4,112797,Masters,Local-gov,Prof-specialty,0,0,60,39,0
40,Male,White,Married-civ-spouse,0,202565,Assoc-acdm,Private,Sales,0,0,52,39,0
27,Female,White,Married-civ-spouse,5,163127,Assoc-voc,Private,Adm-clerical,0,0,35,39,0
38,Female,White,Divorced,4,110013,Some-college,Private,Adm-clerical,0,0,43,39,0
23,Male,White,Never-married,1,195767,HS-grad,Private,Craft-repair,0,0,40,39,0
35,Female,White,Never-married,1,340428,Assoc-acdm,Private,Adm-clerical,0,0,35,39,0
22,Female,White,Never-married,3,211968,Some-college,Other,Other,0,0,40,20,0
46,Male,Asian-Pac-Islander,Married-spouse-absent,1,98350,10th,Private,Other-service,0,0,37,3,0
51,Female,White,Divorced,1,74784,Bachelors,Private,Sales,0,0,60,39,0
63,Female,White,Widowed,1,200127,HS-grad,Private,Adm-clerical,0,0,40,39,0
72,Male,White,Married-civ-spouse,0,117017,HS-grad,Other,Other,0,0,8,39,0
28,Female,Black,Never-married,4,291374,HS-grad,Private,Adm-clerical,0,0,40,39,0
20,Female,White,Married-civ-spouse,5,221661,HS-grad,Private,Adm-clerical,0,0,40,26,0
31,Male,White,Never-married,1,124827,HS-grad,Private,Other-service,0,0,40,39,0
35,Male,White,Married-civ-spouse,0,306678,HS-grad,Private,Machine-op-inspct,2885,0,40,39,0
46,Female,White,Widowed,1,124071,Masters,Private,Prof-specialty,0,0,44,39,0
22,Female,White,Never-married,3,60552,Some-college,Private,Sales,0,0,40,39,0
27,Female,White,Divorced,2,236472,Bachelors,Local-gov,Prof-specialty,0,0,40,39,0
49,Male,White,Married-civ-spouse,0,240859,11th,Private,Craft-repair,0,0,40,5,0
35,Male,White,Married-civ-spouse,0,119272,Bachelors,Private,Exec-managerial,0,0,55,39,1
24,Male,White,Never-married,1,280134,10th,Private,Sales,0,0,49,8,0
21,Female,White,Never-married,3,57298,Some-college,Self-emp-not-inc,Adm-clerical,0,0,15,39,0
25,Female,White,Never-married,1,117833,Bachelors,Local-gov,Prof-specialty,0,0,35,39,0
55,Female,White,Divorced,4,419732,Some-college,Private,Other-service,0,0,38,39,0
49,Female,White,Widowed,4,79019,Masters,Local-gov,Prof-specialty,0,0,16,39,0
19,Male,White,Never-married,3,198459,HS-grad,Private,Adm-clerical,0,2001,40,39,0
45,Male,White,Divorced,1,138626,Assoc-voc,Private,Exec-managerial,2174,0,50,39,0
34,Female,White,Separated,4,212064,HS-grad,Private,Adm-clerical,7443,0,35,39,0
19,Female,White,Never-married,3,116562,HS-grad,Private,Other-service,0,0,40,39,0
35,Male,White,Married-civ-spouse,0,216256,9th,Self-emp-not-inc,Craft-repair,0,0,50,39,0
41,Female,White,Divorced,1,342834,Some-college,State-gov,Adm-clerical,0,0,40,39,0
20,Male,Other,Married-civ-spouse,0,281356,HS-grad,Private,Handlers-cleaners,0,0,40,39,0
22,Male,White,Never-married,1,361487,HS-grad,Private,Craft-repair,0,0,40,39,0
46,Male,White,Married-civ-spouse,0,177633,HS-grad,Private,Machine-op-inspct,0,0,50,39,1
53,Male,White,Married-civ-spouse,0,177705,Bachelors,Private,Craft-repair,0,0,44,39,1
76,Female,White,Widowed,1,164835,HS-grad,Other,Other,0,0,25,39,0
31,Male,White,Divorced,1,33117,HS-grad,Private,Exec-managerial,0,0,50,39,0
53,Male,White,Married-civ-spouse,0,92430,HS-grad,Private,Craft-repair,0,0,40,39,1
17,Male,White,Never-married,3,179319,10th,State-gov,Other-service,0,0,30,39,0
24,Male,White,Never-married,3,189148,Some-college,Self-emp-inc,Transport-moving,0,0,40,39,0
39,Female,White,Divorced,4,116608,HS-grad,Federal-gov,Adm-clerical,0,0,40,39,0
52,Male,White,Married-civ-spouse,0,186117,HS-grad,Local-gov,Protective-serv,0,0,56,39,1
26,Female,White,Married-civ-spouse,5,182332,Assoc-voc,Other,Other,0,0,40,39,0
44,Male,White,Married-civ-spouse,0,202692,Masters,Self-emp-not-inc,Prof-specialty,0,0,40,39,0
36,Male,White,Divorced,1,93225,HS-grad,Private,Craft-repair,0,0,40,39,0
51,Male,White,Married-civ-spouse,0,74660,10th,Private,Craft-repair,0,0,40,39,1
60,Male,White,Married-civ-spouse,0,88055,Prof-school,Private,Prof-specialty,3781,0,16,39,0
63,Male,White,Married-civ-spouse,0,339755,Bachelors,Private,Prof-specialty,0,0,50,0,1
30,Male,White,Married-civ-spouse,0,144064,HS-grad,Private,Exec-managerial,0,0,62,39,0
55,Male,White,Married-civ-spouse,0,198145,Bachelors,Private,Prof-specialty,7298,0,40,39,1
35,Male,White,Married-civ-spouse,0,195516,7th-8th,Private,Tech-support,0,0,40,26,0
49,Male,White,Married-civ-spouse,0,43479,Some-college,Self-emp-not-inc,Craft-repair,0,0,40,39,0
32,Male,White,Never-married,3,29312,Some-college,Private,Handlers-cleaners,0,0,40,39,0
31,Male,White,Married-civ-spouse,0,136651,HS-grad,Private,Craft-repair,0,0,40,26,0
42,Female,White,Married-civ-spouse,5,334783,HS-grad,Private,Prof-specialty,0,0,40,39,0
59,Male,White,Married-civ-spouse,0,195820,HS-grad,Private,Transport-moving,0,0,40,39,1
48,Male,White,Married-civ-spouse,0,38950,HS-grad,Private,Tech-support,0,0,89,39,0
40,Female,White,Never-married,3,202872,Assoc-acdm,Private,Adm-clerical,0,0,45,39,0
38,Male,White,Never-married,1,150057,Some-college,Private,Prof-specialty,0,0,45,39,0
38,Female,White,Married-civ-spouse,5,23892,HS-grad,Private,Machine-op-inspct,0,0,40,39,0
27,Male,White,Never-married,1,217200,Some-college,Private,Prof-specialty,0,0,40,39,0
57,Male,White,Never-married,1,199114,Bachelors,Federal-gov,Adm-clerical,0,2258,40,39,0
23,Male,White,Married-civ-spouse,0,361481,10th,Private,Other-service,0,0,40,0,0
42,Female,White,Divorced,4,103932,Assoc-voc,Private,Prof-specialty,0,0,40,39,0
25,Male,White,Married-civ-spouse,0,101684,10th,Private,Transport-moving,0,0,40,39,0
35,Male,Amer-Indian-Eskimo,Married-civ-spouse,0,120066,Some-college,Self-emp-not-inc,Craft-repair,0,0,60,39,0
55,Male,White,Married-civ-spouse,0,252714,Assoc-voc,Private,Adm-clerical,0,0,40,39,0
53,Male,White,Married-civ-spouse,0,290640,HS-grad,Private,Other-service,0,0,50,11,1
33,Male,White,Never-married,3,204752,HS-grad,Private,Other-service,0,0,40,39,0
42,Male,White,Married-civ-spouse,0,269733,Masters,Self-emp-not-inc,Sales,99999,0,80,39,1
73,Male,White,Married-civ-spouse,0,191394,Prof-school,Other,Other,0,0,40,39,0
23,Male,White,Never-married,3,197200,Bachelors,Private,Prof-specialty,0,0,60,39,0
20,Male,Black,Never-married,2,273701,Some-college,Other,Other,34095,0,10,39,0
35,Male,White,Married-civ-spouse,0,278557,HS-grad,Self-emp-not-inc,Farming-fishing,0,0,30,39,0
26,Male,Asian-Pac-Islander,Never-married,3,153078,HS-grad,Private,Adm-clerical,0,0,80,0,1
26,Male,White,Separated,1,330263,HS-grad,Private,Other-service,0,0,40,39,0
29,Male,White,Never-married,1,34796,HS-grad,Private,Exec-managerial,0,0,40,39,0
61,Male,White,Married-civ-spouse,0,35001,7th-8th,Local-gov,Adm-clerical,2885,0,40,39,0
63,Female,Black,Never-married,1,109849,Bachelors,Local-gov,Prof-specialty,0,0,21,39,0
33,Male,White,Married-civ-spouse,0,260782,Some-college,Private,Craft-repair,0,0,41,39,1
49,Female,White,Divorced,4,195956,Bachelors,Private,Tech-support,0,0,35,39,0
47,Female,White,Divorced,4,186009,Some-college,Local-gov,Adm-clerical,0,0,38,26,0
37,Male,White,Married-civ-spouse,0,180150,Prof-school,Self-emp-not-inc,Prof-specialty,0,0,45,39,1
29,Male,White,Divorced,1,225024,HS-grad,Private,Craft-repair,0,0,40,39,0
39,Male,White,Never-married,1,258037,Masters,Private,Adm-clerical,0,0,40,0,0
47,Female,White,Never-married,1,21906,Masters,Private,Prof-specialty,0,0,25,39,0
18,Male,White,Never-married,3,161063,HS-grad,Private,Adm-clerical,0,0,40,39,0
35,Male,White,Married-civ-spouse,0,167062,HS-grad,Private,Adm-clerical,0,0,40,39,0
38,Female,White,Married-civ-spouse,5,334366,Some-college,Self-emp-not-inc,Farming-fishing,0,0,15,39,0
20,Female,Other,Never-married,3,66695,Some-college,Other,Other,594,0,35,39,0
28,Male,White,Never-married,1,106951,HS-grad,Private,Handlers-cleaners,0,0,42,39,0
22,Female,White,Never-married,3,112164,Some-college,Private,Exec-managerial,0,0,40,0,0
28,Male,White,Never-married,1,78870,Bachelors,Private,Sales,8614,0,40,39,1
39,Male,White,Divorced,1,343646,Bachelors,State-gov,Protective-serv,0,0,40,26,1
30,Male,White,Married-civ-spouse,1,102821,Some-college,Private,Craft-repair,0,0,40,26,0
17,Female,White,Never-married,3,244856,11th,Local-gov,Prof-specialty,0,0,40,39,0
28,Male,White,Never-married,3,191935,Assoc-acdm,Private,Sales,0,0,20,39,0
50,Male,White,Married-civ-spouse,0,71417,HS-grad,Private,Craft-repair,3103,0,40,39,1
65,Male,White,Married-civ-spouse,0,192825,7th-8th,Other,Other,0,0,25,39,0
33,Female,Black,Never-married,4,268127,HS-grad,Private,Other-service,0,0,40,39,0
28,Male,White,Married-civ-spouse,0,200733,HS-grad,Private,Craft-repair,0,0,40,39,0
55,Male,White,Married-civ-spouse,0,271795,HS-grad,Self-emp-not-inc,Other-service,0,0,40,39,0
73,Female,White,Widowed,1,96262,HS-grad,State-gov,Adm-clerical,0,0,40,39,0
17,Male,White,Never-married,3,266134,10th,Private,Other-service,0,0,12,39,0
33,Female,Asian-Pac-Islander,Never-married,1,165235,Bachelors,Private,Other-service,0,0,35,37,0
22,Male,White,Never-married,3,100345,HS-grad,Federal-gov,Handlers-cleaners,0,0,43,39,0
56,Female,White,Divorced,1,160829,HS-grad,Local-gov,Adm-clerical,0,0,46,39,0
53,Male,White,Married-civ-spouse,0,123011,HS-grad,Other,Other,0,0,40,39,1
37,Male,White,Married-civ-spouse,0,167735,Assoc-voc,Private,Craft-repair,0,1887,40,39,1
34,Male,White,Married-civ-spouse,0,420749,HS-grad,Private,Craft-repair,0,0,30,11,0
42,Male,White,Married-civ-spouse,0,124692,HS-grad,Private,Handlers-cleaners,0,0,40,39,0
61,Male,White,Married-civ-spouse,0,105384,Bachelors,Private,Prof-specialty,0,0,40,39,0
18,Male,White,Never-married,3,126142,10th,Private,Craft-repair,0,0,30,39,0
35,Female,White,Divorced,1,187119,Bachelors,Private,Sales,0,1980,65,39,0
77,Male,White,Married-civ-spouse,0,174887,Some-college,Other,Other,0,0,6,39,0
40,Male,White,Never-married,1,335549,Prof-school,Self-emp-not-inc,Prof-specialty,0,2444,45,39,1
32,Female,White,Married-civ-spouse,5,118551,Bachelors,Private,Adm-clerical,0,0,35,0,1
25,Male,White,Never-married,1,322585,HS-grad,Private,Sales,0,0,45,39,0
49,Male,White,Divorced,2,44434,Some-college,Private,Tech-support,0,0,35,39,0
51,Male,Black,Married-civ-spouse,0,133050,Some-college,Local-gov,Exec-managerial,0,0,40,39,1
22,Male,White,Never-married,3,206861,Some-college,Private,Adm-clerical,0,0,40,39,0
38,Male,White,Married-civ-spouse,0,245090,HS-grad,Private,Craft-repair,0,0,40,27,0
18,Male,White,Widowed,3,195981,HS-grad,Other,Other,0,0,40,39,0
44,Male,White,Married-civ-spouse,0,116632,Some-college,Private,Prof-specialty,0,0,40,39,1
18,Male,Asian-Pac-Islander,Never-married,3,101709,11th,Federal-gov,Other-service,0,0,15,30,0
39,Male,White,Separated,3,120130,Some-college,Private,Machine-op-inspct,0,0,40,39,0
24,Male,White,Never-married,3,33339,Some-college,Other,Other,0,0,20,39,0
23,Female,White,Never-married,1,87528,Bachelors,Private,Sales,0,0,45,39,0
55,Male,White,Married-civ-spouse,0,105582,HS-grad,Private,Handlers-cleaners,3103,0,40,39,1
29,Male,White,Married-civ-spouse,0,136077,HS-grad,Private,Sales,0,0,60,39,1
32,Male,White,Married-civ-spouse,0,103642,HS-grad,Self-emp-not-inc,Exec-managerial,0,0,55,39,0
24,Male,White,Never-married,2,140001,Some-college,Private,Handlers-cleaners,0,0,40,22,0
54,Male,White,Married-civ-spouse,0,35557,Some-college,Private,Sales,7298,0,50,39,1
46,Male,White,Divorced,4,192779,Assoc-acdm,State-gov,Adm-clerical,0,2258,38,39,1
29,Female,White,Divorced,1,57596,Some-college,Private,Adm-clerical,0,0,40,39,0
31,Male,White,Never-married,3,38223,Bachelors,Private,Sales,0,0,45,39,0
41,Male,Asian-Pac-Islander,Married-civ-spouse,0,22201,Bachelors,Private,Exec-managerial,0,0,40,24,1
26,Male,White,Separated,1,109609,Some-college,Self-emp-not-inc,Craft-repair,0,0,30,39,0
38,Male,White,Married-civ-spouse,0,201410,Bachelors,Local-gov,Exec-managerial,0,0,40,39,1
50,Male,White,Married-civ-spouse,0,146015,HS-grad,Other,Other,0,0,40,39,1
58,Male,White,Married-civ-spouse,0,127264,10th,Private,Craft-repair,0,0,50,39,0
47,Male,White,Married-civ-spouse,0,60267,Bachelors,Private,Exec-managerial,0,0,38,39,1
24,Male,White,Never-married,1,24243,HS-grad,Private,Craft-repair,0,1590,40,39,0
42,Male,White,Divorced,4,296982,Some-college,Private,Sales,0,0,40,39,0
33,Male,White,Married-civ-spouse,0,111746,Assoc-acdm,Private,Craft-repair,0,0,45,32,0
43,Male,White,Divorced,1,349341,Bachelors,Self-emp-not-inc,Exec-managerial,0,0,60,39,0
35,Male,White,Married-civ-spouse,0,48779,HS-grad,Private,Farming-fishing,0,0,35,39,0
68,Female,White,Widowed,1,99491,Some-college,Private,Other-service,0,0,20,39,0
32,Male,White,Married-civ-spouse,0,217460,9th,Private,Transport-moving,0,0,50,39,0
27,Female,White,Never-married,1,225291,Assoc-acdm,Local-gov,Prof-specialty,0,0,40,39,0
55,Female,Black,Divorced,4,189985,Some-college,Federal-gov,Adm-clerical,0,0,40,39,0
49,Female,White,Separated,4,202874,HS-grad,Other,Other,0,0,40,4,0
30,Male,White,Married-civ-spouse,0,227551,HS-grad,Private,Transport-moving,0,0,40,39,0
50,Female,White,Divorced,1,133963,Bachelors,Private,Sales,0,0,50,39,0
58,Male,White,Widowed,1,570562,HS-grad,Private,Sales,0,0,38,39,0
67,Male,White,Married-civ-spouse,0,171584,Bachelors,Private,Protective-serv,6514,0,7,39,1
19,Male,White,Never-married,3,43739,HS-grad,Other,Other,0,0,40,39,0
39,Male,White,Married-civ-spouse,0,143123,Assoc-voc,Self-emp-inc,Craft-repair,0,2415,40,39,1
44,Male,White,Divorced,1,359259,HS-grad,Self-emp-inc,Craft-repair,0,0,60,32,0
34,Female,White,Never-married,1,185556,Some-college,Private,Prof-specialty,0,0,12,39,1
30,Male,White,Married-civ-spouse,0,197827,Some-college,Other,Other,0,0,40,39,0
29,Male,White,Married-civ-spouse,0,200515,Some-college,Private,Machine-op-inspct,0,0,38,39,0
46,Male,White,Married-civ-spouse,0,110457,Masters,Self-emp-inc,Exec-managerial,0,0,55,39,1
40,Female,Black,Divorced,4,145178,Some-college,Private,Craft-repair,0,0,30,39,0
22,Male,White,Never-married,1,59184,Assoc-acdm,Private,Adm-clerical,0,0,45,39,0
29,Female,Black,Never-married,3,188909,Bachelors,Local-gov,Prof-specialty,0,0,42,39,0
49,Female,White,Married-civ-spouse,5,43910,HS-grad,Private,Adm-clerical,0,0,30,39,0
56,Female,White,Widowed,4,149686,9th,Private,Machine-op-inspct,0,0,40,39,0
33,Male,White,Divorced,4,339388,Assoc-acdm,Federal-gov,Other-service,0,0,40,39,0
54,Female,White,Married-civ-spouse,2,82551,Assoc-voc,Self-emp-not-inc,Tech-support,0,0,10,39,0
22,Male,White,Never-married,2,361138,HS-grad,Private,Handlers-cleaners,0,0,50,39,0
35,Male,White,Never-married,1,347491,Assoc-voc,Private,Craft-repair,0,0,40,39,0
60,Male,Asian-Pac-Islander,Married-civ-spouse,0,69251,Masters,State-gov,Prof-specialty,0,0,38,3,1
47,Male,Black,Married-civ-spouse,0,148724,HS-grad,Private,Sales,0,0,40,39,0
18,Female,White,Never-married,3,39529,12th,Private,Other-service,0,0,32,39,0
21,Female,White,Never-married,1,306967,Assoc-voc,Private,Adm-clerical,0,0,40,39,0
35,Female,White,Married-civ-spouse,5,272476,Assoc-acdm,Private,Other-service,0,0,35,39,1
36,Male,White,Married-civ-spouse,0,37778,Masters,Self-emp-not-inc,Farming-fishing,0,0,70,39,0
54,Female,White,Divorced,4,103580,Assoc-acdm,Private,Exec-managerial,0,0,55,39,1
51,Male,White,Married-civ-spouse,0,153486,HS-grad,Private,Machine-op-inspct,0,0,45,39,1
29,Male,White,Divorced,4,190562,HS-grad,Private,Machine-op-inspct,0,0,56,39,0
23,Male,White,Divorced,1,124971,Some-college,Private,Adm-clerical,0,0,40,39,0
28,Female,White,Separated,4,243762,11th,Private,Craft-repair,0,0,40,39,0
30,Female,White,Divorced,4,97453,HS-grad,Private,Sales,0,0,54,39,0
67,Male,White,Widowed,1,152102,HS-grad,Self-emp-not-inc,Farming-fishing,0,0,65,39,0
59,Male,White,Married-civ-spouse,0,145574,11th,Private,Adm-clerical,0,0,40,39,0
40,Female,Black,Never-married,4,391744,HS-grad,Federal-gov,Adm-clerical,0,0,40,39,0
27,Female,White,Married-civ-spouse,5,180553,HS-grad,Other,Other,0,0,40,39,1
34,Male,White,Married-civ-spouse,0,473133,HS-grad,Private,Sales,0,0,60,39,0
20,Female,White,Never-married,3,271379,Some-college,Private,Sales,0,0,25,39,0
31,Male,White,Never-married,3,301637,Assoc-voc,Private,Farming-fishing,0,0,40,39,0
58,Male,White,Married-civ-spouse,0,157786,HS-grad,Self-emp-not-inc,Exec-managerial,0,0,40,39,0
45,Male,Black,Divorced,4,287190,Assoc-acdm,Private,Adm-clerical,0,0,35,39,0
21,Male,White,Never-married,1,452640,HS-grad,Private,Craft-repair,0,0,40,39,0
19,Female,Asian-Pac-Islander,Never-married,1,227491,HS-grad,Private,Sales,0,0,40,39,0
20,Female,White,Never-married,3,210781,Some-college,Private,Adm-clerical,0,0,20,39,0
32,Male,White,Divorced,1,71540,Some-college,Private,Prof-specialty,0,0,40,39,0
17,Male,White,Never-married,3,191260,11th,Private,Other-service,594,0,10,39,0
20,Male,Black,Never-married,3,51816,HS-grad,Private,Protective-serv,0,0,40,39,0
22,Male,White,Never-married,3,255252,HS-grad,Private,Craft-repair,0,0,40,39,0
53,Male,White,Married-civ-spouse,0,100029,Doctorate,Self-emp-inc,Prof-specialty,0,0,40,39,1
49,Male,White,Married-civ-spouse,0,125892,Masters,Self-emp-inc,Exec-managerial,0,0,50,39,1
47,Male,White,Married-civ-spouse,0,298130,HS-grad,Private,Sales,0,0,40,39,0
61,Male,White,Married-civ-spouse,0,177189,Bachelors,Local-gov,Prof-specialty,0,0,42,39,0
26,Male,White,Married-civ-spouse,0,154966,Some-college,Private,Sales,0,0,50,39,1
36,Male,White,Married-civ-spouse,0,162424,HS-grad,Private,Craft-repair,0,0,45,39,0
32,Male,White,Divorced,4,207113,10th,Private,Craft-repair,0,0,40,39,0
26,Female,White,Married-civ-spouse,5,142081,HS-grad,Private,Other-service,0,0,40,26,0
20,Female,White,Never-married,3,210781,Some-college,Other,Other,0,0,10,39,0
33,Male,White,Married-civ-spouse,0,177675,Bachelors,Private,Exec-managerial,0,0,50,11,1
51,Male,White,Married-civ-spouse,0,290856,HS-grad,Private,Adm-clerical,0,0,40,39,1
58,Male,White,Married-civ-spouse,0,182123,HS-grad,Private,Machine-op-inspct,0,0,44,39,0
20,Male,White,Never-married,3,247564,HS-grad,Private,Handlers-cleaners,0,0,35,39,0
53,Male,White,Married-civ-spouse,0,118793,10th,Self-emp-not-inc,Craft-repair,0,0,50,39,1
28,Male,White,Married-civ-spouse,0,190060,HS-grad,Private,Sales,0,0,40,39,1
47,Male,White,Married-civ-spouse,0,586657,Masters,Private,Exec-managerial,0,0,40,24,1
39,Male,White,Married-civ-spouse,0,65390,Some-college,State-gov,Adm-clerical,0,0,40,0,0
72,Male,White,Divorced,1,188009,7th-8th,Other,Other,0,0,30,39,0
57,Female,White,Widowed,4,213975,HS-grad,Local-gov,Other-service,0,0,30,39,0
21,Male,White,Never-married,3,185582,Some-college,Private,Sales,0,0,43,39,0
26,Male,White,Married-civ-spouse,0,305304,11th,Private,Machine-op-inspct,0,0,40,39,0
19,Female,Black,Never-married,1,308064,HS-grad,Other,Other,0,0,40,39,0
19,Male,White,Never-married,1,45766,Some-college,Private,Handlers-cleaners,0,0,45,39,0
52,Male,White,Married-civ-spouse,0,119111,HS-grad,Private,Machine-op-inspct,0,0,40,39,0
19,Female,White,Never-married,3,167149,Some-college,Private,Sales,0,0,25,39,0
20,Female,White,Married-civ-spouse,3,219266,HS-grad,Private,Prof-specialty,0,0,36,0,0
43,Male,White,Never-married,1,227065,HS-grad,Private,Prof-specialty,4650,0,40,39,0
30,Female,White,Never-married,4,44419,Some-college,Private,Tech-support,0,0,40,39,0
33,Male,White,Never-married,1,37232,Some-college,Private,Craft-repair,0,0,80,39,0
33,Male,Black,Married-civ-spouse,0,214635,HS-grad,Private,Exec-managerial,0,0,50,39,0
70,Female,White,Widowed,4,90245,HS-grad,Private,Adm-clerical,0,0,5,39,0
26,Female,White,Married-civ-spouse,5,186950,Assoc-voc,Private,Adm-clerical,0,0,40,39,1
43,Male,White,Married-civ-spouse,0,158528,HS-grad,Private,Craft-repair,0,0,40,39,1
23,Male,Asian-Pac-Islander,Never-married,3,98283,Bachelors,Private,Exec-managerial,0,0,40,39,0
61,Male,White,Married-civ-spouse,0,178312,Assoc-acdm,Private,Exec-managerial,0,0,42,39,0
20,Male,White,Never-married,1,223811,HS-grad,Private,Handlers-cleaners,0,0,40,39,0
58,Male,White,Married-civ-spouse,0,190747,HS-grad,Private,Machine-op-inspct,0,0,40,39,0
52,Male,White,Married-civ-spouse,0,162238,Bachelors,Private,Prof-specialty,0,0,38,39,1
20,Male,White,Never-married,3,188274,Some-college,Self-emp-not-inc,Prof-specialty,0,0,10,39,0
25,Male,Asian-Pac-Islander,Never-married,1,170428,Bachelors,Other,Other,0,0,28,36,0
44,Male,White,Married-civ-spouse,0,187720,HS-grad,Private,Craft-repair,0,0,41,39,0
32,Male,White,Never-married,1,38797,Assoc-voc,Private,Craft-repair,0,0,40,39,0
44,Female,Asian-Pac-Islander,Divorced,1,172475,HS-grad,Private,Adm-clerical,0,0,40,40,0
45,Male,White,Never-married,1,137604,Some-college,Private,Other-service,0,0,40,39,0
69,Male,White,Married-civ-spouse,0,209236,HS-grad,Private,Adm-clerical,0,0,36,39,0
27,Male,White,Never-married,1,238859,Assoc-voc,Private,Craft-repair,0,0,40,39,0
48,Male,White,Married-civ-spouse,0,278039,7th-8th,Private,Machine-op-inspct,0,0,40,39,0
46,Female,White,Never-married,3,191204,Assoc-voc,Private,Exec-managerial,0,0,40,39,0
56,Female,Asian-Pac-Islander,Married-civ-spouse,5,99894,10th,Private,Sales,0,0,30,24,1
40,Male,White,Married-civ-spouse,0,137142,HS-grad,Private,Sales,0,0,40,39,1
36,Male,White,Married-civ-spouse,0,187847,Bachelors,Private,Exec-managerial,7688,0,40,39,1
22,Male,Black,Never-married,3,214014,Some-college,Self-emp-not-inc,Sales,99999,0,55,39,1
48,Male,White,Married-civ-spouse,0,353824,HS-grad,State-gov,Protective-serv,0,0,72,39,1
36,Male,White,Married-civ-spouse,0,232874,Bachelors,Private,Tech-support,0,0,40,39,0
39,Female,White,Married-civ-spouse,5,55568,HS-grad,State-gov,Adm-clerical,0,0,40,39,0
24,Male,Black,Divorced,1,248344,Some-college,Local-gov,Handlers-cleaners,0,0,50,39,0
34,Male,White,Never-married,1,316470,Some-college,Private,Adm-clerical,0,0,40,39,0
41,Male,White,Married-civ-spouse,0,41090,HS-grad,Private,Craft-repair,0,2002,60,39,0
46,Female,White,Married-civ-spouse,5,161386,9th,Self-emp-inc,Adm-clerical,0,0,50,39,0
28,Male,White,Never-married,3,155621,Some-college,Self-emp-not-inc,Craft-repair,0,0,50,4,0
30,Male,Black,Divorced,1,262994,Some-college,Private,Craft-repair,0,0,40,39,0
21,Female,White,Never-married,3,184756,Some-college,Private,Adm-clerical,0,0,16,39,0
56,Male,White,Married-civ-spouse,0,204049,Some-college,Private,Sales,0,1848,50,39,1
25,Male,White,Never-married,3,169124,Bachelors,Private,Adm-clerical,0,0,40,39,0
63,Female,White,Divorced,1,131519,HS-grad,Private,Exec-managerial,0,0,40,39,0
62,Female,White,Widowed,1,257277,HS-grad,Private,Adm-clerical,0,0,38,39,0
72,Male,White,Married-civ-spouse,0,192732,HS-grad,Private,Handlers-cleaners,0,0,20,39,0
62,Male,White,Married-civ-spouse,0,183735,Some-college,Private,Exec-managerial,0,0,40,39,0
26,Male,White,Never-married,1,28366,Bachelors,State-gov,Prof-specialty,0,0,40,39,0
44,Male,White,Married-civ-spouse,0,219288,7th-8th,Private,Craft-repair,0,0,35,39,0
49,Male,White,Married-civ-spouse,0,160167,Assoc-voc,Private,Adm-clerical,0,0,40,39,0
33,Female,White,Married-civ-spouse,5,117779,HS-grad,Private,Machine-op-inspct,0,0,46,39,1
22,Male,White,Never-married,3,471452,Bachelors,Federal-gov,Tech-support,0,0,8,39,0
41,Female,White,Divorced,1,179580,Some-college,Private,Other-service,0,0,36,39,1
29,Male,White,Never-married,3,58744,Assoc-acdm,Self-emp-not-inc,Other-service,0,0,60,39,0
47,Female,White,Separated,4,225065,5th-6th,Private,Sales,0,0,40,26,0
48,Male,White,Married-civ-spouse,0,155664,Prof-school,Self-emp-inc,Prof-specialty,0,0,60,39,1
26,Male,White,Never-married,4,214413,11th,Private,Machine-op-inspct,6497,0,48,39,0
29,Male,Black,Never-married,3,237865,Masters,Private,Transport-moving,0,0,40,39,0
58,Male,White,Married-civ-spouse,0,356067,Bachelors,Private,Adm-clerical,0,0,40,39,0
36,Female,White,Divorced,4,176458,HS-grad,Other,Other,0,0,28,39,0
52,Male,White,Married-civ-spouse,0,49243,HS-grad,Private,Machine-op-inspct,0,0,40,39,0
17,Male,White,Never-married,3,161981,10th,Other,Other,0,0,40,39,0
68,Male,White,Married-civ-spouse,0,116903,Assoc-voc,Self-emp-not-inc,Prof-specialty,0,2149,40,39,0
37,Female,Black,Divorced,4,218249,11th,Self-emp-not-inc,Prof-specialty,0,0,30,39,0
29,Male,White,Married-civ-spouse,0,224858,Some-college,Private,Prof-specialty,0,0,45,39,0
54,Male,White,Married-civ-spouse,0,96460,HS-grad,Self-emp-inc,Exec-managerial,7688,0,60,39,1
51,Male,White,Married-civ-spouse,0,153870,Some-college,Private,Transport-moving,0,2603,40,39,0
26,Female,White,Never-married,1,34803,HS-grad,Private,Exec-managerial,0,0,40,39,0
30,Female,White,Married-civ-spouse,5,101345,Bachelors,Private,Sales,3103,0,55,39,1
41,Male,White,Married-spouse-absent,4,648223,1st-4th,Private,Farming-fishing,0,0,40,26,0
23,Female,White,Never-married,3,26248,HS-grad,Private,Adm-clerical,0,0,40,39,0
44,Male,White,Divorced,1,71269,Bachelors,Self-emp-not-inc,Exec-managerial,0,0,40,39,0
56,Female,White,Divorced,4,154537,Some-college,Other,Other,0,0,50,39,1
47,Male,White,Married-civ-spouse,0,270079,7th-8th,Private,Craft-repair,0,0,40,39,0
31,Male,White,Never-married,1,192900,Some-college,Private,Other-service,0,0,40,39,0
54,Male,Asian-Pac-Islander,Married-civ-spouse,0,135803,Bachelors,Private,Exec-managerial,15024,0,60,35,1
20,Male,Black,Never-married,3,316043,11th,Private,Other-service,594,0,20,39,0
32,Male,White,Married-civ-spouse,0,248754,Some-college,Private,Machine-op-inspct,0,0,40,39,0
38,Male,White,Married-civ-spouse,0,149018,HS-grad,Private,Craft-repair,0,0,40,39,0
37,Male,White,Married-civ-spouse,0,188563,Some-college,Self-emp-not-inc,Exec-managerial,4386,0,50,39,1
19,Male,White,Never-married,3,376240,HS-grad,Private,Machine-op-inspct,0,0,42,39,0
35,Male,White,Married-civ-spouse,0,114366,Bachelors,Self-emp-not-inc,Prof-specialty,0,0,40,39,0
27,Male,White,Married-civ-spouse,0,112754,Bachelors,Private,Exec-managerial,0,1485,60,39,1
22,Male,White,Never-married,3,199336,Some-college,Private,Machine-op-inspct,0,0,25,39,0
28,Male,White,Married-civ-spouse,0,189530,Assoc-acdm,Private,Prof-specialty,0,0,40,39,1
21,Male,White,Married-civ-spouse,0,229826,Some-college,Private,Machine-op-inspct,0,0,20,39,0
20,Female,White,Never-married,3,360457,Some-college,Private,Exec-managerial,0,0,30,39,0
61,Female,White,Divorced,1,203126,Bachelors,Private,Priv-house-serv,0,0,12,0,0
24,Male,White,Separated,3,186314,Some-college,Private,Prof-specialty,0,0,54,39,0
19,Male,White,Never-married,3,32477,Some-college,Private,Other-service,0,0,20,39,0
44,Male,White,Married-civ-spouse,0,210525,Bachelors,Private,Prof-specialty,0,0,40,39,1
54,Male,White,Married-civ-spouse,0,101017,7th-8th,Private,Craft-repair,0,0,40,39,0
43,Male,White,Married-civ-spouse,0,117037,11th,Private,Transport-moving,0,2042,40,39,0
51,Male,White,Married-civ-spouse,0,160703,HS-grad,Federal-gov,Adm-clerical,0,0,40,39,0
40,Male,White,Married-civ-spouse,0,82465,Some-college,Private,Machine-op-inspct,2580,0,40,39,0
47,Male,Black,Never-married,1,242552,Some-college,Local-gov,Protective-serv,0,0,40,39,0
28,Male,White,Never-married,1,139568,11th,Private,Adm-clerical,0,0,40,39,0
52,Male,White,Married-civ-spouse,0,74275,Some-college,Private,Sales,7298,0,45,39,1
24,Male,White,Married-civ-spouse,0,317175,Bachelors,Private,Sales,0,0,45,39,1
40,Male,White,Married-civ-spouse,0,319271,Masters,Local-gov,Exec-managerial,0,0,60,39,1
35,Male,White,Divorced,1,102471,HS-grad,Self-emp-not-inc,Farming-fishing,0,0,80,33,0
32,Female,Black,Widowed,4,257978,Assoc-voc,Private,Tech-support,0,0,40,39,0
24,Male,White,Never-married,3,197387,HS-grad,Private,Other-service,0,0,40,26,0
51,Male,White,Divorced,1,45599,HS-grad,Private,Prof-specialty,0,0,40,39,0
49,Male,White,Divorced,1,30219,HS-grad,Private,Craft-repair,0,1669,40,39,0
66,Female,White,Widowed,4,75134,HS-grad,Local-gov,Adm-clerical,0,0,25,39,0
58,Male,Black,Married-civ-spouse,0,298601,9th,Private,Machine-op-inspct,3781,0,40,39,0
55,Male,White,Married-civ-spouse,0,323706,Some-college,Private,Exec-managerial,0,1902,40,39,1
38,Male,White,Divorced,1,179488,Some-college,Private,Craft-repair,0,1741,40,39,0
50,Male,White,Married-civ-spouse,0,304955,Bachelors,Self-emp-inc,Sales,0,0,60,39,1
84,Male,White,Married-civ-spouse,0,127184,5th-6th,Other,Other,0,0,20,39,0
48,Female,White,Divorced,1,80651,HS-grad,Private,Machine-op-inspct,0,0,55,39,0
51,Male,Black,Divorced,2,229272,HS-grad,Private,Other-service,0,0,32,14,0
23,Female,White,Never-married,1,154373,Bachelors,Other,Other,0,0,50,39,0
55,Male,White,Married-civ-spouse,0,199713,Bachelors,State-gov,Prof-specialty,0,0,15,39,0
48,Male,White,Married-civ-spouse,0,247294,HS-grad,Self-emp-not-inc,Craft-repair,0,0,30,29,0
42,Male,White,Divorced,1,198316,Assoc-voc,Private,Craft-repair,0,0,35,39,0
26,Male,White,Never-married,2,33610,HS-grad,Private,Craft-repair,0,0,60,39,0
39,Male,Asian-Pac-Islander,Married-civ-spouse,0,116358,Bachelors,Self-emp-inc,Sales,7688,0,40,0,1
18,Male,White,Never-married,3,83492,7th-8th,Private,Machine-op-inspct,0,0,40,39,0
60,Male,White,Divorced,3,202226,Some-college,Private,Craft-repair,0,0,44,39,1
52,Male,White,Married-civ-spouse,0,195635,HS-grad,Private,Machine-op-inspct,0,2051,38,39,0
63,Male,Black,Divorced,1,168656,Bachelors,Local-gov,Craft-repair,0,0,35,28,0
61,Male,White,Married-civ-spouse,0,115023,Assoc-voc,Private,Craft-repair,0,1887,60,39,1
25,Female,White,Married-civ-spouse,5,254746,Bachelors,Private,Prof-specialty,0,0,40,39,0
18,Female,White,Never-married,3,89419,HS-grad,Private,Tech-support,0,0,10,39,0
69,Male,White,Married-civ-spouse,0,197288,HS-grad,Local-gov,Exec-managerial,0,0,35,39,0
38,Male,White,Married-civ-spouse,0,242720,Masters,Private,Prof-specialty,0,0,35,39,1
23,Male,White,Never-married,3,308205,Assoc-acdm,Private,Other-service,0,0,20,39,0
44,Male,White,Married-civ-spouse,0,181762,Some-college,Self-emp-inc,Exec-managerial,0,0,50,39,0
23,Male,Black,Married-civ-spouse,0,189830,Some-college,Private,Other-service,0,0,50,39,0
90,Male,Asian-Pac-Islander,Never-married,1,52386,Some-college,Private,Other-service,0,0,35,39,0
26,Male,White,Never-married,4,483822,7th-8th,Private,Handlers-cleaners,0,0,40,13,0
22,Male,White,Never-married,3,211678,HS-grad,Private,Handlers-cleaners,0,0,40,39,0
24,Female,White,Never-married,1,102942,Some-college,Self-emp-not-inc,Other-service,0,0,50,39,0
32,Male,White,Married-civ-spouse,0,34104,HS-grad,Private,Exec-managerial,3103,0,55,39,1
38,Female,White,Married-civ-spouse,5,185394,Bachelors,Local-gov,Prof-specialty,7688,0,40,39,1
35,Male,White,Married-civ-spouse,0,454843,Some-college,Private,Craft-repair,0,0,40,39,1
21,Male,White,Never-married,3,222993,HS-grad,Private,Machine-op-inspct,0,0,40,39,0
50,Female,White,Married-civ-spouse,5,95577,HS-grad,Self-emp-not-inc,Other-service,0,0,12,0,0
28,Male,White,Never-married,3,180007,Some-college,Private,Handlers-cleaners,0,0,40,39,0
27,Female,Black,Married-civ-spouse,5,251854,Bachelors,Other,Other,0,0,35,0,1
25,Female,Black,Never-married,4,252803,HS-grad,Private,Other-service,0,0,40,39,0
26,Male,Black,Married-civ-spouse,1,187248,HS-grad,Private,Prof-specialty,0,0,40,39,0
53,Male,White,Married-civ-spouse,0,152810,10th,Self-emp-not-inc,Craft-repair,0,0,40,39,0
57,Female,White,Divorced,2,372967,10th,Private,Adm-clerical,0,0,70,11,0
27,Female,White,Never-married,1,195337,Some-college,Private,Machine-op-inspct,0,0,40,39,0
42,Male,White,Married-civ-spouse,0,39060,HS-grad,Private,Sales,0,0,60,39,1
63,Male,White,Never-married,1,208862,HS-grad,Private,Craft-repair,0,0,40,39,0
39,Male,Black,Married-civ-spouse,0,176296,Assoc-acdm,Private,Protective-serv,0,0,60,39,0
48,Male,White,Divorced,1,328606,HS-grad,Federal-gov,Handlers-cleaners,0,0,40,39,0
32,Female,White,Separated,4,210926,11th,Self-emp-not-inc,Handlers-cleaners,0,0,40,27,0
17,Female,White,Never-married,3,212125,10th,Other,Other,0,0,20,39,0
23,Female,White,Never-married,3,177787,Bachelors,Private,Sales,0,0,30,9,0
44,Male,White,Married-civ-spouse,0,320984,Some-college,Self-emp-inc,Sales,5178,0,60,39,1
73,Male,White,Married-civ-spouse,0,232871,7th-8th,Local-gov,Protective-serv,2228,0,10,39,0
36,Male,White,Married-civ-spouse,0,181065,Assoc-acdm,Private,Tech-support,0,0,40,39,1
43,Male,White,Married-civ-spouse,0,101534,Some-college,Self-emp-not-inc,Exec-managerial,0,1902,15,39,1
24,Male,White,Never-married,3,278130,HS-grad,Private,Craft-repair,0,0,40,39,0
37,Male,White,Married-civ-spouse,0,108320,Bachelors,Local-gov,Tech-support,0,0,45,39,1
25,Male,White,Never-married,1,120450,HS-grad,Private,Other-service,0,0,40,39,0
40,Male,White,Married-civ-spouse,0,209040,Bachelors,Self-emp-not-inc,Sales,0,0,40,39,0
41,Male,White,Married-civ-spouse,0,214242,Bachelors,Private,Prof-specialty,0,1887,40,39,1
44,Male,White,Married-civ-spouse,0,136986,Masters,Local-gov,Prof-specialty,15024,0,35,39,1
18,Male,White,Never-married,3,387568,10th,Private,Sales,0,0,10,39,0
23,Female,White,Never-married,2,176486,Some-college,Private,Other-service,0,0,25,39,0
41,Male,White,Married-civ-spouse,0,806552,Some-college,Private,Sales,0,0,50,39,1
53,Male,White,Married-civ-spouse,0,98791,Some-college,Private,Tech-support,0,0,40,39,0
54,Male,White,Married-civ-spouse,0,119565,Bachelors,State-gov,Exec-managerial,0,0,40,33,1
24,Male,White,Married-civ-spouse,0,203924,Bachelors,Local-gov,Protective-serv,0,0,45,39,0
30,Female,Black,Married-civ-spouse,5,176673,HS-grad,Never-worked,Other,0,0,40,39,0
44,Male,White,Married-civ-spouse,0,172479,HS-grad,Self-emp-not-inc,Farming-fishing,15024,0,60,39,1
42,Male,White,Married-civ-spouse,0,37618,Some-college,Self-emp-not-inc,Farming-fishing,0,0,60,39,0
42,Male,White,Married-civ-spouse,0,167678,11th,Other,Other,0,0,22,7,0
56,Male,White,Married-civ-spouse,0,110003,Masters,Private,Prof-specialty,0,0,40,39,1
39,Male,White,Married-civ-spouse,0,187693,HS-grad,Self-emp-not-inc,Craft-repair,0,0,72,39,1
20,Female,White,Never-married,3,289116,Some-college,Other,Other,0,0,5,39,0
25,Female,White,Never-married,3,198163,HS-grad,Private,Exec-managerial,0,0,40,39,0
47,Male,White,Married-civ-spouse,0,160440,Bachelors,Private,Sales,0,0,55,39,1
40,Female,White,Never-married,1,220589,Assoc-acdm,Private,Adm-clerical,0,0,40,39,0
34,Female,White,Never-married,1,205733,HS-grad,Private,Adm-clerical,0,0,40,39,0
28,Male,White,Never-married,2,190303,Assoc-acdm,Other,Other,0,0,40,39,0
32,Male,White,Married-civ-spouse,0,47932,HS-grad,Private,Handlers-cleaners,0,0,40,39,0
34,Male,White,Separated,1,137814,Some-college,Private,Sales,0,0,45,39,0
49,Male,White,Married-civ-spouse,0,192203,9th,Self-emp-not-inc,Craft-repair,0,0,40,2,0
21,Male,White,Never-married,3,56582,11th,Private,Other-service,0,0,50,39,0
30,Male,White,Married-civ-spouse,0,210851,Some-college,Private,Craft-repair,0,0,40,39,0
34,Female,White,Divorced,1,29235,Assoc-acdm,Private,Prof-specialty,0,0,40,39,0
27,Male,White,Married-civ-spouse,0,160786,11th,Private,Craft-repair,0,1902,40,39,1
68,Male,White,Married-civ-spouse,0,141181,9th,Other,Other,0,0,2,39,0
32,Male,White,Married-civ-spouse,0,164197,Bachelors,Private,Exec-managerial,0,0,60,39,1
52,Female,White,Divorced,1,168001,Masters,Private,Prof-specialty,0,0,40,39,1
66,Male,White,Divorced,1,270460,7th-8th,Other,Other,0,0,40,39,0
38,Female,Black,Never-married,3,168680,Some-college,Private,Adm-clerical,0,0,40,39,0
36,Male,White,Married-civ-spouse,0,106297,Masters,Federal-gov,Exec-managerial,0,0,40,39,1
32,Male,White,Married-civ-spouse,0,203408,HS-grad,Self-emp-not-inc,Craft-repair,0,0,44,39,0
26,Female,White,Never-married,1,179569,Some-college,Private,Adm-clerical,0,0,40,39,0
42,Male,White,Married-civ-spouse,0,413297,Some-college,Private,Tech-support,0,0,40,39,0
25,Female,White,Never-married,3,367306,Some-college,Private,Adm-clerical,0,0,40,39,0
43,Male,White,Married-civ-spouse,0,43945,Some-college,Private,Craft-repair,0,0,40,39,1
44,Male,White,Married-civ-spouse,0,193524,Masters,State-gov,Exec-managerial,0,1902,40,39,1
24,Male,White,Married-civ-spouse,0,155066,11th,Private,Machine-op-inspct,0,0,60,39,0
38,Male,Asian-Pac-Islander,Married-civ-spouse,0,72338,HS-grad,Local-gov,Protective-serv,0,0,54,39,1
28,Male,White,Never-married,1,155621,5th-6th,Private,Craft-repair,0,0,40,4,0
33,Male,Black,Married-civ-spouse,0,220430,Bachelors,Local-gov,Protective-serv,0,0,70,39,1
45,Male,White,Married-civ-spouse,0,329603,Doctorate,Private,Prof-specialty,0,0,40,31,1
49,Female,Black,Separated,4,452402,Some-college,Private,Exec-managerial,0,0,60,39,0
31,Male,White,Never-married,1,129804,9th,Private,Farming-fishing,0,0,40,33,0
35,Male,White,Married-civ-spouse,0,123606,Some-college,Private,Handlers-cleaners,0,0,40,39,0
44,Male,White,Married-civ-spouse,0,244974,HS-grad,Private,Sales,0,0,60,39,0
32,Female,Other,Never-married,1,190889,Masters,Local-gov,Prof-specialty,0,0,40,0,0
38,Male,White,Married-civ-spouse,0,296212,Bachelors,Private,Craft-repair,0,0,45,39,0
29,Male,White,Never-married,1,83517,9th,Private,Machine-op-inspct,0,0,40,39,0
40,Male,White,Married-civ-spouse,0,123306,Prof-school,Self-emp-not-inc,Prof-specialty,0,0,45,39,1
37,Male,White,Married-civ-spouse,0,267085,Some-college,Private,Craft-repair,0,0,40,39,0
34,Male,White,Divorced,1,154246,Bachelors,State-gov,Prof-specialty,4865,0,55,39,0
40,Male,White,Divorced,1,356934,Assoc-acdm,Private,Exec-managerial,0,0,40,39,1
34,Male,White,Married-civ-spouse,0,164190,Some-college,Private,Prof-specialty,0,1902,38,39,1
53,Female,White,Widowed,4,355802,Some-college,Private,Sales,0,0,30,39,0
19,Male,White,Never-married,3,112432,Some-college,State-gov,Adm-clerical,0,0,10,39,0
40,Male,White,Separated,2,188436,HS-grad,Self-emp-not-inc,Exec-managerial,0,0,40,39,0
19,Female,White,Never-married,1,201178,HS-grad,Private,Sales,0,0,30,39,0
33,Male,White,Married-civ-spouse,0,193042,HS-grad,Private,Transport-moving,0,0,60,39,1
30,Female,White,Married-civ-spouse,5,168334,HS-grad,Private,Sales,0,0,30,39,0
33,Male,White,Never-married,3,186824,Some-college,Other,Other,0,0,40,39,0
19,Male,White,Never-married,1,225775,Some-college,Private,Craft-repair,0,0,45,26,0
33,Male,White,Married-civ-spouse,0,202051,Masters,Private,Prof-specialty,0,0,50,39,0
55,Male,Black,Divorced,4,256335,Bachelors,State-gov,Exec-managerial,0,0,40,39,0
51,Male,White,Married-civ-spouse,0,69328,Assoc-voc,Other,Other,0,0,50,39,1
52,Male,Black,Divorced,4,146579,HS-grad,Self-emp-not-inc,Sales,0,0,40,39,0
45,Male,White,Married-civ-spouse,0,152752,Assoc-voc,Self-emp-not-inc,Protective-serv,0,0,3,39,0
23,Male,White,Married-civ-spouse,0,41721,Assoc-voc,Private,Craft-repair,0,0,55,39,1
34,Female,White,Never-married,1,198183,HS-grad,Private,Adm-clerical,0,0,40,39,0
56,Male,Black,Married-civ-spouse,0,229525,9th,Private,Transport-moving,0,0,40,39,0
70,Male,White,Married-civ-spouse,0,148065,Some-college,Other,Other,0,0,4,39,1
51,Female,White,Widowed,1,49017,HS-grad,Private,Other-service,0,0,24,39,0
29,Female,White,Divorced,4,93662,Some-college,Private,Prof-specialty,0,0,24,39,0
37,Male,White,Married-civ-spouse,0,295949,HS-grad,Private,Craft-repair,0,1628,40,39,0
40,Male,White,Married-civ-spouse,0,101593,Bachelors,Private,Prof-specialty,0,0,50,39,0
59,Male,White,Married-civ-spouse,0,91384,Doctorate,Private,Prof-specialty,0,0,60,39,1
64,Female,White,Never-married,1,183513,HS-grad,Private,Adm-clerical,0,0,25,39,0
26,Male,White,Never-married,2,219760,HS-grad,Local-gov,Other-service,0,0,16,39,0
29,Male,White,Never-married,1,363425,Bachelors,Private,Prof-specialty,0,0,40,39,0
76,Female,White,Widowed,1,127016,7th-8th,Private,Priv-house-serv,0,0,40,39,0
18,Female,White,Never-married,1,447882,Some-college,Private,Adm-clerical,0,0,20,39,0
55,Male,White,Married-civ-spouse,0,359972,Bachelors,Private,Exec-managerial,0,1887,40,39,1
25,Male,Black,Separated,4,203570,HS-grad,Private,Other-service,0,0,40,39,0
17,Female,White,Never-married,3,38611,11th,Private,Adm-clerical,0,0,23,39,0
34,Male,Black,Never-married,1,209297,HS-grad,Private,Machine-op-inspct,0,2001,40,39,0
70,Male,White,Married-civ-spouse,0,94692,Bachelors,Private,Sales,0,0,70,39,1
22,Female,White,Never-married,3,170800,Assoc-voc,Private,Other-service,0,0,12,39,0
33,Female,White,Never-married,3,137310,HS-grad,Private,Machine-op-inspct,0,0,40,0,0
41,Male,White,Married-civ-spouse,0,212894,5th-6th,Private,Handlers-cleaners,0,0,40,13,0
58,Female,White,Divorced,4,99141,HS-grad,Self-emp-not-inc,Farming-fishing,0,0,10,39,0
41,Male,White,Married-civ-spouse,0,320744,Bachelors,Private,Prof-specialty,0,0,40,39,1
37,Female,White,Separated,4,130277,5th-6th,Private,Other-service,0,0,40,39,0
57,Male,White,Never-married,1,279636,Assoc-voc,Private,Craft-repair,0,0,40,39,1
41,Female,White,Married-civ-spouse,5,211253,Masters,Private,Exec-managerial,0,0,40,39,1
21,Male,Asian-Pac-Islander,Never-married,3,344891,Some-college,Private,Adm-clerical,0,0,20,39,0
64,Female,White,Divorced,1,321166,Bachelors,Private,Sales,0,0,5,39,0
60,Male,White,Married-civ-spouse,0,132529,HS-grad,Private,Other-service,0,0,40,39,0
31,Female,White,Divorced,1,118551,9th,Private,Adm-clerical,0,0,40,39,0
24,Male,White,Never-married,1,228686,Some-college,Private,Other-service,0,0,45,39,0
36,Male,White,Never-married,1,145933,HS-grad,Private,Exec-managerial,0,2258,70,39,0
47,Male,White,Married-civ-spouse,0,76612,HS-grad,Private,Prof-specialty,0,0,50,39,0
39,Male,White,Never-married,1,357962,Assoc-acdm,Local-gov,Transport-moving,0,0,48,39,0
33,Male,White,Never-married,4,91964,Some-college,Private,Adm-clerical,0,0,40,39,0
28,Female,White,Never-married,1,128509,5th-6th,Private,Machine-op-inspct,0,0,40,0,0
43,Male,White,Never-married,1,48087,HS-grad,Self-emp-not-inc,Farming-fishing,0,0,60,39,0
57,Male,White,Never-married,1,170066,Assoc-voc,Federal-gov,Tech-support,0,0,40,39,0
23,Female,White,Separated,4,134997,Some-college,Other,Other,0,0,20,39,0
39,Female,White,Widowed,1,160123,HS-grad,Private,Adm-clerical,0,0,40,39,0
44,Male,White,Married-civ-spouse,0,115323,Masters,Private,Exec-managerial,0,0,40,39,1
48,Male,White,Married-civ-spouse,0,397466,Some-college,Self-emp-not-inc,Exec-managerial,0,0,60,39,0
33,Female,White,Separated,4,288273,12th,Private,Adm-clerical,1471,0,40,39,0
21,Male,White,Never-married,3,140012,Some-college,Other,Other,0,0,20,39,0
49,Male,White,Married-civ-spouse,0,157569,HS-grad,Private,Craft-repair,0,0,40,39,0
20,Female,White,Never-married,3,203240,9th,Private,Sales,0,0,32,39,0
26,Male,Black,Married-civ-spouse,0,416577,HS-grad,Private,Machine-op-inspct,0,0,45,39,0
49,Male,Black,Married-civ-spouse,0,133917,Doctorate,State-gov,Prof-specialty,0,1902,60,0,1
40,Male,White,Married-civ-spouse,0,141858,Prof-school,State-gov,Prof-specialty,0,0,72,39,0
23,Female,Other,Never-married,3,166527,Some-college,Private,Exec-managerial,0,0,40,39,0
62,Female,White,Widowed,1,370881,Assoc-acdm,Private,Other-service,0,0,7,39,0
40,Male,White,Married-civ-spouse,0,325159,Some-college,Self-emp-not-inc,Tech-support,0,0,50,39,1
60,Female,Amer-Indian-Eskimo,Divorced,1,21876,Some-college,Federal-gov,Prof-specialty,0,0,40,39,0
22,Female,White,Never-married,3,120572,Some-college,Other,Other,0,0,40,39,0
42,Male,Black,Married-civ-spouse,0,436006,Some-college,State-gov,Adm-clerical,0,0,40,39,0
31,Female,Asian-Pac-Islander,Never-married,3,73514,HS-grad,Private,Sales,0,0,40,39,0
27,Female,White,Never-married,1,187392,HS-grad,Private,Other-service,0,0,40,39,0
42,Male,White,Married-civ-spouse,0,119281,Bachelors,Self-emp-inc,Exec-managerial,0,0,60,39,1
31,Male,White,Married-civ-spouse,0,75755,Doctorate,State-gov,Exec-managerial,7298,0,55,39,1
22,Male,White,Never-married,1,56582,HS-grad,Private,Farming-fishing,0,0,50,39,0
18,Male,White,Never-married,3,156764,11th,Private,Other-service,0,0,40,39,0
22,Male,White,Never-married,1,124454,Some-college,Private,Sales,0,0,30,39,0
38,Female,Black,Never-married,1,357870,12th,Private,Machine-op-inspct,0,0,50,39,0
28,Female,White,Divorced,3,103389,Masters,Private,Sales,0,0,40,39,0
43,Male,White,Married-civ-spouse,0,118308,Bachelors,Private,Prof-specialty,0,1977,50,39,1
70,Male,White,Married-civ-spouse,0,158437,Prof-school,Self-emp-inc,Prof-specialty,0,0,35,39,1
38,Female,Black,Never-married,4,226106,Some-college,Private,Adm-clerical,0,0,40,39,0
18,Male,White,Never-married,3,387641,Some-college,Other,Other,0,0,40,39,0
40,Male,White,Married-civ-spouse,0,177810,Bachelors,Self-emp-not-inc,Craft-repair,0,0,30,39,0
35,Male,Asian-Pac-Islander,Married-civ-spouse,0,198341,Bachelors,Private,Exec-managerial,0,0,40,0,0
52,Male,Black,Married-civ-spouse,0,176134,HS-grad,Private,Machine-op-inspct,0,0,48,39,0
53,Male,White,Married-civ-spouse,0,233165,HS-grad,Private,Exec-managerial,0,0,60,39,1
39,Male,White,Married-civ-spouse,0,203070,Assoc-voc,Private,Handlers-cleaners,0,0,49,39,0
48,Male,White,Married-civ-spouse,0,131309,Masters,Private,Prof-specialty,0,0,45,39,1
47,Male,White,Married-civ-spouse,0,456661,7th-8th,Private,Craft-repair,0,0,40,26,0
25,Female,Asian-Pac-Islander,Never-married,1,74883,Bachelors,Private,Tech-support,0,1092,40,30,0
19,Male,White,Never-married,3,178147,Some-college,Private,Handlers-cleaners,0,0,10,39,0
42,Male,Black,Married-civ-spouse,0,113147,Assoc-acdm,Private,Prof-specialty,0,0,40,39,0
40,Female,White,Divorced,1,216237,Bachelors,Private,Exec-managerial,0,0,45,39,1
40,Male,White,Divorced,4,24763,Some-college,Local-gov,Transport-moving,6849,0,40,39,0
34,Female,Asian-Pac-Islander,Married-civ-spouse,5,122612,Bachelors,Private,Other-service,7688,0,50,30,1
46,Female,Black,Separated,4,116635,Bachelors,Private,Prof-specialty,0,0,36,39,0
38,Female,White,Married-spouse-absent,1,182526,Bachelors,Private,Prof-specialty,0,0,40,39,0
39,Male,White,Married-civ-spouse,1,22245,Bachelors,Private,Prof-specialty,0,0,60,39,0
37,Male,White,Married-civ-spouse,0,107410,HS-grad,Self-emp-not-inc,Machine-op-inspct,0,0,40,39,0
34,Female,White,Never-married,1,159442,HS-grad,Private,Prof-specialty,0,0,30,39,0
50,Male,White,Married-civ-spouse,0,162327,Some-college,Private,Handlers-cleaners,0,0,50,39,0
45,Male,White,Married-civ-spouse,0,325390,HS-grad,Private,Sales,0,0,40,39,0
47,Female,White,Married-civ-spouse,5,223944,Some-college,State-gov,Adm-clerical,0,0,30,39,0
56,Female,White,Widowed,1,108276,Bachelors,Private,Other-service,0,0,40,39,0
33,Male,White,Never-married,1,49795,Bachelors,Self-emp-inc,Prof-specialty,0,0,45,39,0
45,Female,White,Divorced,4,60267,HS-grad,Private,Adm-clerical,0,0,38,39,0
20,Female,White,Never-married,3,210781,Some-college,Private,Adm-clerical,0,0,35,39,0
20,Female,White,Married-civ-spouse,2,141481,11th,Private,Sales,0,0,50,39,0
18,Male,White,Never-married,3,79443,11th,Private,Other-service,0,0,8,39,0
40,Male,White,Divorced,2,266084,Some-college,Private,Craft-repair,0,0,50,39,0
60,Male,White,Married-civ-spouse,0,188650,5th-6th,Private,Sales,0,0,40,0,1
18,Male,Other,Never-married,3,179484,12th,Other,Other,0,0,40,39,0
28,Female,White,Divorced,1,184078,12th,Private,Machine-op-inspct,0,0,40,39,0
18,Female,White,Never-married,3,230373,11th,Self-emp-not-inc,Other-service,594,0,4,39,0
23,Male,Amer-Indian-Eskimo,Never-married,4,39603,Some-college,Federal-gov,Craft-repair,0,0,40,39,0
55,Female,White,Divorced,1,168956,Some-college,Private,Adm-clerical,0,0,40,39,0
69,Male,White,Married-civ-spouse,0,58213,Bachelors,Self-emp-not-inc,Prof-specialty,20051,0,45,39,1
48,Male,White,Married-civ-spouse,0,192894,Doctorate,Private,Prof-specialty,0,0,40,39,1
35,Female,White,Married-civ-spouse,5,48123,12th,Private,Craft-repair,0,0,50,39,0
50,Male,White,Married-civ-spouse,0,63000,Some-college,Private,Sales,0,0,60,39,1
31,Male,White,Married-civ-spouse,0,349148,Some-college,Self-emp-not-inc,Machine-op-inspct,0,0,48,39,0
57,Male,Black,Married-civ-spouse,0,135796,10th,Private,Machine-op-inspct,0,0,48,39,0
27,Male,White,Married-civ-spouse,0,203776,Assoc-acdm,Private,Exec-managerial,0,0,55,39,0
20,Male,Black,Never-married,2,285671,HS-grad,Private,Other-service,0,0,25,39,0
28,Male,White,Never-married,1,239130,Some-college,Private,Exec-managerial,0,0,50,39,0
70,Male,White,Married-civ-spouse,0,247383,Some-college,Self-emp-inc,Exec-managerial,0,0,40,39,1
19,Male,White,Never-married,3,249609,Some-college,Private,Protective-serv,0,0,8,39,0
28,Male,White,Married-civ-spouse,0,214881,HS-grad,Local-gov,Craft-repair,0,0,40,39,0
47,Male,White,Married-civ-spouse,0,170850,HS-grad,Private,Handlers-cleaners,4064,0,60,39,0
33,Male,White,Married-civ-spouse,0,54782,Bachelors,Private,Adm-clerical,0,1579,42,39,0
32,Male,White,Never-married,3,152940,Assoc-acdm,Private,Adm-clerical,0,0,30,39,0
33,Male,White,Married-civ-spouse,0,242150,Assoc-voc,Local-gov,Tech-support,0,0,50,39,0
28,Male,Black,Never-married,1,82531,Some-college,Private,Other-service,0,0,40,39,0
37,Female,White,Divorced,1,328301,Bachelors,Local-gov,Prof-specialty,0,0,36,39,0
26,Male,White,Married-civ-spouse,0,323044,Some-college,Private,Exec-managerial,0,0,45,11,1
28,Male,White,Married-civ-spouse,0,214702,Bachelors,Private,Exec-managerial,0,0,60,39,0
52,Male,White,Married-civ-spouse,0,96359,Doctorate,Private,Exec-managerial,0,0,57,39,1
36,Male,White,Married-civ-spouse,0,267556,HS-grad,Private,Craft-repair,4064,0,40,39,0
26,Male,White,Never-married,1,177147,Bachelors,Private,Adm-clerical,6849,0,65,39,0
32,Male,White,Divorced,1,236770,Some-college,Private,Sales,0,0,50,39,0
46,Male,White,Married-civ-spouse,0,28334,HS-grad,Private,Transport-moving,0,0,40,39,0
63,Female,White,Widowed,1,163708,9th,Private,Other-service,0,0,20,39,0
25,Male,Asian-Pac-Islander,Never-married,4,137367,Bachelors,Private,Sales,0,0,44,30,0
59,Male,White,Married-civ-spouse,0,206487,Some-college,Private,Craft-repair,0,0,40,39,1
38,Male,White,Never-married,1,374524,Some-college,Private,Transport-moving,0,0,40,39,0
50,Male,White,Married-civ-spouse,0,30682,Masters,Local-gov,Prof-specialty,0,0,50,39,0
37,Female,Black,Divorced,4,195189,Some-college,Private,Other-service,0,0,40,39,0
25,Male,White,Never-married,1,191803,Assoc-acdm,Self-emp-not-inc,Sales,0,0,50,39,0
19,Female,White,Never-married,3,356717,Some-college,Other,Other,0,0,25,39,0
37,Female,White,Married-civ-spouse,5,44694,Masters,Local-gov,Prof-specialty,0,0,45,39,1
40,Male,White,Married-civ-spouse,2,153489,HS-grad,Local-gov,Other-service,3137,0,40,39,0
61,Female,Black,Married-civ-spouse,5,153790,HS-grad,Private,Adm-clerical,0,0,40,39,0
61,Male,White,Married-civ-spouse,0,190997,HS-grad,Other,Other,0,0,6,39,0
40,Male,White,Married-civ-spouse,0,274158,HS-grad,Private,Machine-op-inspct,0,0,40,39,0
48,Male,White,Married-civ-spouse,0,125892,Bachelors,Private,Tech-support,0,0,40,39,1
36,Male,Other,Married-civ-spouse,0,160120,Bachelors,Self-emp-not-inc,Sales,0,0,45,0,0
48,Male,White,Married-civ-spouse,0,287647,Doctorate,Self-emp-inc,Prof-specialty,7688,0,55,39,1
43,Male,White,Married-spouse-absent,1,218558,Bachelors,Private,Prof-specialty,3325,0,40,39,0
25,Female,White,Never-married,3,148300,Bachelors,Private,Prof-specialty,0,0,15,39,0
57,Male,Asian-Pac-Islander,Married-civ-spouse,0,127277,Doctorate,Private,Prof-specialty,0,0,40,36,1
45,Male,White,Never-married,1,34419,Bachelors,Private,Transport-moving,0,0,30,39,0
42,Male,White,Married-civ-spouse,0,89942,Some-college,Self-emp-not-inc,Craft-repair,0,0,40,39,0
41,Female,White,Divorced,4,213019,Masters,Local-gov,Prof-specialty,0,0,40,39,0
25,Male,White,Never-married,3,273792,HS-grad,Private,Craft-repair,0,0,37,39,0
44,Female,White,Married-civ-spouse,5,246862,HS-grad,Self-emp-not-inc,Prof-specialty,0,0,40,22,1
33,Female,White,Divorced,4,83446,11th,Private,Exec-managerial,0,0,40,39,1
35,Female,White,Divorced,1,101387,HS-grad,Private,Sales,0,0,50,39,0
28,Female,White,Never-married,1,354095,Some-college,Private,Sales,0,0,40,39,0
36,Female,White,Divorced,4,51838,Some-college,Private,Adm-clerical,0,0,40,39,0
69,Male,White,Married-civ-spouse,0,169717,Bachelors,Self-emp-inc,Exec-managerial,6418,0,45,39,1
40,Male,White,Married-civ-spouse,0,306495,Bachelors,Local-gov,Prof-specialty,0,0,35,39,0
44,Male,White,Married-civ-spouse,0,469454,Assoc-voc,Federal-gov,Protective-serv,7298,0,48,39,1
32,Female,White,Never-married,1,328199,Assoc-voc,Private,Tech-support,0,0,64,39,0
30,Female,White,Never-married,3,167790,HS-grad,Private,Adm-clerical,0,0,40,39,0
49,Male,White,Married-civ-spouse,0,139268,HS-grad,Private,Craft-repair,7298,0,40,39,1
33,Male,White,Married-civ-spouse,0,157747,Assoc-acdm,Private,Handlers-cleaners,0,0,40,39,0
45,Male,White,Married-civ-spouse,0,212954,Some-college,Self-emp-inc,Farming-fishing,0,0,50,39,0
18,Female,White,Never-married,3,210932,HS-grad,Private,Adm-clerical,0,0,40,39,0
41,Male,Black,Married-civ-spouse,0,118619,Bachelors,Private,Exec-managerial,0,0,50,39,0
39,Male,White,Married-civ-spouse,0,314007,10th,Private,Craft-repair,0,2051,40,39,0
27,Male,White,Never-married,1,517000,Bachelors,Private,Adm-clerical,0,0,35,39,0
41,Female,Black,Divorced,4,210259,Some-college,Private,Adm-clerical,0,0,37,39,0
21,Male,White,Never-married,3,170108,Some-college,Private,Other-service,0,0,40,39,0
41,Female,White,Never-married,1,185057,Masters,Local-gov,Prof-specialty,0,0,40,39,0
23,Female,Asian-Pac-Islander,Never-married,3,69847,Bachelors,Private,Prof-specialty,0,0,20,39,0
43,Male,White,Married-civ-spouse,0,300528,Some-college,Private,Transport-moving,0,0,40,39,0
20,Male,Asian-Pac-Islander,Never-married,2,256211,Some-college,Private,Machine-op-inspct,0,0,40,40,0
19,Male,White,Never-married,3,282698,7th-8th,Private,Adm-clerical,0,0,80,39,0
42,Male,White,Married-civ-spouse,0,212894,Bachelors,Private,Sales,0,1887,40,39,1
30,Male,White,Married-civ-spouse,0,101266,HS-grad,Private,Protective-serv,0,0,40,39,0
65,Male,White,Married-civ-spouse,0,37170,7th-8th,Other,Other,0,0,20,39,0
50,Male,White,Married-civ-spouse,0,234037,HS-grad,Private,Machine-op-inspct,0,0,58,39,0
25,Male,White,Never-married,3,144301,Some-college,Private,Sales,0,0,42,39,0
56,Male,White,Married-civ-spouse,0,102106,HS-grad,Private,Handlers-cleaners,0,0,40,39,0
45,Male,White,Married-civ-spouse,0,103406,Bachelors,State-gov,Exec-managerial,0,1977,60,39,1
55,Female,White,Divorced,1,436861,Masters,Private,Prof-specialty,14084,0,40,39,1
44,Male,White,Married-civ-spouse,0,182402,HS-grad,Private,Craft-repair,0,0,40,39,1
30,Male,White,Married-civ-spouse,0,222162,HS-grad,Private,Handlers-cleaners,0,0,66,39,0
30,Male,White,Married-civ-spouse,0,159589,Bachelors,Private,Prof-specialty,7688,0,50,39,1
34,Female,Black,Never-married,4,190027,HS-grad,Other,Other,0,0,40,39,0
36,Female,White,Married-civ-spouse,5,196529,Masters,Local-gov,Prof-specialty,0,0,40,39,1
36,Female,White,Never-married,4,292570,11th,Private,Machine-op-inspct,0,0,40,39,0
17,Male,White,Never-married,3,151141,12th,Private,Sales,0,0,20,39,0
46,Male,White,Married-civ-spouse,0,155489,Masters,Private,Exec-managerial,0,0,50,39,1
38,Male,White,Married-civ-spouse,0,275223,Some-college,Private,Sales,7298,0,40,39,1
24,Male,White,Never-married,1,172496,Masters,Private,Tech-support,0,0,50,39,0
52,Female,Black,Never-married,4,404453,HS-grad,Private,Adm-clerical,0,0,40,39,0
22,Female,White,Married-civ-spouse,5,24395,Some-college,State-gov,Adm-clerical,0,0,20,39,0
19,Male,White,Never-married,3,292511,Some-college,Private,Other-service,0,0,25,39,0
21,Female,White,Never-married,3,199915,Some-college,Other,Other,0,0,35,39,0
31,Male,Asian-Pac-Islander,Married-civ-spouse,0,81846,HS-grad,Private,Adm-clerical,0,0,40,39,0
33,Male,White,Married-civ-spouse,0,182556,Bachelors,Private,Exec-managerial,0,0,40,39,1
40,Male,White,Married-civ-spouse,0,198316,10th,Private,Exec-managerial,0,0,40,39,1
39,Male,White,Married-civ-spouse,0,147850,HS-grad,Self-emp-not-inc,Transport-moving,0,0,30,39,0
42,Female,White,Divorced,4,165916,Bachelors,Private,Adm-clerical,0,0,45,39,0
33,Male,White,Divorced,4,292217,HS-grad,Local-gov,Protective-serv,0,0,40,39,0
23,Male,White,Never-married,1,126945,Some-college,Private,Prof-specialty,0,0,25,39,0
47,Male,White,Married-civ-spouse,0,188195,Some-college,Private,Prof-specialty,0,0,40,39,0
49,Male,White,Married-civ-spouse,0,163229,HS-grad,Local-gov,Protective-serv,0,0,56,39,0
31,Male,White,Married-civ-spouse,0,209103,Some-college,Local-gov,Protective-serv,3464,0,45,39,0
41,Male,White,Never-married,4,70037,Some-college,Private,Craft-repair,0,3004,60,0,1
56,Male,White,Never-married,1,261232,HS-grad,Private,Craft-repair,0,0,40,39,0
49,Female,White,Widowed,1,236913,HS-grad,Private,Other-service,0,0,45,39,0
33,Male,White,Married-civ-spouse,0,209768,Bachelors,Private,Prof-specialty,0,0,40,39,1
32,Male,White,Married-civ-spouse,0,90969,Assoc-voc,Private,Transport-moving,0,0,45,39,1
23,Female,White,Never-married,1,174413,Bachelors,Private,Exec-managerial,0,0,40,39,0
21,Male,White,Never-married,1,243368,Preschool,Private,Farming-fishing,0,0,50,26,0
41,Male,White,Married-civ-spouse,0,104892,Some-college,Private,Adm-clerical,2829,0,40,39,0
44,Male,White,Married-civ-spouse,0,231348,Some-college,Self-emp-not-inc,Other-service,0,0,40,39,1
28,Male,White,Divorced,1,119793,Assoc-voc,Private,Exec-managerial,10520,0,50,39,1
30,Male,White,Never-married,4,205407,HS-grad,Private,Adm-clerical,0,0,40,39,0
25,Male,White,Separated,3,210184,11th,Private,Craft-repair,0,0,40,39,0
52,Male,White,Married-civ-spouse,0,134447,Some-college,Other,Other,0,0,50,39,0
34,Male,White,Married-civ-spouse,0,152667,Some-college,Private,Machine-op-inspct,0,0,35,39,0
51,Male,White,Married-civ-spouse,0,183390,HS-grad,Private,Transport-moving,0,0,40,39,0
41,Male,White,Divorced,1,365986,HS-grad,State-gov,Protective-serv,0,0,40,39,1
70,Female,White,Widowed,1,221603,Some-college,Private,Sales,0,0,34,39,0
42,Male,White,Married-civ-spouse,0,255847,HS-grad,Private,Machine-op-inspct,4386,0,48,39,1
32,Male,White,Married-civ-spouse,0,110331,HS-grad,Private,Exec-managerial,0,1672,60,39,0
34,Male,White,Married-civ-spouse,0,66309,HS-grad,Private,Craft-repair,0,0,35,39,0
43,Female,Black,Separated,4,211763,Doctorate,Federal-gov,Prof-specialty,0,0,24,39,1
19,Female,Black,Never-married,3,278915,12th,Private,Handlers-cleaners,0,0,52,39,0
33,Male,White,Divorced,1,170769,Doctorate,Private,Sales,99999,0,60,39,1
46,Female,White,Married-civ-spouse,5,202560,HS-grad,Private,Exec-managerial,0,0,40,39,1
36,Female,Black,Never-married,1,605502,10th,Private,Transport-moving,0,0,40,39,0
47,Male,White,Never-married,1,220124,HS-grad,Private,Craft-repair,0,0,40,39,0
45,Male,Black,Divorced,3,236612,11th,Other,Other,0,0,40,39,0
23,Male,Amer-Indian-Eskimo,Married-civ-spouse,0,13769,Some-college,Private,Machine-op-inspct,0,0,30,39,0
37,Male,White,Married-civ-spouse,0,176014,HS-grad,Private,Sales,0,0,50,39,0
45,Male,White,Married-civ-spouse,0,192203,Some-college,Self-emp-not-inc,Craft-repair,0,1485,40,39,1
22,Female,White,Never-married,2,151105,Some-college,Private,Sales,0,0,18,39,0
40,Male,White,Married-civ-spouse,0,242521,Assoc-voc,Private,Craft-repair,0,0,40,39,1
58,Male,Other,Divorced,1,365511,Some-college,Private,Machine-op-inspct,0,0,40,26,0
49,Female,White,Married-civ-spouse,5,182752,Doctorate,Self-emp-not-inc,Prof-specialty,0,0,35,39,1
42,Female,White,Married-spouse-absent,1,339671,Bachelors,Local-gov,Prof-specialty,8614,0,45,39,1
18,Female,White,Never-married,3,205218,Some-college,Private,Other-service,0,0,20,39,0
25,Male,White,Never-married,3,366207,HS-grad,Federal-gov,Transport-moving,0,0,40,39,0
47,Male,White,Married-civ-spouse,0,148995,HS-grad,Local-gov,Protective-serv,0,0,60,39,1
28,Male,White,Never-married,3,188171,Assoc-acdm,Private,Transport-moving,0,0,60,39,0
18,Female,White,Never-married,3,216284,11th,Private,Adm-clerical,0,0,20,39,0
77,Female,White,Married-spouse-absent,1,158847,Assoc-voc,Other,Other,0,0,25,39,0
40,Male,White,Married-civ-spouse,0,123306,Assoc-voc,Private,Prof-specialty,0,0,40,39,1
23,Female,White,Never-married,3,478994,Some-college,Private,Other-service,0,0,40,39,0
37,Male,White,Married-civ-spouse,0,105803,HS-grad,Private,Craft-repair,3103,0,45,39,1
29,Female,White,Divorced,4,156819,Assoc-acdm,Private,Prof-specialty,0,0,35,39,0
29,Male,White,Married-civ-spouse,0,267989,Bachelors,State-gov,Prof-specialty,0,0,50,39,1
46,Female,White,Never-married,1,279196,Bachelors,Private,Craft-repair,0,0,40,39,0
65,Male,Amer-Indian-Eskimo,Married-civ-spouse,0,178931,HS-grad,Other,Other,3818,0,40,39,0
37,Male,White,Married-civ-spouse,0,121521,Prof-school,Private,Prof-specialty,15024,0,45,39,1
17,Female,White,Never-married,3,56986,12th,Private,Sales,0,0,18,39,0
33,Male,White,Separated,1,194901,Assoc-voc,Private,Craft-repair,0,2444,42,39,1
19,Female,Black,Never-married,3,206399,HS-grad,Private,Machine-op-inspct,0,0,40,39,0
24,Male,White,Never-married,1,200295,Some-college,Private,Craft-repair,0,0,40,39,0
51,Male,White,Married-civ-spouse,0,183173,HS-grad,Self-emp-inc,Exec-managerial,0,0,70,39,1
20,Male,White,Never-married,2,283969,Some-college,Private,Handlers-cleaners,0,0,15,39,0
31,Male,White,Never-married,1,91666,HS-grad,Private,Transport-moving,0,0,50,39,0
33,Male,White,Married-civ-spouse,0,255334,Bachelors,Private,Prof-specialty,0,0,25,39,1
18,Female,White,Never-married,3,130652,Some-college,Private,Adm-clerical,0,0,25,39,0
52,Female,White,Divorced,3,54933,Masters,Private,Prof-specialty,0,0,40,39,0
21,Female,Amer-Indian-Eskimo,Divorced,4,164991,HS-grad,Private,Sales,0,0,38,39,0
18,Male,White,Never-married,3,400616,Some-college,Private,Adm-clerical,0,0,40,39,0
24,Female,Black,Never-married,3,205844,Bachelors,Private,Exec-managerial,0,0,40,39,0
37,Male,White,Never-married,1,177277,Some-college,Self-emp-not-inc,Craft-repair,0,0,40,39,0
27,Male,White,Married-civ-spouse,0,64379,HS-grad,Self-emp-inc,Craft-repair,0,1740,40,39,0
19,Male,White,Never-married,1,67217,Some-college,State-gov,Other-service,594,0,24,39,0
49,Male,White,Separated,1,213354,Masters,Self-emp-inc,Exec-managerial,0,0,70,39,1
38,Female,Black,Never-married,4,312108,HS-grad,Private,Other-service,0,0,40,39,0
46,Female,White,Widowed,4,177114,Assoc-acdm,Private,Prof-specialty,0,0,27,39,0
37,Female,White,Married-civ-spouse,5,190987,Some-college,Private,Sales,7298,0,40,39,1
25,Male,White,Never-married,3,60358,Some-college,Private,Sales,0,0,40,39,0
42,Male,White,Divorced,1,219682,Masters,State-gov,Exec-managerial,0,0,45,39,0
58,Female,White,Married-civ-spouse,5,366324,Some-college,Private,Other-service,0,0,30,39,0
39,Male,White,Married-civ-spouse,0,214816,Bachelors,Private,Exec-managerial,0,0,60,39,0
32,Female,White,Married-civ-spouse,5,235109,Bachelors,Local-gov,Adm-clerical,0,0,40,39,0
39,Female,White,Separated,1,191841,Assoc-acdm,Private,Prof-specialty,0,0,30,39,0
43,Female,White,Married-civ-spouse,5,227910,Assoc-voc,State-gov,Prof-specialty,0,0,40,39,1
30,Male,White,Married-civ-spouse,0,247444,Some-college,Private,Machine-op-inspct,0,0,40,27,0
19,Male,White,Never-married,3,495982,Some-college,Private,Adm-clerical,0,0,10,39,0
33,Male,White,Divorced,1,176185,12th,Private,Craft-repair,0,2258,42,39,0
41,Male,Asian-Pac-Islander,Never-married,1,95708,Masters,Self-emp-not-inc,Exec-managerial,0,0,45,39,1
18,Female,White,Never-married,3,128538,11th,Private,Sales,0,0,25,39,0
23,Male,Other,Never-married,2,218782,10th,Private,Handlers-cleaners,0,0,40,39,0
22,Male,White,Never-married,1,221533,HS-grad,Private,Other-service,0,0,20,39,0
62,Female,White,Divorced,1,192236,Bachelors,Self-emp-not-inc,Prof-specialty,0,0,40,39,1
21,Female,White,Married-civ-spouse,5,212888,11th,Other,Other,0,0,56,39,0
46,Male,White,Divorced,4,358585,Some-college,Private,Craft-repair,0,0,40,39,1
39,Female,White,Married-civ-spouse,5,99270,Bachelors,Private,Prof-specialty,0,0,50,11,1
57,Female,White,Divorced,1,212448,Bachelors,Private,Exec-managerial,0,0,45,39,1
27,Female,White,Never-married,2,97165,Some-college,Private,Machine-op-inspct,0,0,40,39,0
24,Male,Black,Married-civ-spouse,0,196675,HS-grad,Private,Handlers-cleaners,0,0,70,39,0
41,Female,White,Widowed,1,70645,Masters,Private,Prof-specialty,4650,0,55,39,0
43,Male,White,Married-civ-spouse,0,228320,HS-grad,Private,Exec-managerial,0,0,40,39,0
57,Male,White,Married-civ-spouse,0,190747,9th,Local-gov,Other-service,0,0,40,39,0
48,Male,White,Married-civ-spouse,0,299291,HS-grad,Private,Transport-moving,0,0,44,39,0
43,Male,White,Married-civ-spouse,0,147328,Masters,Local-gov,Exec-managerial,0,1977,60,39,1
44,Male,White,Divorced,1,248876,Bachelors,Other,Other,0,0,50,39,0
38,Female,White,Never-married,1,273285,11th,Other,Other,0,0,32,39,0
27,Male,White,Never-married,1,340269,Some-college,State-gov,Protective-serv,0,0,40,39,0
36,Male,White,Married-civ-spouse,0,607848,Some-college,Private,Sales,7688,0,45,39,1
38,Male,White,Divorced,1,89202,Some-college,Self-emp-not-inc,Craft-repair,0,0,40,39,0
64,Male,White,Married-civ-spouse,0,75577,7th-8th,Private,Adm-clerical,2580,0,50,39,0
31,Male,White,Married-civ-spouse,0,90409,Some-college,Local-gov,Exec-managerial,0,0,35,39,0
22,Male,White,Never-married,3,362309,Some-college,Private,Other-service,0,0,35,39,0
64,Male,White,Married-civ-spouse,0,168340,HS-grad,Other,Other,0,0,40,0,1
67,Female,Black,Divorced,1,181220,Some-college,Local-gov,Adm-clerical,0,0,20,39,0
23,Male,White,Never-married,3,180052,HS-grad,Private,Other-service,0,0,40,39,0
21,Female,White,Never-married,1,184543,Assoc-voc,Private,Adm-clerical,0,0,40,39,0
59,Male,White,Married-civ-spouse,0,144071,5th-6th,Self-emp-not-inc,Other-service,2580,0,15,8,0
49,Female,White,Divorced,1,206947,HS-grad,Private,Adm-clerical,0,0,40,39,0
44,Male,White,Married-civ-spouse,0,229466,Some-college,Self-emp-inc,Exec-managerial,0,0,50,39,1
21,Female,White,Never-married,1,314182,HS-grad,Private,Other-service,0,0,40,39,0
24,Male,White,Never-married,3,218678,Bachelors,Private,Sales,0,0,40,39,0
56,Male,White,Married-civ-spouse,0,245215,Doctorate,Private,Prof-specialty,0,0,50,39,0
37,Male,White,Married-civ-spouse,2,219546,Bachelors,Private,Exec-managerial,3411,0,47,39,0
33,Male,White,Married-civ-spouse,0,114691,Bachelors,Private,Sales,0,0,60,39,1
42,Female,White,Divorced,4,142756,Some-college,Private,Adm-clerical,0,0,35,39,0
51,Male,White,Divorced,1,54342,Prof-school,Self-emp-inc,Prof-specialty,27828,0,60,39,1
45,Male,Black,Married-civ-spouse,0,320818,HS-grad,Federal-gov,Adm-clerical,0,0,80,39,1
46,Female,Black,Married-civ-spouse,5,100067,11th,Private,Other-service,0,0,35,39,1
55,Male,White,Divorced,1,277034,Some-college,Private,Protective-serv,0,0,40,39,0
42,Female,White,Married-civ-spouse,5,113770,HS-grad,Private,Adm-clerical,0,0,40,39,0
29,Male,White,Never-married,1,191355,Masters,State-gov,Prof-specialty,0,0,40,39,0
28,Female,White,Never-married,3,46987,Assoc-voc,Private,Tech-support,2174,0,36,39,0
59,Male,White,Married-civ-spouse,0,182460,Bachelors,Private,Exec-managerial,0,0,60,39,1
66,Male,White,Married-civ-spouse,0,115498,Bachelors,Private,Exec-managerial,99999,0,55,0,1
52,Female,Asian-Pac-Islander,Married-civ-spouse,5,76131,Some-college,Federal-gov,Exec-managerial,0,0,40,39,1
66,Male,White,Married-civ-spouse,0,262552,Some-college,Self-emp-not-inc,Farming-fishing,0,0,7,39,0
22,Male,White,Never-married,1,208946,Some-college,Private,Machine-op-inspct,0,0,40,39,0
54,Male,White,Married-civ-spouse,0,143804,10th,Private,Machine-op-inspct,0,0,40,39,0
71,Male,Amer-Indian-Eskimo,Married-civ-spouse,0,322789,HS-grad,Self-emp-not-inc,Farming-fishing,0,0,35,39,0
37,Male,Asian-Pac-Islander,Never-married,2,289886,Some-college,Private,Other-service,0,0,30,40,0
36,Male,White,Married-civ-spouse,0,77146,Bachelors,Self-emp-inc,Sales,15024,0,45,39,1
37,Male,White,Married-civ-spouse,0,152909,Assoc-voc,Private,Adm-clerical,7688,0,40,39,1
32,Male,White,Married-civ-spouse,0,345489,Some-college,Self-emp-inc,Exec-managerial,0,0,55,39,1
46,Male,White,Married-civ-spouse,0,201595,HS-grad,Private,Transport-moving,0,0,70,39,0
40,Female,White,Divorced,4,224361,9th,Other,Other,0,0,5,5,0
32,Female,Black,Never-married,4,136935,HS-grad,Private,Other-service,0,0,13,39,0
30,Male,White,Married-civ-spouse,0,149184,Bachelors,Private,Exec-managerial,0,0,45,39,1
22,Male,Black,Never-married,3,279041,Some-college,Private,Handlers-cleaners,0,0,10,39,0
35,Female,White,Married-civ-spouse,5,103260,Masters,Local-gov,Prof-specialty,0,0,35,39,1
28,Male,White,Married-civ-spouse,0,149324,Some-college,Self-emp-not-inc,Prof-specialty,0,0,7,39,0
21,Male,White,Never-married,3,102323,Some-college,Other,Other,0,0,30,39,0
25,Male,White,Never-married,3,73289,HS-grad,Private,Transport-moving,0,0,40,39,0
47,Male,White,Married-civ-spouse,0,208407,Bachelors,Self-emp-not-inc,Prof-specialty,0,2002,30,39,0
31,Male,White,Never-married,3,119411,HS-grad,Self-emp-not-inc,Craft-repair,0,0,50,39,0
25,Male,White,Never-married,2,206600,9th,Private,Machine-op-inspct,0,0,48,26,0
49,Male,White,Married-spouse-absent,1,407495,HS-grad,Other,Other,0,0,70,39,0
20,Male,White,Never-married,1,230891,Some-college,Private,Sales,0,0,45,39,0
35,Male,White,Married-civ-spouse,0,170174,HS-grad,Self-emp-not-inc,Craft-repair,7298,0,60,39,1
50,Female,White,Never-married,4,149770,Masters,Private,Prof-specialty,0,0,40,39,0
21,Male,White,Never-married,3,223811,Assoc-voc,Private,Exec-managerial,0,0,40,39,0
58,Male,White,Never-married,1,186385,Doctorate,Private,Prof-specialty,0,0,8,39,0
61,Male,White,Married-civ-spouse,0,162391,7th-8th,Private,Transport-moving,0,1651,40,39,0
43,Male,White,Married-civ-spouse,0,190786,HS-grad,Private,Other-service,0,0,40,39,1
22,Female,Asian-Pac-Islander,Never-married,2,117747,Some-college,Private,Craft-repair,0,0,40,40,0
28,Female,Black,Married-civ-spouse,5,338409,Bachelors,Private,Prof-specialty,0,0,40,5,0
59,Female,White,Divorced,1,32954,Assoc-voc,Private,Prof-specialty,0,0,36,39,0
36,Male,White,Married-civ-spouse,0,29814,11th,Private,Craft-repair,0,0,40,39,0
56,Male,White,Married-civ-spouse,0,238638,7th-8th,Private,Craft-repair,0,0,40,39,0
58,Male,White,Married-civ-spouse,0,35723,HS-grad,Self-emp-not-inc,Craft-repair,0,0,60,39,0
45,Male,White,Divorced,3,264526,Assoc-acdm,Private,Machine-op-inspct,0,0,40,39,0
30,Male,White,Married-civ-spouse,0,303692,HS-grad,Self-emp-not-inc,Exec-managerial,0,0,75,39,0
34,Male,White,Married-civ-spouse,0,190290,HS-grad,Self-emp-not-inc,Craft-repair,0,0,40,39,1
30,Female,White,Divorced,1,373213,Assoc-voc,Private,Sales,0,0,40,39,1
35,Male,Other,Married-civ-spouse,0,255635,9th,Private,Craft-repair,0,0,40,26,0
35,Male,White,Married-civ-spouse,0,160910,Some-college,Private,Sales,0,0,50,39,0
64,Female,White,Widowed,4,379062,Some-college,Private,Adm-clerical,0,0,12,39,0
21,Male,White,Never-married,3,48121,Some-college,State-gov,Exec-managerial,0,1602,10,39,0
20,Male,White,Never-married,2,107746,11th,Private,Transport-moving,0,0,40,13,0
43,Male,White,Married-civ-spouse,0,272165,9th,Self-emp-not-inc,Craft-repair,0,0,40,39,0
34,Male,White,Married-civ-spouse,0,379412,HS-grad,Private,Craft-repair,0,0,50,39,0
36,Female,White,Married-civ-spouse,5,128516,HS-grad,Private,Adm-clerical,0,0,40,39,1
43,Female,Black,Separated,1,200734,HS-grad,Private,Other-service,0,0,40,39,0
38,Male,White,Married-civ-spouse,0,54953,Some-college,Self-emp-inc,Craft-repair,0,0,38,39,0
18,Male,White,Never-married,3,51255,11th,Private,Handlers-cleaners,0,0,15,39,0
45,Female,White,Widowed,4,297676,Assoc-acdm,Private,Sales,0,0,40,5,0
27,Male,White,Married-civ-spouse,0,137629,HS-grad,Local-gov,Exec-managerial,0,0,80,39,1
41,Male,Black,Married-civ-spouse,0,421871,HS-grad,Private,Craft-repair,0,0,40,39,1
53,Female,White,Divorced,4,176557,Masters,Local-gov,Prof-specialty,0,0,50,39,0
20,Female,White,Never-married,3,25139,Some-college,Other,Other,0,0,40,39,0
36,Male,White,Never-married,1,164526,Masters,Self-emp-not-inc,Sales,10520,0,45,39,1
48,Male,Black,Never-married,1,143299,HS-grad,Private,Machine-op-inspct,0,0,40,39,0
34,Female,White,Never-married,1,117018,Some-college,Local-gov,Protective-serv,0,0,40,39,0
40,Male,White,Married-civ-spouse,0,85995,10th,Private,Machine-op-inspct,0,0,40,39,1
64,Male,White,Married-civ-spouse,0,66634,7th-8th,Private,Craft-repair,0,0,40,39,0
45,Male,White,Married-civ-spouse,0,214068,Doctorate,Private,Prof-specialty,0,0,50,39,1
17,Male,White,Never-married,3,89821,11th,Private,Other-service,0,0,10,39,0
48,Male,White,Married-civ-spouse,0,117849,Some-college,Private,Prof-specialty,0,0,40,39,1
17,Female,White,Never-married,3,175465,10th,Private,Other-service,0,0,14,39,0
32,Female,White,Divorced,4,153963,HS-grad,Private,Other-service,0,0,35,39,0
18,Male,White,Never-married,3,43272,Some-college,Private,Other-service,0,0,20,39,0
35,Female,White,Never-married,2,267776,HS-grad,Self-emp-not-inc,Other-service,0,0,30,39,0
69,Male,White,Never-married,2,108196,10th,Private,Craft-repair,0,0,40,39,0
28,Male,Black,Never-married,1,469864,Bachelors,Private,Prof-specialty,0,0,40,39,0
46,Male,White,Married-civ-spouse,0,98929,Bachelors,Self-emp-inc,Sales,0,0,52,39,0
42,Male,White,Married-civ-spouse,0,55363,Masters,Local-gov,Prof-specialty,0,0,55,39,1
35,Male,White,Married-civ-spouse,0,187046,Masters,Self-emp-inc,Adm-clerical,0,0,50,39,0
25,Male,White,Married-civ-spouse,0,181598,11th,Private,Tech-support,0,0,40,39,0
58,Female,Black,Widowed,1,92141,Assoc-acdm,Local-gov,Adm-clerical,0,0,40,39,0
40,Male,White,Married-civ-spouse,0,173607,10th,Private,Transport-moving,0,0,40,39,0
49,Female,White,Divorced,4,148475,Assoc-voc,Private,Tech-support,0,0,40,39,0
44,Male,Black,Never-married,2,190739,HS-grad,Private,Other-service,0,0,32,39,0
25,Male,White,Never-married,3,441591,Bachelors,Private,Tech-support,0,0,40,39,0
57,Female,White,Divorced,1,366563,Some-college,Other,Other,0,0,40,39,0
33,Male,Black,Never-married,1,221762,Some-college,Private,Prof-specialty,0,0,40,39,0
64,Male,White,Married-civ-spouse,0,265661,HS-grad,Private,Transport-moving,0,0,40,39,0
33,Female,Black,Never-married,4,190027,Some-college,Local-gov,Adm-clerical,0,0,18,39,0
52,Male,White,Married-civ-spouse,0,150393,Bachelors,Private,Machine-op-inspct,0,0,40,39,1
61,Male,White,Married-civ-spouse,0,79827,HS-grad,Private,Exec-managerial,0,0,50,39,0
23,Male,White,Divorced,3,200207,HS-grad,Private,Handlers-cleaners,0,0,44,39,0
39,Female,Amer-Indian-Eskimo,Divorced,1,89419,Assoc-voc,Private,Other-service,0,0,40,4,0
70,Male,White,Married-civ-spouse,0,410980,Some-college,Other,Other,0,0,10,39,1
21,Male,White,Never-married,1,111467,Some-college,Private,Handlers-cleaners,0,0,40,39,0
32,Male,White,Married-civ-spouse,0,323055,HS-grad,Private,Craft-repair,0,0,40,39,0
55,Male,White,Divorced,1,176897,Some-college,Private,Tech-support,0,0,40,39,0
23,Female,White,Never-married,1,224640,Some-college,Private,Exec-managerial,0,0,40,39,0
44,Female,White,Divorced,4,150011,Bachelors,Private,Prof-specialty,0,0,40,39,0
25,Male,White,Married-civ-spouse,0,106491,HS-grad,Private,Craft-repair,0,0,48,39,0
40,Male,White,Married-civ-spouse,0,240124,HS-grad,Private,Exec-managerial,0,0,40,39,1
67,Male,Asian-Pac-Islander,Married-civ-spouse,0,137192,HS-grad,Without-pay,Adm-clerical,0,0,12,30,0
61,Female,Black,Widowed,4,238611,7th-8th,Private,Other-service,0,0,38,39,0
51,Male,White,Married-civ-spouse,0,171409,Some-college,Private,Transport-moving,0,0,40,39,1
46,Male,White,Married-civ-spouse,0,369538,Some-college,Private,Sales,0,0,40,39,1
38,Female,Black,Separated,4,195025,HS-grad,Private,Other-service,0,0,32,39,0
45,Female,Black,Married-civ-spouse,5,51164,Some-college,Other,Other,0,0,40,39,0
48,Male,White,Married-civ-spouse,0,30575,Assoc-voc,Self-emp-inc,Craft-repair,0,0,70,39,1
29,Male,White,Married-civ-spouse,0,356089,Bachelors,State-gov,Exec-managerial,7688,0,40,39,1
21,Male,White,Married-spouse-absent,3,213341,11th,Private,Handlers-cleaners,0,1762,40,6,0
39,Male,White,Married-civ-spouse,0,31848,Some-college,Self-emp-not-inc,Farming-fishing,2829,0,90,39,0
38,Male,White,Divorced,1,153066,Masters,Private,Exec-managerial,0,0,45,39,1
38,Male,White,Married-civ-spouse,0,137953,HS-grad,Federal-gov,Adm-clerical,0,0,45,39,0
56,Male,White,Married-civ-spouse,0,282023,HS-grad,Private,Adm-clerical,0,0,40,39,0
37,Female,White,Never-married,3,301568,12th,Private,Other-service,0,0,40,39,0
36,Female,White,Never-married,3,156084,HS-grad,Private,Sales,0,0,40,39,0
31,Male,Asian-Pac-Islander,Married-civ-spouse,0,27494,Some-college,Private,Sales,0,0,50,36,0
32,Male,White,Never-married,3,193380,HS-grad,Private,Transport-moving,0,0,40,39,0
55,Male,White,Married-civ-spouse,0,141409,10th,Self-emp-not-inc,Sales,7688,0,50,39,1
49,Female,White,Divorced,1,255466,Some-college,Private,Adm-clerical,0,0,60,39,0
41,Male,White,Divorced,1,344624,Bachelors,Private,Exec-managerial,0,0,50,39,1
46,Male,White,Separated,1,249686,Prof-school,Private,Prof-specialty,0,0,50,39,1
55,Female,Asian-Pac-Islander,Never-married,2,119751,Masters,Private,Prof-specialty,0,0,40,37,0
23,Male,White,Never-married,3,258298,Bachelors,Self-emp-not-inc,Adm-clerical,0,2231,40,39,1
37,Male,White,Divorced,1,181553,HS-grad,Self-emp-not-inc,Craft-repair,0,0,50,39,0
26,Female,White,Never-married,1,205109,Masters,Private,Prof-specialty,0,0,40,39,0
32,Male,White,Never-married,1,207201,Bachelors,Private,Prof-specialty,0,0,45,39,1
34,Male,White,Married-civ-spouse,0,27409,9th,Private,Craft-repair,0,0,50,39,0
41,Male,White,Married-civ-spouse,0,152958,HS-grad,Private,Craft-repair,0,0,40,39,1
44,Male,White,Married-civ-spouse,0,340885,Bachelors,Private,Machine-op-inspct,0,1977,40,39,1
21,Female,White,Never-married,3,31606,Some-college,Private,Other-service,0,0,25,11,0
36,Male,White,Married-civ-spouse,0,239415,HS-grad,Self-emp-not-inc,Farming-fishing,0,0,35,39,0
53,Male,White,Married-civ-spouse,0,229465,Doctorate,State-gov,Prof-specialty,0,0,50,39,1
61,Female,White,Widowed,1,99784,Masters,Private,Prof-specialty,0,0,40,39,1
43,Male,White,Married-civ-spouse,0,84661,Assoc-voc,Private,Sales,0,0,45,39,0
62,Male,White,Married-civ-spouse,0,232719,Masters,Other,Other,0,0,50,39,0
50,Female,Black,Married-civ-spouse,5,125417,Assoc-acdm,Private,Exec-managerial,0,0,40,39,1
35,Female,Black,Never-married,4,340018,10th,Private,Other-service,0,0,38,39,0
75,Female,White,Widowed,1,35724,HS-grad,Other,Other,0,0,8,39,0
66,Male,White,Married-civ-spouse,0,210750,Some-college,Other,Other,0,0,50,39,0
35,Female,White,Married-civ-spouse,5,99357,Bachelors,Private,Exec-managerial,0,1977,30,39,1
29,Female,Asian-Pac-Islander,Married-civ-spouse,5,143582,HS-grad,Private,Adm-clerical,0,0,35,40,0
70,Male,White,Married-civ-spouse,0,207627,HS-grad,Other,Other,2228,0,24,39,0
59,Male,White,Married-civ-spouse,0,199713,HS-grad,Private,Craft-repair,0,0,40,39,0
20,Male,White,Never-married,2,275385,HS-grad,Private,Handlers-cleaners,0,0,45,39,0
38,Female,White,Divorced,4,31053,HS-grad,Private,Exec-managerial,0,0,40,39,0
21,Female,White,Never-married,3,200973,Some-college,Private,Sales,0,0,20,39,0
37,Male,White,Married-civ-spouse,0,50837,Masters,Private,Prof-specialty,0,0,45,39,1
41,Male,White,Married-civ-spouse,0,356934,Some-college,Federal-gov,Prof-specialty,0,0,44,39,1
60,Female,White,Married-civ-spouse,5,259803,Bachelors,Local-gov,Prof-specialty,0,0,45,39,1
51,Male,Black,Divorced,4,175750,HS-grad,Local-gov,Transport-moving,0,0,40,39,0
53,Female,White,Divorced,1,227602,HS-grad,Private,Sales,0,0,37,26,0
35,Male,White,Married-civ-spouse,0,217274,Some-college,Private,Machine-op-inspct,0,0,50,39,0
34,Female,White,Divorced,4,255098,Bachelors,Local-gov,Prof-specialty,0,0,40,39,0
28,Male,White,Never-married,3,214858,HS-grad,Federal-gov,Machine-op-inspct,0,0,48,39,0
42,Male,White,Never-married,4,125461,Bachelors,Private,Sales,0,0,40,39,0
45,Male,Asian-Pac-Islander,Married-civ-spouse,0,160724,Bachelors,Self-emp-not-inc,Exec-managerial,0,0,45,3,1
43,Male,White,Separated,4,334991,Some-college,Private,Transport-moving,4934,0,51,39,1
28,Male,White,Never-married,1,201954,Assoc-acdm,Private,Exec-managerial,0,0,65,39,1
49,Male,White,Married-civ-spouse,0,123088,Some-college,Local-gov,Exec-managerial,0,0,46,39,0
27,Female,Black,Never-married,4,123773,Assoc-acdm,Local-gov,Adm-clerical,0,0,40,39,0
34,Male,Black,Separated,1,554206,HS-grad,Private,Transport-moving,0,0,20,39,0
38,Male,White,Married-civ-spouse,0,255621,HS-grad,Private,Other-service,0,0,40,39,0
52,Female,Black,Married-civ-spouse,5,125796,Masters,State-gov,Prof-specialty,0,1848,40,39,1
47,Female,Black,Never-married,4,165039,Some-college,Self-emp-not-inc,Other-service,0,0,40,39,0
75,Male,White,Married-civ-spouse,0,114204,Some-college,Other,Other,0,0,13,39,0
62,Female,White,Married-civ-spouse,5,113234,Masters,Other,Other,0,0,40,39,0
24,Female,White,Married-civ-spouse,5,174391,HS-grad,Self-emp-not-inc,Adm-clerical,0,0,40,39,0
55,Female,White,Divorced,1,123515,HS-grad,Private,Adm-clerical,0,0,40,39,0
23,Male,White,Never-married,3,234663,HS-grad,Private,Transport-moving,0,0,40,39,0
42,Male,White,Married-civ-spouse,0,68469,HS-grad,Private,Craft-repair,0,0,40,39,0
57,Male,White,Separated,1,199114,10th,Other,Other,0,0,30,39,0
48,Male,White,Divorced,3,189462,Some-college,Private,Handlers-cleaners,2176,0,40,39,0
33,Male,Asian-Pac-Islander,Never-married,1,79440,Masters,State-gov,Prof-specialty,0,0,30,24,0
56,Male,White,Married-civ-spouse,0,136413,1st-4th,Private,Craft-repair,0,0,40,39,0
48,Male,White,Never-married,1,85109,Some-college,Self-emp-inc,Craft-repair,0,0,45,39,0
22,Male,White,Never-married,3,100345,HS-grad,Private,Handlers-cleaners,0,0,35,39,0
56,Male,White,Married-civ-spouse,0,104996,HS-grad,Local-gov,Transport-moving,0,0,40,39,0
49,Female,White,Divorced,1,177426,HS-grad,Private,Other-service,0,0,20,39,0
33,Male,White,Married-civ-spouse,0,188246,Bachelors,Private,Exec-managerial,0,0,65,39,1
42,Female,Black,Divorced,1,123816,HS-grad,Private,Machine-op-inspct,0,0,40,39,0
39,Male,White,Married-civ-spouse,0,108140,Assoc-voc,Private,Craft-repair,0,0,40,39,0
48,Male,White,Married-civ-spouse,0,144844,HS-grad,Private,Craft-repair,0,0,40,39,0
49,Male,White,Married-civ-spouse,0,276247,Some-college,Local-gov,Protective-serv,0,0,40,39,0
25,Male,White,Never-married,1,175540,HS-grad,Private,Adm-clerical,0,0,50,39,0
32,Male,White,Married-civ-spouse,0,440129,Some-college,Private,Handlers-cleaners,0,0,38,26,0
60,Male,White,Married-civ-spouse,0,202473,Assoc-voc,Local-gov,Other-service,0,0,40,39,0
23,Female,White,Separated,2,193586,Some-college,Private,Farming-fishing,0,0,40,39,0
21,Male,White,Married-civ-spouse,0,331611,Some-college,Private,Other-service,0,0,50,39,0
33,Female,White,Never-married,1,207172,HS-grad,Federal-gov,Exec-managerial,0,0,40,39,0
41,Female,White,Divorced,4,226505,HS-grad,Self-emp-not-inc,Other-service,0,0,40,39,0
36,Female,Black,Separated,4,119957,Bachelors,Private,Other-service,0,0,35,39,0
56,Female,White,Married-civ-spouse,5,98809,7th-8th,Private,Machine-op-inspct,5013,0,45,39,0
40,Male,White,Married-civ-spouse,0,286370,7th-8th,Private,Machine-op-inspct,0,0,40,26,1
30,Male,Black,Never-married,1,403433,Bachelors,Private,Prof-specialty,0,0,50,39,1
40,Male,White,Married-spouse-absent,1,149102,HS-grad,Private,Handlers-cleaners,2174,0,60,31,0
34,Female,White,Divorced,1,226872,Bachelors,Private,Sales,0,0,40,39,0
32,Male,White,Married-civ-spouse,0,473133,Masters,Private,Prof-specialty,0,0,40,39,1
35,Male,Black,Separated,1,297767,Some-college,Private,Adm-clerical,0,0,40,39,0
45,Male,White,Married-civ-spouse,0,170871,HS-grad,Self-emp-inc,Exec-managerial,15024,0,55,39,1
48,Male,Asian-Pac-Islander,Married-civ-spouse,0,240231,Bachelors,Private,Exec-managerial,0,0,40,24,1
23,Male,Black,Never-married,3,462294,Assoc-acdm,Private,Other-service,0,0,44,39,0
30,Male,White,Married-civ-spouse,0,128065,Some-college,Private,Tech-support,0,0,45,39,0
26,Male,White,Married-civ-spouse,0,112754,Assoc-voc,Private,Craft-repair,0,0,65,39,1
51,Male,White,Married-civ-spouse,0,240358,Some-college,Self-emp-not-inc,Craft-repair,0,0,20,39,0
17,Female,White,Never-married,3,293440,11th,Private,Adm-clerical,0,0,15,39,0
44,Male,White,Married-civ-spouse,0,175696,Bachelors,State-gov,Exec-managerial,0,0,40,39,1
21,Male,White,Never-married,3,243921,HS-grad,Private,Other-service,0,0,40,39,0
41,Female,White,Never-married,1,196456,Masters,Private,Prof-specialty,0,0,40,39,0
49,Male,White,Married-civ-spouse,0,281647,Bachelors,Private,Sales,0,0,45,39,1
74,Male,White,Married-civ-spouse,0,206682,Some-college,Self-emp-not-inc,Prof-specialty,0,1648,35,39,0
28,Male,White,Never-married,1,218555,Some-college,Self-emp-not-inc,Transport-moving,0,1762,40,39,0
21,Male,Asian-Pac-Islander,Never-married,1,180303,Bachelors,Other,Other,0,0,25,0,0
49,Male,White,Married-civ-spouse,0,280525,Some-college,Private,Adm-clerical,0,0,45,39,1
60,Female,White,Married-civ-spouse,5,320376,7th-8th,Private,Machine-op-inspct,0,0,40,39,0
25,Male,White,Married-civ-spouse,0,306908,Bachelors,Private,Prof-specialty,0,0,45,39,1
41,Male,White,Married-civ-spouse,0,154668,Some-college,Private,Prof-specialty,0,0,40,39,0
33,Female,Asian-Pac-Islander,Married-civ-spouse,5,152875,Bachelors,Other,Other,0,0,40,3,0
44,Female,White,Divorced,1,185057,Bachelors,Self-emp-not-inc,Exec-managerial,3325,0,40,39,0
23,Male,White,Married-civ-spouse,0,179413,HS-grad,Private,Craft-repair,0,0,40,39,0
60,Female,White,Divorced,1,75726,HS-grad,Private,Exec-managerial,0,1092,40,39,0
32,Male,White,Married-civ-spouse,0,119033,HS-grad,State-gov,Transport-moving,0,0,40,39,1
26,Female,White,Divorced,3,197156,HS-grad,State-gov,Adm-clerical,0,0,30,39,0
48,Male,White,Married-civ-spouse,0,104790,11th,Self-emp-not-inc,Farming-fishing,0,0,50,39,1
56,Male,White,Married-civ-spouse,0,115439,Some-college,Self-emp-not-inc,Craft-repair,0,0,60,39,0
32,Female,White,Separated,1,172579,HS-grad,Private,Other-service,0,0,30,39,0
37,Male,White,Married-civ-spouse,0,193855,HS-grad,Private,Craft-repair,0,1902,50,39,0
37,Male,White,Married-civ-spouse,0,183800,Bachelors,Private,Prof-specialty,7688,0,50,39,1
59,Male,White,Married-civ-spouse,0,236731,7th-8th,Private,Protective-serv,0,0,40,33,0
40,Female,White,Married-civ-spouse,5,87771,HS-grad,Private,Craft-repair,0,1628,45,39,0
34,Male,White,Married-civ-spouse,0,221396,Some-college,Private,Adm-clerical,0,0,40,39,0
46,Male,White,Divorced,4,228372,Bachelors,Private,Sales,0,0,40,39,1
23,Male,White,Never-married,3,64520,HS-grad,Private,Adm-clerical,0,0,30,39,0
39,Male,White,Married-civ-spouse,0,318918,Bachelors,State-gov,Exec-managerial,0,0,40,39,0
40,Female,White,Never-married,3,196456,Some-college,Federal-gov,Adm-clerical,0,0,40,39,0
34,Male,White,Married-civ-spouse,0,265807,HS-grad,Private,Transport-moving,0,2051,55,39,0
36,Male,White,Married-civ-spouse,0,423711,HS-grad,Private,Machine-op-inspct,0,0,45,39,0
36,Male,White,Married-civ-spouse,0,374983,11th,Private,Machine-op-inspct,0,0,40,39,0
34,Female,White,Never-married,1,238246,Bachelors,Private,Prof-specialty,0,0,40,39,0
28,Male,White,Married-civ-spouse,0,241895,HS-grad,Private,Sales,0,1628,40,39,0
30,Male,Amer-Indian-Eskimo,Married-civ-spouse,2,76313,HS-grad,Federal-gov,Armed-Forces,0,0,48,39,0
19,Male,White,Never-married,3,220901,Some-college,Self-emp-not-inc,Transport-moving,0,0,30,39,0
52,Female,White,Separated,2,222646,12th,Private,Machine-op-inspct,0,0,40,5,0
42,Female,White,Divorced,1,345363,HS-grad,Private,Exec-managerial,0,0,40,9,0
18,Male,White,Never-married,2,333611,5th-6th,Private,Other-service,0,0,54,26,0
41,Male,White,Married-civ-spouse,0,150533,HS-grad,Private,Sales,2829,0,40,39,0
54,Male,White,Married-civ-spouse,0,68684,HS-grad,Private,Craft-repair,0,0,44,39,0
26,Male,White,Married-civ-spouse,0,200639,Some-college,Private,Machine-op-inspct,0,0,40,39,0
49,Male,White,Married-civ-spouse,0,187563,Some-college,Self-emp-inc,Transport-moving,0,0,50,39,1
42,Male,Asian-Pac-Islander,Never-married,1,68729,Some-college,Private,Craft-repair,0,0,40,39,0
38,Female,White,Never-married,4,188503,Some-college,Private,Adm-clerical,6497,0,35,39,0
42,Female,White,Never-married,1,180019,HS-grad,Private,Other-service,0,0,65,39,0
39,Male,White,Separated,4,234901,Assoc-acdm,Private,Adm-clerical,0,0,40,39,0
49,Female,White,Married-spouse-absent,1,59380,Some-college,Private,Adm-clerical,0,0,40,39,0
23,Male,White,Never-married,1,315877,Bachelors,Private,Adm-clerical,0,0,30,39,0
31,Male,White,Never-married,1,36069,HS-grad,Private,Craft-repair,0,0,35,39,0
21,Male,White,Never-married,3,142766,Some-college,State-gov,Exec-managerial,0,0,40,39,0
17,Female,White,Never-married,3,454614,11th,Other,Other,0,0,8,39,0
76,Male,White,Married-civ-spouse,0,124191,Masters,Private,Exec-managerial,0,0,40,39,1
39,Female,White,Divorced,3,99357,Masters,Private,Prof-specialty,1506,0,40,39,0
28,Male,Asian-Pac-Islander,Married-civ-spouse,0,336543,Assoc-acdm,Local-gov,Protective-serv,0,0,40,17,1
36,Female,Black,Never-married,1,219611,Bachelors,Self-emp-not-inc,Sales,2174,0,50,39,0
18,Female,White,Never-married,3,280728,Some-college,Federal-gov,Sales,0,0,32,39,0
43,Male,White,Married-civ-spouse,0,163985,HS-grad,Private,Craft-repair,0,0,40,39,0
46,Male,White,Married-civ-spouse,0,358886,HS-grad,Private,Machine-op-inspct,0,0,40,39,0
62,Male,White,Married-civ-spouse,0,162825,HS-grad,Private,Exec-managerial,0,0,40,39,1
27,Male,White,Married-civ-spouse,0,152683,HS-grad,Private,Transport-moving,3908,0,35,39,0
47,Female,White,Divorced,1,93618,Some-college,Local-gov,Adm-clerical,0,0,33,39,0
23,Male,White,Never-married,3,170482,Some-college,Private,Sales,0,0,45,39,0
56,Male,White,Married-civ-spouse,0,290641,Bachelors,Private,Exec-managerial,0,0,50,39,1
19,Male,Black,Never-married,1,164123,11th,Private,Other-service,0,0,40,39,0
19,Male,White,Never-married,1,250818,Some-college,Private,Adm-clerical,0,0,40,39,0
49,Female,White,Separated,4,116338,HS-grad,Private,Prof-specialty,0,653,60,39,0
37,Female,White,Never-married,1,36425,HS-grad,Private,Other-service,0,0,40,39,0
32,Male,White,Married-civ-spouse,0,152940,Some-college,Private,Sales,0,0,40,39,1
56,Male,White,Married-civ-spouse,0,32446,Some-college,Private,Craft-repair,0,0,40,39,1
46,Female,Black,Divorced,4,157991,Assoc-voc,Private,Tech-support,0,625,40,39,0
56,Male,White,Married-civ-spouse,0,186556,Some-college,Private,Craft-repair,0,0,50,39,1
60,Male,White,Married-civ-spouse,0,199378,HS-grad,Private,Craft-repair,0,0,40,39,0
61,Male,White,Married-civ-spouse,0,139391,Some-college,Self-emp-inc,Sales,0,1902,35,39,1
47,Male,White,Married-civ-spouse,0,145041,HS-grad,Private,Machine-op-inspct,0,0,40,5,1
44,Female,White,Never-married,1,344920,Bachelors,Private,Adm-clerical,0,1617,20,39,0
45,Female,Black,Widowed,4,122195,HS-grad,Private,Craft-repair,0,0,40,39,0
43,Male,White,Married-civ-spouse,0,184105,HS-grad,Private,Handlers-cleaners,0,0,50,39,0
26,Male,White,Married-civ-spouse,0,233777,HS-grad,Private,Craft-repair,0,0,72,26,0
62,Male,White,Never-married,1,96099,HS-grad,Private,Craft-repair,0,0,40,39,0
20,Male,White,Never-married,3,153516,Some-college,Private,Adm-clerical,0,0,30,39,0
47,Male,Amer-Indian-Eskimo,Never-married,4,244025,HS-grad,Private,Machine-op-inspct,0,0,56,33,0
17,Male,White,Never-married,3,345403,10th,Private,Other-service,0,0,40,39,0
35,Female,White,Divorced,4,215419,Some-college,Local-gov,Adm-clerical,0,0,40,39,0
40,Female,White,Divorced,1,353432,10th,Private,Machine-op-inspct,0,0,35,39,0
41,Male,White,Never-married,1,106679,Masters,Private,Exec-managerial,27828,0,50,39,1
44,Male,White,Married-civ-spouse,0,310255,Some-college,Private,Craft-repair,0,0,60,39,1
68,Male,White,Married-civ-spouse,0,241174,7th-8th,Self-emp-not-inc,Exec-managerial,0,0,16,39,0
25,Male,White,Married-civ-spouse,0,231714,Some-college,Private,Machine-op-inspct,0,0,40,39,0
18,Female,White,Never-married,2,279288,10th,Other,Other,0,0,30,39,0
31,Male,White,Married-civ-spouse,0,157887,Some-college,Private,Exec-managerial,0,0,65,39,1
75,Male,White,Never-married,1,256474,Masters,Private,Protective-serv,0,0,16,39,0
29,Female,White,Never-married,1,157612,Bachelors,Private,Prof-specialty,14344,0,40,39,1
34,Male,White,Married-civ-spouse,0,55717,HS-grad,Private,Craft-repair,0,1848,50,39,1
39,Female,White,Never-married,3,166744,HS-grad,Private,Other-service,0,0,38,39,0
41,Male,White,Never-married,1,120277,Bachelors,Private,Craft-repair,0,0,40,39,0
24,Male,White,Never-married,1,182342,HS-grad,Private,Handlers-cleaners,0,0,40,39,0
48,Male,White,Never-married,1,39986,HS-grad,Private,Handlers-cleaners,0,0,40,39,0
52,Female,Black,Never-married,4,29623,12th,Federal-gov,Other-service,0,0,40,39,0
32,Male,White,Never-married,3,177675,HS-grad,Private,Craft-repair,0,0,40,39,0
42,Male,White,Never-married,1,222884,Bachelors,Private,Exec-managerial,0,0,55,39,1
39,Female,White,Never-married,2,93319,HS-grad,Self-emp-not-inc,Sales,0,0,4,39,0
23,Male,White,Married-civ-spouse,0,249046,10th,Private,Handlers-cleaners,0,0,40,39,0
28,Male,White,Never-married,3,240172,Masters,Self-emp-not-inc,Prof-specialty,0,0,40,39,0
36,Male,White,Married-civ-spouse,0,306156,Some-college,Self-emp-inc,Sales,15024,0,60,39,1
37,Male,Black,Married-civ-spouse,0,172694,Some-college,Private,Handlers-cleaners,0,0,50,39,0
40,Male,White,Married-spouse-absent,1,126701,Bachelors,Private,Exec-managerial,0,0,40,39,1
28,Female,Other,Married-spouse-absent,3,95566,1st-4th,Private,Other-service,0,0,35,6,0
23,Male,White,Never-married,1,118023,Some-college,Private,Exec-managerial,0,0,45,0,0
37,Female,White,Married-civ-spouse,5,185744,HS-grad,Private,Other-service,0,0,20,39,0
54,Male,White,Married-civ-spouse,0,230767,Assoc-acdm,Private,Craft-repair,0,0,40,5,0
17,Male,White,Never-married,3,132755,11th,Private,Sales,0,0,15,39,0
54,Male,White,Married-civ-spouse,0,421561,Masters,Private,Exec-managerial,0,0,45,39,1
78,Male,White,Married-civ-spouse,0,82815,Some-college,Self-emp-not-inc,Craft-repair,0,0,3,39,1
31,Male,White,Married-civ-spouse,0,80933,HS-grad,Private,Craft-repair,0,0,52,39,0
26,Female,White,Never-married,3,181666,HS-grad,Private,Handlers-cleaners,0,0,40,39,0
39,Female,White,Divorced,1,185520,Some-college,Private,Exec-managerial,8614,0,40,39,1
31,Female,White,Divorced,4,323069,Assoc-acdm,Private,Sales,0,880,45,39,0
24,Male,White,Never-married,3,201664,Some-college,Local-gov,Protective-serv,0,0,40,39,0
36,Female,White,Married-civ-spouse,5,32334,Assoc-voc,Private,Exec-managerial,0,0,50,39,1
33,Male,White,Married-civ-spouse,0,164190,Assoc-voc,Private,Craft-repair,7298,0,40,39,1
50,Female,Amer-Indian-Eskimo,Divorced,1,220640,Masters,Local-gov,Prof-specialty,0,0,50,39,1
22,Male,White,Never-married,1,54825,HS-grad,Private,Sales,0,0,40,39,0
47,Female,White,Divorced,1,109705,HS-grad,Local-gov,Exec-managerial,0,0,40,39,0
30,Male,Asian-Pac-Islander,Married-civ-spouse,0,328242,Bachelors,Private,Exec-managerial,0,0,40,17,1
29,Female,White,Married-civ-spouse,5,216481,Masters,Private,Exec-managerial,0,0,40,39,1
55,Female,White,Divorced,1,53566,Doctorate,Self-emp-not-inc,Exec-managerial,0,0,30,39,0
39,Male,White,Married-civ-spouse,0,24342,Bachelors,Private,Prof-specialty,0,0,40,39,1
60,Female,Asian-Pac-Islander,Married-civ-spouse,5,166386,11th,Private,Machine-op-inspct,0,0,30,17,0
45,Male,White,Married-civ-spouse,0,311671,Assoc-voc,Federal-gov,Protective-serv,3908,0,40,39,0
24,Female,Other,Married-civ-spouse,5,39827,Some-college,Private,Machine-op-inspct,0,0,40,33,0
25,Female,Black,Never-married,1,257574,Bachelors,Self-emp-not-inc,Adm-clerical,0,0,20,39,0
62,Male,White,Married-civ-spouse,0,41718,10th,Private,Sales,0,0,35,39,0
64,Male,White,Married-civ-spouse,0,164204,1st-4th,Private,Transport-moving,0,0,53,0,0
40,Male,White,Never-married,3,436493,HS-grad,Private,Other-service,0,0,25,39,0
36,Female,White,Never-married,1,166880,HS-grad,Self-emp-inc,Other-service,0,0,70,39,0
30,Male,Black,Never-married,3,224147,HS-grad,Private,Transport-moving,0,0,40,39,0
32,Male,White,Married-civ-spouse,0,118161,HS-grad,Private,Protective-serv,0,0,40,39,0
37,Male,White,Married-civ-spouse,0,208358,HS-grad,Private,Craft-repair,0,0,40,39,1
23,Male,White,Never-married,1,118693,Assoc-voc,Private,Tech-support,0,0,40,39,0
52,Female,White,Widowed,1,198744,HS-grad,Private,Sales,0,0,40,39,0
48,Male,White,Married-civ-spouse,0,120131,HS-grad,Private,Adm-clerical,0,0,70,39,1
36,Female,White,Married-civ-spouse,5,185744,Some-college,Private,Exec-managerial,0,0,35,39,1
27,Male,White,Separated,1,160786,11th,Private,Craft-repair,0,0,45,11,0
24,Male,White,Never-married,3,163595,HS-grad,Private,Machine-op-inspct,0,0,40,39,0
41,Male,White,Married-civ-spouse,0,183203,HS-grad,Private,Transport-moving,0,0,50,39,1
37,Male,White,Married-civ-spouse,0,239171,HS-grad,Private,Craft-repair,0,0,40,39,1
50,Male,White,Married-civ-spouse,0,160151,Some-college,Self-emp-inc,Sales,0,0,60,39,1
51,Male,White,Married-civ-spouse,0,159755,Masters,Local-gov,Prof-specialty,0,0,40,39,1
34,Female,White,Never-married,3,131552,HS-grad,Private,Other-service,0,0,40,39,0
33,Male,White,Never-married,1,190511,HS-grad,Private,Craft-repair,0,0,30,39,0
25,Male,White,Never-married,1,173212,Assoc-acdm,Private,Farming-fishing,2354,0,45,39,0
19,Male,White,Married-civ-spouse,2,165310,HS-grad,Private,Machine-op-inspct,0,0,20,39,0
33,Male,White,Married-civ-spouse,0,326104,Some-college,Private,Exec-managerial,0,0,50,39,1
61,Male,White,Married-civ-spouse,0,142922,HS-grad,Private,Transport-moving,0,0,40,39,0
48,Female,White,Married-civ-spouse,5,199763,Some-college,Other,Other,0,0,20,39,0
28,Male,White,Married-civ-spouse,0,92262,HS-grad,Private,Craft-repair,0,0,40,39,0
17,Male,White,Never-married,3,354201,HS-grad,Private,Other-service,0,0,40,39,0
59,Male,White,Married-civ-spouse,0,530099,Some-college,Private,Craft-repair,0,1887,55,39,1
27,Male,White,Never-married,1,176972,Assoc-voc,Private,Craft-repair,0,0,40,39,0
17,Female,Amer-Indian-Eskimo,Never-married,3,99462,11th,Private,Other-service,0,0,20,39,0
42,Male,White,Divorced,1,177937,Bachelors,Local-gov,Prof-specialty,0,0,50,0,0
43,Female,White,Widowed,4,185670,1st-4th,Private,Prof-specialty,0,0,21,26,0
42,Female,White,Divorced,4,284758,HS-grad,Private,Exec-managerial,0,0,40,39,0
42,Male,White,Married-civ-spouse,0,50356,HS-grad,Self-emp-inc,Exec-managerial,0,0,40,39,0
39,Male,Black,Married-civ-spouse,0,176296,HS-grad,Private,Transport-moving,0,1887,40,39,1
30,Male,White,Married-civ-spouse,2,488720,9th,Private,Handlers-cleaners,0,0,40,26,0
33,Female,White,Divorced,4,213813,Some-college,Private,Tech-support,0,0,40,39,0
17,Female,White,Never-married,3,308901,11th,Local-gov,Adm-clerical,0,0,15,39,0
27,Male,White,Never-married,1,70657,Some-college,Self-emp-not-inc,Craft-repair,0,0,35,39,0
25,Female,White,Divorced,4,165315,HS-grad,Private,Sales,0,0,37,39,0
35,Female,Black,Divorced,4,150125,Assoc-voc,Private,Other-service,0,0,40,39,0
32,Female,Black,Never-married,4,316769,11th,Private,Other-service,0,0,40,23,0
37,Male,White,Married-civ-spouse,0,38948,HS-grad,Private,Prof-specialty,0,0,50,39,1
61,Male,White,Married-civ-spouse,0,477209,7th-8th,Private,Farming-fishing,0,0,54,39,0
38,Male,White,Married-civ-spouse,0,81232,Bachelors,Private,Exec-managerial,0,0,40,0,1
23,Male,White,Married-civ-spouse,0,210797,Some-college,Private,Craft-repair,0,0,40,39,0
53,Male,White,Married-civ-spouse,0,386773,HS-grad,Private,Craft-repair,7298,0,40,39,1
60,Male,White,Married-civ-spouse,0,89884,HS-grad,Self-emp-not-inc,Sales,0,0,50,39,0
47,Male,White,Married-civ-spouse,0,96854,Bachelors,Federal-gov,Prof-specialty,0,0,40,39,1
49,Male,White,Married-civ-spouse,0,179869,HS-grad,Federal-gov,Craft-repair,0,0,40,39,1
42,Male,White,Married-civ-spouse,0,33126,Assoc-acdm,Private,Exec-managerial,0,0,60,39,1
53,Female,White,Never-married,1,30290,HS-grad,Private,Sales,0,0,40,39,0
17,Female,White,Never-married,3,340043,12th,Local-gov,Adm-clerical,0,0,12,39,0
30,Male,White,Married-civ-spouse,0,236770,HS-grad,Private,Craft-repair,0,0,40,39,0
47,Female,White,Divorced,1,187969,11th,Private,Other-service,0,0,38,39,0
37,Female,Black,Married-civ-spouse,5,148015,Bachelors,Private,Prof-specialty,15024,0,40,39,1
34,Male,White,Married-civ-spouse,0,29254,Some-college,Self-emp-not-inc,Craft-repair,0,0,55,39,1
18,Male,White,Never-married,3,90934,Some-college,Private,Sales,0,0,28,39,0
44,Male,White,Married-civ-spouse,0,165346,Masters,Private,Exec-managerial,0,0,40,39,1
18,Male,White,Never-married,3,347336,12th,Private,Other-service,0,0,12,39,0
34,Male,White,Married-civ-spouse,0,250724,Bachelors,Private,Sales,0,0,45,23,0
19,Male,White,Never-married,3,574271,HS-grad,Private,Handlers-cleaners,0,0,28,39,0
57,Male,White,Married-spouse-absent,1,171242,11th,Private,Craft-repair,0,0,40,2,0
44,Male,White,Divorced,1,86298,HS-grad,Private,Craft-repair,0,0,40,39,0
58,Female,White,Married-civ-spouse,2,223400,Assoc-acdm,Private,Priv-house-serv,0,0,35,31,0
21,Female,White,Never-married,1,180339,Some-college,Private,Adm-clerical,0,0,45,39,0
27,Male,White,Married-civ-spouse,0,183523,Some-college,Private,Transport-moving,0,0,40,39,1
35,Male,White,Never-married,1,117166,Bachelors,Private,Exec-managerial,0,0,50,39,0
50,Male,White,Married-civ-spouse,0,175804,Bachelors,Private,Sales,0,0,40,39,1
28,Male,White,Never-married,3,176683,Assoc-acdm,Private,Prof-specialty,0,0,40,10,0
73,Male,White,Married-civ-spouse,0,301210,1st-4th,Private,Transport-moving,0,1735,20,39,0
25,Male,White,Never-married,2,209384,HS-grad,Self-emp-not-inc,Other-service,0,0,32,39,0
34,Male,White,Married-civ-spouse,0,40067,Some-college,Private,Craft-repair,0,0,40,39,0
70,Female,White,Widowed,1,236055,7th-8th,Private,Other-service,0,0,35,39,0
31,Male,White,Never-married,3,204752,12th,Private,Sales,0,0,32,39,0
51,Male,White,Married-civ-spouse,0,136322,HS-grad,Self-emp-not-inc,Farming-fishing,0,1579,40,39,0
47,Male,White,Divorced,1,46857,Some-college,Private,Adm-clerical,0,0,40,39,0
33,Male,White,Married-civ-spouse,0,31573,HS-grad,Private,Machine-op-inspct,0,0,40,39,0
37,Male,White,Married-civ-spouse,0,82540,9th,Self-emp-not-inc,Transport-moving,0,0,70,39,1
28,Female,White,Never-married,3,60288,HS-grad,Private,Adm-clerical,0,0,40,39,0
26,Female,Black,Never-married,1,192208,HS-grad,Private,Protective-serv,0,0,32,39,0
53,Female,White,Divorced,1,133963,HS-grad,Other,Other,0,0,40,39,0
20,Male,White,Never-married,3,94057,Some-college,Private,Other-service,0,0,15,39,0
26,Female,Other,Never-married,3,173927,Assoc-voc,Private,Prof-specialty,0,0,60,23,0
62,Female,White,Widowed,4,167889,Doctorate,Local-gov,Prof-specialty,0,0,40,20,0
38,Male,White,Divorced,1,357962,9th,Self-emp-not-inc,Craft-repair,0,0,40,39,0
59,Male,White,Married-civ-spouse,0,197148,HS-grad,Private,Protective-serv,0,0,24,39,1
59,Female,White,Divorced,3,193568,HS-grad,Private,Machine-op-inspct,0,0,40,39,0
36,Female,White,Divorced,4,732569,9th,Private,Adm-clerical,0,0,40,39,0
29,Male,White,Married-civ-spouse,0,57423,Assoc-voc,Private,Machine-op-inspct,0,0,48,39,0
54,Male,White,Married-civ-spouse,0,138852,HS-grad,State-gov,Prof-specialty,0,0,40,39,0
51,Male,White,Married-civ-spouse,0,137815,Some-college,Private,Adm-clerical,7298,0,40,39,1
61,Female,White,Never-married,1,60641,Bachelors,Other,Other,0,0,45,39,0
26,Male,White,Never-married,1,122999,Masters,Private,Prof-specialty,8614,0,40,39,1
38,Female,Black,Divorced,4,153685,11th,Private,Machine-op-inspct,0,0,52,39,0
34,Male,Black,Married-civ-spouse,0,300681,Some-college,Private,Prof-specialty,0,0,40,23,1
60,Male,White,Married-civ-spouse,0,151369,Masters,Private,Exec-managerial,0,0,60,39,1
19,Male,White,Never-married,3,417657,HS-grad,Private,Handlers-cleaners,0,0,50,39,0
50,Male,White,Married-civ-spouse,0,189183,HS-grad,Private,Adm-clerical,0,0,40,39,0
22,Male,Black,Never-married,3,258509,HS-grad,Private,Transport-moving,0,0,24,39,0
35,Male,White,Married-civ-spouse,0,89508,HS-grad,Private,Transport-moving,0,0,50,39,1
44,Male,White,Separated,4,172296,Some-college,Self-emp-not-inc,Sales,0,0,60,39,0
19,Female,White,Never-married,3,60367,HS-grad,Private,Other-service,0,0,13,39,0
58,Female,White,Divorced,4,374108,Some-college,Private,Prof-specialty,0,0,40,39,0
61,Male,White,Married-civ-spouse,0,68268,10th,Private,Farming-fishing,0,0,55,39,0
31,Male,White,Married-civ-spouse,0,231043,Some-college,Private,Transport-moving,0,0,50,39,0
57,Male,Asian-Pac-Islander,Married-civ-spouse,0,135339,Bachelors,Private,Exec-managerial,0,0,40,30,1
44,Female,White,Never-married,2,206878,HS-grad,Private,Sales,0,0,15,39,0
30,Female,White,Never-married,1,128016,Bachelors,Private,Exec-managerial,0,0,55,39,0
37,Male,White,Married-civ-spouse,0,170020,HS-grad,Private,Craft-repair,0,0,40,39,0
42,Female,White,Divorced,1,364832,7th-8th,Private,Sales,0,0,40,39,0
30,Male,White,Married-civ-spouse,0,212237,Bachelors,Private,Prof-specialty,0,1740,45,39,0
67,Male,White,Married-civ-spouse,0,288371,HS-grad,Private,Sales,0,0,40,2,1
17,Female,White,Never-married,3,219277,11th,Other,Other,0,0,20,39,0
56,Male,White,Married-civ-spouse,0,24127,Assoc-voc,Self-emp-inc,Sales,0,0,54,39,1
48,Male,White,Married-civ-spouse,0,176810,HS-grad,Private,Other-service,0,0,40,39,0
35,Female,Black,Never-married,4,179171,HS-grad,Self-emp-not-inc,Sales,0,0,38,11,0
34,Female,Black,Never-married,4,221324,HS-grad,Private,Machine-op-inspct,0,0,40,39,0
37,Female,White,Divorced,4,267086,Assoc-voc,Private,Tech-support,0,0,52,39,0
62,Male,White,Married-civ-spouse,0,125155,HS-grad,Federal-gov,Adm-clerical,0,0,38,39,0
40,Male,White,Married-civ-spouse,0,110028,Some-college,Private,Craft-repair,0,0,40,39,0
28,Male,White,Never-married,3,31493,Bachelors,Private,Craft-repair,0,0,40,39,1
25,Female,White,Never-married,1,195994,1st-4th,Private,Priv-house-serv,0,0,40,13,0
49,Female,White,Divorced,1,321851,Assoc-acdm,Local-gov,Adm-clerical,0,0,30,39,0
28,Female,White,Never-married,3,197932,Some-college,Local-gov,Adm-clerical,0,0,16,39,0
38,Male,White,Divorced,1,252250,11th,Private,Machine-op-inspct,0,0,65,39,0
51,Male,White,Divorced,4,351278,Bachelors,Self-emp-inc,Farming-fishing,0,0,50,39,0
48,Female,White,Married-spouse-absent,4,63466,HS-grad,Other,Other,0,0,32,39,0
26,Female,White,Never-married,3,171114,Bachelors,Private,Exec-managerial,0,0,40,39,0
42,Male,White,Married-civ-spouse,0,201732,Some-college,Private,Sales,0,0,40,39,1
26,Male,White,Never-married,1,247025,Some-college,Private,Handlers-cleaners,0,0,40,39,0
63,Male,White,Married-civ-spouse,0,137843,Some-college,Private,Sales,7298,0,48,39,1
21,Female,White,Never-married,3,185551,HS-grad,Private,Sales,0,0,36,39,0
52,Male,White,Married-civ-spouse,0,370552,Preschool,Private,Machine-op-inspct,0,0,40,8,0
43,Female,White,Divorced,4,105896,Some-college,Local-gov,Protective-serv,0,0,40,39,0
19,Female,Black,Never-married,4,446219,10th,Private,Sales,0,0,40,39,0
37,Male,White,Married-civ-spouse,0,84306,Some-college,Private,Other-service,0,0,40,39,0
42,Male,White,Divorced,1,386175,Some-college,Private,Sales,0,0,50,39,1
36,Male,Black,Never-married,4,487085,7th-8th,Self-emp-inc,Craft-repair,0,0,40,39,0
90,Male,White,Never-married,1,82628,HS-grad,Self-emp-not-inc,Exec-managerial,2964,0,12,39,0
44,Male,White,Never-married,3,147206,Some-college,Self-emp-not-inc,Craft-repair,0,0,12,39,0
47,Male,White,Married-civ-spouse,0,72896,HS-grad,Private,Transport-moving,0,0,40,39,0
17,Male,White,Never-married,3,194612,11th,Private,Other-service,0,0,25,39,0
21,Male,White,Never-married,3,191243,Some-college,Private,Other-service,0,0,40,39,0
54,Male,White,Married-civ-spouse,0,242606,Masters,Self-emp-not-inc,Sales,4386,0,45,39,1
42,Female,White,Divorced,4,265698,Masters,Private,Prof-specialty,0,0,40,39,0
54,Male,White,Married-civ-spouse,0,182854,HS-grad,Private,Craft-repair,0,0,45,39,0
44,Male,White,Divorced,1,303521,Some-college,Private,Craft-repair,0,0,40,39,0
75,Male,White,Married-civ-spouse,0,213349,HS-grad,Self-emp-not-inc,Farming-fishing,0,0,20,39,0
46,Male,White,Married-civ-spouse,0,326048,Some-college,Self-emp-inc,Exec-managerial,0,0,40,39,1
31,Female,White,Divorced,1,127595,HS-grad,Private,Prof-specialty,0,0,40,39,0
22,Male,White,Never-married,3,285775,Assoc-voc,Private,Craft-repair,0,0,40,39,0
40,Male,White,Married-civ-spouse,0,34218,HS-grad,State-gov,Craft-repair,0,0,40,39,0
55,Male,White,Married-civ-spouse,0,171355,Assoc-voc,Private,Machine-op-inspct,0,0,20,39,0
23,Male,White,Never-married,3,386705,Some-college,Private,Adm-clerical,0,0,24,39,0
41,Female,Black,Divorced,1,190591,Assoc-acdm,Private,Exec-managerial,0,0,40,23,0
21,Male,White,Never-married,3,283757,Some-college,Private,Sales,0,0,40,39,0
42,Male,White,Divorced,1,32981,HS-grad,Private,Machine-op-inspct,0,0,40,39,0
26,Female,White,Never-married,4,185885,Some-college,Federal-gov,Adm-clerical,0,0,15,39,0
50,Male,White,Divorced,1,391016,Bachelors,Self-emp-not-inc,Exec-managerial,0,0,30,39,0
36,Male,White,Never-married,1,224566,Assoc-acdm,Private,Prof-specialty,0,1669,45,39,0
37,Male,White,Married-civ-spouse,0,154641,Assoc-acdm,Self-emp-not-inc,Farming-fishing,2105,0,50,39,0
28,Female,Black,Never-married,1,230856,Some-college,Private,Prof-specialty,3325,0,50,39,0
23,Male,White,Never-married,3,100345,Bachelors,Private,Sales,0,0,20,39,0
24,Male,White,Never-married,3,198148,Some-college,Private,Other-service,0,0,30,39,0
24,Male,White,Married-civ-spouse,0,41838,Some-college,Private,Craft-repair,2407,0,40,39,0
32,Male,White,Married-civ-spouse,0,271276,HS-grad,Private,Transport-moving,0,0,80,39,1
47,Male,White,Never-married,1,102583,Bachelors,Self-emp-not-inc,Sales,0,0,35,39,0
55,Male,Black,Married-civ-spouse,0,157079,Some-college,Private,Protective-serv,0,0,40,0,1
26,Male,White,Never-married,1,97698,Masters,Private,Exec-managerial,0,0,32,39,0
25,Male,White,Never-married,3,191921,Bachelors,Local-gov,Craft-repair,0,0,25,39,0
49,Male,White,Married-civ-spouse,0,62546,Bachelors,Private,Exec-managerial,0,0,40,39,1
52,Male,White,Married-civ-spouse,0,180142,Masters,Private,Tech-support,0,0,45,39,0
62,Male,White,Divorced,1,265201,Bachelors,State-gov,Prof-specialty,0,0,40,39,0
54,Female,Black,Separated,4,302146,HS-grad,Private,Other-service,0,0,20,39,0
43,Male,White,Married-civ-spouse,0,195258,HS-grad,Private,Adm-clerical,0,0,40,39,1
66,Female,White,Widowed,2,236879,Preschool,Private,Priv-house-serv,0,0,40,13,0
41,Male,White,Married-civ-spouse,0,223763,Masters,Self-emp-not-inc,Craft-repair,0,0,65,39,0
31,Male,Black,Never-married,3,272856,HS-grad,Private,Craft-repair,0,0,50,9,0
39,Female,Black,Divorced,4,150125,Assoc-acdm,Private,Other-service,0,0,40,39,0
37,Male,White,Married-civ-spouse,0,177181,HS-grad,Private,Craft-repair,0,0,40,39,0
46,Male,White,Married-civ-spouse,0,168195,Prof-school,Self-emp-not-inc,Prof-specialty,0,1902,45,39,1
64,Male,White,Married-civ-spouse,0,96076,Assoc-voc,Local-gov,Exec-managerial,0,0,40,39,1
30,Male,White,Never-married,3,298577,HS-grad,Other,Other,0,0,30,39,0
57,Male,White,Divorced,4,188872,5th-6th,Private,Transport-moving,6497,0,40,39,0
30,Male,White,Married-civ-spouse,0,356689,HS-grad,Self-emp-inc,Handlers-cleaners,0,0,60,39,0
33,Male,White,Married-spouse-absent,1,295591,5th-6th,Private,Craft-repair,0,0,40,26,0
51,Male,Asian-Pac-Islander,Married-civ-spouse,0,160724,Doctorate,Private,Prof-specialty,0,0,99,35,0
30,Male,Black,Never-married,3,124187,HS-grad,Private,Farming-fishing,0,0,60,39,0
25,Female,White,Divorced,3,73839,11th,Private,Sales,0,0,40,39,0
28,Female,White,Divorced,3,193158,HS-grad,Private,Sales,0,0,40,39,0
70,Male,White,Married-civ-spouse,0,54849,Doctorate,Other,Other,0,0,20,39,1
61,Male,White,Married-civ-spouse,0,183735,Some-college,Private,Sales,0,0,45,39,1
61,Male,Black,Widowed,1,241013,7th-8th,Private,Farming-fishing,0,0,40,39,0
18,Female,White,Never-married,3,177578,HS-grad,Private,Sales,0,0,38,39,0
25,Male,White,Never-married,3,122745,HS-grad,Other,Other,0,1602,40,39,0
29,Female,White,Divorced,1,104256,HS-grad,Private,Sales,0,0,34,39,0
50,Female,White,Divorced,2,38310,7th-8th,Private,Other-service,0,0,40,39,0
41,Female,Black,Divorced,3,187462,Assoc-voc,Federal-gov,Adm-clerical,0,0,40,39,0
39,Male,White,Never-married,3,179579,HS-grad,Private,Craft-repair,0,0,40,39,0
22,Female,White,Never-married,1,121471,11th,Private,Sales,0,0,40,39,0
38,Male,White,Married-civ-spouse,0,165930,Some-college,Private,Exec-managerial,0,0,50,39,0
21,Female,White,Never-married,1,149637,Some-college,Private,Adm-clerical,0,0,25,39,0
23,Female,Black,Never-married,1,220912,Bachelors,Local-gov,Prof-specialty,0,0,40,39,0
46,Male,White,Divorced,4,250821,Prof-school,Private,Farming-fishing,0,0,48,39,0
48,Female,White,Never-married,3,78859,HS-grad,Local-gov,Exec-managerial,0,0,40,39,0
34,Male,White,Married-civ-spouse,0,153614,HS-grad,Private,Sales,0,0,45,39,1
46,Male,White,Divorced,2,187581,HS-grad,Private,Craft-repair,0,0,40,39,0
31,Male,White,Married-civ-spouse,0,144064,Some-college,Private,Exec-managerial,0,0,40,39,0
43,Male,Black,Married-civ-spouse,0,156745,Some-college,Private,Craft-repair,0,0,40,39,0
20,Male,White,Never-married,3,183594,Some-college,Private,Handlers-cleaners,0,0,50,39,0
38,Male,Black,Separated,4,255454,Bachelors,Local-gov,Prof-specialty,0,0,40,39,0
39,Female,Other,Divorced,1,112731,HS-grad,Private,Other-service,0,0,40,6,0
39,Male,Black,Divorced,1,239119,Masters,Local-gov,Prof-specialty,0,0,40,6,0
30,Male,White,Married-civ-spouse,0,127651,HS-grad,Self-emp-inc,Craft-repair,0,1887,48,39,1
30,Male,White,Never-married,3,172748,7th-8th,Self-emp-not-inc,Craft-repair,0,0,40,39,0
56,Male,White,Married-civ-spouse,0,159770,HS-grad,Private,Craft-repair,0,0,40,39,0
47,Male,White,Married-civ-spouse,0,187440,HS-grad,Private,Craft-repair,5178,0,40,39,1
44,Male,White,Married-civ-spouse,0,83237,Bachelors,Private,Prof-specialty,0,0,55,39,1
23,Male,White,Never-married,3,162945,7th-8th,Private,Other-service,0,0,35,39,0
30,Female,White,Never-married,1,370990,Masters,Local-gov,Prof-specialty,0,0,40,39,0
49,Male,White,Never-married,3,139268,Some-college,Private,Craft-repair,0,0,40,39,0
25,Male,White,Never-married,1,102476,Bachelors,Private,Prof-specialty,0,0,50,39,0
47,Female,White,Never-married,1,149116,Masters,Self-emp-not-inc,Prof-specialty,0,0,50,39,0
30,Male,White,Married-civ-spouse,0,183000,Masters,Local-gov,Prof-specialty,0,0,45,39,0
45,Male,White,Married-civ-spouse,0,241350,HS-grad,Private,Handlers-cleaners,0,0,48,39,1
39,Female,White,Divorced,1,53447,HS-grad,Private,Farming-fishing,0,0,40,39,0
54,Male,White,Divorced,1,88019,Some-college,Private,Transport-moving,0,0,55,39,0
23,Male,White,Never-married,1,293565,10th,Private,Handlers-cleaners,0,0,40,39,0
46,Male,White,Divorced,1,371373,HS-grad,Federal-gov,Adm-clerical,0,0,40,39,0
49,Male,White,Married-civ-spouse,0,200471,1st-4th,Private,Craft-repair,0,0,40,32,0
41,Male,White,Married-civ-spouse,0,82049,HS-grad,Self-emp-inc,Craft-repair,0,0,40,39,0
35,Male,White,Married-civ-spouse,0,245090,HS-grad,Private,Craft-repair,0,0,40,26,0
56,Male,White,Divorced,1,184553,10th,Private,Craft-repair,0,0,56,39,0
49,Male,White,Married-civ-spouse,0,349230,Assoc-voc,Self-emp-inc,Exec-managerial,0,0,60,39,1
40,Female,Black,Divorced,1,166327,Some-college,State-gov,Adm-clerical,0,0,35,39,0
78,Female,White,Widowed,1,165694,Masters,Other,Other,0,0,15,39,0
21,Female,White,Never-married,2,256356,11th,Private,Priv-house-serv,0,0,40,26,0
41,Female,White,Divorced,1,342164,Some-college,Private,Sales,0,0,15,39,0
32,Male,White,Married-civ-spouse,0,131584,HS-grad,Private,Sales,7298,0,40,39,1
48,Female,White,Never-married,4,198000,Some-college,Private,Craft-repair,0,0,38,39,1
33,Male,White,Married-civ-spouse,0,222162,HS-grad,Self-emp-not-inc,Craft-repair,0,0,40,39,0
59,Female,White,Widowed,4,370615,HS-grad,Private,Adm-clerical,0,0,60,39,0
33,Male,White,Never-married,1,235271,Some-college,Self-emp-not-inc,Other-service,0,0,35,39,0
17,Female,White,Never-married,3,205726,11th,Private,Sales,0,0,15,39,0
36,Female,Black,Never-married,4,189674,HS-grad,Private,Priv-house-serv,0,0,28,0,0
31,Male,White,Married-civ-spouse,0,184307,Some-college,Private,Exec-managerial,0,0,50,23,1
62,Male,White,Married-civ-spouse,0,115176,HS-grad,Self-emp-not-inc,Farming-fishing,0,0,65,39,0
26,Male,White,Married-civ-spouse,0,97153,Assoc-acdm,Private,Machine-op-inspct,5178,0,40,39,1
36,Male,White,Married-civ-spouse,0,177907,Some-college,Private,Machine-op-inspct,0,0,65,39,0
36,Female,White,Never-married,4,177064,Some-college,State-gov,Exec-managerial,0,0,40,39,0
43,Female,White,Married-civ-spouse,5,182217,Bachelors,Self-emp-not-inc,Prof-specialty,0,0,35,39,0
73,Female,White,Widowed,1,200878,HS-grad,Other,Other,0,0,15,39,0
76,Female,White,Widowed,4,116202,HS-grad,Private,Other-service,0,0,33,39,0
44,Male,White,Married-civ-spouse,0,260761,HS-grad,Private,Craft-repair,0,0,40,39,1
40,Female,White,Divorced,4,146653,Bachelors,Private,Adm-clerical,0,0,20,39,0
33,Male,White,Married-civ-spouse,0,154874,Some-college,Local-gov,Protective-serv,0,0,40,39,0
21,Male,White,Never-married,3,199698,HS-grad,Private,Farming-fishing,0,0,45,39,0
60,Male,White,Married-civ-spouse,0,40856,Assoc-voc,Private,Craft-repair,0,0,46,39,1
26,Female,White,Married-civ-spouse,5,31290,HS-grad,Private,Adm-clerical,0,0,40,39,1
19,Male,White,Never-married,3,265576,HS-grad,Private,Handlers-cleaners,0,0,50,39,0
25,Male,White,Married-civ-spouse,0,108542,Some-college,State-gov,Protective-serv,0,0,40,39,0
42,Male,White,Married-civ-spouse,0,30759,HS-grad,Self-emp-not-inc,Craft-repair,0,0,35,39,0
20,Female,White,Never-married,3,211968,Some-college,Private,Prof-specialty,0,0,15,39,0
27,Male,White,Never-married,1,132191,HS-grad,Private,Craft-repair,0,0,40,39,0
43,Male,White,Married-civ-spouse,0,190044,10th,Private,Transport-moving,0,0,40,39,0
22,Female,White,Never-married,1,324445,HS-grad,Private,Tech-support,0,0,40,39,0
31,Female,White,Married-civ-spouse,5,216283,Assoc-acdm,Self-emp-not-inc,Other-service,0,0,35,39,1
32,Female,White,Divorced,1,169841,Some-college,Private,Sales,0,0,55,39,0
23,Male,White,Married-civ-spouse,0,522881,5th-6th,Private,Other-service,0,0,35,26,0
61,Male,White,Married-civ-spouse,0,210488,HS-grad,Private,Exec-managerial,0,0,50,39,1
49,Female,White,Divorced,4,257764,HS-grad,Self-emp-inc,Exec-managerial,0,0,40,39,0
44,Male,Black,Married-civ-spouse,0,220230,HS-grad,Self-emp-inc,Other-service,0,0,48,39,0
28,Male,White,Never-married,1,166320,HS-grad,Private,Prof-specialty,0,0,40,39,0
22,Male,White,Never-married,3,137591,Some-college,Private,Sales,0,0,35,39,0
19,Male,White,Never-married,3,136306,11th,Private,Farming-fishing,0,0,24,39,0
68,Male,White,Married-civ-spouse,0,193666,Doctorate,Private,Prof-specialty,20051,0,55,39,1
60,Male,White,Married-civ-spouse,0,35649,Bachelors,Self-emp-not-inc,Craft-repair,0,0,40,39,0
60,Male,White,Married-civ-spouse,0,56248,HS-grad,Other,Other,0,1485,70,39,1
21,Male,White,Divorced,3,102766,Some-college,Private,Craft-repair,0,0,40,39,0
33,Male,White,Married-civ-spouse,0,173495,HS-grad,Self-emp-not-inc,Craft-repair,0,0,50,39,0
62,Female,White,Married-civ-spouse,5,182687,Some-college,Other,Other,0,0,45,39,1
54,Male,White,Married-civ-spouse,0,88278,Doctorate,Private,Prof-specialty,0,1977,50,39,1
24,Male,Asian-Pac-Islander,Never-married,3,100669,Some-college,Private,Handlers-cleaners,0,0,30,39,0
63,Female,White,Divorced,1,109735,HS-grad,State-gov,Adm-clerical,0,0,38,39,0
51,Male,Black,Married-civ-spouse,0,264457,11th,Local-gov,Handlers-cleaners,0,0,40,39,0
42,Male,White,Divorced,1,222884,Bachelors,State-gov,Adm-clerical,0,0,40,39,0
57,Male,White,Married-civ-spouse,0,278228,Bachelors,Private,Exec-managerial,0,0,50,39,1
24,Male,White,Never-married,3,214542,11th,Private,Transport-moving,0,0,40,39,0
50,Male,White,Divorced,1,204518,7th-8th,Private,Craft-repair,0,0,40,39,0
43,Male,White,Divorced,1,94113,Some-college,Private,Exec-managerial,0,0,45,39,0
28,Female,White,Never-married,3,115579,Assoc-voc,Private,Tech-support,0,0,38,39,0
40,Male,White,Married-civ-spouse,0,111971,HS-grad,Self-emp-not-inc,Craft-repair,0,0,30,39,0
52,Male,White,Married-civ-spouse,0,143953,Bachelors,Private,Prof-specialty,0,1902,40,39,1
55,Male,White,Married-civ-spouse,0,98361,Masters,Private,Prof-specialty,15024,0,50,0,1
31,Male,White,Married-civ-spouse,0,49398,Some-college,Private,Tech-support,0,0,40,39,0
32,Male,White,Married-civ-spouse,0,253354,Masters,State-gov,Prof-specialty,0,0,50,39,0
30,Female,White,Never-married,1,257874,Bachelors,Private,Sales,0,0,30,39,0
33,Male,Asian-Pac-Islander,Married-civ-spouse,0,274222,Bachelors,Private,Other-service,7688,0,38,39,1
38,Male,White,Married-civ-spouse,0,114079,HS-grad,Private,Sales,0,0,44,39,0
43,Male,White,Divorced,1,112494,HS-grad,Private,Transport-moving,0,0,45,39,0
43,Female,White,Divorced,4,181015,HS-grad,Private,Machine-op-inspct,0,0,50,39,0
40,Male,White,Divorced,1,230478,Assoc-acdm,Self-emp-not-inc,Exec-managerial,0,0,30,39,0
40,Male,Black,Separated,1,374367,Assoc-voc,Private,Sales,0,0,44,39,0
44,Male,White,Married-civ-spouse,0,433705,HS-grad,Local-gov,Protective-serv,0,0,52,39,1
29,Male,White,Never-married,2,178564,Bachelors,Self-emp-not-inc,Prof-specialty,0,0,40,39,0
20,Male,White,Never-married,3,291979,HS-grad,Private,Sales,0,0,40,39,0
31,Male,White,Married-civ-spouse,0,203488,Bachelors,Private,Adm-clerical,7298,0,50,39,1
34,Male,White,Married-civ-spouse,0,849857,HS-grad,Private,Craft-repair,0,0,40,27,0
80,Male,White,Married-civ-spouse,0,101771,11th,Self-emp-not-inc,Exec-managerial,0,0,25,39,0
19,Male,White,Never-married,3,203319,11th,Private,Sales,0,0,30,39,0
32,Male,White,Never-married,1,426467,1st-4th,Private,Craft-repair,3674,0,40,13,0
45,Male,White,Divorced,3,223319,Some-college,Private,Sales,0,0,45,39,0
32,Female,Black,Separated,4,370160,Some-college,Private,Exec-managerial,0,0,40,39,0
25,Male,White,Never-married,1,197871,Bachelors,Private,Exec-managerial,0,0,50,39,0
29,Male,White,Never-married,1,351871,Bachelors,Private,Sales,0,0,50,39,1
34,Male,White,Married-civ-spouse,0,114691,Some-college,Private,Exec-managerial,0,0,50,39,1
53,Female,White,Divorced,1,132304,HS-grad,Private,Machine-op-inspct,0,0,40,34,0
24,Male,White,Never-married,1,186452,HS-grad,Private,Exec-managerial,0,0,50,39,0
46,Male,White,Never-married,1,213668,11th,Local-gov,Other-service,0,0,40,39,0
45,Male,Amer-Indian-Eskimo,Married-civ-spouse,0,26781,Some-college,Self-emp-not-inc,Exec-managerial,0,0,40,39,0
47,Male,White,Married-civ-spouse,0,239865,HS-grad,Private,Craft-repair,0,1977,45,39,1
58,Male,White,Married-civ-spouse,0,244605,Assoc-voc,Private,Exec-managerial,3908,0,40,39,0
30,Male,White,Married-civ-spouse,0,211654,Masters,Local-gov,Prof-specialty,0,0,40,39,1
21,Male,White,Never-married,2,221955,9th,Private,Handlers-cleaners,0,0,40,26,0
61,Male,Black,Married-civ-spouse,0,355645,HS-grad,Private,Sales,0,0,40,39,0
23,Male,White,Never-married,3,166371,Some-college,Private,Tech-support,0,0,60,39,0
25,Male,White,Married-civ-spouse,0,32276,Bachelors,Other,Other,0,0,40,39,0
37,Male,White,Married-civ-spouse,0,98776,HS-grad,Private,Farming-fishing,0,0,15,39,0
38,Female,White,Married-civ-spouse,5,234807,Bachelors,Private,Exec-managerial,0,0,50,39,1
33,Female,Asian-Pac-Islander,Divorced,1,163003,HS-grad,Other,Other,0,0,41,3,0
40,Male,White,Never-married,1,269733,Assoc-voc,State-gov,Craft-repair,0,0,40,39,0
21,Female,White,Never-married,1,400635,Some-college,Private,Other-service,0,0,20,0,0
50,Female,White,Married-civ-spouse,5,117496,Bachelors,Local-gov,Prof-specialty,0,0,24,39,0
38,Male,White,Married-civ-spouse,0,190387,HS-grad,Self-emp-not-inc,Craft-repair,0,0,50,39,0
47,Male,White,Married-civ-spouse,0,34458,7th-8th,Other,Other,0,0,10,39,0
57,Female,White,Never-married,1,170244,Prof-school,Private,Prof-specialty,0,0,40,39,0
35,Female,White,Divorced,1,33397,HS-grad,Private,Other-service,0,0,35,39,0
35,Male,White,Divorced,1,162651,Bachelors,Local-gov,Prof-specialty,0,0,40,33,0
45,Male,White,Married-civ-spouse,0,33300,Assoc-voc,Private,Sales,0,1977,50,39,1
62,Female,Black,Divorced,1,199198,11th,Other,Other,0,0,40,39,0
20,Male,White,Never-married,3,197997,Some-college,Private,Prof-specialty,0,0,40,39,0
69,Male,White,Married-civ-spouse,0,106395,HS-grad,Self-emp-inc,Other-service,0,0,40,39,1
70,Male,White,Married-civ-spouse,0,336007,5th-6th,Other,Other,0,0,20,39,0
44,Male,White,Divorced,1,171424,Some-college,Self-emp-not-inc,Machine-op-inspct,0,2205,35,39,0
41,Male,White,Never-married,1,180138,HS-grad,Private,Sales,0,0,50,39,0
48,Male,White,Married-civ-spouse,0,481987,10th,Self-emp-inc,Exec-managerial,0,0,40,39,0
35,Female,White,Never-married,1,206253,9th,Private,Exec-managerial,0,0,40,39,0
73,Male,White,Married-civ-spouse,0,336007,Bachelors,Private,Prof-specialty,0,2246,40,39,1
47,Male,White,Married-civ-spouse,0,102308,Bachelors,Private,Prof-specialty,0,0,50,39,1
33,Male,White,Married-civ-spouse,0,198660,Bachelors,Private,Sales,0,0,50,39,0
42,Male,White,Married-spouse-absent,1,137698,5th-6th,Private,Farming-fishing,0,0,35,26,0
51,Female,White,Divorced,1,194475,Some-college,State-gov,Prof-specialty,0,0,40,39,0
43,Male,White,Divorced,4,247981,HS-grad,Self-emp-inc,Craft-repair,5455,0,50,39,0
35,Male,White,Married-civ-spouse,0,169672,11th,Private,Sales,0,0,65,39,0
26,Male,White,Never-married,3,224426,Masters,Private,Exec-managerial,0,0,38,39,0
54,Male,White,Married-civ-spouse,0,48358,HS-grad,Private,Craft-repair,0,0,40,39,1
54,Male,White,Married-civ-spouse,0,35576,Some-college,Federal-gov,Craft-repair,0,0,40,39,0
32,Male,White,Married-civ-spouse,0,62374,Assoc-voc,Private,Transport-moving,0,0,40,39,0
41,Male,White,Married-civ-spouse,0,297248,Prof-school,Local-gov,Prof-specialty,0,2415,45,39,1
68,Female,White,Widowed,1,75913,12th,Private,Sales,0,0,30,39,0
68,Male,White,Married-civ-spouse,0,195881,HS-grad,Self-emp-not-inc,Farming-fishing,2414,0,40,39,0
44,Male,White,Married-civ-spouse,0,32000,Some-college,Private,Tech-support,0,0,18,39,1
30,Female,White,Never-married,1,164309,HS-grad,Private,Sales,0,0,35,39,0
21,Male,White,Never-married,1,189203,Assoc-voc,Private,Protective-serv,0,0,40,39,0
24,Male,Black,Never-married,1,283872,Some-college,Private,Adm-clerical,0,0,20,39,0
34,Female,White,Married-civ-spouse,5,271933,HS-grad,Private,Handlers-cleaners,0,0,40,39,0
37,Female,Amer-Indian-Eskimo,Divorced,1,163199,Some-college,Private,Tech-support,0,0,40,39,0
27,Male,White,Divorced,3,391468,11th,Private,Craft-repair,0,0,40,39,0
29,Female,White,Divorced,1,32897,HS-grad,Private,Other-service,0,0,25,39,0
41,Male,White,Married-civ-spouse,0,344624,Some-college,Local-gov,Other-service,0,1485,40,39,1
41,Male,White,Married-civ-spouse,0,112262,HS-grad,Self-emp-inc,Craft-repair,0,0,50,39,0
35,Male,White,Never-married,1,287031,Masters,Federal-gov,Exec-managerial,8614,0,40,39,1
63,Male,Asian-Pac-Islander,Married-civ-spouse,0,35021,Bachelors,Self-emp-not-inc,Prof-specialty,0,1977,32,3,1
22,Female,White,Never-married,3,113760,11th,Private,Other-service,0,0,30,39,0
53,Female,White,Divorced,4,470368,Assoc-acdm,Private,Adm-clerical,0,0,48,39,0
28,Female,White,Never-married,1,47907,Bachelors,Private,Adm-clerical,0,0,40,39,0
31,Female,Black,Never-married,1,114324,Assoc-voc,Private,Other-service,0,0,40,39,0
38,Female,White,Never-married,1,296999,Bachelors,Private,Exec-managerial,0,0,70,39,0
35,Male,White,Married-civ-spouse,0,240389,Some-college,Private,Sales,0,0,43,39,1
23,Female,White,Never-married,1,129767,Some-college,Private,Adm-clerical,0,1721,40,39,0
34,Female,Black,Separated,4,210736,Some-college,Private,Adm-clerical,0,0,40,0,0
38,Male,White,Never-married,1,165799,Some-college,Local-gov,Other-service,0,0,12,39,0
25,Male,White,Never-married,3,131976,Bachelors,Private,Exec-managerial,0,0,55,39,0
21,Female,White,Never-married,3,181761,Some-college,State-gov,Tech-support,0,0,10,39,0
21,Female,White,Never-married,3,113106,Some-college,Private,Other-service,0,0,30,39,0
51,Male,Black,Married-civ-spouse,0,107123,7th-8th,Private,Transport-moving,0,0,40,39,0
19,Male,White,Never-married,1,309284,Some-college,Other,Other,0,0,40,39,0
54,Male,White,Married-civ-spouse,0,108435,Some-college,Self-emp-not-inc,Transport-moving,2829,0,30,39,0
29,Female,White,Never-married,1,196243,HS-grad,Private,Machine-op-inspct,0,0,40,39,0
26,Male,White,Married-civ-spouse,0,272618,Bachelors,Private,Sales,0,0,55,39,0
29,Female,White,Divorced,1,177119,Assoc-voc,Private,Tech-support,2174,0,45,39,0
47,Female,White,Never-married,1,321851,Bachelors,Local-gov,Prof-specialty,0,0,50,39,1
18,Male,White,Never-married,3,716066,10th,Private,Machine-op-inspct,0,0,30,39,0
26,Male,White,Never-married,3,159759,Bachelors,Private,Other-service,0,0,40,39,0
49,Male,White,Married-civ-spouse,0,166789,HS-grad,Private,Adm-clerical,0,0,40,39,0
44,Male,White,Married-civ-spouse,0,75012,HS-grad,Private,Farming-fishing,0,0,80,39,0
20,Female,White,Never-married,3,229414,HS-grad,Private,Machine-op-inspct,0,0,30,39,0
60,Female,White,Divorced,4,80574,HS-grad,Private,Other-service,0,0,38,39,0
54,Male,White,Married-civ-spouse,0,146834,10th,Private,Machine-op-inspct,0,0,60,39,0
60,Male,White,Married-civ-spouse,0,236470,7th-8th,Self-emp-not-inc,Farming-fishing,0,0,40,39,0
24,Male,White,Never-married,1,241367,Some-college,Private,Other-service,0,0,40,39,0
36,Male,White,Married-civ-spouse,0,188834,9th,Private,Transport-moving,0,0,50,39,0
42,Female,Amer-Indian-Eskimo,Widowed,1,86185,Some-college,Private,Exec-managerial,0,0,40,39,0
35,Male,White,Married-civ-spouse,0,180686,HS-grad,Private,Craft-repair,3137,0,40,39,0
44,Male,White,Married-civ-spouse,0,203761,Bachelors,Local-gov,Prof-specialty,0,0,40,39,1
25,Male,White,Never-married,3,32276,HS-grad,Private,Craft-repair,0,0,28,39,0
38,Female,White,Divorced,1,393945,Assoc-voc,Private,Tech-support,0,0,36,39,0
54,Female,White,Divorced,1,213092,HS-grad,Private,Other-service,0,0,40,39,0
24,Female,White,Married-civ-spouse,5,412156,HS-grad,Other,Other,0,0,40,26,0
52,Male,White,Divorced,1,38795,HS-grad,Private,Craft-repair,0,0,40,39,1
63,Male,White,Married-civ-spouse,0,215833,HS-grad,Self-emp-inc,Exec-managerial,0,0,40,39,1
36,Female,White,Married-civ-spouse,3,115360,10th,Private,Machine-op-inspct,3464,0,40,39,0
63,Female,White,Widowed,4,111306,7th-8th,Self-emp-not-inc,Farming-fishing,0,0,10,39,0
27,Male,White,Married-civ-spouse,0,249315,HS-grad,Private,Sales,0,0,60,39,0
42,Male,White,Never-married,4,230624,10th,Private,Transport-moving,0,0,40,39,1
59,Male,White,Married-civ-spouse,0,108765,HS-grad,Private,Transport-moving,0,0,50,39,0
50,Male,White,Married-civ-spouse,0,29231,HS-grad,Self-emp-not-inc,Exec-managerial,0,0,45,39,1
56,Male,White,Divorced,1,174040,HS-grad,Private,Other-service,0,0,40,39,0
46,Male,White,Married-civ-spouse,0,163352,HS-grad,Private,Sales,0,0,36,39,0
42,Female,White,Married-civ-spouse,5,250121,11th,Private,Other-service,0,0,40,39,0
34,Female,White,Never-married,1,188096,HS-grad,Private,Adm-clerical,0,0,36,39,0
28,Female,White,Divorced,3,149646,Some-college,Other,Other,0,0,20,0,0
33,Male,Other,Married-civ-spouse,0,147700,HS-grad,Private,Craft-repair,0,0,40,39,0
28,Female,White,Married-civ-spouse,5,175406,Masters,Self-emp-not-inc,Exec-managerial,0,0,30,39,1
22,Female,Asian-Pac-Islander,Never-married,3,119359,Bachelors,Private,Exec-managerial,0,0,40,39,0
41,Male,White,Married-civ-spouse,0,243607,5th-6th,Private,Adm-clerical,0,0,40,26,0
25,Male,White,Never-married,1,157028,Bachelors,State-gov,Exec-managerial,0,0,40,39,0
33,Male,White,Married-civ-spouse,0,150154,Some-college,Private,Craft-repair,0,0,40,39,0
41,Male,White,Married-civ-spouse,0,202980,HS-grad,Private,Craft-repair,0,0,4,29,0
60,Male,White,Never-married,1,39352,7th-8th,Private,Transport-moving,0,0,48,39,1
31,Male,White,Married-civ-spouse,0,211334,Some-college,Private,Craft-repair,2407,0,65,39,0
35,Male,Asian-Pac-Islander,Never-married,4,70447,Some-college,Private,Prof-specialty,4650,0,20,39,0
22,Female,White,Never-married,3,279802,Some-college,Private,Adm-clerical,0,0,40,39,0
50,Female,White,Divorced,4,171199,11th,Private,Other-service,0,0,40,39,0
56,Female,White,Separated,1,133819,HS-grad,Private,Craft-repair,0,0,40,39,0
44,Male,White,Married-civ-spouse,0,228320,HS-grad,Private,Tech-support,0,0,45,39,1
21,Male,White,Never-married,1,51985,HS-grad,Private,Craft-repair,0,0,40,39,0
24,Male,White,Never-married,1,329408,11th,Private,Handlers-cleaners,0,0,40,39,0
28,Male,Black,Never-married,1,55360,Some-college,Private,Craft-repair,0,0,40,39,0
36,Male,White,Married-civ-spouse,0,99146,HS-grad,Private,Machine-op-inspct,0,0,45,39,1
30,Male,Asian-Pac-Islander,Never-married,2,169104,Assoc-acdm,Private,Other-service,0,0,40,40,0
36,Male,White,Never-married,1,215373,Bachelors,Private,Exec-managerial,0,0,70,39,0
26,Male,White,Married-civ-spouse,0,345405,HS-grad,Private,Sales,2885,0,40,39,0
57,Male,White,Married-civ-spouse,0,287229,HS-grad,Self-emp-not-inc,Craft-repair,0,0,48,39,1
31,Male,White,Married-civ-spouse,0,138416,5th-6th,Private,Handlers-cleaners,0,0,56,26,0
35,Female,Asian-Pac-Islander,Never-married,1,172475,Bachelors,State-gov,Exec-managerial,2977,0,45,39,0
55,Male,White,Married-civ-spouse,2,381965,Bachelors,Private,Craft-repair,0,0,40,39,0
41,Male,White,Married-civ-spouse,0,123403,HS-grad,Private,Adm-clerical,0,0,40,39,0
30,Female,Black,Divorced,4,278502,HS-grad,Private,Adm-clerical,0,0,62,39,0
39,Female,White,Never-married,1,202937,Masters,Private,Prof-specialty,0,0,40,39,1
43,Male,Asian-Pac-Islander,Married-civ-spouse,0,325706,Prof-school,Federal-gov,Prof-specialty,0,0,50,19,1
48,Male,White,Married-civ-spouse,0,200471,Bachelors,Self-emp-inc,Exec-managerial,0,0,40,39,1
36,Male,Black,Married-civ-spouse,0,257380,HS-grad,Private,Craft-repair,0,0,35,39,0
38,Female,White,Divorced,1,218729,HS-grad,Private,Other-service,0,0,25,39,0
23,Female,White,Married-spouse-absent,3,496382,Some-college,Local-gov,Adm-clerical,0,0,40,13,0
40,Male,White,Married-civ-spouse,0,27821,Assoc-voc,Private,Transport-moving,2829,0,40,39,0
29,Male,White,Never-married,2,246933,HS-grad,Private,Adm-clerical,0,0,40,26,0
37,Male,White,Married-civ-spouse,0,31023,HS-grad,Private,Craft-repair,0,0,51,39,0
31,Female,White,Married-civ-spouse,5,150309,Doctorate,Private,Prof-specialty,0,0,90,39,0
30,Female,White,Never-married,1,205733,Some-college,Self-emp-inc,Exec-managerial,0,0,60,39,0
40,Female,White,Divorced,4,135056,Assoc-acdm,Private,Adm-clerical,0,0,40,39,0
38,Male,White,Married-civ-spouse,0,403391,Bachelors,Self-emp-not-inc,Exec-managerial,0,0,60,39,0
31,Male,White,Never-married,1,151763,Masters,State-gov,Adm-clerical,0,0,25,39,0
45,Male,White,Married-civ-spouse,0,114032,Prof-school,Private,Prof-specialty,0,0,60,39,1
26,Female,Black,Never-married,3,121040,Assoc-acdm,Private,Exec-managerial,0,0,40,39,0
22,Female,Asian-Pac-Islander,Never-married,1,152744,Some-college,Private,Other-service,0,0,40,30,0
35,Male,White,Married-civ-spouse,0,342768,HS-grad,Private,Craft-repair,0,0,40,39,0
35,Female,White,Divorced,1,187167,HS-grad,Private,Other-service,0,0,35,39,0
59,Female,White,Widowed,1,35411,HS-grad,Private,Machine-op-inspct,0,0,40,39,0
29,Female,White,Never-married,1,157262,Masters,Private,Exec-managerial,0,0,45,39,0
82,Male,White,Married-civ-spouse,0,240491,HS-grad,Self-emp-not-inc,Craft-repair,0,0,40,5,0
51,Male,White,Married-civ-spouse,0,133336,Masters,Local-gov,Prof-specialty,15024,0,40,39,1
17,Female,Asian-Pac-Islander,Never-married,3,110998,Some-college,Other,Other,0,0,40,30,0
56,Male,White,Married-civ-spouse,0,119069,Bachelors,Self-emp-not-inc,Adm-clerical,0,0,40,39,1
18,Male,White,Never-married,3,304169,11th,Private,Sales,0,0,35,39,0
29,Male,White,Never-married,3,168470,HS-grad,Private,Transport-moving,0,0,40,39,0
29,Male,White,Married-civ-spouse,0,263005,Masters,Private,Exec-managerial,0,0,45,11,0
45,Male,White,Married-civ-spouse,0,84298,Assoc-voc,Private,Exec-managerial,0,1977,50,39,1
33,Female,White,Married-civ-spouse,5,106670,Bachelors,Private,Prof-specialty,0,0,40,39,1
47,Female,White,Divorced,1,316101,HS-grad,Private,Adm-clerical,0,0,40,39,0
52,Male,White,Married-civ-spouse,0,101752,Assoc-voc,Private,Transport-moving,0,0,56,39,0
18,Male,White,Never-married,3,170544,11th,Private,Handlers-cleaners,0,0,20,39,0
44,Female,White,Married-civ-spouse,5,159911,7th-8th,Private,Other-service,0,0,55,39,0
38,Male,Black,Married-civ-spouse,0,318886,Bachelors,State-gov,Protective-serv,0,0,52,39,0
51,Male,White,Married-civ-spouse,0,175070,Assoc-acdm,Private,Sales,5178,0,45,39,1
18,Female,White,Never-married,3,119655,12th,Private,Adm-clerical,0,0,12,39,0
30,Female,White,Married-spouse-absent,1,171598,Bachelors,Private,Sales,0,0,50,39,0
63,Female,White,Divorced,1,234083,HS-grad,Other,Other,0,2205,40,39,0
34,Male,Black,Married-civ-spouse,0,297094,HS-grad,Private,Handlers-cleaners,0,0,40,39,0
38,Male,White,Never-married,3,236687,Some-college,Local-gov,Prof-specialty,0,0,40,39,0
32,Male,White,Married-civ-spouse,0,93213,Assoc-acdm,Private,Machine-op-inspct,0,0,62,39,0
63,Male,White,Married-civ-spouse,0,231105,Some-college,Self-emp-not-inc,Machine-op-inspct,0,0,35,39,1
48,Male,Black,Married-civ-spouse,0,119722,Some-college,Private,Sales,0,0,8,39,0
40,Female,White,Married-civ-spouse,5,303291,Some-college,Private,Other-service,0,0,35,39,0
17,Male,White,Never-married,3,151141,10th,Other,Other,0,0,30,39,0
40,Male,White,Never-married,1,27444,Bachelors,Local-gov,Prof-specialty,0,0,50,39,1
32,Male,White,Married-civ-spouse,0,95530,Some-college,Local-gov,Other-service,0,0,40,39,0
51,Male,White,Married-civ-spouse,0,155594,Some-college,State-gov,Sales,0,1887,40,39,1
53,Female,White,Widowed,1,136823,11th,Self-emp-inc,Exec-managerial,0,0,30,39,0
19,Female,White,Never-married,3,201743,Some-college,Private,Other-service,0,0,20,39,0
20,Male,White,Never-married,3,271354,HS-grad,Local-gov,Adm-clerical,0,0,40,39,0
21,Male,White,Never-married,3,156980,HS-grad,Private,Machine-op-inspct,0,0,60,39,0
37,Female,Asian-Pac-Islander,Never-married,3,70240,HS-grad,Private,Other-service,0,0,40,30,0
42,Male,White,Never-married,3,112956,HS-grad,Private,Transport-moving,0,0,40,39,0
55,Female,White,Widowed,1,195329,HS-grad,Private,Other-service,2202,0,35,22,0
18,Male,White,Never-married,3,156874,12th,Private,Other-service,0,0,27,39,0
59,Male,White,Married-civ-spouse,0,227856,Bachelors,Private,Sales,0,0,37,39,1
52,Male,White,Married-civ-spouse,0,102828,HS-grad,Private,Prof-specialty,7688,0,40,39,1
31,Female,White,Never-married,3,185732,HS-grad,Private,Other-service,0,0,30,39,0
39,Male,White,Never-married,1,171482,Bachelors,State-gov,Prof-specialty,0,0,40,39,1
59,Male,White,Divorced,1,184948,Assoc-voc,Other,Other,0,0,48,39,0
37,Male,White,Never-married,4,29814,HS-grad,Self-emp-not-inc,Farming-fishing,0,0,50,39,0
22,Male,White,Never-married,3,48347,Some-college,Private,Tech-support,0,0,40,39,0
19,Female,White,Never-married,3,118352,Some-college,Private,Other-service,0,0,16,39,0
29,Female,White,Never-married,1,197618,HS-grad,Private,Adm-clerical,0,0,40,39,0
20,Male,White,Never-married,1,203027,HS-grad,Private,Farming-fishing,0,0,55,39,0
31,Male,White,Married-civ-spouse,0,203488,Bachelors,Self-emp-inc,Exec-managerial,0,0,50,39,1
48,Male,White,Married-civ-spouse,0,112906,Masters,Private,Transport-moving,0,0,55,39,1
43,Male,White,Married-civ-spouse,0,62026,Prof-school,Self-emp-inc,Exec-managerial,99999,0,40,39,1
41,Male,White,Never-married,3,111483,HS-grad,Private,Adm-clerical,0,0,40,39,0
75,Male,White,Married-civ-spouse,0,200068,Some-college,Private,Exec-managerial,0,0,35,39,1
38,Female,Amer-Indian-Eskimo,Divorced,4,31352,Some-college,State-gov,Protective-serv,0,0,40,39,1
53,Male,Black,Married-civ-spouse,0,196328,Bachelors,Private,Exec-managerial,0,0,40,39,0
42,Male,White,Divorced,1,259643,Masters,Private,Prof-specialty,4650,0,40,39,0
21,Male,Asian-Pac-Islander,Never-married,3,109414,Some-college,Private,Prof-specialty,0,1974,40,39,0
61,Female,Amer-Indian-Eskimo,Widowed,4,130466,HS-grad,State-gov,Adm-clerical,0,0,40,39,0
59,Male,White,Married-civ-spouse,0,170104,Bachelors,Private,Exec-managerial,0,1977,50,39,1
29,Female,White,Separated,1,151476,Some-college,Private,Sales,0,0,40,39,0
38,Female,Black,Married-civ-spouse,5,97083,Some-college,Private,Adm-clerical,0,0,40,39,0
46,Male,White,Married-civ-spouse,0,317253,HS-grad,Self-emp-not-inc,Craft-repair,0,0,25,39,0
59,Male,White,Married-civ-spouse,0,157932,HS-grad,Private,Craft-repair,0,0,40,39,0
61,Male,White,Married-civ-spouse,0,50483,7th-8th,Self-emp-not-inc,Farming-fishing,0,0,56,39,0
23,Male,White,Never-married,3,197387,HS-grad,Private,Craft-repair,0,0,37,26,0
39,Male,White,Divorced,1,128715,HS-grad,Private,Adm-clerical,10520,0,40,39,1
30,Male,White,Married-civ-spouse,0,209900,Bachelors,Private,Craft-repair,0,0,40,39,0
38,Male,White,Divorced,4,108907,HS-grad,Private,Machine-op-inspct,0,0,40,0,0
60,Male,White,Married-civ-spouse,0,71683,9th,Private,Machine-op-inspct,0,0,49,39,0
35,Male,Asian-Pac-Islander,Married-civ-spouse,0,160120,Masters,Private,Exec-managerial,0,0,50,39,1
43,Male,White,Married-civ-spouse,0,230961,HS-grad,State-gov,Craft-repair,0,0,40,39,0
51,Male,White,Married-civ-spouse,0,290290,Bachelors,Self-emp-not-inc,Prof-specialty,0,0,45,39,1
43,Male,White,Married-civ-spouse,0,245317,HS-grad,Private,Transport-moving,0,0,50,39,0
31,Male,White,Married-civ-spouse,0,121055,HS-grad,Local-gov,Craft-repair,0,0,70,39,1
36,Male,White,Married-civ-spouse,0,223789,Masters,Self-emp-not-inc,Prof-specialty,0,0,45,39,1
52,Male,White,Married-civ-spouse,0,34973,HS-grad,Self-emp-not-inc,Farming-fishing,0,1887,60,39,1
41,Male,White,Divorced,1,100800,Masters,State-gov,Prof-specialty,0,0,35,39,0
39,Male,White,Never-married,1,435638,Some-college,Private,Machine-op-inspct,0,0,40,39,0
63,Male,White,Married-civ-spouse,0,237620,HS-grad,Private,Craft-repair,0,0,30,39,0
31,Male,White,Married-civ-spouse,0,197886,Some-college,Private,Sales,15024,0,45,39,1
20,Male,White,Never-married,2,109813,11th,Private,Tech-support,0,0,40,39,0
31,Male,Black,Never-married,3,226756,HS-grad,Private,Adm-clerical,0,0,40,39,0
53,Female,White,Widowed,1,161691,HS-grad,Private,Sales,0,0,35,39,0
38,Male,White,Divorced,1,239755,11th,Private,Craft-repair,0,0,40,39,0
19,Female,White,Never-married,3,55284,HS-grad,Private,Handlers-cleaners,0,0,25,39,0
42,Female,White,Divorced,1,99373,HS-grad,Private,Machine-op-inspct,0,0,40,39,0
61,Female,White,Married-civ-spouse,5,154600,HS-grad,Private,Other-service,0,0,4,39,0
20,Female,White,Never-married,2,215495,9th,Private,Exec-managerial,0,0,40,26,0
33,Female,White,Never-married,1,67006,10th,Private,Machine-op-inspct,0,0,45,39,0
69,Female,Black,Widowed,1,660461,HS-grad,Local-gov,Adm-clerical,0,0,20,39,0
25,Female,Black,Married-civ-spouse,5,232914,Bachelors,Private,Adm-clerical,0,0,38,39,0
27,Male,White,Married-civ-spouse,0,119793,Some-college,Private,Craft-repair,0,0,55,0,0
43,Female,Black,Never-married,1,281422,Assoc-acdm,Private,Adm-clerical,0,0,45,39,0
45,Male,White,Married-civ-spouse,0,139268,HS-grad,Self-emp-inc,Sales,0,0,50,39,1
30,Male,White,Never-married,1,196342,Masters,Private,Prof-specialty,0,0,40,21,0
24,Male,White,Separated,1,82777,HS-grad,Private,Machine-op-inspct,0,0,40,39,0
45,Male,White,Married-civ-spouse,0,51664,Some-college,Private,Sales,0,0,40,39,0
37,Male,White,Married-civ-spouse,0,100508,HS-grad,Private,Craft-repair,0,0,40,39,1
31,Male,White,Never-married,1,193285,Bachelors,Private,Prof-specialty,0,0,40,39,0
45,Male,White,Divorced,1,162915,Some-college,Private,Transport-moving,0,0,50,39,0
27,Male,White,Separated,1,106935,Some-college,Private,Sales,0,0,40,39,0
23,Female,White,Never-married,3,233923,Some-college,Private,Other-service,0,0,20,39,0
29,Male,White,Never-married,1,246974,Assoc-voc,Private,Tech-support,0,0,40,39,0
34,Male,White,Never-married,3,236543,HS-grad,Private,Craft-repair,0,0,40,39,0
19,Male,White,Never-married,3,214678,HS-grad,Private,Other-service,0,0,30,39,0
36,Male,White,Married-civ-spouse,0,51089,Bachelors,Federal-gov,Adm-clerical,0,0,50,39,1
20,Female,White,Married-civ-spouse,2,146706,Some-college,Private,Sales,0,0,30,39,0
53,Female,White,Divorced,4,117814,Some-college,Private,Adm-clerical,0,0,38,39,0
55,Male,White,Married-civ-spouse,0,119762,10th,Self-emp-not-inc,Transport-moving,0,0,50,39,0
24,Male,White,Never-married,2,230229,5th-6th,Private,Machine-op-inspct,0,0,40,26,0
31,Female,White,Separated,4,487742,Some-college,Private,Sales,0,0,40,39,0
43,Female,White,Married-spouse-absent,1,57600,Doctorate,Private,Prof-specialty,0,0,40,0,0
22,Female,White,Divorced,3,305498,HS-grad,Private,Sales,0,0,33,39,0
36,Female,White,Married-civ-spouse,5,99270,HS-grad,Private,Farming-fishing,0,0,40,39,0
53,Female,Black,Never-married,1,167033,Some-college,Private,Exec-managerial,0,0,40,39,0
29,Female,White,Divorced,1,339100,11th,Other,Other,3418,0,48,39,0
43,Male,White,Married-civ-spouse,0,174395,Masters,Local-gov,Prof-specialty,0,0,50,39,0
43,Male,White,Married-civ-spouse,0,307767,HS-grad,Private,Handlers-cleaners,0,0,40,39,0
53,Male,White,Married-civ-spouse,0,188644,5th-6th,Local-gov,Other-service,0,0,40,26,0
22,Female,White,Never-married,1,125010,Assoc-voc,Private,Priv-house-serv,0,0,30,39,0
53,Male,White,Married-civ-spouse,0,194791,HS-grad,Private,Farming-fishing,0,0,45,39,0
27,Male,White,Never-married,4,190525,Assoc-voc,Private,Machine-op-inspct,0,0,45,39,0
71,Male,White,Widowed,1,55965,7th-8th,Private,Transport-moving,0,0,10,39,0
51,Female,White,Married-civ-spouse,5,59590,HS-grad,Private,Adm-clerical,0,0,20,39,0
72,Male,White,Married-civ-spouse,0,156310,10th,Private,Other-service,2414,0,12,39,0
20,Male,White,Never-married,1,282579,Some-college,Private,Other-service,0,0,40,39,0
68,Male,White,Married-civ-spouse,0,161744,10th,Private,Sales,0,0,16,39,0
41,Female,White,Divorced,4,70092,Some-college,Private,Adm-clerical,0,0,38,39,0
46,Female,White,Divorced,1,297759,Some-college,Local-gov,Tech-support,0,0,40,39,0
66,Male,White,Married-civ-spouse,0,117746,Bachelors,Private,Sales,0,0,50,39,1
57,Female,White,Divorced,1,176079,HS-grad,Private,Adm-clerical,0,0,40,39,0
26,Female,White,Never-married,1,148298,HS-grad,Private,Exec-managerial,0,0,50,39,0
40,Female,White,Never-married,1,142444,Bachelors,Self-emp-inc,Prof-specialty,0,0,45,39,0
48,Male,White,Married-civ-spouse,0,219962,Assoc-voc,Local-gov,Craft-repair,0,0,40,39,0
39,Male,White,Married-civ-spouse,0,314007,Assoc-voc,Private,Tech-support,0,0,40,39,0
18,Female,White,Never-married,3,118376,Some-college,Private,Sales,0,0,15,39,0
78,Female,White,Widowed,1,135839,HS-grad,Other,Other,1086,0,20,39,0
51,Male,White,Married-civ-spouse,0,149220,Some-college,Self-emp-not-inc,Farming-fishing,0,0,75,39,0
41,Male,Asian-Pac-Islander,Never-married,1,82393,Bachelors,Private,Adm-clerical,0,0,50,39,0
56,Male,White,Divorced,1,32855,HS-grad,Other,Other,0,0,40,39,0
52,Male,White,Married-civ-spouse,0,72257,Some-college,Self-emp-not-inc,Sales,0,0,50,39,0
60,Male,Black,Separated,1,73091,HS-grad,Self-emp-not-inc,Other-service,0,1876,50,39,0
43,Male,White,Married-civ-spouse,0,240170,Bachelors,Self-emp-not-inc,Exec-managerial,0,0,50,11,0
45,Male,White,Divorced,1,172822,11th,Private,Transport-moving,0,2824,76,39,1
37,Male,White,Married-civ-spouse,0,189878,Prof-school,Private,Prof-specialty,0,0,50,39,1
36,Male,Black,Married-civ-spouse,0,659504,Bachelors,Private,Exec-managerial,0,0,45,39,1
62,Male,White,Married-civ-spouse,0,82388,HS-grad,Self-emp-not-inc,Craft-repair,10566,0,40,39,0
50,Male,White,Married-civ-spouse,0,230951,Bachelors,Private,Sales,0,0,40,39,0
43,Male,White,Divorced,2,212894,HS-grad,Private,Craft-repair,0,0,40,39,0
35,Male,White,Divorced,2,215310,11th,Private,Handlers-cleaners,0,0,40,39,0
31,Female,Black,Never-married,4,258849,Assoc-voc,Private,Adm-clerical,0,0,40,39,0
26,Male,White,Married-civ-spouse,0,178140,Bachelors,Private,Other-service,0,0,45,39,1
52,Male,White,Married-civ-spouse,0,110954,HS-grad,Private,Craft-repair,0,0,45,8,1
20,Male,White,Never-married,1,161922,HS-grad,Private,Handlers-cleaners,0,0,43,39,0
21,Female,White,Never-married,3,180339,Some-college,Other,Other,0,0,25,39,0
42,Male,White,Married-civ-spouse,0,187702,Prof-school,Self-emp-inc,Prof-specialty,0,2415,60,39,1
28,Male,White,Married-civ-spouse,0,263015,10th,Private,Craft-repair,0,0,40,39,0
51,Female,White,Divorced,4,112310,Some-college,Private,Exec-managerial,0,0,40,39,0
20,Male,White,Never-married,1,116830,HS-grad,Private,Machine-op-inspct,0,0,40,39,0
54,Male,White,Married-civ-spouse,0,263925,1st-4th,Private,Transport-moving,0,0,50,39,0
66,Male,White,Married-civ-spouse,0,175891,9th,Other,Other,0,0,40,39,0
57,Female,Black,Never-married,1,133126,Some-college,Private,Craft-repair,0,0,40,39,0
46,Female,White,Never-married,3,180695,Some-college,Private,Adm-clerical,0,0,40,39,0
33,Female,White,Widowed,4,128016,HS-grad,Self-emp-inc,Sales,0,0,40,39,0
43,Female,White,Separated,4,222978,Doctorate,State-gov,Prof-specialty,0,0,40,39,1
64,Female,White,Never-married,2,149775,Masters,Private,Prof-specialty,0,0,8,39,0
27,Female,Asian-Pac-Islander,Never-married,2,147638,Bachelors,Private,Adm-clerical,0,0,40,17,0
43,Male,White,Never-married,3,160369,HS-grad,Private,Machine-op-inspct,0,0,40,39,0
33,Male,White,Married-civ-spouse,0,236396,Bachelors,Private,Sales,0,1902,55,39,1
30,Female,White,Divorced,1,20098,Assoc-voc,Self-emp-not-inc,Machine-op-inspct,0,0,40,39,0
26,Male,White,Never-married,4,101812,HS-grad,Private,Machine-op-inspct,5721,0,40,39,0
43,Female,White,Never-married,1,199191,Some-college,Private,Adm-clerical,0,0,50,39,0
90,Male,White,Married-civ-spouse,0,311184,Bachelors,Private,Sales,0,0,20,0,0
28,Female,White,Married-civ-spouse,5,175710,Bachelors,Private,Exec-managerial,0,0,40,39,1
25,Female,White,Married-civ-spouse,5,167835,Bachelors,Local-gov,Prof-specialty,0,0,38,39,1
26,Male,Amer-Indian-Eskimo,Separated,3,151551,Some-college,Private,Sales,2597,0,48,39,0
20,Female,White,Never-married,1,34446,HS-grad,Private,Other-service,0,0,20,39,0
28,Male,White,Married-civ-spouse,0,190525,Bachelors,Private,Exec-managerial,0,0,46,39,1
50,Male,White,Divorced,1,200618,Assoc-acdm,Private,Craft-repair,0,0,40,39,0
38,Male,White,Married-civ-spouse,0,193815,Assoc-acdm,Private,Exec-managerial,0,0,55,22,0
24,Male,White,Never-married,1,177526,Bachelors,State-gov,Prof-specialty,0,0,15,39,0
38,Male,White,Married-civ-spouse,0,333651,Bachelors,Private,Prof-specialty,15024,0,70,39,1
33,Male,White,Married-civ-spouse,0,123291,HS-grad,Private,Machine-op-inspct,0,0,84,39,1
56,Male,White,Married-civ-spouse,0,65325,Bachelors,Private,Adm-clerical,0,0,50,39,0
19,Female,White,Never-married,2,219867,HS-grad,Private,Adm-clerical,0,0,35,39,0
54,Male,White,Married-civ-spouse,0,377701,HS-grad,Private,Other-service,0,0,32,26,0
26,Male,White,Married-civ-spouse,0,224361,7th-8th,Self-emp-not-inc,Transport-moving,0,0,75,39,0
51,Female,White,Married-civ-spouse,5,159604,Some-college,Private,Prof-specialty,0,0,40,39,1
37,Male,White,Married-civ-spouse,0,379522,Bachelors,Private,Sales,0,0,55,39,1
29,Male,White,Married-civ-spouse,0,168479,Masters,Private,Prof-specialty,0,0,40,39,1
59,Male,White,Married-civ-spouse,0,73411,Prof-school,Self-emp-not-inc,Farming-fishing,0,0,30,39,0
47,Male,White,Married-civ-spouse,0,34458,HS-grad,Private,Farming-fishing,0,0,40,39,0
38,Female,Black,Never-married,4,363395,Some-college,Private,Sales,0,0,40,39,0
52,Male,White,Married-civ-spouse,0,146378,HS-grad,Private,Craft-repair,0,0,40,39,1
41,Male,White,Widowed,2,116103,HS-grad,Private,Exec-managerial,914,0,40,39,0
27,Male,White,Married-civ-spouse,0,176683,Assoc-voc,Private,Other-service,0,0,60,39,0
35,Male,White,Married-civ-spouse,0,233327,Some-college,Local-gov,Protective-serv,0,0,40,39,0
36,Male,Black,Never-married,4,437890,HS-grad,State-gov,Exec-managerial,0,0,90,39,0
52,Female,White,Divorced,1,117700,HS-grad,Private,Adm-clerical,0,0,40,39,0
26,Female,White,Never-married,1,104834,Masters,Private,Prof-specialty,0,1669,40,39,0
28,Male,Amer-Indian-Eskimo,Divorced,1,34335,HS-grad,Private,Sales,14084,0,40,39,1
58,Female,White,Married-civ-spouse,5,121111,HS-grad,Private,Sales,0,0,40,12,0
42,Male,White,Divorced,1,121265,Masters,State-gov,Prof-specialty,0,0,40,39,0
34,Male,White,Married-civ-spouse,0,319165,Doctorate,Self-emp-not-inc,Prof-specialty,0,0,50,39,1
57,Male,White,Married-civ-spouse,0,124137,Some-college,Self-emp-inc,Exec-managerial,0,0,40,39,0
39,Male,White,Married-civ-spouse,0,152023,11th,State-gov,Craft-repair,0,0,40,39,0
23,Female,White,Never-married,2,203139,Some-college,Private,Other-service,0,0,40,39,0
26,Male,White,Married-civ-spouse,0,291968,Prof-school,Private,Prof-specialty,0,1977,40,39,1
24,Male,White,Never-married,1,194630,Bachelors,Private,Tech-support,0,0,35,39,0
41,Male,White,Married-civ-spouse,0,176716,HS-grad,Local-gov,Transport-moving,0,0,60,39,0
50,Male,Asian-Pac-Islander,Married-civ-spouse,0,135339,12th,Private,Sales,0,0,40,1,1
44,Male,Asian-Pac-Islander,Married-civ-spouse,0,116358,Bachelors,Self-emp-inc,Sales,0,0,50,0,1
19,Male,White,Never-married,3,177945,Some-college,Private,Sales,0,0,25,39,0
53,Male,White,Married-civ-spouse,0,304353,Some-college,Private,Craft-repair,0,0,36,39,1
74,Male,White,Married-civ-spouse,0,146929,HS-grad,Self-emp-not-inc,Sales,0,0,55,39,0
43,Male,White,Married-civ-spouse,0,164693,Assoc-voc,Private,Craft-repair,0,0,50,39,0
27,Female,White,Never-married,1,47907,Bachelors,Federal-gov,Adm-clerical,0,0,40,39,0
29,Female,White,Never-married,1,241667,Masters,Private,Prof-specialty,0,0,45,39,0
37,Female,White,Married-civ-spouse,5,215419,Assoc-acdm,Private,Other-service,0,0,25,39,0
63,Male,White,Married-civ-spouse,0,97855,Masters,Federal-gov,Exec-managerial,0,0,50,39,1
58,Male,White,Married-civ-spouse,0,119558,HS-grad,Private,Exec-managerial,0,0,50,39,1
42,Male,White,Married-civ-spouse,0,100793,Bachelors,Local-gov,Prof-specialty,0,0,60,39,1
38,Male,White,Divorced,1,278924,Some-college,Private,Craft-repair,0,0,44,39,0
40,Male,White,Divorced,1,168071,Assoc-acdm,Private,Prof-specialty,0,0,50,39,0
38,Male,White,Married-civ-spouse,0,187847,Assoc-voc,Private,Exec-managerial,0,0,50,39,1
55,Male,Black,Married-civ-spouse,0,120970,10th,Private,Craft-repair,0,0,40,39,1
20,Female,White,Never-married,3,137974,Some-college,Private,Other-service,0,0,30,39,0
49,Female,White,Divorced,4,97883,Bachelors,Private,Exec-managerial,0,0,40,39,0
36,Male,White,Married-civ-spouse,0,166606,11th,Private,Craft-repair,0,0,40,39,0
32,Male,White,Married-civ-spouse,0,245378,HS-grad,Private,Sales,0,0,60,39,0
26,Male,White,Never-married,1,459548,HS-grad,Private,Handlers-cleaners,0,0,20,26,0
51,Male,White,Married-civ-spouse,0,206775,Some-college,Private,Handlers-cleaners,0,0,50,39,0
17,Male,White,Never-married,3,317681,11th,Private,Craft-repair,0,0,10,39,0
30,Male,Black,Separated,1,178383,Some-college,Local-gov,Handlers-cleaners,0,0,40,39,0
36,Male,White,Separated,3,111128,HS-grad,Private,Craft-repair,0,0,40,39,0
45,Male,White,Divorced,1,339863,Bachelors,Private,Sales,8614,0,48,39,1
52,Female,White,Never-married,1,37289,Masters,Federal-gov,Adm-clerical,0,0,40,39,1
35,Female,White,Married-civ-spouse,5,256992,5th-6th,Self-emp-not-inc,Other-service,0,0,15,26,0
61,Male,White,Married-civ-spouse,0,162397,Bachelors,Private,Sales,0,0,40,39,1
24,Female,White,Never-married,3,225724,Bachelors,Private,Adm-clerical,0,0,20,39,0
45,Male,White,Married-civ-spouse,0,172822,HS-grad,Private,Machine-op-inspct,0,0,52,39,1
52,Male,White,Married-civ-spouse,0,194995,Bachelors,Self-emp-not-inc,Sales,15024,0,55,39,1
20,Male,White,Never-married,3,373935,HS-grad,Private,Handlers-cleaners,0,0,35,39,0
55,Male,White,Married-civ-spouse,0,184425,Some-college,Self-emp-not-inc,Farming-fishing,0,0,99,39,1
49,Male,White,Married-civ-spouse,0,296849,Some-college,Private,Exec-managerial,0,0,40,39,1
44,Female,White,Divorced,4,101689,Some-college,Local-gov,Adm-clerical,0,0,40,39,0
30,Female,White,Married-civ-spouse,5,74966,Assoc-voc,Private,Adm-clerical,0,0,24,39,0
31,Female,Amer-Indian-Eskimo,Married-civ-spouse,5,264864,HS-grad,Private,Machine-op-inspct,0,0,40,39,0
51,Female,White,Divorced,1,341548,Some-college,State-gov,Adm-clerical,0,0,40,39,0
31,Male,White,Never-married,1,113530,HS-grad,Self-emp-inc,Craft-repair,0,0,45,39,0
51,Male,White,Divorced,4,182740,HS-grad,Private,Prof-specialty,0,0,40,39,0
18,Female,Black,Never-married,3,282394,Some-college,Private,Sales,0,0,21,39,0
26,Female,White,Never-married,1,340335,Bachelors,Private,Adm-clerical,0,0,40,39,0
35,Male,White,Never-married,1,140752,HS-grad,Private,Sales,0,0,25,39,0
59,Male,White,Married-civ-spouse,0,187502,Some-college,Self-emp-inc,Craft-repair,0,0,50,39,1
25,Female,White,Married-civ-spouse,5,203871,Assoc-voc,Private,Prof-specialty,0,1887,40,39,1
20,Female,White,Never-married,3,163665,Some-college,Private,Transport-moving,0,0,17,39,0
40,Male,White,Divorced,1,144928,Some-college,Private,Craft-repair,0,0,40,39,0
24,Female,White,Married-civ-spouse,5,330571,Bachelors,Private,Prof-specialty,0,0,40,39,0
56,Female,White,Married-civ-spouse,5,187355,Some-college,Self-emp-inc,Sales,0,0,60,2,1
44,Male,White,Married-civ-spouse,0,242861,HS-grad,Private,Transport-moving,0,0,40,39,0
23,Male,White,Never-married,3,39615,Some-college,Private,Handlers-cleaners,0,0,10,39,0
43,Male,White,Married-civ-spouse,0,193755,Bachelors,Local-gov,Prof-specialty,0,0,40,39,0
46,Male,Black,Married-civ-spouse,0,224559,HS-grad,Private,Transport-moving,0,0,40,39,0
56,Male,White,Married-civ-spouse,0,115422,HS-grad,Self-emp-not-inc,Exec-managerial,0,0,35,39,0
40,Male,White,Married-civ-spouse,0,572751,Prof-school,Private,Craft-repair,5178,0,40,26,1
35,Male,White,Married-civ-spouse,0,197365,HS-grad,Private,Farming-fishing,0,0,40,39,0
35,Male,White,Married-civ-spouse,0,338320,HS-grad,Self-emp-inc,Exec-managerial,0,0,50,39,1
24,Male,White,Married-civ-spouse,0,418405,HS-grad,Private,Craft-repair,0,0,40,39,0
34,Male,White,Never-married,1,62374,HS-grad,Private,Craft-repair,0,0,48,39,0
57,Male,White,Married-civ-spouse,0,225927,10th,Private,Machine-op-inspct,0,0,40,39,0
42,Female,Black,Married-civ-spouse,5,82297,7th-8th,Self-emp-not-inc,Other-service,0,0,50,39,0
35,Female,White,Widowed,4,176279,Some-college,Private,Adm-clerical,0,0,30,39,0
29,Female,White,Never-married,2,184078,HS-grad,Private,Other-service,0,0,40,39,0
50,Male,White,Married-civ-spouse,0,158284,Some-college,Private,Machine-op-inspct,0,0,40,39,0
42,Male,White,Married-civ-spouse,0,121012,Some-college,Local-gov,Exec-managerial,0,0,45,39,1
42,Male,Other,Married-civ-spouse,3,367533,10th,Private,Craft-repair,0,0,43,39,1
25,Male,Black,Never-married,2,348986,HS-grad,Local-gov,Handlers-cleaners,0,0,40,39,0
29,Female,Black,Never-married,1,262208,Some-college,Private,Other-service,0,0,30,23,0
49,Male,Black,Married-civ-spouse,0,211005,Some-college,Private,Machine-op-inspct,0,0,60,39,0
25,Male,White,Never-married,3,190107,Bachelors,Private,Craft-repair,0,0,40,39,0
23,Female,White,Separated,2,148709,HS-grad,Private,Handlers-cleaners,0,0,40,39,0
27,Male,Black,Never-married,4,328981,HS-grad,Private,Machine-op-inspct,0,0,40,39,0
60,Male,White,Married-civ-spouse,0,33717,11th,Self-emp-not-inc,Farming-fishing,0,0,50,39,0
49,Male,White,Divorced,1,105614,HS-grad,Self-emp-not-inc,Sales,0,0,50,39,1
23,Male,White,Never-married,1,182342,HS-grad,Private,Craft-repair,0,0,40,39,0
62,Male,White,Married-civ-spouse,0,588484,Bachelors,Private,Sales,0,0,20,39,1
21,Female,White,Never-married,3,107801,Some-college,Other,Other,0,0,6,39,0
47,Male,White,Married-civ-spouse,0,357848,HS-grad,Private,Craft-repair,0,0,40,39,1
35,Male,White,Married-civ-spouse,0,135162,Some-college,Private,Craft-repair,0,0,50,39,0
44,Male,White,Married-civ-spouse,0,171615,HS-grad,Private,Transport-moving,0,0,45,39,0
25,Female,Amer-Indian-Eskimo,Never-married,4,25386,Assoc-voc,Private,Other-service,0,0,40,39,0
39,Male,White,Married-civ-spouse,0,210991,HS-grad,Private,Craft-repair,0,0,40,39,0
39,Male,White,Married-civ-spouse,0,236391,HS-grad,Local-gov,Machine-op-inspct,0,0,38,39,1
23,Male,White,Married-civ-spouse,0,32897,Assoc-acdm,Other,Other,0,0,20,39,0
24,Female,White,Never-married,3,124242,HS-grad,Private,Adm-clerical,0,0,40,39,0
35,Male,White,Married-civ-spouse,0,234901,Some-college,Private,Craft-repair,2407,0,40,39,0
53,Male,White,Married-civ-spouse,0,197184,Masters,State-gov,Exec-managerial,0,0,70,39,1
39,Male,White,Married-civ-spouse,0,202027,Bachelors,Private,Exec-managerial,15024,0,45,39,1
54,Female,White,Married-civ-spouse,5,155433,HS-grad,Private,Other-service,0,0,35,39,0
18,Male,White,Divorced,3,57413,Some-college,Private,Other-service,0,0,15,39,0
31,Male,White,Married-civ-spouse,0,167319,Bachelors,Private,Exec-managerial,0,0,40,39,0
41,Male,White,Married-civ-spouse,0,151089,Some-college,Self-emp-inc,Exec-managerial,0,2415,55,39,1
60,Male,White,Married-civ-spouse,0,268954,Some-college,Other,Other,0,0,12,39,1
23,Male,White,Never-married,3,162228,HS-grad,Private,Transport-moving,0,0,40,39,0
44,Female,White,Married-civ-spouse,5,105862,Some-college,Private,Exec-managerial,0,0,70,39,1
44,Female,White,Divorced,4,212888,Bachelors,Private,Exec-managerial,0,0,45,39,0
24,Male,Asian-Pac-Islander,Never-married,3,154571,Some-college,Private,Adm-clerical,0,0,20,39,0
51,Female,White,Divorced,4,87205,Bachelors,Private,Prof-specialty,0,0,55,9,0
41,Male,White,Never-married,1,320744,HS-grad,Private,Craft-repair,3325,0,50,39,0
40,Male,White,Married-civ-spouse,0,367533,Some-college,Private,Machine-op-inspct,2580,0,40,39,0
40,Male,White,Married-civ-spouse,0,185145,Doctorate,Private,Prof-specialty,0,0,40,39,1
19,Female,White,Never-married,3,292590,Some-college,Private,Other-service,0,0,20,39,0
48,Male,White,Married-civ-spouse,0,173938,HS-grad,Private,Exec-managerial,0,0,60,39,0
36,Female,White,Never-married,1,348728,Bachelors,Local-gov,Prof-specialty,0,0,35,39,0
53,Male,White,Married-civ-spouse,0,207449,10th,Local-gov,Other-service,0,0,40,39,0
19,Female,White,Never-married,3,41745,Some-college,Private,Exec-managerial,0,0,40,39,0
27,Male,Black,Never-married,1,191230,Some-college,Private,Handlers-cleaners,0,0,25,39,0
38,Male,Asian-Pac-Islander,Separated,1,176657,Some-college,Self-emp-not-inc,Sales,0,0,60,24,0
21,Female,White,Never-married,1,39236,Some-college,State-gov,Prof-specialty,0,0,8,39,0
30,Female,Black,Never-married,4,154297,10th,Private,Machine-op-inspct,0,0,40,39,0
23,Female,White,Never-married,3,198992,HS-grad,Private,Adm-clerical,0,0,35,39,0
49,Male,White,Married-civ-spouse,0,275845,Some-college,Self-emp-not-inc,Exec-managerial,0,0,60,39,0
26,Female,White,Never-married,3,152035,HS-grad,Private,Adm-clerical,0,0,40,39,0
27,Male,Amer-Indian-Eskimo,Divorced,1,204497,10th,Private,Transport-moving,0,0,75,39,0
49,Female,White,Separated,1,83622,Assoc-acdm,Private,Adm-clerical,2597,0,40,39,0
35,Male,White,Married-civ-spouse,0,465326,Bachelors,Private,Sales,0,0,40,39,0
58,Female,White,Widowed,1,163113,HS-grad,Private,Sales,0,0,35,39,1
46,Male,White,Married-civ-spouse,0,192323,Some-college,Local-gov,Protective-serv,0,0,38,39,1
50,Female,Amer-Indian-Eskimo,Married-spouse-absent,4,78649,Some-college,State-gov,Adm-clerical,0,0,40,39,0
26,Male,White,Never-married,1,213385,Some-college,Private,Other-service,0,0,20,39,0
57,Female,White,Widowed,2,118806,1st-4th,Self-emp-not-inc,Craft-repair,0,1602,45,4,0
22,Male,White,Married-civ-spouse,0,33087,HS-grad,Private,Farming-fishing,0,0,45,39,0
51,Female,White,Married-civ-spouse,5,25031,Some-college,Private,Exec-managerial,0,0,10,39,1
55,Female,White,Widowed,1,31365,Bachelors,Local-gov,Prof-specialty,0,0,40,39,1
51,Male,White,Married-civ-spouse,0,158948,HS-grad,Private,Transport-moving,0,0,84,39,1
62,Male,White,Divorced,1,57970,7th-8th,Private,Handlers-cleaners,0,0,40,39,0
52,Male,White,Married-civ-spouse,0,155983,Bachelors,Private,Exec-managerial,0,0,40,39,1
48,Male,White,Divorced,1,178686,HS-grad,Private,Craft-repair,0,0,40,39,0
48,Male,White,Divorced,1,156926,Bachelors,Private,Adm-clerical,0,0,40,39,0
34,Female,White,Never-married,3,188798,Bachelors,Private,Prof-specialty,0,0,40,39,0
22,Female,White,Never-married,3,113062,Bachelors,Private,Exec-managerial,0,0,7,39,0
43,Male,White,Married-civ-spouse,0,171841,Bachelors,Private,Sales,0,0,40,39,1
37,Male,White,Never-married,1,295949,HS-grad,Private,Machine-op-inspct,0,0,40,39,0
50,Male,White,Separated,1,69614,10th,Federal-gov,Craft-repair,0,0,56,39,0
40,Male,Black,Never-married,2,155190,10th,Private,Craft-repair,0,0,55,39,0
25,Male,White,Married-civ-spouse,0,333677,9th,Private,Machine-op-inspct,0,0,45,39,0
35,Male,White,Never-married,4,82552,HS-grad,Private,Craft-repair,0,0,35,39,0
23,Female,White,Never-married,1,288771,Some-college,Private,Adm-clerical,0,0,30,39,0
65,Male,White,Married-civ-spouse,0,197883,10th,Other,Other,0,0,70,39,0
27,Female,White,Never-married,1,253814,Some-college,Private,Adm-clerical,0,0,40,39,0
21,Female,White,Never-married,1,171156,Some-college,Other,Other,0,0,35,39,0
44,Female,White,Married-civ-spouse,5,109912,Bachelors,Other,Other,0,0,16,39,1
39,Male,White,Divorced,3,120985,HS-grad,Private,Other-service,0,0,40,39,0
73,Male,White,Married-civ-spouse,0,241121,7th-8th,Self-emp-not-inc,Farming-fishing,0,0,40,39,0
23,Male,White,Never-married,3,238092,Bachelors,Private,Prof-specialty,0,0,40,39,0
37,Male,White,Married-civ-spouse,0,212512,HS-grad,Private,Machine-op-inspct,3464,0,50,39,0
31,Male,White,Married-civ-spouse,0,45604,HS-grad,Private,Exec-managerial,0,0,54,39,0
20,Male,White,Never-married,1,493443,11th,Private,Handlers-cleaners,0,0,40,39,0
46,Female,White,Separated,4,308077,Prof-school,Federal-gov,Prof-specialty,0,0,40,11,1
41,Male,White,Married-civ-spouse,0,177305,Assoc-acdm,Private,Craft-repair,0,0,60,39,1
49,Female,White,Divorced,4,107597,HS-grad,Self-emp-not-inc,Exec-managerial,14084,0,30,39,1
75,Male,White,Widowed,1,98116,Some-college,Self-emp-inc,Sales,0,0,40,39,1
31,Male,White,Married-civ-spouse,0,149507,Assoc-voc,Private,Craft-repair,3464,0,38,39,0
28,Male,White,Married-civ-spouse,0,214858,HS-grad,Private,Transport-moving,0,0,40,39,0
62,Male,White,Married-civ-spouse,0,202242,HS-grad,Private,Machine-op-inspct,0,0,48,39,0
38,Male,Black,Married-civ-spouse,0,229700,Masters,Private,Prof-specialty,0,0,40,39,1
34,Female,White,Married-civ-spouse,5,143699,HS-grad,Private,Sales,0,0,15,39,0
36,Male,White,Married-civ-spouse,0,261241,HS-grad,Private,Machine-op-inspct,0,0,50,39,1
19,Female,White,Never-married,1,269657,Some-college,Private,Sales,0,0,35,39,0
20,Female,White,Never-married,3,215495,Some-college,Private,Adm-clerical,0,0,40,26,0
33,Female,White,Never-married,1,101562,Masters,Private,Exec-managerial,0,0,40,39,0
37,Male,White,Married-civ-spouse,0,105803,HS-grad,Private,Handlers-cleaners,0,0,40,39,0
40,Male,White,Married-civ-spouse,0,199303,HS-grad,Private,Adm-clerical,0,0,40,39,0
36,Male,White,Never-married,1,112074,Doctorate,State-gov,Prof-specialty,0,0,45,39,0
32,Male,White,Married-civ-spouse,0,207284,HS-grad,Private,Machine-op-inspct,0,0,40,39,0
39,Male,Black,Never-married,2,491000,Bachelors,Private,Exec-managerial,0,0,45,39,0
52,Female,White,Married-civ-spouse,5,92968,Masters,Other,Other,15024,0,40,39,1
55,Female,White,Married-civ-spouse,5,143949,Masters,Local-gov,Prof-specialty,3103,0,45,39,1
19,Female,White,Never-married,3,166018,Some-college,Other,Other,0,0,40,39,0
24,Female,White,Never-married,1,170070,Bachelors,Private,Tech-support,0,0,20,39,0
43,Male,White,Married-civ-spouse,0,244172,HS-grad,Private,Machine-op-inspct,0,0,35,0,0
32,Male,White,Married-civ-spouse,2,270335,Bachelors,Private,Adm-clerical,0,0,40,30,1
42,Female,Amer-Indian-Eskimo,Married-civ-spouse,5,119359,Prof-school,Private,Sales,15024,0,40,35,1
78,Female,White,Never-married,1,111189,7th-8th,Private,Machine-op-inspct,0,0,35,6,0
60,Male,White,Married-civ-spouse,0,389254,HS-grad,Private,Sales,0,0,40,39,1
24,Female,White,Never-married,1,259865,HS-grad,Private,Adm-clerical,0,0,30,39,0
34,Male,White,Married-civ-spouse,0,157466,HS-grad,Self-emp-inc,Adm-clerical,0,0,45,39,0
30,Male,White,Never-married,2,114691,Bachelors,Private,Adm-clerical,0,0,40,39,0
33,Female,Black,Never-married,4,159548,Assoc-acdm,Federal-gov,Adm-clerical,0,0,40,39,0
45,Male,Black,Married-civ-spouse,0,256649,HS-grad,Private,Machine-op-inspct,0,0,40,39,0
54,Male,White,Married-civ-spouse,0,410114,HS-grad,Other,Other,0,0,40,39,0
36,Female,White,Divorced,4,116608,HS-grad,Private,Machine-op-inspct,0,0,38,39,0
54,Male,White,Married-civ-spouse,0,185407,Some-college,Private,Farming-fishing,0,0,40,39,0
35,Male,White,Separated,1,172186,Some-college,Private,Craft-repair,0,0,40,39,0
23,Male,Black,Never-married,1,240398,Bachelors,Private,Sales,0,0,15,39,0
69,Male,White,Married-civ-spouse,0,76968,9th,Self-emp-not-inc,Farming-fishing,0,0,25,39,0
51,Female,Black,Never-married,4,91137,9th,Private,Other-service,0,0,40,39,0
39,Male,White,Married-civ-spouse,0,258102,Some-college,Private,Handlers-cleaners,0,0,50,39,0
44,Female,White,Married-civ-spouse,5,175943,Bachelors,Private,Prof-specialty,0,0,20,39,0
68,Male,White,Married-civ-spouse,0,171933,7th-8th,Private,Craft-repair,0,0,40,39,0
29,Male,White,Married-civ-spouse,0,35032,HS-grad,Private,Craft-repair,0,0,40,39,0
47,Female,Black,Divorced,4,166894,Some-college,Self-emp-not-inc,Prof-specialty,0,0,40,39,0
45,Male,White,Married-civ-spouse,0,155664,5th-6th,Self-emp-inc,Craft-repair,0,0,40,0,1
36,Male,White,Married-civ-spouse,0,175232,HS-grad,Private,Craft-repair,5178,0,40,39,1
29,Female,White,Separated,4,125976,HS-grad,Private,Sales,0,0,35,39,0
40,Male,White,Married-civ-spouse,0,182136,HS-grad,Private,Transport-moving,0,0,40,39,0
35,Male,White,Married-civ-spouse,0,176101,HS-grad,Self-emp-not-inc,Farming-fishing,0,0,80,39,1
42,Female,White,Married-civ-spouse,5,344920,Some-college,Self-emp-not-inc,Farming-fishing,0,0,50,39,0
19,Female,White,Never-married,3,26620,Some-college,Other,Other,0,0,40,39,0
39,Male,White,Married-civ-spouse,0,83893,HS-grad,Private,Adm-clerical,0,0,40,39,1
27,Female,White,Divorced,1,109997,HS-grad,Private,Other-service,0,0,40,39,0
41,Male,Asian-Pac-Islander,Married-civ-spouse,0,126850,Prof-school,Private,Adm-clerical,0,0,40,30,0
25,Male,White,Never-married,1,159732,Bachelors,Private,Prof-specialty,0,0,40,39,0
37,Male,White,Married-civ-spouse,0,249208,Assoc-voc,Private,Prof-specialty,0,0,48,39,1
28,Male,White,Married-civ-spouse,0,70604,HS-grad,Private,Handlers-cleaners,0,0,38,39,0
38,Male,White,Married-civ-spouse,0,414791,Bachelors,Local-gov,Exec-managerial,0,0,42,39,1
54,Male,White,Married-civ-spouse,0,146310,HS-grad,Private,Transport-moving,0,0,50,39,0
35,Male,White,Married-civ-spouse,0,193815,Assoc-acdm,Private,Adm-clerical,0,0,40,39,1
17,Female,White,Never-married,3,112795,10th,Private,Other-service,0,0,15,39,0
23,Male,Amer-Indian-Eskimo,Never-married,3,23037,12th,Private,Handlers-cleaners,0,0,40,39,0
47,Female,White,Married-civ-spouse,5,194360,HS-grad,Local-gov,Other-service,0,0,7,39,1
47,Female,White,Divorced,4,213745,Some-college,Self-emp-not-inc,Other-service,0,0,45,39,0
21,Female,White,Never-married,2,242912,HS-grad,Private,Other-service,0,0,35,39,0
43,Male,Asian-Pac-Islander,Married-spouse-absent,1,72887,Bachelors,Federal-gov,Tech-support,0,0,40,39,0
58,Female,White,Never-married,1,187067,Bachelors,Private,Prof-specialty,0,0,62,2,0
64,Male,White,Married-civ-spouse,0,150121,Doctorate,Self-emp-not-inc,Exec-managerial,0,0,25,39,1
19,Male,White,Never-married,3,229756,HS-grad,Private,Sales,0,0,50,39,0
33,Male,White,Never-married,1,157446,11th,Private,Craft-repair,0,0,65,39,0
29,Male,White,Never-married,2,119793,Some-college,Private,Sales,0,0,50,39,0
31,Male,White,Married-civ-spouse,0,206051,Bachelors,Private,Adm-clerical,0,0,40,39,1
52,Male,White,Married-civ-spouse,0,104280,Some-college,State-gov,Tech-support,0,0,50,39,0
29,Male,White,Married-civ-spouse,0,244473,Assoc-voc,Private,Tech-support,0,2051,40,39,0
19,Male,White,Never-married,3,172582,Some-college,Other,Other,0,0,50,39,0
21,Male,White,Never-married,3,228649,Some-college,Other,Other,0,0,20,39,0
17,Female,White,Never-married,3,145886,11th,Other,Other,0,0,30,39,0
50,Male,White,Divorced,4,178596,HS-grad,Private,Craft-repair,0,1408,50,39,0
64,Male,White,Married-civ-spouse,0,477697,HS-grad,Private,Exec-managerial,0,0,16,39,0
29,Female,Black,Never-married,4,37933,Bachelors,Private,Exec-managerial,0,0,40,39,0
75,Male,Black,Married-civ-spouse,0,205860,Some-college,Self-emp-not-inc,Craft-repair,0,1735,40,39,0
28,Female,White,Never-married,1,188236,Some-college,Private,Adm-clerical,0,0,40,39,0
33,Male,White,Married-civ-spouse,0,37274,Some-college,Private,Sales,0,0,40,39,0
44,Male,Black,Never-married,1,143368,Some-college,Private,Other-service,0,0,55,39,0
29,Male,White,Married-civ-spouse,0,88432,Assoc-voc,Private,Craft-repair,0,0,50,39,0
30,Female,Asian-Pac-Islander,Divorced,2,243841,HS-grad,Private,Other-service,0,0,40,35,0
39,Male,White,Married-civ-spouse,0,207568,HS-grad,Private,Handlers-cleaners,0,0,48,39,1
50,Male,Asian-Pac-Islander,Married-civ-spouse,0,131982,HS-grad,Self-emp-not-inc,Other-service,0,0,60,35,0
43,Male,White,Married-civ-spouse,0,154076,Some-college,Private,Handlers-cleaners,0,0,40,39,1
24,Female,White,Never-married,3,267945,Bachelors,Private,Adm-clerical,0,0,40,39,0
31,Male,White,Married-civ-spouse,0,153005,Bachelors,Local-gov,Prof-specialty,0,0,40,39,1
58,Male,White,Married-civ-spouse,0,236596,Some-college,Private,Exec-managerial,0,0,40,39,1
68,Female,Black,Widowed,4,233954,Masters,Local-gov,Prof-specialty,0,0,40,39,1
28,Male,White,Never-married,1,70100,Bachelors,Self-emp-not-inc,Prof-specialty,0,0,60,39,0
32,Female,Black,Divorced,4,211751,Assoc-voc,Private,Other-service,0,0,40,39,0
42,Male,White,Married-civ-spouse,0,149210,Bachelors,Private,Prof-specialty,7298,0,45,39,1
30,Male,White,Separated,1,97281,Some-college,Other,Other,0,0,60,39,0
18,Female,White,Never-married,2,28648,11th,Private,Other-service,0,0,40,39,0
24,Female,White,Never-married,1,261561,Bachelors,Private,Prof-specialty,0,0,40,39,0
33,Male,White,Married-civ-spouse,0,173806,Assoc-acdm,Local-gov,Handlers-cleaners,0,0,40,39,0
72,Male,White,Married-civ-spouse,0,139889,Some-college,Self-emp-not-inc,Farming-fishing,0,0,74,39,0
23,Female,White,Divorced,3,200967,HS-grad,Private,Other-service,0,0,10,39,0
45,Male,White,Married-civ-spouse,0,155489,7th-8th,Self-emp-not-inc,Exec-managerial,0,0,65,39,1
20,Female,White,Never-married,3,185554,Some-college,Private,Adm-clerical,0,0,25,39,0
74,Female,White,Widowed,1,95825,Some-college,Other,Other,0,0,3,39,0
40,Female,White,Divorced,1,188465,HS-grad,Private,Other-service,0,0,35,39,0
48,Female,Black,Separated,1,246392,Assoc-acdm,Local-gov,Adm-clerical,0,0,40,39,0
27,Female,Black,Separated,4,188343,HS-grad,Federal-gov,Exec-managerial,0,0,40,39,0
60,Male,White,Married-civ-spouse,0,137733,Bachelors,Self-emp-not-inc,Farming-fishing,0,0,50,39,0
18,Male,White,Never-married,3,297396,HS-grad,Other,Other,0,0,10,39,0
43,Female,White,Divorced,4,183891,HS-grad,Private,Exec-managerial,0,0,40,39,0
48,Male,White,Married-civ-spouse,0,145636,HS-grad,Private,Machine-op-inspct,0,0,60,39,1
24,Male,White,Never-married,1,388885,HS-grad,Private,Machine-op-inspct,0,0,48,39,0
51,Male,White,Married-civ-spouse,0,53197,Some-college,Private,Craft-repair,0,0,40,39,1
23,Male,White,Never-married,3,114357,HS-grad,Private,Tech-support,0,0,50,39,0
62,Male,White,Married-civ-spouse,0,135480,HS-grad,Private,Sales,0,0,16,39,0
31,Male,White,Never-married,1,203488,Assoc-acdm,Federal-gov,Adm-clerical,0,0,40,39,0
31,Male,White,Married-civ-spouse,0,303851,HS-grad,Private,Transport-moving,0,0,50,39,0
44,Female,White,Married-civ-spouse,5,138966,HS-grad,Private,Adm-clerical,0,0,38,39,0
46,Male,Black,Married-civ-spouse,0,441542,Bachelors,Local-gov,Transport-moving,0,0,40,39,0
50,Male,White,Divorced,4,195784,12th,Private,Handlers-cleaners,0,0,40,39,0
27,Male,White,Married-AF-spouse,0,29261,HS-grad,Private,Craft-repair,0,0,40,39,1
37,Male,White,Never-married,1,127961,HS-grad,Private,Machine-op-inspct,0,0,40,39,0
33,Male,Black,Never-married,1,124187,11th,Private,Transport-moving,0,0,60,39,0
26,Female,White,Never-married,4,111243,HS-grad,Private,Adm-clerical,0,0,35,39,0
17,Female,White,Never-married,3,347322,10th,Private,Sales,0,0,20,39,0
40,Female,Asian-Pac-Islander,Divorced,1,306225,HS-grad,Private,Craft-repair,0,0,40,24,0
41,Male,White,Married-civ-spouse,0,214838,Masters,Federal-gov,Exec-managerial,0,0,60,39,1
38,Male,White,Divorced,1,27997,Assoc-voc,Private,Craft-repair,0,0,40,39,0
83,Male,White,Married-civ-spouse,0,240150,10th,Self-emp-inc,Farming-fishing,20051,0,50,39,1
45,Male,White,Married-civ-spouse,0,198660,Some-college,State-gov,Prof-specialty,0,0,40,39,1
31,Male,White,Divorced,1,254304,10th,Private,Craft-repair,0,0,38,39,0
21,Male,White,Never-married,4,187513,Assoc-voc,Private,Craft-repair,0,0,40,39,0
20,Female,White,Never-married,4,24395,Some-college,Other,Other,0,0,20,39,0
73,Male,White,Married-civ-spouse,0,135601,Bachelors,Other,Other,0,0,10,39,0
40,Female,White,Separated,4,116218,Some-college,Private,Adm-clerical,0,0,45,39,0
23,Male,White,Never-married,3,227471,HS-grad,Private,Handlers-cleaners,0,0,24,39,0
25,Male,White,Never-married,1,198986,Bachelors,Private,Adm-clerical,0,0,40,39,1
39,Female,White,Never-married,4,108069,Some-college,Private,Craft-repair,0,0,40,39,0
32,Female,White,Never-married,4,237903,Bachelors,Private,Prof-specialty,0,0,40,39,0
60,Male,White,Married-civ-spouse,0,78913,Some-college,Self-emp-not-inc,Exec-managerial,0,0,50,39,0
26,Female,Other,Never-married,3,152855,HS-grad,Private,Exec-managerial,0,0,40,26,0
22,Female,White,Never-married,3,204226,HS-grad,Private,Exec-managerial,0,0,40,39,0
69,Male,White,Married-civ-spouse,0,122850,HS-grad,Private,Craft-repair,0,0,16,39,0
43,Female,White,Married-civ-spouse,5,178866,HS-grad,Private,Adm-clerical,0,0,25,39,1
51,Female,White,Divorced,4,203435,Some-college,Private,Sales,0,0,40,22,0
45,Male,White,Married-civ-spouse,0,343377,Some-college,Private,Adm-clerical,0,0,40,39,0
25,Male,White,Never-married,4,212304,HS-grad,Private,Machine-op-inspct,0,0,40,39,0
30,Female,Black,Never-married,3,56004,Some-college,Private,Exec-managerial,0,0,40,39,0
45,Male,White,Married-civ-spouse,0,220978,HS-grad,Self-emp-not-inc,Exec-managerial,0,0,50,39,0
26,Female,Black,Never-married,1,76996,Some-college,Private,Machine-op-inspct,0,0,38,39,0
35,Male,White,Married-civ-spouse,0,210945,HS-grad,Private,Handlers-cleaners,0,0,50,39,0
50,Male,White,Married-civ-spouse,0,201882,Masters,Private,Machine-op-inspct,0,0,30,39,0
60,Male,White,Married-civ-spouse,0,141580,HS-grad,Other,Other,0,0,50,39,1
51,Male,White,Married-civ-spouse,0,193720,HS-grad,State-gov,Craft-repair,0,0,56,39,1
61,Male,White,Separated,1,156542,Prof-school,Self-emp-inc,Prof-specialty,0,0,40,39,1
56,Male,White,Married-civ-spouse,0,165881,HS-grad,Self-emp-inc,Sales,0,0,50,39,1
39,Male,White,Married-civ-spouse,0,33975,Some-college,Private,Sales,0,0,40,39,1
41,Female,Black,Separated,2,111891,HS-grad,Private,Machine-op-inspct,0,0,40,39,0
38,Female,Black,Married-civ-spouse,5,462832,Some-college,State-gov,Exec-managerial,0,0,40,38,0
44,Male,Other,Married-civ-spouse,0,291568,HS-grad,Private,Farming-fishing,0,0,40,39,0
48,Female,White,Never-married,1,108699,HS-grad,Private,Adm-clerical,0,0,40,39,0
43,Male,White,Divorced,4,250802,Some-college,Private,Craft-repair,0,0,35,39,0
47,Male,White,Married-civ-spouse,0,120131,Bachelors,Private,Sales,0,0,40,39,1
31,Female,Black,Divorced,4,283531,HS-grad,Other,Other,0,0,20,39,0
53,Male,Black,Married-civ-spouse,0,209906,1st-4th,Private,Other-service,0,0,35,33,0
53,Male,Other,Divorced,1,228723,HS-grad,Local-gov,Craft-repair,0,0,40,0,1
49,Male,White,Married-civ-spouse,0,175958,Some-college,Private,Sales,0,0,80,39,1
64,Female,White,Married-civ-spouse,5,178724,HS-grad,Other,Other,0,0,20,39,0
22,Male,White,Never-married,3,97508,HS-grad,Private,Other-service,0,0,50,39,0
29,Female,Black,Never-married,4,190350,12th,Private,Other-service,0,0,35,0,0
55,Male,White,Married-civ-spouse,0,26683,HS-grad,Self-emp-not-inc,Farming-fishing,0,0,60,39,0
56,Male,White,Never-married,1,56331,HS-grad,Private,Machine-op-inspct,0,0,32,39,0
77,Male,White,Married-civ-spouse,0,143516,Masters,Other,Other,0,0,8,39,1
48,Male,White,Married-civ-spouse,0,123075,Assoc-voc,Private,Tech-support,0,0,40,39,1
22,Female,White,Never-married,3,134192,Some-college,State-gov,Tech-support,0,0,10,39,0
25,Male,White,Separated,2,312966,9th,Private,Handlers-cleaners,0,0,40,8,0
71,Male,White,Married-civ-spouse,0,180117,10th,Private,Machine-op-inspct,0,0,40,39,0
41,Male,White,Married-civ-spouse,0,265266,Assoc-acdm,Private,Tech-support,0,0,40,39,0
23,Female,White,Divorced,1,184370,HS-grad,Self-emp-not-inc,Other-service,0,0,40,39,0
61,Male,White,Never-married,3,139391,Some-college,Private,Tech-support,0,0,16,39,0
44,Male,White,Married-civ-spouse,0,191814,Some-college,Private,Prof-specialty,0,0,45,39,1
24,Female,White,Never-married,3,174461,Some-college,Private,Exec-managerial,0,0,45,39,0
35,Male,White,Married-civ-spouse,0,35330,HS-grad,Private,Craft-repair,0,0,40,39,0
70,Male,Black,Married-civ-spouse,0,205860,Masters,Self-emp-not-inc,Exec-managerial,0,0,40,39,0
37,Male,Asian-Pac-Islander,Married-civ-spouse,0,191342,1st-4th,Private,Craft-repair,0,0,40,1,0
20,Female,White,Never-married,1,41356,Assoc-acdm,Other,Other,0,0,32,39,0
33,Male,Black,Never-married,1,124187,Assoc-acdm,Self-emp-not-inc,Other-service,0,0,32,39,0
43,Female,White,Never-married,4,206878,HS-grad,Private,Adm-clerical,0,0,60,39,0
26,Female,White,Never-married,3,202203,5th-6th,Private,Adm-clerical,0,0,40,26,0
19,Female,Asian-Pac-Islander,Never-married,3,71592,Some-college,Other,Other,0,0,40,39,0
26,Male,Asian-Pac-Islander,Never-married,1,162302,Some-college,Private,Machine-op-inspct,0,0,40,30,0
28,Male,White,Married-civ-spouse,0,42003,Some-college,Federal-gov,Adm-clerical,0,0,40,39,1
43,Female,White,Divorced,1,128354,HS-grad,Private,Exec-managerial,0,0,40,39,0
67,Male,White,Married-civ-spouse,0,274451,10th,Private,Transport-moving,0,0,16,39,0
47,Male,White,Married-civ-spouse,0,168109,HS-grad,Federal-gov,Adm-clerical,0,0,70,39,0
59,Male,White,Divorced,1,195835,7th-8th,Private,Transport-moving,0,0,40,39,0
36,Male,White,Married-civ-spouse,0,190759,Bachelors,Private,Prof-specialty,0,0,45,39,1
27,Male,White,Never-married,1,176727,Bachelors,State-gov,Prof-specialty,0,0,40,39,0
44,Male,Black,Married-civ-spouse,0,286750,Bachelors,Private,Exec-managerial,0,1902,40,39,1
41,Male,White,Divorced,1,284086,Assoc-voc,Self-emp-not-inc,Sales,0,0,60,39,0
32,Female,White,Never-married,1,168906,Assoc-acdm,Private,Adm-clerical,0,0,40,39,0
19,Female,White,Never-married,3,215891,Some-college,Federal-gov,Adm-clerical,0,0,10,39,0
36,Female,Black,Divorced,4,47310,Some-college,Federal-gov,Exec-managerial,0,0,40,39,1
29,Male,White,Never-married,3,95393,HS-grad,Local-gov,Other-service,0,0,20,39,0
57,Male,White,Married-civ-spouse,0,437727,Masters,Private,Prof-specialty,0,1977,45,39,1
32,Male,White,Married-civ-spouse,0,161153,HS-grad,Self-emp-inc,Farming-fishing,0,1902,55,39,1
24,Male,White,Never-married,3,236769,Assoc-acdm,Private,Exec-managerial,0,0,40,39,0
23,Male,Other,Never-married,3,123983,Bachelors,Other,Other,0,0,40,39,0
29,Male,White,Never-married,2,353352,Assoc-voc,Private,Craft-repair,0,0,40,39,0
63,Male,White,Married-civ-spouse,0,165667,HS-grad,Self-emp-inc,Exec-managerial,0,0,40,39,0
25,Male,White,Married-civ-spouse,0,264012,Bachelors,Private,Adm-clerical,0,0,45,39,1
34,Male,Asian-Pac-Islander,Married-civ-spouse,0,165737,Masters,Private,Prof-specialty,0,0,43,19,1
55,Male,White,Separated,1,163083,Bachelors,Private,Exec-managerial,14084,0,45,39,1
60,Female,White,Divorced,1,51290,7th-8th,Private,Other-service,0,0,40,39,0
33,Male,White,Married-civ-spouse,0,175697,Bachelors,Private,Exec-managerial,15024,0,60,39,1
40,Female,White,Married-spouse-absent,3,105936,HS-grad,Private,Adm-clerical,0,0,38,39,0
65,Male,Other,Widowed,4,161400,11th,Private,Other-service,0,0,40,39,0
51,Male,White,Married-civ-spouse,0,199688,Some-college,Private,Exec-managerial,0,0,45,39,0
19,Female,White,Never-married,3,139466,Some-college,Private,Sales,0,0,25,39,0
35,Male,White,Married-civ-spouse,0,82552,Assoc-acdm,Private,Tech-support,0,0,40,39,0
73,Male,White,Married-civ-spouse,0,26248,7th-8th,Private,Sales,0,0,30,39,1
49,Male,White,Married-civ-spouse,0,110172,HS-grad,Local-gov,Transport-moving,0,0,40,39,0
79,Female,White,Married-civ-spouse,5,100881,Assoc-acdm,Other,Other,0,0,2,39,1
34,Male,White,Married-civ-spouse,0,325792,Some-college,Local-gov,Craft-repair,0,0,40,39,0
45,Male,White,Married-civ-spouse,0,61885,Masters,Local-gov,Prof-specialty,0,0,37,39,1
20,Female,White,Never-married,3,179423,Some-college,Private,Handlers-cleaners,0,0,8,39,0
46,Male,White,Married-civ-spouse,0,111979,7th-8th,Private,Craft-repair,0,0,47,39,0
29,Male,White,Never-married,1,394927,Some-college,Self-emp-not-inc,Craft-repair,0,0,45,39,0
44,Male,Black,Married-civ-spouse,0,227399,Assoc-voc,Private,Exec-managerial,0,0,40,39,0
31,Male,Black,Divorced,3,326862,Some-college,Private,Craft-repair,0,0,40,39,0
46,Male,Asian-Pac-Islander,Married-civ-spouse,0,123053,Masters,Private,Exec-managerial,0,0,50,24,1
54,Male,White,Married-civ-spouse,0,249322,Bachelors,Private,Sales,7688,0,50,39,1
30,Female,Black,Never-married,1,364310,Bachelors,Local-gov,Prof-specialty,0,0,40,11,0
38,Male,White,Married-civ-spouse,0,189623,Bachelors,Private,Prof-specialty,0,1887,40,39,1
26,Male,White,Never-married,1,242651,Some-college,Self-emp-inc,Sales,0,0,48,39,0
38,Female,White,Married-civ-spouse,5,111398,Bachelors,Private,Prof-specialty,7688,0,40,39,1
55,Male,White,Married-civ-spouse,0,185195,Bachelors,Self-emp-not-inc,Exec-managerial,0,0,40,39,1
38,Male,White,Married-civ-spouse,0,28887,11th,Private,Sales,0,0,50,39,0
32,Male,White,Married-civ-spouse,0,106742,HS-grad,Private,Transport-moving,0,0,40,39,0
40,Male,White,Never-married,3,116632,Bachelors,Private,Sales,0,0,40,39,0
36,Female,Black,Never-married,1,47310,HS-grad,Private,Other-service,0,0,40,39,0
64,Male,White,Married-civ-spouse,0,108082,Some-college,Other,Other,0,0,40,39,0
22,Male,White,Never-married,3,194848,HS-grad,Private,Farming-fishing,0,0,40,39,0
65,Male,White,Married-civ-spouse,0,325537,Assoc-voc,Other,Other,0,0,50,39,1
22,Female,White,Never-married,1,333158,HS-grad,Private,Machine-op-inspct,0,0,48,39,0
34,Female,White,Divorced,3,290763,HS-grad,Private,Handlers-cleaners,0,0,40,39,0
31,Male,White,Never-married,3,58624,HS-grad,Local-gov,Transport-moving,0,0,40,39,0
44,Female,White,Divorced,4,205051,10th,Private,Adm-clerical,0,0,40,39,0
19,Male,White,Never-married,3,319889,HS-grad,Private,Other-service,0,0,25,39,0
46,Male,White,Married-civ-spouse,0,125892,Some-college,Local-gov,Protective-serv,0,0,40,39,1
30,Male,White,Never-married,1,292465,Bachelors,Self-emp-inc,Exec-managerial,0,0,40,39,0
26,Female,White,Married-civ-spouse,5,221626,Bachelors,Other,Other,0,0,40,39,0
28,Male,White,Never-married,1,211032,11th,Self-emp-not-inc,Craft-repair,0,0,40,26,0
22,Male,White,Never-married,1,72310,HS-grad,Private,Transport-moving,0,0,70,39,0
58,Female,White,Never-married,1,215245,Bachelors,Local-gov,Prof-specialty,0,0,37,39,0
38,Male,White,Married-civ-spouse,0,322143,Bachelors,Self-emp-not-inc,Other-service,0,0,10,39,0
23,Male,White,Never-married,3,203076,Some-college,Private,Machine-op-inspct,0,0,40,39,0
21,Female,White,Never-married,2,179720,HS-grad,Private,Other-service,0,0,30,39,0
39,Male,White,Married-civ-spouse,0,224531,HS-grad,Private,Craft-repair,7298,0,40,39,1
30,Male,White,Never-married,1,296453,HS-grad,Private,Craft-repair,0,0,35,39,0
33,Male,White,Never-married,3,205950,HS-grad,Private,Other-service,0,0,40,39,0
26,Female,White,Divorced,1,152436,HS-grad,Private,Adm-clerical,0,0,50,39,0
54,Male,White,Married-civ-spouse,0,145098,Some-college,Private,Sales,0,0,40,39,1
41,Male,White,Married-civ-spouse,0,193524,HS-grad,Private,Craft-repair,0,1485,40,39,0
53,Male,White,Married-civ-spouse,0,155963,Bachelors,Private,Sales,0,0,30,39,0
26,Male,White,Never-married,1,164488,Bachelors,Private,Exec-managerial,0,0,10,39,0
68,Male,White,Married-civ-spouse,0,242095,Bachelors,Local-gov,Exec-managerial,20051,0,40,39,1
35,Male,White,Married-civ-spouse,0,186815,HS-grad,Private,Machine-op-inspct,0,0,40,39,0
56,Male,White,Married-civ-spouse,0,216636,12th,Self-emp-inc,Exec-managerial,0,1651,40,39,0
31,Male,White,Married-civ-spouse,0,279015,Masters,Private,Exec-managerial,0,2415,70,36,1
32,Male,White,Married-civ-spouse,0,377836,Assoc-voc,Self-emp-inc,Exec-managerial,0,0,40,39,0
20,Male,White,Never-married,3,258517,Some-college,Private,Handlers-cleaners,0,0,25,39,0
54,Male,White,Married-civ-spouse,0,223752,Bachelors,Self-emp-inc,Exec-managerial,7688,0,40,0,1
21,Male,White,Never-married,1,236769,7th-8th,Self-emp-not-inc,Craft-repair,0,0,40,39,0
18,Male,Black,Never-married,2,211177,12th,Other,Other,0,0,20,39,0
34,Male,Black,Divorced,1,162814,HS-grad,Private,Protective-serv,0,0,45,39,0
19,Male,White,Never-married,3,144911,Some-college,Private,Other-service,0,0,20,39,0
24,Male,Asian-Pac-Islander,Never-married,3,184400,HS-grad,Private,Transport-moving,0,0,30,0,0
27,Male,White,Never-married,3,91189,HS-grad,Private,Adm-clerical,0,0,40,39,0
42,Male,White,Married-civ-spouse,0,318046,11th,Local-gov,Transport-moving,0,0,40,39,0
43,Male,White,Married-civ-spouse,0,240504,Some-college,Self-emp-inc,Exec-managerial,0,0,70,39,1
61,Female,White,Never-married,1,140300,HS-grad,Self-emp-not-inc,Sales,0,0,44,39,0
44,Male,White,Married-civ-spouse,0,185832,Bachelors,State-gov,Adm-clerical,0,0,46,39,1
30,Female,White,Never-married,1,211028,HS-grad,Private,Adm-clerical,0,0,45,39,0
58,Female,White,Never-married,1,197642,Some-college,Private,Adm-clerical,0,0,39,39,0
22,Female,White,Never-married,3,117606,Bachelors,Private,Adm-clerical,0,0,32,39,0
41,Male,White,Married-civ-spouse,0,111483,HS-grad,Private,Machine-op-inspct,0,0,45,39,0
19,Male,White,Never-married,3,248339,HS-grad,Private,Craft-repair,0,0,35,39,0
19,Female,Asian-Pac-Islander,Never-married,3,96483,HS-grad,Private,Other-service,0,0,40,39,0
36,Male,White,Never-married,3,154669,Bachelors,Private,Exec-managerial,0,0,55,39,0
50,Male,White,Married-civ-spouse,0,107265,HS-grad,Private,Transport-moving,0,0,50,39,1
31,Male,White,Never-married,3,200246,9th,Private,Other-service,0,0,40,39,0
28,Male,White,Never-married,3,107389,HS-grad,Private,Exec-managerial,0,0,32,39,0
44,Female,White,Never-married,1,323627,Bachelors,Private,Exec-managerial,0,0,5,39,0
26,Male,White,Never-married,1,188767,HS-grad,Private,Handlers-cleaners,0,0,40,39,0
63,Male,White,Divorced,1,110890,Masters,Self-emp-inc,Prof-specialty,0,0,70,39,1
39,Male,White,Never-married,1,49020,Masters,Private,Exec-managerial,0,1974,40,39,0
27,Male,White,Married-civ-spouse,0,234664,Some-college,Private,Prof-specialty,0,0,40,39,1
40,Male,White,Married-civ-spouse,0,170730,HS-grad,Private,Craft-repair,0,0,50,39,0
22,Female,White,Never-married,1,268145,Bachelors,Private,Sales,0,0,40,39,0
22,Female,White,Never-married,1,197583,Bachelors,Private,Sales,0,0,20,39,0
33,Male,White,Married-civ-spouse,0,176992,Masters,Private,Prof-specialty,0,0,40,39,1
21,Male,White,Never-married,2,214387,Some-college,Private,Sales,0,0,64,39,0
49,Male,White,Married-civ-spouse,0,281647,Masters,Private,Exec-managerial,0,0,45,39,1
62,Male,White,Married-civ-spouse,0,176811,HS-grad,Private,Craft-repair,0,0,40,39,0
37,Male,White,Divorced,1,312271,Masters,Private,Exec-managerial,0,0,65,39,0
24,Female,White,Never-married,1,194748,HS-grad,Private,Transport-moving,0,0,49,39,0
25,Male,White,Divorced,1,130793,Some-college,Private,Other-service,0,0,30,39,0
27,Female,White,Never-married,1,207418,Bachelors,Private,Prof-specialty,0,0,50,39,0
36,Male,White,Married-civ-spouse,0,143385,Some-college,State-gov,Protective-serv,0,0,40,39,0
59,Female,White,Divorced,4,170148,Some-college,Private,Other-service,0,0,32,39,0
21,Male,White,Never-married,1,189888,Assoc-acdm,Other,Other,0,0,55,39,0
54,Male,White,Married-civ-spouse,0,205066,10th,Self-emp-not-inc,Craft-repair,0,0,36,39,0
34,Male,White,Married-civ-spouse,0,127195,Some-college,Private,Exec-managerial,0,0,40,39,0
48,Female,White,Never-married,1,152915,Some-college,Private,Adm-clerical,0,0,40,39,0
58,Male,White,Married-civ-spouse,0,222247,10th,Private,Transport-moving,0,1887,40,39,1
46,Male,White,Married-civ-spouse,0,243743,Bachelors,Private,Prof-specialty,0,0,40,39,1
30,Male,White,Never-married,1,80625,Bachelors,Private,Exec-managerial,0,0,40,39,0
51,Male,White,Married-civ-spouse,0,124963,Assoc-acdm,Private,Sales,0,0,50,39,0
42,Female,White,Never-married,1,182108,Bachelors,Private,Exec-managerial,0,0,35,39,0
59,Female,White,Widowed,1,21792,HS-grad,Private,Other-service,0,0,10,39,0
60,Male,White,Married-civ-spouse,0,127084,HS-grad,Private,Protective-serv,0,2042,34,39,0
50,Male,White,Married-civ-spouse,0,257117,9th,Other,Other,0,0,50,39,0
73,Male,White,Married-civ-spouse,0,29306,HS-grad,Self-emp-not-inc,Farming-fishing,0,0,40,39,0
23,Male,White,Married-civ-spouse,0,196827,Some-college,Private,Machine-op-inspct,0,1902,40,39,0
32,Male,Amer-Indian-Eskimo,Never-married,1,95885,11th,Private,Craft-repair,13550,0,60,39,1
47,Male,White,Divorced,4,243904,HS-grad,Private,Adm-clerical,0,0,40,16,0
33,Female,White,Divorced,4,94193,HS-grad,Federal-gov,Adm-clerical,0,0,40,39,0
24,Female,White,Never-married,1,379418,Some-college,Private,Adm-clerical,0,0,40,39,0
51,Female,Black,Separated,4,280278,10th,Private,Adm-clerical,0,0,40,39,0
25,Male,White,Never-married,1,257910,Bachelors,Private,Exec-managerial,0,0,50,39,0
42,Male,Amer-Indian-Eskimo,Divorced,3,140474,Assoc-acdm,Self-emp-not-inc,Craft-repair,0,0,35,39,0
32,Male,White,Divorced,1,171215,Some-college,Private,Adm-clerical,0,0,48,39,0
48,Female,Black,Divorced,4,172709,HS-grad,Private,Other-service,0,0,40,39,0
37,Male,White,Never-married,3,166497,HS-grad,Private,Adm-clerical,0,0,38,39,0
21,Female,White,Never-married,1,32616,HS-grad,Private,Other-service,0,1719,16,39,0
26,Male,White,Married-civ-spouse,0,73689,HS-grad,Private,Farming-fishing,0,0,55,39,0
22,Male,White,Never-married,1,287988,Some-college,Other,Other,0,0,15,39,0
45,Male,White,Married-civ-spouse,0,192053,HS-grad,Private,Exec-managerial,0,0,60,39,1
62,Male,White,Married-civ-spouse,0,68268,HS-grad,Local-gov,Transport-moving,0,0,40,39,0
50,Male,White,Divorced,1,199995,Bachelors,Local-gov,Protective-serv,0,0,40,39,1
39,Male,White,Married-civ-spouse,0,186191,Masters,Private,Prof-specialty,0,1848,50,39,1
59,Male,White,Married-civ-spouse,0,67841,HS-grad,Private,Handlers-cleaners,0,0,40,39,1
41,Male,White,Never-married,1,355756,Some-college,State-gov,Prof-specialty,0,0,40,39,0
40,Male,White,Married-civ-spouse,0,189666,HS-grad,Private,Other-service,0,0,45,39,0
67,Male,White,Married-civ-spouse,0,231559,Prof-school,Private,Prof-specialty,20051,0,48,39,1
55,Female,White,Divorced,1,284095,HS-grad,Private,Sales,0,0,37,39,0
54,Male,White,Married-civ-spouse,0,172962,HS-grad,Private,Sales,0,0,40,39,0
75,Male,Black,Married-civ-spouse,0,164849,9th,Other,Other,1409,0,5,39,0
57,Male,White,Married-spouse-absent,1,195835,Some-college,Private,Adm-clerical,0,0,40,39,0
41,Male,Black,Never-married,1,206565,Some-college,Private,Craft-repair,0,0,45,39,0
63,Male,White,Married-civ-spouse,0,231777,Masters,Other,Other,0,0,30,39,0
36,Female,White,Never-married,1,137527,Bachelors,Private,Adm-clerical,0,0,50,39,0
39,Male,White,Divorced,3,115289,Some-college,Private,Sales,0,1380,70,39,0
40,Female,White,Separated,1,165309,7th-8th,Other,Other,0,0,8,39,0
29,Male,White,Never-married,1,103432,HS-grad,Private,Craft-repair,0,0,40,39,0
28,Male,White,Married-civ-spouse,0,65171,Some-college,Private,Tech-support,0,0,70,39,0
40,Female,White,Divorced,4,218903,HS-grad,Private,Tech-support,0,0,40,39,0
17,Male,White,Never-married,3,99161,10th,Private,Other-service,0,0,8,39,0
19,Male,Black,Never-married,3,146679,Some-college,Private,Exec-managerial,0,0,30,39,0
30,Male,White,Married-civ-spouse,0,241885,Some-college,Private,Farming-fishing,0,0,40,39,0
37,Female,Amer-Indian-Eskimo,Divorced,4,33487,Some-college,Federal-gov,Tech-support,0,0,20,39,0
19,Male,White,Never-married,3,160811,HS-grad,Private,Sales,0,0,38,39,0
41,Male,White,Married-civ-spouse,0,168294,HS-grad,Federal-gov,Adm-clerical,5178,0,40,39,1
34,Male,White,Married-civ-spouse,0,349169,Masters,Private,Craft-repair,0,0,40,26,0
68,Male,White,Married-civ-spouse,0,484298,11th,Other,Other,0,0,30,39,0
28,Male,White,Married-civ-spouse,0,37359,Assoc-voc,Private,Prof-specialty,99999,0,50,39,1
56,Male,White,Married-civ-spouse,0,67841,HS-grad,Self-emp-not-inc,Sales,0,0,40,39,0
51,Male,White,Married-civ-spouse,0,92463,HS-grad,Private,Adm-clerical,0,0,40,39,0
47,Male,White,Divorced,1,140664,Bachelors,Private,Sales,0,0,45,39,0
40,Male,White,Married-civ-spouse,0,26892,Bachelors,Private,Adm-clerical,0,0,40,39,1
20,Male,White,Never-married,3,205839,Some-college,Private,Other-service,0,0,16,39,0
53,Male,White,Married-civ-spouse,0,192982,Masters,Local-gov,Adm-clerical,0,0,38,39,1
55,Male,White,Married-civ-spouse,0,183580,Some-college,Private,Craft-repair,0,0,38,39,0
45,Male,White,Married-civ-spouse,0,166929,11th,Private,Craft-repair,0,0,40,39,0
27,Male,White,Never-married,2,150025,5th-6th,Private,Handlers-cleaners,0,0,40,13,0
22,Female,Black,Never-married,3,293364,Some-college,State-gov,Protective-serv,0,0,40,39,0
26,Male,White,Never-married,3,226196,HS-grad,Private,Transport-moving,0,0,40,39,0
50,Female,White,Married-civ-spouse,5,31014,HS-grad,Private,Prof-specialty,0,0,40,39,1
31,Female,White,Never-married,2,452405,Preschool,Private,Other-service,0,0,35,26,0
51,Male,White,Married-civ-spouse,0,146325,HS-grad,Other,Other,0,0,28,39,0
68,Female,White,Never-married,1,154897,HS-grad,Private,Sales,0,0,30,39,0
33,Male,White,Married-civ-spouse,0,354573,Masters,Private,Prof-specialty,15024,0,44,39,1
43,Male,White,Married-civ-spouse,0,193882,HS-grad,Private,Exec-managerial,0,0,40,39,1
33,Male,White,Never-married,1,198069,HS-grad,Private,Machine-op-inspct,0,0,65,39,0
43,Male,White,Married-civ-spouse,0,176270,Bachelors,Private,Exec-managerial,99999,0,60,39,1
32,Male,White,Never-married,3,385959,HS-grad,Private,Craft-repair,0,0,50,39,0
38,Male,White,Married-spouse-absent,1,446654,9th,Private,Handlers-cleaners,0,0,40,26,0
33,Female,White,Divorced,4,168030,HS-grad,Private,Other-service,0,0,32,39,0
37,Male,White,Married-civ-spouse,0,236328,10th,Private,Craft-repair,0,0,48,39,0
21,Male,White,Never-married,3,202871,HS-grad,Private,Sales,0,0,44,39,0
25,Male,White,Never-married,3,208591,HS-grad,Private,Machine-op-inspct,0,0,40,39,0
47,Female,White,Divorced,1,105381,HS-grad,Private,Sales,0,0,40,39,0
54,Male,White,Married-civ-spouse,0,215990,Masters,Private,Exec-managerial,0,1887,44,39,1
40,Male,White,Married-civ-spouse,0,209833,Some-college,Self-emp-not-inc,Craft-repair,0,0,60,39,0
52,Male,White,Married-civ-spouse,0,266138,Bachelors,Private,Exec-managerial,0,0,40,0,1
30,Male,White,Separated,1,242460,HS-grad,Private,Craft-repair,0,0,50,39,0
74,Female,Black,Widowed,1,183701,10th,Private,Other-service,0,0,6,39,0
25,Male,White,Never-married,1,201579,9th,Private,Craft-repair,0,0,40,26,0
25,Male,White,Never-married,3,211424,Bachelors,Private,Other-service,0,0,40,39,0
45,Female,White,Divorced,4,319637,HS-grad,Private,Other-service,0,0,40,39,0
62,Female,Black,Divorced,1,223637,HS-grad,Local-gov,Other-service,0,0,35,39,0
42,Male,White,Married-civ-spouse,0,120539,Bachelors,Self-emp-not-inc,Sales,0,0,50,39,1
26,Female,White,Married-civ-spouse,5,167835,Bachelors,Other,Other,0,0,20,39,0
41,Male,White,Divorced,1,125461,Some-college,Private,Craft-repair,0,0,40,39,1
31,Male,White,Never-married,1,295922,Some-college,Private,Adm-clerical,0,0,40,39,0
34,Female,White,Never-married,2,271933,Bachelors,Private,Exec-managerial,0,1741,45,39,0
55,Female,White,Widowed,4,156089,Some-college,Private,Adm-clerical,0,0,40,39,0
36,Female,White,Married-civ-spouse,5,85272,Assoc-acdm,Private,Prof-specialty,0,0,30,39,1
40,Male,White,Married-civ-spouse,0,160369,Masters,Private,Exec-managerial,0,2415,45,39,1
29,Male,White,Never-married,2,253801,HS-grad,Private,Craft-repair,0,0,40,39,0
34,Female,White,Never-married,1,196164,HS-grad,Private,Other-service,0,0,35,39,0
42,Male,White,Married-civ-spouse,0,106679,HS-grad,Private,Craft-repair,0,0,50,39,1
51,Male,White,Married-civ-spouse,0,199688,Bachelors,Private,Exec-managerial,0,1977,60,0,1
29,Female,White,Married-civ-spouse,5,85572,Bachelors,Private,Exec-managerial,0,0,42,39,1
54,Male,White,Married-civ-spouse,0,202415,HS-grad,Private,Craft-repair,0,0,40,39,1
39,Male,White,Married-civ-spouse,0,283338,Bachelors,Self-emp-inc,Exec-managerial,7298,0,40,39,1
47,Female,White,Married-spouse-absent,4,121958,7th-8th,Private,Other-service,0,0,30,39,0
46,Male,White,Married-civ-spouse,0,377622,HS-grad,Local-gov,Other-service,0,0,40,39,0
24,Female,Black,Never-married,4,498349,Bachelors,Private,Transport-moving,0,0,40,39,0
23,Male,White,Never-married,1,325596,Some-college,Private,Machine-op-inspct,0,0,40,39,0
21,Female,Amer-Indian-Eskimo,Married-civ-spouse,5,216070,Assoc-acdm,Private,Adm-clerical,0,0,46,39,1
30,Male,White,Married-civ-spouse,0,257849,7th-8th,Private,Craft-repair,0,0,48,39,0
29,Male,White,Never-married,3,132412,Bachelors,Local-gov,Handlers-cleaners,0,0,40,39,0
41,Female,White,Divorced,1,146659,Some-college,Self-emp-inc,Machine-op-inspct,0,0,40,16,0
30,Male,White,Married-civ-spouse,0,107793,Some-college,Private,Transport-moving,0,0,56,39,1
30,Male,White,Never-married,1,158420,Bachelors,Private,Machine-op-inspct,0,0,25,39,0
41,Female,Black,Divorced,1,407425,12th,Private,Machine-op-inspct,0,0,40,39,0
41,Male,White,Married-civ-spouse,0,149102,Bachelors,Self-emp-inc,Exec-managerial,0,0,35,39,1
65,Male,White,Married-civ-spouse,0,212562,11th,Private,Handlers-cleaners,0,0,20,39,0
20,Female,White,Never-married,3,350845,Some-college,Local-gov,Adm-clerical,0,0,10,39,0
20,Male,White,Never-married,1,194630,Some-college,Local-gov,Other-service,0,0,40,39,0
46,Female,White,Divorced,4,214955,Assoc-acdm,Private,Prof-specialty,0,0,40,39,0
36,Male,White,Married-civ-spouse,0,122493,HS-grad,Self-emp-not-inc,Craft-repair,0,0,47,39,0
22,Male,White,Never-married,3,44064,11th,Local-gov,Handlers-cleaners,0,0,35,39,0
40,Female,White,Separated,4,181015,HS-grad,Private,Other-service,0,0,47,39,0
19,Female,White,Never-married,3,185619,Some-college,Other,Other,0,0,20,39,0
22,Male,White,Never-married,3,505980,HS-grad,Private,Handlers-cleaners,0,0,40,39,0
46,Male,White,Married-civ-spouse,0,456956,HS-grad,Self-emp-not-inc,Prof-specialty,0,0,60,39,0
48,Male,White,Married-civ-spouse,0,379883,Masters,Private,Prof-specialty,0,0,40,5,1
64,Female,Black,Married-civ-spouse,5,222966,7th-8th,State-gov,Other-service,0,0,40,39,0
27,Male,White,Married-civ-spouse,0,84977,HS-grad,Private,Craft-repair,0,0,40,39,0
29,Female,Black,Never-married,3,271012,10th,State-gov,Other-service,0,0,40,39,0
33,Female,Black,Married-civ-spouse,5,122220,Some-college,Federal-gov,Exec-managerial,0,0,40,39,1
35,Male,White,Married-civ-spouse,0,181705,HS-grad,Self-emp-not-inc,Craft-repair,3103,0,40,39,1
26,Female,White,Never-married,3,202560,Some-college,Self-emp-not-inc,Prof-specialty,0,0,35,39,0
47,Female,White,Divorced,1,133758,HS-grad,Private,Exec-managerial,0,1974,40,39,0
58,Male,White,Married-civ-spouse,0,349910,Prof-school,Self-emp-inc,Prof-specialty,0,1977,50,39,1
62,Male,White,Divorced,4,195343,Doctorate,Private,Prof-specialty,15020,0,50,39,1
31,Male,White,Married-civ-spouse,0,164243,Some-college,Private,Craft-repair,0,1579,40,39,0
56,Male,White,Married-civ-spouse,0,314149,Doctorate,Private,Prof-specialty,0,0,50,39,1
21,Male,White,Never-married,2,212407,HS-grad,Private,Machine-op-inspct,0,0,40,39,0
63,Male,White,Widowed,1,86108,HS-grad,Private,Farming-fishing,0,0,6,39,0
53,Male,White,Married-civ-spouse,0,298215,Bachelors,Self-emp-inc,Sales,0,0,45,39,1
42,Male,White,Never-married,1,227065,Masters,Local-gov,Prof-specialty,0,0,22,39,0
65,Male,White,Married-civ-spouse,0,249043,Bachelors,Other,Other,10605,0,40,39,1
24,Male,White,Never-married,1,37072,Some-college,Private,Craft-repair,0,0,40,39,0
22,Female,White,Never-married,1,262819,Some-college,State-gov,Adm-clerical,0,0,40,39,0
24,Male,White,Never-married,1,236696,Bachelors,Private,Exec-managerial,0,0,40,39,0
35,Female,White,Divorced,4,134367,Assoc-acdm,Private,Adm-clerical,0,0,40,39,0
27,Male,White,Never-married,1,384308,Some-college,Private,Craft-repair,0,0,45,39,0
67,Male,White,Married-civ-spouse,0,95113,HS-grad,Private,Exec-managerial,0,0,37,39,1
82,Male,White,Never-married,1,403910,HS-grad,Other,Other,0,0,3,39,0
25,Female,White,Never-married,1,311124,Prof-school,Private,Prof-specialty,0,0,20,39,0
19,Male,Black,Never-married,3,186096,HS-grad,Private,Other-service,0,0,30,39,0
17,Male,White,Never-married,3,303317,11th,Other,Other,0,0,40,39,0
39,Female,White,Never-married,3,282153,Some-college,Private,Adm-clerical,0,0,20,39,0
43,Male,Asian-Pac-Islander,Married-civ-spouse,0,361280,10th,Private,Craft-repair,0,0,42,3,0
36,Male,White,Married-civ-spouse,0,35945,HS-grad,Private,Exec-managerial,0,0,50,39,1
23,Male,White,Never-married,1,237432,Bachelors,Private,Prof-specialty,0,0,40,0,0
48,Male,White,Never-married,1,148549,Bachelors,Private,Exec-managerial,0,0,50,39,0
53,Male,White,Married-civ-spouse,0,283743,HS-grad,Private,Transport-moving,0,2002,40,39,0
29,Female,White,Never-married,1,188986,Assoc-voc,State-gov,Tech-support,0,1590,64,39,0
52,Female,White,Widowed,1,125932,7th-8th,Private,Other-service,0,0,40,39,0
24,Female,White,Never-married,1,112459,Masters,Private,Prof-specialty,0,0,45,39,0
19,Male,White,Never-married,3,344414,Some-college,Private,Transport-moving,0,0,40,39,0
24,Male,White,Never-married,1,191954,Some-college,Private,Machine-op-inspct,0,0,40,39,0
36,Female,Black,Divorced,4,223020,Some-college,State-gov,Other-service,0,0,20,39,0
48,Male,White,Married-civ-spouse,0,336540,HS-grad,Private,Sales,0,0,40,39,0
24,Female,White,Married-civ-spouse,5,585203,Bachelors,Private,Exec-managerial,7688,0,45,39,1
35,Male,Amer-Indian-Eskimo,Never-married,4,25955,11th,Private,Other-service,0,0,40,39,0
35,Male,White,Never-married,1,219546,Some-college,Private,Craft-repair,0,0,45,11,0
19,Female,White,Never-married,3,351040,Some-college,Private,Adm-clerical,0,0,40,33,0
58,Male,White,Married-civ-spouse,0,54566,Some-college,Self-emp-not-inc,Farming-fishing,0,0,35,39,0
51,Female,White,Married-civ-spouse,5,161691,HS-grad,Private,Adm-clerical,0,0,40,39,0
78,Male,White,Married-civ-spouse,0,27979,HS-grad,Other,Other,2228,0,32,39,0
44,Male,Black,Married-civ-spouse,0,335183,12th,Self-emp-not-inc,Handlers-cleaners,0,0,40,39,1
47,Female,White,Widowed,4,97883,Bachelors,Private,Priv-house-serv,25236,0,35,39,1
46,Female,White,Divorced,1,97883,Some-college,Private,Adm-clerical,0,0,40,39,0
45,Male,White,Married-civ-spouse,0,84324,Assoc-acdm,Self-emp-inc,Prof-specialty,0,0,50,39,1
44,Male,White,Never-married,1,207685,HS-grad,Private,Exec-managerial,0,1564,55,9,1
48,Male,White,Married-civ-spouse,0,285335,11th,Private,Exec-managerial,0,0,50,39,0
38,Male,Black,Divorced,1,194304,Some-college,Private,Transport-moving,0,0,55,39,0
48,Female,White,Married-civ-spouse,5,248254,Some-college,Private,Prof-specialty,7298,0,40,39,1
44,Male,White,Married-civ-spouse,0,230684,HS-grad,Private,Transport-moving,0,0,45,39,0
40,Female,White,Divorced,2,114580,HS-grad,Private,Craft-repair,0,0,40,40,0
58,Male,White,Married-civ-spouse,0,218281,Bachelors,Private,Adm-clerical,0,0,40,26,0
30,Male,Black,Never-married,1,327202,12th,Private,Craft-repair,0,0,40,39,0
19,Male,White,Never-married,2,105908,HS-grad,Private,Handlers-cleaners,0,0,70,39,0
43,Female,White,Divorced,1,135606,Masters,Private,Exec-managerial,0,0,50,39,1
31,Male,White,Married-civ-spouse,0,145162,Bachelors,Self-emp-not-inc,Exec-managerial,0,0,60,0,1
43,Female,Black,Never-married,1,39581,HS-grad,Private,Other-service,0,0,45,39,0
22,Female,White,Separated,4,217363,HS-grad,Private,Adm-clerical,0,0,40,39,0
36,Female,White,Divorced,1,28160,HS-grad,Other,Other,0,0,40,39,0
33,Female,White,Never-married,1,117983,HS-grad,Private,Adm-clerical,0,0,41,39,0
18,Male,White,Never-married,3,214617,Some-college,Private,Handlers-cleaners,0,0,30,39,0
22,Female,Amer-Indian-Eskimo,Never-married,1,216984,HS-grad,Private,Adm-clerical,0,0,40,39,0
45,Male,White,Married-civ-spouse,0,118081,Some-college,Self-emp-not-inc,Other-service,3103,0,42,39,0
31,Male,White,Divorced,1,345122,Prof-school,Private,Prof-specialty,14084,0,50,39,1
61,Male,Asian-Pac-Islander,Married-civ-spouse,0,80896,Masters,Private,Prof-specialty,0,0,45,19,1
57,Female,White,Divorced,1,162301,HS-grad,Private,Adm-clerical,0,0,45,39,0
31,Male,White,Married-civ-spouse,0,34503,Assoc-voc,Private,Craft-repair,0,0,40,39,1
56,Female,White,Divorced,4,76142,HS-grad,Private,Other-service,0,0,40,39,0
52,Male,White,Married-civ-spouse,0,146767,HS-grad,Private,Machine-op-inspct,0,0,40,39,1
52,Male,White,Married-civ-spouse,0,240013,Masters,Self-emp-not-inc,Sales,0,0,70,39,0
27,Female,White,Never-married,3,192283,Assoc-voc,Private,Handlers-cleaners,0,0,38,39,0
34,Male,White,Married-civ-spouse,0,340917,Prof-school,Private,Exec-managerial,2829,0,50,0,0
33,Male,Black,Married-civ-spouse,0,273243,HS-grad,Private,Craft-repair,0,0,40,39,0
41,Female,Black,Never-married,4,111891,7th-8th,Local-gov,Other-service,0,0,40,39,0
21,Male,White,Never-married,3,350001,Some-college,Private,Farming-fishing,0,0,20,39,0
21,Female,White,Never-married,3,232577,Assoc-voc,Private,Tech-support,0,0,30,39,0
38,Male,White,Married-civ-spouse,0,430035,9th,Private,Farming-fishing,0,0,54,26,0
40,Male,White,Married-civ-spouse,0,197462,Bachelors,Private,Tech-support,0,0,40,39,1
45,Male,White,Married-civ-spouse,0,162923,HS-grad,Self-emp-not-inc,Craft-repair,0,0,60,39,0
38,Female,Black,Divorced,1,216129,Bachelors,Private,Other-service,0,0,60,0,0
40,Male,White,Married-civ-spouse,0,155106,9th,Self-emp-not-inc,Craft-repair,0,0,40,39,1
44,Female,White,Divorced,4,159960,Some-college,Private,Adm-clerical,0,0,40,39,0
31,Female,White,Divorced,4,97453,HS-grad,Private,Exec-managerial,0,0,40,39,0
31,Male,White,Married-civ-spouse,0,217460,Bachelors,Private,Exec-managerial,0,0,40,39,1
18,Male,White,Never-married,3,415520,11th,Private,Craft-repair,0,0,20,39,0
61,Male,White,Married-civ-spouse,0,232308,HS-grad,Private,Transport-moving,0,0,45,39,1
52,Male,White,Never-married,1,283079,HS-grad,Self-emp-not-inc,Prof-specialty,0,0,50,39,0
27,Male,White,Never-married,1,92431,Some-college,Local-gov,Protective-serv,0,2231,40,39,1
38,Male,White,Never-married,1,152237,Bachelors,Private,Sales,0,0,45,0,1
62,Female,White,Widowed,1,54878,HS-grad,Other,Other,0,0,25,39,0
28,Female,White,Divorced,4,157813,11th,Other,Other,0,0,58,2,0
43,Male,White,Married-civ-spouse,0,133584,Some-college,Private,Machine-op-inspct,0,0,40,39,0
36,Male,White,Married-spouse-absent,2,227615,5th-6th,Private,Craft-repair,0,0,32,26,0
41,Male,White,Married-civ-spouse,0,359696,Bachelors,Private,Protective-serv,15024,0,60,39,1
27,Male,White,Never-married,3,198258,Bachelors,Private,Sales,0,0,35,39,0
48,Male,White,Married-civ-spouse,0,449354,HS-grad,Private,Adm-clerical,4386,0,45,39,1
29,Male,White,Married-civ-spouse,0,370242,Some-college,Private,Craft-repair,0,0,40,39,0
46,Male,White,Married-civ-spouse,0,141058,HS-grad,Local-gov,Exec-managerial,0,0,65,39,0
31,Male,White,Never-married,3,223212,7th-8th,Private,Handlers-cleaners,0,0,50,39,0
29,Female,White,Married-spouse-absent,3,107411,Some-college,Federal-gov,Adm-clerical,0,0,40,39,0
58,Male,White,Married-civ-spouse,0,235624,Assoc-voc,Private,Exec-managerial,0,0,40,11,1
17,Female,White,Never-married,3,36877,10th,Private,Sales,0,0,10,39,0
55,Male,White,Married-civ-spouse,0,272656,Bachelors,Private,Tech-support,0,0,55,39,1
38,Male,White,Married-civ-spouse,0,209609,Some-college,Private,Tech-support,0,0,40,39,1
27,Male,White,Married-civ-spouse,0,141795,Some-college,Self-emp-not-inc,Exec-managerial,0,0,30,39,0
30,Male,White,Married-civ-spouse,0,187618,HS-grad,Private,Exec-managerial,0,0,50,39,0
23,Female,White,Never-married,3,38251,HS-grad,Private,Other-service,0,0,40,39,0
71,Female,White,Divorced,1,97870,Masters,Private,Prof-specialty,0,0,15,11,0
71,Male,White,Married-civ-spouse,0,163293,Prof-school,Self-emp-not-inc,Farming-fishing,0,0,2,39,0
43,Male,White,Married-civ-spouse,0,345969,Prof-school,State-gov,Prof-specialty,0,0,50,39,1
61,Male,White,Married-civ-spouse,0,183355,11th,Private,Transport-moving,0,0,40,39,0
64,Male,White,Married-civ-spouse,0,319371,Bachelors,Private,Exec-managerial,15024,0,40,39,1
34,Male,White,Never-married,1,143766,Assoc-acdm,Federal-gov,Adm-clerical,0,0,40,39,0
35,Male,Other,Married-civ-spouse,0,381583,Some-college,Private,Craft-repair,0,0,45,39,1
38,Female,White,Never-married,3,107479,9th,Other,Other,0,0,12,39,0
52,Male,White,Married-civ-spouse,0,48925,Some-college,Private,Adm-clerical,0,0,40,39,0
29,Female,White,Never-married,1,106179,Some-college,Federal-gov,Prof-specialty,0,1408,40,39,0
53,Male,White,Married-civ-spouse,0,31588,Bachelors,Private,Prof-specialty,0,0,52,39,1
27,Female,Asian-Pac-Islander,Never-married,3,230959,Bachelors,Private,Tech-support,0,0,40,30,0
41,Female,White,Divorced,4,112763,Masters,Local-gov,Prof-specialty,7430,0,36,39,1
33,Male,White,Never-married,1,256362,Some-college,Private,Other-service,0,0,35,39,0
44,Male,White,Married-civ-spouse,0,120837,HS-grad,Self-emp-not-inc,Exec-managerial,0,0,66,39,0
51,Male,White,Married-civ-spouse,0,197656,Some-college,Private,Exec-managerial,0,0,45,39,1
37,Male,White,Divorced,4,372525,Masters,Private,Prof-specialty,0,0,48,39,0
43,Male,Black,Married-civ-spouse,0,143583,10th,Private,Handlers-cleaners,0,0,40,39,0
33,Female,White,Never-married,1,208180,Bachelors,Private,Sales,0,0,40,39,0
37,Female,White,Married-civ-spouse,5,51158,Some-college,Local-gov,Tech-support,7298,0,36,39,1
36,Male,White,Divorced,1,198587,Bachelors,Private,Prof-specialty,0,0,40,39,0
33,Male,White,Never-married,3,145434,11th,Private,Craft-repair,0,0,40,39,0
32,Female,White,Divorced,3,222548,HS-grad,Private,Adm-clerical,0,0,40,39,0
20,Male,White,Never-married,1,178517,Some-college,State-gov,Farming-fishing,0,0,40,39,0
37,Male,White,Married-civ-spouse,0,51264,Doctorate,Private,Prof-specialty,0,0,99,10,1
73,Male,Asian-Pac-Islander,Married-civ-spouse,0,233882,HS-grad,Self-emp-not-inc,Farming-fishing,0,2457,40,40,0
21,Female,Black,Never-married,3,121889,Some-college,Private,Sales,0,0,20,39,0
33,Male,White,Married-civ-spouse,0,594187,Masters,Private,Prof-specialty,0,0,45,39,1
22,Female,White,Never-married,3,117789,Some-college,Private,Prof-specialty,0,0,10,39,0
61,Male,White,Married-civ-spouse,0,134768,Bachelors,Self-emp-inc,Exec-managerial,0,0,50,11,1
43,Female,White,Divorced,4,186188,Some-college,Private,Adm-clerical,0,0,40,39,0
46,Male,White,Married-spouse-absent,1,149640,7th-8th,Private,Transport-moving,0,0,45,39,0
38,Female,White,Married-civ-spouse,5,80771,Bachelors,Private,Prof-specialty,0,0,40,39,1
36,Female,White,Married-civ-spouse,5,357619,Bachelors,Private,Exec-managerial,0,0,60,11,0
36,Male,White,Separated,1,164866,Assoc-acdm,Self-emp-inc,Exec-managerial,0,0,50,39,0
37,Male,White,Married-civ-spouse,0,348960,Bachelors,State-gov,Prof-specialty,0,0,36,39,1
24,Female,White,Never-married,3,194096,HS-grad,Private,Prof-specialty,0,0,45,39,0
39,Male,White,Married-civ-spouse,0,230054,Masters,Private,Prof-specialty,0,0,50,39,1
57,Male,Amer-Indian-Eskimo,Married-civ-spouse,0,313929,Some-college,Federal-gov,Prof-specialty,0,0,40,39,0
46,Female,White,Never-married,1,186078,Some-college,Private,Machine-op-inspct,0,0,45,39,0
35,Female,Black,Widowed,1,54595,10th,Private,Other-service,0,1980,40,39,0
45,Male,White,Married-civ-spouse,0,357540,Bachelors,Private,Sales,0,2002,55,39,0
43,Male,White,Married-civ-spouse,0,125405,HS-grad,State-gov,Protective-serv,0,0,40,39,0
57,Female,White,Widowed,4,173090,HS-grad,Private,Sales,0,0,32,39,0
25,Male,White,Never-married,1,309098,Assoc-voc,Private,Prof-specialty,0,0,40,39,0
21,Female,Black,Never-married,3,478457,Some-college,State-gov,Other-service,0,0,12,39,0
35,Male,White,Married-civ-spouse,0,175769,HS-grad,Self-emp-inc,Sales,0,0,65,39,1
59,Male,White,Married-civ-spouse,0,181242,10th,Local-gov,Craft-repair,0,0,40,39,0
20,Female,White,Never-married,3,37482,Some-college,State-gov,Adm-clerical,0,0,40,39,0
41,Male,White,Married-civ-spouse,0,144002,Bachelors,Self-emp-not-inc,Exec-managerial,0,0,60,39,1
26,Female,White,Never-married,1,166666,Some-college,Private,Other-service,0,0,35,39,0
34,Female,Black,Divorced,4,175413,Assoc-acdm,Private,Sales,0,0,45,39,0
28,Female,White,Divorced,1,230743,Assoc-acdm,Private,Adm-clerical,0,0,40,39,0
26,Male,White,Never-married,3,206600,Bachelors,Private,Craft-repair,0,0,40,26,0
30,Female,Black,Married-civ-spouse,5,311696,11th,Private,Other-service,0,0,30,39,0
62,Male,White,Never-married,1,252668,Masters,Private,Prof-specialty,0,0,70,39,0
18,Male,White,Never-married,3,108892,11th,Private,Handlers-cleaners,0,0,12,39,0
29,Male,Black,Married-civ-spouse,0,126208,HS-grad,Private,Machine-op-inspct,0,0,40,39,0
19,Male,Asian-Pac-Islander,Never-married,3,301911,Some-college,Private,Sales,0,0,35,25,0
38,Male,White,Never-married,1,257250,HS-grad,Self-emp-inc,Farming-fishing,0,0,50,39,0
36,Male,White,Married-civ-spouse,0,147548,HS-grad,Private,Machine-op-inspct,0,0,85,39,0
26,Female,Other,Married-spouse-absent,3,154785,Some-college,Private,Adm-clerical,0,0,35,39,0
40,Female,Black,Divorced,4,141583,Some-college,State-gov,Adm-clerical,0,0,35,39,0
54,Female,White,Divorced,4,199307,Some-college,Private,Craft-repair,0,0,48,39,0
31,Male,White,Never-married,1,451744,HS-grad,Private,Craft-repair,0,0,50,39,0
20,Male,White,Never-married,1,178517,Some-college,Federal-gov,Tech-support,0,0,40,39,0
58,Male,White,Never-married,3,204021,HS-grad,Private,Transport-moving,0,0,40,2,0
22,Male,White,Divorced,3,234731,HS-grad,Private,Handlers-cleaners,0,0,40,39,0
30,Male,White,Married-civ-spouse,0,144064,HS-grad,State-gov,Protective-serv,0,0,40,39,1
34,Female,Asian-Pac-Islander,Never-married,1,96483,Assoc-acdm,Private,Adm-clerical,8614,0,60,39,1
24,Female,White,Married-civ-spouse,5,249351,HS-grad,Private,Machine-op-inspct,0,0,40,39,0
22,Male,White,Never-married,4,180060,Bachelors,Private,Exec-managerial,0,0,40,39,0
47,Male,White,Married-civ-spouse,0,159726,HS-grad,Self-emp-not-inc,Craft-repair,0,0,40,39,1
19,Female,White,Never-married,1,116385,11th,Self-emp-not-inc,Adm-clerical,0,0,40,39,0
33,Female,White,Divorced,2,264936,HS-grad,Private,Adm-clerical,0,0,40,39,0
38,Male,White,Married-civ-spouse,0,38312,Bachelors,Private,Exec-managerial,15024,0,65,39,1
25,Male,White,Married-civ-spouse,0,254933,11th,Private,Transport-moving,0,0,40,39,0
17,Female,Black,Never-married,3,317702,9th,Private,Other-service,0,0,40,39,0
31,Female,Black,Never-married,1,126402,HS-grad,Private,Farming-fishing,0,0,60,39,0
25,Male,Black,Married-civ-spouse,0,257064,Some-college,State-gov,Adm-clerical,0,0,38,39,0
21,Male,White,Married-civ-spouse,0,235442,HS-grad,Private,Adm-clerical,0,0,40,39,0
32,Male,White,Never-married,1,97614,Some-college,Federal-gov,Exec-managerial,0,0,40,39,0
50,Male,White,Married-civ-spouse,0,190762,5th-6th,Private,Handlers-cleaners,0,0,40,26,0
35,Male,Black,Divorced,1,556902,HS-grad,Private,Other-service,0,0,40,39,0
20,Male,White,Married-spouse-absent,2,221955,5th-6th,Private,Farming-fishing,0,0,40,26,0
36,Male,White,Married-civ-spouse,0,225399,HS-grad,Private,Craft-repair,7298,0,40,39,1
18,Male,White,Never-married,3,126154,Some-college,Other,Other,0,0,40,39,0
40,Male,White,Married-civ-spouse,0,104892,Bachelors,Private,Tech-support,0,0,40,39,0
30,Male,White,Never-married,3,180859,Some-college,Self-emp-not-inc,Craft-repair,0,0,8,39,0
37,Male,White,Married-civ-spouse,0,362062,Prof-school,Self-emp-not-inc,Prof-specialty,99999,0,50,39,1
29,Male,White,Never-married,1,54411,HS-grad,Private,Farming-fishing,0,0,50,0,0
31,Male,White,Never-married,1,55849,Some-college,State-gov,Craft-repair,0,0,40,39,0
21,Female,White,Never-married,3,301408,Some-college,Private,Sales,0,1602,22,39,0
60,Male,Black,Divorced,2,63296,Masters,Private,Prof-specialty,0,0,40,39,0
31,Female,White,Never-married,1,44464,Bachelors,Private,Exec-managerial,0,1564,60,39,1
47,Male,White,Married-civ-spouse,0,191277,Some-college,Private,Sales,0,0,50,39,1
17,Male,White,Never-married,3,239346,10th,Private,Other-service,0,0,18,39,0
21,Female,White,Married-spouse-absent,2,176486,HS-grad,Private,Exec-managerial,0,0,60,39,0
48,Female,White,Divorced,4,125120,Some-college,Private,Adm-clerical,0,0,55,39,0
19,Female,White,Never-married,3,162954,12th,Private,Other-service,0,0,20,39,0
20,Male,Black,Never-married,3,157894,Some-college,Private,Other-service,0,0,20,39,0
26,Female,White,Never-married,4,159603,Assoc-acdm,Private,Adm-clerical,0,0,32,39,0
19,Female,White,Never-married,3,246652,Some-college,Private,Sales,0,0,40,39,0
58,Female,White,Widowed,4,151910,HS-grad,Private,Adm-clerical,0,0,40,39,0
24,Female,White,Never-married,1,170277,HS-grad,Private,Other-service,0,0,35,39,0
19,Male,White,Never-married,3,427862,Some-college,Private,Other-service,0,0,35,39,0
27,Male,White,Married-civ-spouse,0,155057,Some-college,Private,Prof-specialty,0,0,50,39,1
63,Female,White,Widowed,1,154675,HS-grad,Federal-gov,Exec-managerial,0,0,40,39,0
45,Male,White,Married-civ-spouse,0,102147,HS-grad,Private,Craft-repair,0,0,40,39,0
53,Male,White,Married-civ-spouse,0,130143,HS-grad,Private,Machine-op-inspct,0,0,48,39,0
41,Male,White,Married-civ-spouse,0,27444,Some-college,Private,Adm-clerical,0,0,46,39,1
38,Female,White,Divorced,1,217349,Assoc-voc,Private,Prof-specialty,14344,0,40,39,1
50,Female,White,Married-spouse-absent,4,263200,5th-6th,Private,Other-service,0,0,34,26,0
20,Male,White,Never-married,3,230113,Some-college,Private,Other-service,0,0,50,39,0
22,Male,White,Never-married,1,341368,Some-college,Private,Other-service,0,0,50,39,0
46,Female,White,Divorced,3,96552,Some-college,Private,Machine-op-inspct,0,0,17,39,0
50,Male,White,Married-civ-spouse,0,257126,HS-grad,Private,Craft-repair,0,0,40,39,1
52,Male,White,Married-civ-spouse,0,40641,10th,Local-gov,Craft-repair,5013,0,40,39,0
23,Male,White,Never-married,3,77581,Bachelors,Private,Exec-managerial,0,0,40,39,0
26,Female,Black,Never-married,4,284250,HS-grad,Private,Craft-repair,0,0,40,39,0
54,Female,White,Never-married,1,76344,Bachelors,Private,Other-service,0,0,50,39,0
57,Male,White,Married-civ-spouse,0,124771,HS-grad,Private,Craft-repair,0,0,40,39,0
31,Male,White,Divorced,1,168782,HS-grad,Private,Handlers-cleaners,0,0,40,39,0
24,Female,White,Married-civ-spouse,1,161638,HS-grad,Private,Machine-op-inspct,0,0,40,7,0
48,Male,White,Married-civ-spouse,0,102092,HS-grad,Private,Craft-repair,0,0,40,39,0
38,Male,White,Married-civ-spouse,0,256864,Assoc-voc,Local-gov,Exec-managerial,0,0,40,39,0
61,Female,White,Divorced,1,316359,Some-college,Private,Sales,0,0,40,39,0
20,Male,White,Never-married,3,270436,HS-grad,Private,Machine-op-inspct,0,0,40,39,0
65,Male,White,Married-civ-spouse,0,24824,HS-grad,Local-gov,Craft-repair,0,0,40,39,0
24,Female,Asian-Pac-Islander,Married-civ-spouse,5,303296,Some-college,Private,Adm-clerical,0,0,40,25,0
67,Male,White,Married-civ-spouse,0,195161,Masters,Private,Prof-specialty,20051,0,60,39,1
43,Male,White,Married-civ-spouse,0,99212,Assoc-voc,Private,Exec-managerial,3103,0,48,39,1
42,Female,White,Widowed,4,155469,Assoc-acdm,Private,Tech-support,0,0,24,39,0
31,Male,White,Divorced,4,325658,HS-grad,Private,Craft-repair,0,0,40,39,0
28,Male,White,Married-civ-spouse,0,335015,HS-grad,Local-gov,Craft-repair,0,0,40,39,0
34,Male,Black,Married-civ-spouse,0,231238,HS-grad,Private,Machine-op-inspct,0,0,40,39,0
25,Female,White,Never-married,3,122489,Bachelors,Private,Exec-managerial,0,1726,60,39,0
52,Male,White,Married-civ-spouse,0,186303,Some-college,Private,Exec-managerial,15024,0,55,2,1
32,Male,White,Married-civ-spouse,0,127651,HS-grad,State-gov,Protective-serv,0,0,40,39,0
41,Female,White,Widowed,4,73431,Bachelors,Self-emp-inc,Prof-specialty,0,0,40,39,0
19,Female,White,Never-married,3,106273,Some-college,Private,Sales,0,0,38,39,0
28,Female,White,Never-married,3,148645,HS-grad,Private,Machine-op-inspct,0,0,40,39,0
30,Male,White,Never-married,3,356882,Doctorate,Private,Prof-specialty,0,0,20,39,0
39,Male,White,Married-civ-spouse,0,83242,Some-college,Self-emp-not-inc,Farming-fishing,0,0,60,39,0
46,Male,White,Married-civ-spouse,0,337050,Masters,Private,Exec-managerial,0,1977,45,39,1
47,Female,White,Divorced,4,207207,HS-grad,Private,Sales,0,0,45,39,0
46,Female,White,Widowed,4,269284,Assoc-acdm,Private,Adm-clerical,0,0,40,39,0
32,Male,White,Never-married,1,178835,HS-grad,Private,Adm-clerical,0,0,40,39,0
34,Male,White,Married-civ-spouse,0,192002,Masters,Private,Prof-specialty,0,0,55,39,1
26,Male,Amer-Indian-Eskimo,Never-married,3,73392,HS-grad,Local-gov,Handlers-cleaners,0,0,30,39,0
39,Male,White,Married-civ-spouse,0,34378,HS-grad,Self-emp-not-inc,Farming-fishing,0,0,50,39,0
29,Male,White,Never-married,1,273771,Masters,Local-gov,Prof-specialty,0,0,45,39,0
47,Male,White,Separated,1,168262,Masters,Private,Exec-managerial,99999,0,50,39,1
20,Female,White,Never-married,3,333843,HS-grad,Private,Adm-clerical,0,0,40,39,0
42,Male,White,Married-civ-spouse,0,569930,Bachelors,Local-gov,Adm-clerical,0,0,45,39,1
41,Male,White,Married-civ-spouse,0,242586,HS-grad,Private,Machine-op-inspct,0,0,40,39,0
18,Female,Black,Never-married,2,335665,11th,Private,Other-service,0,0,24,39,0
37,Male,Black,Married-civ-spouse,0,178136,HS-grad,Private,Machine-op-inspct,0,0,40,39,0
35,Female,White,Separated,1,107160,12th,Private,Other-service,0,0,30,39,0
19,Male,White,Never-married,2,280071,Some-college,Private,Machine-op-inspct,0,0,50,39,0
51,Male,White,Married-civ-spouse,0,152810,HS-grad,Private,Prof-specialty,0,0,40,39,1
50,Female,White,Divorced,1,278188,HS-grad,Private,Craft-repair,0,0,45,39,0
22,Female,White,Never-married,1,199426,Some-college,Other,Other,0,0,40,39,0
57,Female,White,Divorced,4,109015,12th,State-gov,Other-service,0,0,40,39,0
59,Female,Black,Separated,4,374924,HS-grad,Private,Sales,0,0,40,39,0
31,Male,White,Married-civ-spouse,0,281030,HS-grad,Self-emp-not-inc,Craft-repair,0,0,45,39,0
50,Male,White,Married-civ-spouse,0,159219,Bachelors,State-gov,Exec-managerial,0,0,40,2,1
26,Female,White,Never-married,3,166051,Bachelors,Private,Adm-clerical,0,0,40,39,0
33,Male,White,Married-civ-spouse,0,48189,HS-grad,Self-emp-not-inc,Protective-serv,0,0,30,39,0
27,Male,White,Never-married,3,247507,Bachelors,Local-gov,Prof-specialty,0,0,35,39,0
42,Male,Black,Divorced,1,284403,HS-grad,Federal-gov,Adm-clerical,0,0,40,39,0
28,Male,White,Married-civ-spouse,0,294936,Bachelors,Private,Prof-specialty,0,0,45,39,0
49,Male,White,Married-civ-spouse,0,185385,Masters,Private,Prof-specialty,0,0,50,39,1
25,Male,White,Divorced,1,160445,HS-grad,Private,Craft-repair,0,0,40,39,0
31,Male,White,Never-married,1,244665,Some-college,Private,Exec-managerial,0,0,45,16,0
44,Male,White,Married-civ-spouse,0,33521,Some-college,Private,Exec-managerial,0,0,40,39,1
19,Female,White,Never-married,3,187161,Some-college,Private,Other-service,0,0,25,39,0
66,Male,White,Married-civ-spouse,0,210825,Some-college,Private,Tech-support,0,0,40,39,1
68,Male,White,Married-civ-spouse,0,211162,HS-grad,Private,Exec-managerial,0,0,40,39,0
31,Female,White,Never-married,2,70568,1st-4th,Private,Other-service,0,0,25,8,0
23,Male,White,Never-married,3,284898,Some-college,Private,Exec-managerial,0,0,30,39,0
39,Female,White,Divorced,4,151023,Some-college,Private,Adm-clerical,114,0,45,39,0
52,Male,White,Married-civ-spouse,0,254285,Bachelors,State-gov,Prof-specialty,0,0,40,39,0
45,Male,White,Divorced,1,187901,HS-grad,Private,Farming-fishing,0,2258,44,39,1
30,Male,White,Married-civ-spouse,0,241259,Assoc-voc,Private,Transport-moving,0,0,40,39,0
42,Male,White,Never-married,1,201723,Some-college,Local-gov,Craft-repair,0,0,40,39,0
26,Female,White,Divorced,3,189185,HS-grad,Private,Adm-clerical,0,0,40,39,0
38,Female,Black,Divorced,4,96330,Assoc-voc,Private,Adm-clerical,0,0,40,39,0
66,Female,White,Widowed,1,107196,HS-grad,Private,Tech-support,0,0,18,39,0
59,Male,White,Married-civ-spouse,0,105592,Some-college,Private,Exec-managerial,0,0,12,39,0
45,Male,White,Married-civ-spouse,0,236040,Some-college,Private,Prof-specialty,0,0,40,39,1
40,Female,White,Divorced,1,101272,HS-grad,Private,Adm-clerical,0,0,32,39,0
21,Male,White,Never-married,3,177526,Some-college,Private,Other-service,0,0,40,39,0
58,Male,White,Married-civ-spouse,0,147707,11th,Private,Sales,0,0,40,39,0
46,Female,Asian-Pac-Islander,Never-married,4,182533,Bachelors,Private,Adm-clerical,0,0,40,30,0
42,Male,White,Married-civ-spouse,0,281209,Some-college,Private,Transport-moving,0,0,50,39,0
27,Female,White,Married-civ-spouse,5,359155,Bachelors,Private,Prof-specialty,0,0,40,39,1
42,Male,White,Divorced,1,228320,7th-8th,Local-gov,Other-service,0,0,40,39,0
17,Female,White,Never-married,3,108402,10th,Private,Sales,0,0,20,39,0
19,Female,White,Never-married,3,205829,HS-grad,Private,Sales,0,0,35,39,0
34,Male,White,Married-civ-spouse,0,183778,HS-grad,Private,Craft-repair,0,0,40,39,0
28,Male,White,Married-civ-spouse,0,444304,Bachelors,Private,Tech-support,0,0,40,39,0
50,Male,White,Married-civ-spouse,0,104501,Masters,Private,Prof-specialty,0,0,40,39,1
39,Male,White,Married-civ-spouse,0,316211,HS-grad,Private,Exec-managerial,0,0,60,39,1
19,Male,White,Never-married,3,117444,HS-grad,Other,Other,0,0,30,39,0
48,Male,White,Divorced,4,50402,Some-college,Private,Machine-op-inspct,0,0,40,39,0
52,Male,White,Married-civ-spouse,0,123011,Prof-school,Self-emp-not-inc,Prof-specialty,0,0,50,39,1
44,Male,Black,Married-civ-spouse,0,157249,Bachelors,Private,Prof-specialty,0,1977,50,39,1
18,Female,White,Never-married,3,30246,Some-college,Other,Other,0,0,20,39,0
47,Male,White,Married-spouse-absent,4,241832,9th,Private,Handlers-cleaners,0,0,40,8,0
33,Female,White,Never-married,1,66278,Masters,Private,Prof-specialty,0,0,40,39,0
62,Female,White,Widowed,1,128092,HS-grad,Private,Adm-clerical,0,0,32,39,0
46,Male,White,Married-civ-spouse,0,116789,HS-grad,Private,Adm-clerical,0,0,40,39,1
72,Male,White,Married-civ-spouse,0,284120,Some-college,Self-emp-not-inc,Sales,0,0,40,39,0
49,Female,White,Never-married,4,31807,Some-college,Private,Exec-managerial,0,0,40,39,0
66,Male,White,Married-civ-spouse,0,115880,Some-college,Self-emp-inc,Prof-specialty,0,0,40,39,0
65,Male,White,Married-civ-spouse,0,404601,HS-grad,Other,Other,2414,0,30,39,0
49,Male,White,Married-civ-spouse,0,208872,HS-grad,Self-emp-not-inc,Farming-fishing,0,1672,98,39,0
23,Male,White,Never-married,3,287681,HS-grad,Private,Craft-repair,0,0,40,4,0
22,Male,White,Never-married,3,269474,Some-college,Private,Adm-clerical,0,0,10,39,0
35,Female,White,Never-married,1,106967,Masters,Private,Sales,0,0,40,39,0
50,Male,White,Married-civ-spouse,0,175456,HS-grad,Self-emp-not-inc,Farming-fishing,0,0,50,39,0
22,Male,White,Never-married,4,164775,9th,Private,Machine-op-inspct,0,0,40,13,0
33,Male,White,Married-civ-spouse,0,158688,Some-college,Private,Transport-moving,0,0,40,39,0
31,Male,White,Married-civ-spouse,0,232475,Some-college,Private,Adm-clerical,0,0,40,39,0
60,Female,White,Divorced,1,313852,Masters,Local-gov,Prof-specialty,0,0,25,39,0
61,Female,White,Divorced,1,28375,Masters,Local-gov,Prof-specialty,0,0,70,39,0
48,Male,White,Married-civ-spouse,0,102359,Bachelors,Private,Exec-managerial,7298,0,60,39,1
40,Male,White,Married-civ-spouse,0,226902,Masters,Private,Exec-managerial,15024,0,50,39,1
50,Male,White,Married-civ-spouse,0,117295,10th,Private,Craft-repair,0,0,40,39,0
43,Male,White,Married-civ-spouse,0,188808,Masters,Private,Exec-managerial,0,0,45,39,1
23,Female,White,Never-married,1,212803,Bachelors,Local-gov,Prof-specialty,0,0,35,39,0
38,Male,White,Separated,1,196554,Prof-school,Private,Prof-specialty,0,0,35,39,1
23,Male,White,Never-married,1,347292,HS-grad,Private,Handlers-cleaners,0,0,40,39,0
45,Male,White,Married-civ-spouse,0,273435,HS-grad,Private,Craft-repair,0,0,40,39,0
27,Male,Black,Never-married,1,466224,Some-college,Private,Sales,0,0,40,39,0
44,Male,White,Married-civ-spouse,0,427952,Bachelors,Private,Prof-specialty,0,0,40,39,0
30,Male,White,Divorced,1,45427,Assoc-voc,Self-emp-not-inc,Craft-repair,0,0,49,39,0
19,Male,White,Never-married,2,283945,10th,Private,Handlers-cleaners,0,1602,45,39,0
57,Female,White,Married-civ-spouse,5,334224,Some-college,Private,Craft-repair,9386,0,40,39,1
24,Male,White,Married-civ-spouse,0,190709,Some-college,Private,Transport-moving,0,0,65,39,0
31,Male,White,Never-married,1,117963,HS-grad,Private,Handlers-cleaners,0,0,60,39,0
31,Male,White,Never-married,3,184306,Assoc-voc,Private,Transport-moving,0,1980,60,39,0
51,Male,White,Married-civ-spouse,0,338260,Prof-school,Self-emp-inc,Prof-specialty,15024,0,60,39,1
23,Male,White,Never-married,1,287681,7th-8th,Private,Other-service,0,0,25,26,0
41,Male,White,Divorced,1,26598,HS-grad,Self-emp-not-inc,Craft-repair,0,0,40,39,0
27,Male,White,Never-married,3,114967,Bachelors,Private,Sales,0,0,40,39,0
32,Female,White,Divorced,4,328199,Assoc-voc,Private,Exec-managerial,0,0,40,39,0
37,Female,White,Never-married,1,405284,Bachelors,Private,Prof-specialty,0,1340,42,39,0
30,Male,Other,Married-civ-spouse,0,348618,9th,Private,Craft-repair,0,0,40,26,0
33,Male,White,Never-married,1,212918,Some-college,Private,Tech-support,0,0,70,39,0
25,Male,White,Never-married,2,267284,HS-grad,Private,Handlers-cleaners,0,0,40,39,0
41,Male,Black,Never-married,4,157025,HS-grad,Private,Machine-op-inspct,0,0,40,39,0
23,Male,White,Never-married,1,211678,Some-college,Private,Machine-op-inspct,0,0,40,39,0
27,Male,White,Never-married,1,178778,Bachelors,Private,Sales,0,0,80,39,1
36,Female,White,Widowed,1,205396,HS-grad,Other,Other,0,0,4,39,0
24,Male,White,Never-married,3,130741,Bachelors,Private,Sales,0,0,40,39,0
64,Male,White,Married-civ-spouse,0,111795,Bachelors,State-gov,Craft-repair,0,0,45,39,1
43,Male,Asian-Pac-Islander,Married-civ-spouse,0,196945,HS-grad,Self-emp-inc,Other-service,0,0,78,37,0
17,Male,White,Never-married,3,67808,10th,Other,Other,0,0,40,39,0
36,Male,Amer-Indian-Eskimo,Married-civ-spouse,0,150309,Assoc-voc,Local-gov,Transport-moving,0,0,40,39,0
59,Male,White,Separated,4,656036,Bachelors,Private,Adm-clerical,0,0,60,39,0
29,Female,Other,Never-married,1,99369,Bachelors,Private,Prof-specialty,0,0,50,39,0
45,Male,Asian-Pac-Islander,Married-civ-spouse,0,81534,HS-grad,Private,Other-service,0,0,84,24,1
42,Male,White,Married-civ-spouse,0,154076,HS-grad,Private,Prof-specialty,7688,0,50,39,1
57,Male,White,Separated,1,134286,Some-college,Self-emp-not-inc,Sales,0,0,35,39,0
43,Female,White,Married-civ-spouse,2,168412,HS-grad,Private,Sales,0,0,44,31,0
47,Female,White,Divorced,1,33865,Some-college,Private,Exec-managerial,0,0,48,39,0
46,Male,White,Married-civ-spouse,0,171228,HS-grad,Private,Machine-op-inspct,3411,0,35,13,0
21,Male,White,Never-married,3,203076,HS-grad,Private,Handlers-cleaners,0,0,35,39,0
34,Female,White,Never-married,4,271933,Masters,Private,Exec-managerial,0,0,50,39,0
27,Male,White,Divorced,1,166210,HS-grad,Private,Craft-repair,0,0,50,39,0
46,Male,Black,Married-civ-spouse,0,380162,HS-grad,Private,Tech-support,0,0,40,39,1
18,Female,White,Married-civ-spouse,1,184016,HS-grad,Private,Priv-house-serv,3103,0,40,39,0
35,Female,Black,Married-civ-spouse,5,110668,HS-grad,Private,Machine-op-inspct,0,0,35,39,0
25,Female,White,Never-married,1,21472,Some-college,Self-emp-not-inc,Other-service,0,0,22,39,0
45,Male,White,Married-civ-spouse,0,118889,Assoc-voc,Private,Craft-repair,0,0,40,39,0
34,Male,White,Married-civ-spouse,0,419691,Bachelors,Federal-gov,Protective-serv,7298,0,54,39,1
44,Male,White,Married-civ-spouse,0,210648,Bachelors,Private,Tech-support,0,0,40,39,1
32,Female,White,Divorced,1,43403,Some-college,Private,Farming-fishing,0,1590,54,39,0
60,Male,White,Married-civ-spouse,0,160339,Some-college,Private,Craft-repair,0,0,40,4,0
24,Female,Black,Divorced,4,283918,Some-college,Federal-gov,Adm-clerical,0,0,25,39,0
56,Male,White,Married-civ-spouse,0,156229,Bachelors,Federal-gov,Exec-managerial,7688,0,40,39,1
30,Female,White,Divorced,4,151989,Assoc-voc,Other,Other,0,0,40,39,0
39,Female,White,Married-civ-spouse,5,343403,HS-grad,Private,Sales,0,0,36,39,0
21,Female,White,Never-married,1,174503,HS-grad,Private,Adm-clerical,0,0,30,39,0
63,Male,Asian-Pac-Islander,Married-civ-spouse,0,137192,Bachelors,Private,Craft-repair,0,0,40,35,0
44,Male,White,Married-civ-spouse,0,172479,Bachelors,Private,Prof-specialty,7688,0,40,39,1
47,Female,White,Divorced,1,202856,Some-college,Private,Adm-clerical,0,0,36,39,0
43,Female,Asian-Pac-Islander,Married-civ-spouse,5,95634,Bachelors,Private,Other-service,0,0,45,0,0
49,Male,White,Divorced,1,173411,HS-grad,Self-emp-not-inc,Sales,0,0,40,39,0
37,Male,White,Married-civ-spouse,0,234901,Some-college,Private,Sales,0,0,50,11,1
58,Male,White,Married-civ-spouse,0,172618,Prof-school,Private,Prof-specialty,0,0,45,39,1
48,Male,White,Married-civ-spouse,0,54190,Prof-school,Self-emp-inc,Prof-specialty,15024,0,40,39,1
50,Male,White,Divorced,1,72351,Bachelors,Private,Sales,0,0,45,39,0
22,Male,White,Never-married,3,208946,Some-college,Private,Sales,0,0,40,39,0
30,Female,White,Never-married,3,174543,Assoc-acdm,Private,Prof-specialty,0,0,40,39,0
48,Male,White,Married-civ-spouse,0,273435,HS-grad,Private,Craft-repair,0,1579,40,39,0
39,Female,White,Married-civ-spouse,5,201105,Bachelors,State-gov,Exec-managerial,0,0,55,39,1
46,Male,White,Married-civ-spouse,0,83064,Assoc-acdm,Private,Machine-op-inspct,0,0,40,39,1
39,Male,White,Never-married,3,156897,HS-grad,Private,Craft-repair,0,2258,42,39,1
42,Female,White,Divorced,4,223934,Assoc-acdm,Private,Exec-managerial,0,0,40,39,0
34,Male,White,Married-civ-spouse,0,170772,HS-grad,Private,Craft-repair,0,0,50,39,0
25,Male,White,Never-married,1,50053,Bachelors,Federal-gov,Tech-support,0,0,45,39,0
51,Male,Black,Married-spouse-absent,1,320513,7th-8th,Private,Craft-repair,0,0,50,6,0
24,Male,Black,Never-married,3,315303,HS-grad,Private,Handlers-cleaners,0,0,25,39,0
35,Male,Black,Married-civ-spouse,0,213208,Assoc-voc,Private,Tech-support,0,0,38,23,0
17,Female,White,Never-married,3,332666,10th,Other,Other,0,0,4,39,0
35,Male,White,Never-married,1,202683,Bachelors,Other,Other,0,0,40,39,0
54,Male,White,Married-civ-spouse,0,312897,Doctorate,State-gov,Prof-specialty,0,0,46,9,1
45,Female,White,Divorced,1,169092,HS-grad,Private,Sales,0,0,55,39,0
41,Male,White,Married-civ-spouse,0,152292,Bachelors,Private,Prof-specialty,0,0,50,39,1
37,Male,White,Married-civ-spouse,0,32528,HS-grad,Federal-gov,Adm-clerical,0,0,40,9,1
47,Male,Black,Never-married,4,55377,Bachelors,Federal-gov,Adm-clerical,0,0,40,39,1
28,Male,White,Never-married,1,274690,Bachelors,Private,Adm-clerical,0,0,45,39,0
35,Female,White,Never-married,1,81259,Bachelors,Private,Adm-clerical,0,0,43,39,0
55,Male,White,Married-civ-spouse,0,169482,HS-grad,State-gov,Farming-fishing,0,0,40,39,1
33,Male,Black,Married-civ-spouse,0,240763,Some-college,Private,Machine-op-inspct,0,0,40,39,0
22,Female,White,Never-married,3,195143,Some-college,Other,Other,0,0,29,39,0
37,Male,White,Married-civ-spouse,0,66686,HS-grad,Private,Handlers-cleaners,0,0,40,39,0
36,Male,White,Married-civ-spouse,0,151322,Bachelors,Self-emp-not-inc,Prof-specialty,0,0,45,39,1
24,Male,Asian-Pac-Islander,Married-civ-spouse,0,22201,HS-grad,Private,Protective-serv,0,0,40,37,0
31,Male,White,Married-civ-spouse,0,339482,1st-4th,Private,Machine-op-inspct,0,0,40,26,0
36,Female,White,Widowed,4,108293,HS-grad,Private,Other-service,0,0,24,39,0
48,Male,White,Married-civ-spouse,0,212120,HS-grad,Private,Machine-op-inspct,0,0,40,39,1
51,Female,White,Widowed,4,243361,Some-college,Private,Adm-clerical,0,0,45,39,0
38,Male,White,Divorced,4,105017,HS-grad,Private,Craft-repair,0,0,40,39,0
55,Male,White,Married-civ-spouse,0,213615,HS-grad,Private,Craft-repair,0,0,40,39,1
37,Male,White,Married-civ-spouse,0,220237,Bachelors,Private,Exec-managerial,5178,0,40,39,1
47,Male,White,Married-civ-spouse,0,103406,HS-grad,State-gov,Tech-support,0,0,40,39,0
51,Male,Black,Married-civ-spouse,0,106257,Assoc-acdm,Federal-gov,Tech-support,0,0,40,39,0
17,Female,White,Never-married,3,231438,11th,Private,Adm-clerical,0,0,12,39,0
31,Female,White,Separated,3,76198,HS-grad,Other,Other,0,0,20,39,0
25,Male,White,Never-married,2,206343,HS-grad,Private,Protective-serv,0,0,40,39,0
37,Male,White,Married-civ-spouse,0,265038,Some-college,Private,Transport-moving,0,0,50,39,0
49,Female,White,Divorced,1,204057,Assoc-acdm,Private,Exec-managerial,0,0,40,39,0
43,Male,White,Married-civ-spouse,0,193672,HS-grad,Private,Machine-op-inspct,0,0,40,39,0
31,Male,White,Never-married,4,373185,Some-college,Private,Craft-repair,0,0,42,26,0
70,Female,White,Widowed,4,145419,HS-grad,Private,Adm-clerical,0,0,5,39,0
38,Male,White,Married-civ-spouse,0,122493,10th,Self-emp-not-inc,Sales,0,1887,40,39,1
38,Male,White,Married-civ-spouse,0,200818,Prof-school,Private,Prof-specialty,0,0,40,39,1
27,Male,White,Divorced,1,94064,Assoc-voc,Private,Machine-op-inspct,0,0,40,39,0
35,Male,White,Divorced,1,82622,HS-grad,Private,Exec-managerial,0,0,50,39,0
55,Female,White,Separated,4,118993,Some-college,Private,Exec-managerial,0,0,10,39,0
62,Male,White,Married-civ-spouse,0,73292,Some-college,Private,Other-service,0,0,40,39,0
40,Male,Black,Divorced,1,117860,HS-grad,Private,Other-service,0,0,40,39,0
40,Male,White,Married-civ-spouse,0,111483,Masters,Private,Exec-managerial,0,0,50,39,1
19,Male,White,Never-married,3,67929,Some-college,Self-emp-not-inc,Farming-fishing,0,0,50,39,0
19,Male,White,Never-married,3,286435,Some-college,Private,Craft-repair,594,0,40,39,0
30,Female,White,Divorced,4,170130,HS-grad,Private,Adm-clerical,0,0,40,39,0
58,Female,White,Married-civ-spouse,5,147653,Some-college,Other,Other,0,0,36,39,0
41,Male,White,Married-civ-spouse,0,288568,HS-grad,Private,Craft-repair,0,0,40,39,1
25,Male,Amer-Indian-Eskimo,Never-married,1,55636,HS-grad,Federal-gov,Handlers-cleaners,0,0,40,39,0
46,Male,White,Married-civ-spouse,0,329752,11th,Local-gov,Transport-moving,0,0,30,39,0
27,Male,White,Never-married,1,107846,HS-grad,Self-emp-not-inc,Protective-serv,0,0,30,39,0
63,Male,Black,Separated,1,67903,9th,Private,Farming-fishing,0,0,40,39,0
20,Male,White,Never-married,3,243178,HS-grad,Local-gov,Handlers-cleaners,0,0,40,39,0
21,Male,White,Never-married,3,98678,Some-college,Private,Other-service,0,0,15,39,0
27,Male,Amer-Indian-Eskimo,Never-married,3,156266,HS-grad,Private,Sales,0,0,20,39,0
28,Male,White,Never-married,1,191129,HS-grad,Self-emp-inc,Exec-managerial,0,0,65,39,1
62,Female,White,Never-married,4,158712,HS-grad,Self-emp-not-inc,Other-service,0,0,6,39,0
32,Male,Black,Married-civ-spouse,0,295589,Masters,Private,Exec-managerial,0,1977,40,39,1
41,Female,White,Divorced,4,29324,HS-grad,State-gov,Exec-managerial,0,0,45,39,0
65,Female,White,Widowed,4,172906,HS-grad,Private,Adm-clerical,0,0,40,39,0
33,Male,White,Married-civ-spouse,0,222221,HS-grad,Private,Exec-managerial,7298,0,45,39,1
50,Male,White,Married-civ-spouse,0,97778,HS-grad,State-gov,Protective-serv,0,0,40,39,0
19,Male,White,Never-married,3,211355,HS-grad,Private,Adm-clerical,0,0,12,39,0
36,Male,White,Never-married,1,65624,Bachelors,Private,Prof-specialty,0,0,40,39,0
19,Female,White,Never-married,2,112269,Some-college,Private,Other-service,0,0,40,39,0
60,Male,White,Married-civ-spouse,0,290593,Masters,Other,Other,0,0,40,39,0
51,Male,White,Married-civ-spouse,0,138251,HS-grad,Private,Transport-moving,0,0,60,39,0
18,Female,White,Never-married,3,83451,HS-grad,Private,Other-service,0,0,30,39,0
37,Male,White,Married-civ-spouse,0,353298,HS-grad,Self-emp-not-inc,Sales,99999,0,50,39,1
47,Male,White,Married-civ-spouse,0,121124,Bachelors,Self-emp-not-inc,Sales,0,0,40,39,1
20,Female,White,Never-married,3,33644,HS-grad,Private,Adm-clerical,0,0,30,39,0
23,Female,White,Never-married,3,202344,Bachelors,Private,Prof-specialty,0,0,40,39,0
54,Male,White,Married-civ-spouse,0,39493,Assoc-voc,Private,Transport-moving,0,0,20,39,0
68,Male,White,Divorced,1,284763,11th,Private,Transport-moving,0,0,70,39,0
26,Male,White,Married-civ-spouse,0,164938,HS-grad,Private,Sales,0,0,40,39,0
36,Male,Black,Separated,3,59313,Some-college,Local-gov,Adm-clerical,0,0,40,39,0
69,Male,White,Married-civ-spouse,0,476653,Bachelors,Other,Other,0,0,20,39,0
45,Female,White,Widowed,1,220213,HS-grad,Private,Craft-repair,0,0,40,39,0
60,Male,Amer-Indian-Eskimo,Married-civ-spouse,0,21101,HS-grad,Self-emp-not-inc,Farming-fishing,0,0,50,39,0
53,Male,White,Never-married,1,96827,Bachelors,Private,Other-service,0,0,40,2,0
27,Male,White,Married-civ-spouse,0,66473,Bachelors,Private,Exec-managerial,0,0,40,39,1
34,Male,Amer-Indian-Eskimo,Married-civ-spouse,2,137088,HS-grad,Private,Craft-repair,0,0,40,39,0
48,Female,White,Divorced,1,48885,HS-grad,Private,Other-service,0,0,35,39,0
49,Female,White,Married-civ-spouse,5,194962,11th,Private,Other-service,0,0,6,39,0
20,Female,White,Never-married,3,132053,Some-college,Private,Prof-specialty,0,0,2,39,0
21,Male,White,Married-civ-spouse,0,186314,HS-grad,Private,Adm-clerical,0,0,40,39,0
31,Male,Asian-Pac-Islander,Married-civ-spouse,0,341672,Bachelors,Private,Adm-clerical,0,0,60,19,0
25,Female,White,Never-married,3,367306,Some-college,Private,Tech-support,0,0,40,39,0
26,Male,White,Married-civ-spouse,0,242464,HS-grad,Local-gov,Protective-serv,3103,0,40,39,1
28,Male,White,Never-married,1,119793,HS-grad,Self-emp-not-inc,Other-service,0,0,40,39,0
58,Male,White,Married-civ-spouse,0,310085,5th-6th,Private,Machine-op-inspct,0,0,40,39,0
68,Male,White,Married-civ-spouse,0,65730,HS-grad,Other,Other,0,0,25,39,0
52,Male,Asian-Pac-Islander,Married-civ-spouse,0,89028,HS-grad,Self-emp-not-inc,Craft-repair,0,0,40,39,0
34,Male,White,Married-civ-spouse,0,532379,Some-college,Private,Craft-repair,0,0,40,39,0
47,Male,Black,Married-civ-spouse,0,230136,HS-grad,Private,Other-service,0,0,60,39,1
22,Female,White,Never-married,3,334693,Some-college,State-gov,Adm-clerical,0,0,40,39,0
30,Male,White,Married-civ-spouse,0,207253,Assoc-voc,Private,Craft-repair,0,0,40,9,0
33,Male,White,Married-civ-spouse,0,206051,HS-grad,Private,Craft-repair,0,0,40,39,0
56,Male,White,Married-civ-spouse,0,89922,HS-grad,Private,Transport-moving,3103,0,45,39,1
48,Male,White,Divorced,1,49595,Masters,State-gov,Protective-serv,0,0,72,39,0
17,Female,White,Never-married,3,52967,10th,Private,Other-service,0,0,6,39,0
36,Male,White,Never-married,3,257250,7th-8th,Self-emp-not-inc,Farming-fishing,0,0,75,39,0
57,Male,White,Married-civ-spouse,0,249977,Assoc-voc,Private,Prof-specialty,0,0,40,39,0
57,Female,White,Divorced,4,71367,HS-grad,Private,Other-service,0,0,40,39,0
61,Male,White,Married-civ-spouse,0,134768,Some-college,Self-emp-inc,Sales,0,0,40,39,0
25,Male,White,Married-civ-spouse,0,216583,Bachelors,Private,Exec-managerial,0,0,43,39,0
41,Female,White,Never-married,1,394669,Bachelors,Private,Prof-specialty,0,1741,40,39,0
23,Female,White,Never-married,1,184271,Bachelors,Private,Prof-specialty,0,0,36,39,0
41,Male,White,Never-married,1,152529,Bachelors,Private,Prof-specialty,0,0,40,39,1
47,Male,White,Married-civ-spouse,0,118447,Bachelors,State-gov,Prof-specialty,0,0,60,39,1
24,Female,White,Never-married,1,163665,HS-grad,Private,Other-service,2174,0,40,39,0
54,Male,White,Married-civ-spouse,0,156003,HS-grad,Private,Craft-repair,0,0,40,39,0
17,Female,White,Never-married,2,198830,11th,Private,Adm-clerical,0,0,10,39,0
54,Male,White,Married-civ-spouse,0,206862,HS-grad,Self-emp-inc,Exec-managerial,0,0,36,39,1
30,Male,White,Married-civ-spouse,0,83253,HS-grad,Private,Prof-specialty,0,0,55,39,0
41,Male,Black,Married-spouse-absent,4,239833,HS-grad,Private,Transport-moving,0,0,50,39,0
19,Male,White,Never-married,2,206777,HS-grad,Private,Handlers-cleaners,0,0,40,39,0
58,Female,White,Widowed,1,110213,HS-grad,Private,Adm-clerical,0,0,40,39,1
47,Male,White,Married-civ-spouse,0,355320,Bachelors,Private,Prof-specialty,15024,0,40,39,1
57,Male,White,Married-civ-spouse,0,119253,Masters,Self-emp-inc,Sales,15024,0,65,39,1
26,Male,White,Never-married,4,107827,HS-grad,Private,Other-service,0,0,25,39,0
19,Female,Black,Never-married,2,501144,Some-college,Private,Sales,0,0,40,39,0
35,Female,Black,Never-married,1,180647,Some-college,Private,Prof-specialty,0,0,40,39,0
18,Female,White,Never-married,2,210026,10th,Private,Other-service,0,0,40,39,0
47,Male,White,Married-civ-spouse,0,483596,HS-grad,Self-emp-inc,Exec-managerial,2885,0,32,39,0
50,Female,White,Divorced,1,166758,Some-college,Private,Other-service,0,0,15,39,0
17,Male,White,Never-married,3,122041,11th,Private,Craft-repair,0,0,20,39,0
30,Male,White,Divorced,1,94413,Some-college,Private,Transport-moving,0,0,30,39,0
33,Female,White,Divorced,1,121966,HS-grad,Private,Adm-clerical,0,0,40,39,0
22,Male,Black,Never-married,3,291407,12th,Other,Other,0,0,40,39,0
68,Male,White,Married-civ-spouse,0,89011,Doctorate,Self-emp-not-inc,Prof-specialty,0,0,50,2,0
50,Male,White,Married-civ-spouse,0,32372,HS-grad,Self-emp-not-inc,Farming-fishing,0,0,30,39,0
35,Male,White,Married-civ-spouse,0,205338,HS-grad,Private,Craft-repair,0,0,40,39,0
31,Male,Asian-Pac-Islander,Married-civ-spouse,0,167725,Bachelors,Private,Prof-specialty,15024,0,48,30,1
26,Male,White,Never-married,1,226288,Bachelors,Private,Adm-clerical,0,0,40,39,0
40,Female,Black,Separated,3,39581,Prof-school,Local-gov,Prof-specialty,0,0,40,39,0
44,Female,Black,Never-married,3,399155,HS-grad,Federal-gov,Craft-repair,0,0,40,39,0
57,Female,White,Married-civ-spouse,5,163047,HS-grad,Private,Exec-managerial,0,0,38,39,0
37,Female,White,Never-married,3,189382,Assoc-voc,Private,Adm-clerical,0,0,38,39,0
51,Female,White,Divorced,1,204304,Some-college,Private,Exec-managerial,0,0,50,39,1
28,Female,White,Never-married,1,165030,Some-college,Private,Exec-managerial,0,0,50,39,0
42,Male,White,Married-civ-spouse,0,103980,Assoc-voc,Self-emp-not-inc,Prof-specialty,0,0,50,39,0
23,Male,White,Never-married,3,224424,Bachelors,Private,Other-service,0,0,40,39,0
44,Male,White,Divorced,1,54611,Some-college,Private,Machine-op-inspct,0,0,50,39,0
34,Male,White,Married-civ-spouse,0,160449,HS-grad,Private,Machine-op-inspct,0,0,44,39,1
63,Male,White,Married-civ-spouse,0,125178,Bachelors,Self-emp-not-inc,Prof-specialty,0,0,40,39,1
22,Female,White,Never-married,3,133833,Some-college,Private,Adm-clerical,0,0,40,39,0
62,Male,White,Married-civ-spouse,0,123612,Bachelors,Other,Other,0,0,4,39,0
30,Female,Black,Married-civ-spouse,5,103649,Bachelors,Private,Adm-clerical,0,0,40,39,1
49,Female,Black,Never-married,1,36032,Some-college,Private,Exec-managerial,0,0,40,39,0
55,Female,Asian-Pac-Islander,Divorced,1,173093,Some-college,Private,Adm-clerical,0,0,40,39,0
40,Male,White,Never-married,1,171615,Some-college,Self-emp-not-inc,Craft-repair,0,0,35,39,1
34,Male,White,Married-civ-spouse,0,186824,Prof-school,Self-emp-inc,Prof-specialty,15024,0,40,39,1
29,Male,White,Married-civ-spouse,2,104423,Some-college,Self-emp-not-inc,Exec-managerial,4386,0,45,39,1
47,Male,White,Married-civ-spouse,0,248145,5th-6th,Self-emp-inc,Transport-moving,0,0,50,5,0
37,Male,White,Divorced,4,121510,HS-grad,Self-emp-not-inc,Exec-managerial,0,0,55,39,0
59,Male,White,Married-civ-spouse,0,515712,7th-8th,Private,Craft-repair,0,0,40,39,0
31,Female,Black,Married-civ-spouse,5,233371,HS-grad,Other,Other,0,0,45,39,0
43,Female,White,Never-married,3,191982,Assoc-voc,Private,Adm-clerical,0,0,55,39,0
20,Female,White,Never-married,1,64292,Some-college,Private,Sales,0,0,50,39,0
20,Female,White,Never-married,1,245297,Some-college,Private,Other-service,0,0,20,39,0
41,Male,White,Married-civ-spouse,0,89172,Some-college,Local-gov,Farming-fishing,0,0,40,39,1
41,Male,White,Married-civ-spouse,0,57924,Some-college,Self-emp-not-inc,Farming-fishing,7688,0,50,39,1
34,Male,White,Married-civ-spouse,0,384150,Bachelors,Private,Exec-managerial,0,0,40,39,1
34,Male,White,Never-married,1,46746,11th,Private,Other-service,0,0,30,39,0
20,Female,White,Never-married,3,204226,11th,Private,Other-service,0,0,40,39,0
39,Male,White,Widowed,4,487486,HS-grad,Private,Handlers-cleaners,0,0,40,0,0
53,Female,White,Divorced,1,132304,Some-college,Local-gov,Adm-clerical,0,0,40,39,0
35,Male,White,Divorced,3,188563,HS-grad,Self-emp-not-inc,Farming-fishing,0,0,50,39,0
45,Male,White,Married-civ-spouse,0,32356,Bachelors,Self-emp-inc,Exec-managerial,0,0,51,39,0
31,Male,White,Married-civ-spouse,0,143653,Assoc-voc,Private,Sales,0,0,50,39,0
46,Female,White,Never-married,4,306183,HS-grad,Private,Adm-clerical,0,0,37,39,0
42,Male,White,Married-civ-spouse,0,102069,7th-8th,Self-emp-not-inc,Sales,0,0,30,39,0
27,Female,White,Never-married,1,225291,Some-college,Private,Adm-clerical,0,0,40,39,0
47,Male,White,Married-civ-spouse,0,149700,Bachelors,Other,Other,0,0,36,39,1
48,Male,White,Married-civ-spouse,0,85341,Bachelors,Local-gov,Prof-specialty,0,0,45,39,0
34,Female,White,Never-married,4,77271,HS-grad,Private,Exec-managerial,0,0,20,9,0
20,Female,White,Never-married,3,249543,Some-college,Private,Protective-serv,0,0,16,39,0
23,Male,Asian-Pac-Islander,Never-married,3,169104,Some-college,Private,Sales,0,0,25,39,0
36,Female,Other,Separated,4,301227,5th-6th,Private,Priv-house-serv,0,0,35,26,0
20,Female,White,Never-married,1,401690,HS-grad,Other,Other,0,0,30,39,0
56,Male,Black,Married-civ-spouse,0,466498,Assoc-voc,State-gov,Craft-repair,0,0,60,39,1
19,Female,Amer-Indian-Eskimo,Never-married,2,33487,Some-college,Other,Other,0,0,40,39,0
30,Female,White,Divorced,3,110594,HS-grad,Private,Adm-clerical,0,0,40,39,0
54,Male,White,Married-civ-spouse,0,138179,HS-grad,Private,Machine-op-inspct,0,0,40,39,0
23,Female,White,Never-married,1,86065,12th,Private,Other-service,0,0,30,39,0
49,Male,White,Married-civ-spouse,0,233059,HS-grad,Self-emp-not-inc,Craft-repair,0,0,60,39,0
53,Male,Asian-Pac-Islander,Divorced,4,137192,Bachelors,Private,Exec-managerial,0,0,50,39,0
68,Male,White,Married-civ-spouse,0,407338,Some-college,Other,Other,0,0,20,39,0
45,Female,White,Married-civ-spouse,5,177543,HS-grad,Self-emp-inc,Sales,0,0,50,39,0
22,Male,White,Never-married,2,201729,9th,Private,Handlers-cleaners,0,0,30,39,0
53,Male,White,Divorced,1,42924,Doctorate,Self-emp-inc,Exec-managerial,14084,0,50,39,1
42,Male,White,Married-civ-spouse,0,195897,7th-8th,Local-gov,Craft-repair,0,0,40,39,0
28,Male,White,Married-civ-spouse,0,142712,Some-college,Self-emp-inc,Exec-managerial,0,0,70,39,0
25,Female,White,Never-married,2,229287,Bachelors,Private,Exec-managerial,0,0,25,39,0
47,Female,White,Never-married,1,436770,Assoc-voc,Private,Prof-specialty,0,0,40,39,0
37,Male,White,Married-civ-spouse,0,241998,Bachelors,Private,Tech-support,0,0,50,39,1
23,Female,White,Never-married,3,188505,Bachelors,Private,Other-service,0,0,25,39,0
44,Male,White,Divorced,3,199031,Some-college,Private,Transport-moving,0,1380,40,39,0
30,Male,White,Married-civ-spouse,0,341346,11th,Private,Sales,0,0,40,39,0
55,Male,White,Divorced,1,193374,HS-grad,Self-emp-not-inc,Craft-repair,0,0,40,39,0
27,Male,White,Married-civ-spouse,0,205440,10th,Private,Machine-op-inspct,0,0,40,39,0
66,Male,White,Married-civ-spouse,0,47358,10th,Federal-gov,Craft-repair,3471,0,40,39,0
22,Female,White,Never-married,3,131573,Some-college,Other,Other,0,0,8,39,0
33,Female,Black,Never-married,4,149220,Assoc-voc,Private,Other-service,0,0,40,39,0
36,Female,White,Never-married,3,127306,Bachelors,Private,Exec-managerial,0,0,40,39,0
66,Female,White,Widowed,1,269665,HS-grad,Private,Exec-managerial,0,0,25,39,0
50,Male,White,Married-civ-spouse,0,163948,Masters,Private,Sales,0,0,40,39,1
69,Female,White,Widowed,1,195779,Assoc-voc,Other,Other,0,0,1,39,0
63,Male,White,Married-civ-spouse,0,266083,7th-8th,Private,Transport-moving,0,0,60,39,1
25,Male,White,Married-spouse-absent,1,198632,Some-college,Private,Sales,0,0,50,39,0
68,Female,White,Widowed,1,191288,7th-8th,Other,Other,0,0,15,39,0
65,Male,White,Divorced,2,149131,11th,Private,Machine-op-inspct,0,0,40,39,0
65,Female,White,Married-civ-spouse,5,93318,Some-college,Private,Exec-managerial,0,0,45,39,0
19,Female,White,Never-married,1,195985,HS-grad,Private,Other-service,0,0,50,39,0
48,Male,White,Married-civ-spouse,0,186539,Some-college,Private,Prof-specialty,0,0,40,39,0
42,Female,White,Divorced,1,202188,Some-college,Private,Exec-managerial,0,1741,50,39,0
25,Female,White,Never-married,3,190057,Bachelors,Local-gov,Prof-specialty,0,0,40,39,0
31,Female,Black,Separated,3,309974,Bachelors,Private,Sales,0,0,40,39,0
50,Female,White,Divorced,4,174855,HS-grad,Self-emp-inc,Exec-managerial,0,0,40,39,0
35,Female,Black,Never-married,4,301369,12th,Private,Machine-op-inspct,0,0,40,39,0
33,Male,White,Divorced,3,93056,7th-8th,Private,Handlers-cleaners,0,0,40,39,0
22,Male,Black,Never-married,3,263670,HS-grad,Private,Other-service,0,0,80,39,0
32,Male,White,Married-civ-spouse,0,140092,11th,Private,Craft-repair,0,0,40,39,0
55,Female,White,Never-married,3,376058,9th,Other,Other,0,0,45,39,0
32,Male,White,Married-civ-spouse,0,396745,Bachelors,Private,Prof-specialty,0,2415,48,39,1
32,Male,White,Married-civ-spouse,0,349028,HS-grad,Private,Craft-repair,0,0,40,39,0
51,Male,White,Widowed,4,284329,HS-grad,Private,Transport-moving,0,0,40,39,0
38,Male,Black,Married-civ-spouse,0,252947,Some-college,Private,Handlers-cleaners,0,0,40,39,0
64,Male,White,Married-civ-spouse,0,192695,5th-6th,Self-emp-not-inc,Farming-fishing,0,0,70,2,0
43,Male,White,Married-civ-spouse,0,218558,HS-grad,Other,Other,0,0,40,39,0
26,Male,Black,Never-married,1,151810,10th,Private,Farming-fishing,0,0,40,39,0
34,Male,White,Married-civ-spouse,0,136331,Bachelors,Local-gov,Prof-specialty,0,0,60,39,0
44,Male,White,Married-civ-spouse,0,99203,7th-8th,Private,Machine-op-inspct,0,0,40,39,0
21,Male,White,Never-married,3,149809,HS-grad,Private,Farming-fishing,0,0,24,39,0
56,Male,White,Married-civ-spouse,0,251836,5th-6th,Private,Other-service,0,0,40,0,0
28,Male,White,Separated,3,332249,HS-grad,Local-gov,Transport-moving,0,0,45,39,0
33,Male,Black,Never-married,1,281784,Bachelors,Local-gov,Tech-support,0,1564,52,39,1
40,Female,White,Divorced,1,220609,Some-college,Private,Exec-managerial,0,0,40,39,0
21,Male,White,Never-married,3,240063,Some-college,Private,Handlers-cleaners,0,0,25,39,0
26,Female,White,Never-married,3,174592,Masters,Private,Exec-managerial,0,0,40,39,0
38,Male,White,Married-civ-spouse,0,243872,Bachelors,Private,Sales,0,0,70,39,1
36,Male,White,Married-civ-spouse,0,103323,Assoc-acdm,Private,Machine-op-inspct,2829,0,40,39,0
60,Female,White,Divorced,1,114263,Bachelors,Private,Exec-managerial,0,0,40,18,1
38,Male,White,Divorced,1,241962,HS-grad,Private,Machine-op-inspct,0,0,40,39,0
29,Female,White,Married-civ-spouse,5,126060,HS-grad,Private,Sales,0,0,40,39,1
44,Female,White,Divorced,1,83508,Prof-school,Private,Prof-specialty,2354,0,99,39,0
33,Male,White,Divorced,4,133876,HS-grad,Local-gov,Craft-repair,0,0,40,39,0
39,Male,White,Married-civ-spouse,0,98941,HS-grad,Private,Craft-repair,0,0,40,39,0
37,Female,White,Never-married,1,187311,Some-college,Private,Adm-clerical,0,0,60,39,0
27,Female,Black,Never-married,1,136448,Bachelors,Private,Adm-clerical,0,0,40,39,0
37,Female,White,Separated,4,217838,5th-6th,Private,Other-service,0,0,40,26,0
34,Male,Black,Married-spouse-absent,1,293900,11th,Private,Craft-repair,0,0,55,39,0
35,Female,White,Never-married,1,385412,Bachelors,Private,Adm-clerical,0,0,40,39,0
30,Male,Black,Married-civ-spouse,0,1184622,Some-college,Private,Transport-moving,0,0,35,39,0
54,Male,White,Married-civ-spouse,0,28683,HS-grad,Private,Sales,3464,0,40,39,0
43,Male,Black,Married-spouse-absent,4,117022,HS-grad,Local-gov,Farming-fishing,0,0,40,39,0
32,Male,White,Married-civ-spouse,0,402812,Some-college,Private,Sales,0,0,48,39,0
52,Male,White,Married-civ-spouse,0,349795,Bachelors,State-gov,Protective-serv,0,0,40,39,0
38,Male,White,Married-civ-spouse,0,140854,Bachelors,Self-emp-inc,Craft-repair,0,0,50,39,1
36,Male,Asian-Pac-Islander,Married-civ-spouse,0,112847,Bachelors,Federal-gov,Prof-specialty,0,0,40,39,0
35,Male,White,Married-civ-spouse,0,112264,HS-grad,Private,Sales,0,0,50,39,0
30,Male,White,Married-civ-spouse,0,158688,HS-grad,Private,Machine-op-inspct,0,0,40,39,0
41,Female,White,Divorced,1,203451,Some-college,Self-emp-not-inc,Prof-specialty,0,0,15,39,0
23,Male,White,Never-married,3,101094,Some-college,State-gov,Protective-serv,0,0,60,39,0
39,Female,White,Divorced,1,187167,Some-college,Private,Exec-managerial,0,0,40,39,0
39,Female,White,Divorced,4,149833,Bachelors,Local-gov,Prof-specialty,0,0,40,39,0
32,Male,White,Never-married,3,242150,HS-grad,Private,Adm-clerical,0,0,38,39,0
36,Male,White,Married-civ-spouse,0,160035,HS-grad,Private,Craft-repair,3908,0,55,39,0
18,Male,White,Never-married,3,296090,HS-grad,Self-emp-not-inc,Sales,0,0,48,0,0
53,Male,White,Married-civ-spouse,0,168539,9th,Self-emp-not-inc,Farming-fishing,0,0,70,39,0
26,Male,White,Never-married,1,205036,HS-grad,Private,Handlers-cleaners,0,0,42,39,0
38,Male,White,Married-civ-spouse,0,110402,Assoc-voc,Private,Machine-op-inspct,0,0,40,39,0
51,Male,White,Married-spouse-absent,4,193720,HS-grad,Local-gov,Handlers-cleaners,0,0,40,39,0
57,Male,White,Married-civ-spouse,0,205708,Some-college,Private,Craft-repair,0,0,40,31,0
27,Male,White,Married-civ-spouse,0,246372,HS-grad,Federal-gov,Other-service,0,0,40,39,0
34,Male,White,Divorced,1,107793,HS-grad,Private,Craft-repair,0,0,40,39,0
67,Male,White,Married-civ-spouse,0,40021,HS-grad,Self-emp-not-inc,Farming-fishing,0,0,35,39,0
30,Male,White,Married-civ-spouse,0,377017,Some-college,Private,Handlers-cleaners,0,0,32,39,0
27,Male,White,Never-married,1,183523,Bachelors,Private,Exec-managerial,0,0,45,39,0
35,Male,White,Married-civ-spouse,0,230268,Some-college,Self-emp-not-inc,Other-service,0,0,40,39,0
58,Female,Black,Never-married,1,105060,Some-college,Private,Adm-clerical,0,0,37,39,0
32,Male,White,Married-civ-spouse,0,65278,Doctorate,Self-emp-not-inc,Exec-managerial,0,0,40,39,0
52,Female,White,Divorced,4,181755,HS-grad,Private,Adm-clerical,0,0,40,39,0
27,Female,White,Never-married,1,283913,5th-6th,Private,Priv-house-serv,0,0,65,9,0
37,Male,White,Married-civ-spouse,0,377798,Some-college,Private,Craft-repair,3103,0,40,39,1
51,Male,White,Married-civ-spouse,0,335997,HS-grad,Private,Exec-managerial,4386,0,55,39,1
18,Male,Black,Married-spouse-absent,3,151386,HS-grad,Private,Other-service,0,0,40,23,0
19,Female,White,Never-married,4,180976,10th,Other,Other,0,0,35,39,0
70,Male,White,Married-civ-spouse,0,206232,10th,Private,Machine-op-inspct,0,0,50,39,0
51,Male,White,Married-civ-spouse,0,289572,Bachelors,Private,Sales,7688,0,50,39,1
48,Male,White,Married-civ-spouse,0,109814,Prof-school,Private,Prof-specialty,0,1977,45,39,1
33,Female,White,Married-civ-spouse,5,100135,HS-grad,Private,Adm-clerical,0,1740,25,39,0
23,Male,White,Never-married,1,74568,Some-college,Private,Exec-managerial,0,0,40,39,0
33,Male,White,Never-married,1,196342,Doctorate,Self-emp-not-inc,Prof-specialty,0,0,45,39,1
40,Male,White,Married-civ-spouse,0,210013,HS-grad,Private,Transport-moving,0,0,50,39,0
21,Female,White,Never-married,3,77759,Some-college,Private,Sales,0,0,15,39,0
36,Male,White,Married-civ-spouse,0,191335,Some-college,Private,Craft-repair,0,0,56,39,0
38,Female,White,Never-married,1,22042,Assoc-voc,Private,Prof-specialty,0,0,39,39,0
17,Female,White,Never-married,3,151799,11th,Private,Other-service,0,0,20,39,0
38,Male,White,Married-civ-spouse,0,309230,Some-college,Private,Craft-repair,0,0,40,39,1
46,Male,White,Married-civ-spouse,0,190115,Some-college,Private,Sales,0,1887,40,39,1
39,Female,Amer-Indian-Eskimo,Married-spouse-absent,4,78171,Some-college,Private,Adm-clerical,0,0,40,39,0
44,Male,White,Never-married,1,116391,Bachelors,Private,Prof-specialty,0,0,40,39,0
42,Male,White,Married-civ-spouse,0,433170,Some-college,Private,Craft-repair,0,0,60,39,1
37,Male,White,Married-civ-spouse,0,99233,HS-grad,Private,Adm-clerical,0,0,40,39,0
35,Female,White,Married-civ-spouse,5,148903,HS-grad,Private,Other-service,0,0,16,39,1
49,Male,White,Married-civ-spouse,0,149809,Preschool,Private,Other-service,0,0,40,0,0
33,Male,Black,Married-civ-spouse,0,477106,HS-grad,Private,Transport-moving,0,0,40,39,0
37,Female,White,Divorced,1,312766,HS-grad,Private,Other-service,0,0,40,39,0
29,Male,White,Married-civ-spouse,0,114982,Bachelors,Private,Tech-support,0,0,40,39,1
58,Male,White,Married-civ-spouse,0,78104,HS-grad,Self-emp-inc,Exec-managerial,0,0,45,39,0
47,Male,White,Married-civ-spouse,0,34845,HS-grad,Private,Transport-moving,0,0,60,39,0
50,Male,White,Married-civ-spouse,0,42402,Prof-school,Self-emp-not-inc,Prof-specialty,0,2415,30,39,1
23,Male,White,Never-married,1,53306,HS-grad,Private,Craft-repair,0,0,30,39,0
28,Female,Asian-Pac-Islander,Never-married,3,69847,Bachelors,Private,Adm-clerical,0,0,30,39,0
48,Female,Asian-Pac-Islander,Never-married,4,102938,Bachelors,Private,Other-service,0,0,40,40,0
18,Male,White,Never-married,1,243240,HS-grad,Private,Machine-op-inspct,0,0,37,39,0
46,Male,White,Married-civ-spouse,0,120121,Bachelors,Self-emp-inc,Sales,0,0,50,39,1
43,Male,White,Married-civ-spouse,0,151089,Some-college,Private,Transport-moving,0,0,50,39,0
53,Male,White,Married-civ-spouse,0,29658,HS-grad,Private,Craft-repair,0,0,40,39,1
78,Male,White,Married-civ-spouse,0,59583,7th-8th,Self-emp-not-inc,Farming-fishing,0,0,25,39,0
30,Female,White,Never-married,1,295010,Bachelors,Federal-gov,Protective-serv,0,0,60,39,1
43,Male,White,Married-civ-spouse,0,155106,Assoc-voc,Local-gov,Exec-managerial,0,0,40,39,0
68,Female,White,Divorced,1,422013,HS-grad,Federal-gov,Prof-specialty,0,3683,40,39,0
53,Female,White,Divorced,1,274276,HS-grad,Private,Adm-clerical,0,0,40,39,0
39,Male,White,Married-civ-spouse,0,115422,HS-grad,Private,Farming-fishing,0,0,30,39,0
46,Male,White,Separated,1,164682,Assoc-voc,Private,Prof-specialty,0,0,40,39,0
43,Female,White,Married-civ-spouse,5,116852,HS-grad,Private,Exec-managerial,0,0,36,32,1
33,Male,Asian-Pac-Islander,Married-civ-spouse,0,119628,Doctorate,State-gov,Prof-specialty,0,0,50,17,0
34,Male,White,Divorced,1,183778,HS-grad,Private,Transport-moving,0,0,40,39,0
38,Male,White,Married-civ-spouse,0,225707,HS-grad,Private,Machine-op-inspct,0,0,40,5,1
42,Female,White,Never-married,3,141186,Some-college,Private,Other-service,0,0,40,39,0
22,Female,White,Never-married,4,353039,HS-grad,Private,Craft-repair,0,0,36,26,0
18,Male,White,Never-married,3,90230,HS-grad,Other,Other,0,0,20,39,0
34,Male,White,Married-civ-spouse,0,179673,Prof-school,Self-emp-not-inc,Prof-specialty,7688,0,60,39,1
38,Male,White,Married-civ-spouse,0,181705,HS-grad,Other,Other,0,0,24,39,0
35,Male,White,Married-civ-spouse,0,81232,Bachelors,Private,Sales,15024,0,50,39,1
40,Female,White,Widowed,4,140559,HS-grad,Private,Other-service,0,0,25,39,0
58,Male,White,Divorced,1,142076,HS-grad,Private,Tech-support,4787,0,39,39,1
65,Female,White,Widowed,1,185001,10th,Private,Sales,0,0,20,39,0
31,Male,White,Never-married,3,189269,HS-grad,Local-gov,Protective-serv,0,0,40,39,0
61,Male,White,Married-civ-spouse,0,176689,HS-grad,Private,Transport-moving,0,0,40,39,0
39,Female,White,Never-married,1,597843,Masters,Self-emp-not-inc,Prof-specialty,0,0,50,4,0
43,Female,White,Divorced,4,350379,5th-6th,Private,Priv-house-serv,0,0,40,26,0
35,Male,White,Married-civ-spouse,0,32528,HS-grad,Private,Handlers-cleaners,0,0,45,39,0
61,Male,White,Married-civ-spouse,0,273803,HS-grad,Private,Craft-repair,0,0,40,39,0
35,Male,Asian-Pac-Islander,Married-civ-spouse,0,79586,Masters,Self-emp-inc,Prof-specialty,0,0,40,19,1
17,Male,White,Never-married,3,244602,12th,Private,Other-service,0,0,15,39,0
34,Male,White,Married-civ-spouse,0,191385,HS-grad,Private,Machine-op-inspct,0,0,48,39,0
46,Male,White,Married-civ-spouse,0,192779,Prof-school,Self-emp-inc,Prof-specialty,15024,0,60,39,1
26,Female,White,Never-married,1,63577,Some-college,Private,Other-service,0,0,30,39,0
23,Female,White,Never-married,4,161708,Some-college,Private,Other-service,0,0,20,39,0
72,Male,White,Married-civ-spouse,0,108796,Prof-school,Other,Other,0,0,40,39,1
20,Female,White,Never-married,1,157599,Some-college,Private,Other-service,0,0,25,39,0
18,Male,White,Never-married,3,40822,11th,Private,Handlers-cleaners,0,0,15,39,0
46,Female,White,Divorced,1,173613,HS-grad,Private,Adm-clerical,0,0,40,39,0
64,Female,White,Married-spouse-absent,4,169482,Some-college,Private,Exec-managerial,0,0,40,39,0
60,Male,White,Divorced,1,184183,HS-grad,Private,Machine-op-inspct,4650,0,40,39,0
31,Female,White,Married-civ-spouse,5,29152,12th,State-gov,Other-service,0,0,40,39,0
64,Male,White,Married-civ-spouse,0,116084,HS-grad,Private,Craft-repair,2635,0,40,39,0
18,Female,White,Never-married,3,215190,12th,Private,Sales,0,0,20,39,0
19,Female,White,Never-married,3,84610,Some-college,Private,Other-service,0,0,30,39,0
26,Female,White,Never-married,3,132749,Some-college,Private,Other-service,0,0,45,39,0
36,Male,White,Never-married,1,365739,HS-grad,Private,Machine-op-inspct,0,0,40,39,0
29,Male,White,Married-civ-spouse,0,155970,HS-grad,Federal-gov,Tech-support,0,0,40,39,1
62,Male,White,Married-civ-spouse,0,664366,Bachelors,Private,Sales,0,0,60,39,1
49,Female,White,Divorced,1,104542,HS-grad,Private,Adm-clerical,0,0,40,39,0
51,Male,White,Married-civ-spouse,0,95469,HS-grad,Private,Prof-specialty,0,0,40,39,0
34,Male,White,Divorced,4,60567,11th,Private,Transport-moving,0,880,60,39,0
39,Female,Black,Divorced,4,141802,Some-college,Private,Adm-clerical,0,0,40,39,0
30,Male,White,Never-married,3,195750,HS-grad,Private,Handlers-cleaners,0,0,27,39,0
25,Female,White,Never-married,1,117833,Bachelors,Private,Prof-specialty,0,1876,40,39,0
48,Male,White,Married-civ-spouse,0,38950,Bachelors,Private,Exec-managerial,15024,0,50,39,1
17,Male,White,Never-married,3,181317,10th,Self-emp-not-inc,Farming-fishing,0,0,35,39,0
42,Male,White,Married-civ-spouse,0,79531,Some-college,Self-emp-not-inc,Exec-managerial,0,0,55,39,1
59,Female,Black,Divorced,1,121865,HS-grad,Private,Other-service,0,0,40,39,0
25,Male,White,Never-married,2,195118,HS-grad,Private,Handlers-cleaners,0,0,35,39,0
57,Male,White,Married-civ-spouse,0,170411,Bachelors,Private,Protective-serv,0,0,40,39,1
56,Male,Black,Married-civ-spouse,0,170324,5th-6th,Private,Craft-repair,0,0,40,38,0
34,Male,White,Married-civ-spouse,0,341051,Masters,Federal-gov,Adm-clerical,0,0,50,39,1
26,Male,White,Never-married,1,234190,Some-college,State-gov,Other-service,0,0,20,39,0
36,Female,White,Married-civ-spouse,5,199346,Masters,Private,Prof-specialty,0,0,50,39,1
49,Female,White,Divorced,3,57665,Bachelors,Other,Other,0,0,40,39,0
34,Male,White,Divorced,4,218164,HS-grad,Private,Craft-repair,0,0,44,39,0
57,Male,White,Married-civ-spouse,0,37345,Prof-school,Self-emp-inc,Prof-specialty,0,0,36,39,1
19,Female,White,Never-married,3,96176,Some-college,Private,Adm-clerical,0,0,20,39,0
30,Male,White,Married-civ-spouse,0,206051,HS-grad,Private,Transport-moving,0,0,40,39,0
25,Female,White,Never-married,3,209227,Bachelors,Private,Prof-specialty,0,0,21,39,0
45,Female,White,Never-married,3,160962,Some-college,Self-emp-not-inc,Sales,0,0,35,39,0
41,Male,White,Married-civ-spouse,0,67339,11th,Private,Handlers-cleaners,7688,0,40,39,1
18,Male,White,Never-married,3,318082,Some-college,Private,Sales,0,0,35,39,0
66,Female,White,Divorced,2,222810,Some-college,Local-gov,Other-service,7896,0,40,0,1
59,Male,White,Divorced,1,261232,11th,Private,Farming-fishing,0,0,40,39,0
33,Male,White,Never-married,1,85043,HS-grad,Private,Farming-fishing,0,0,20,39,0
42,Male,White,Married-civ-spouse,0,52849,Some-college,Private,Machine-op-inspct,0,0,40,39,0
23,Male,White,Never-married,1,287988,Bachelors,State-gov,Prof-specialty,10520,0,40,39,1
44,Male,White,Married-civ-spouse,0,188436,Bachelors,Private,Adm-clerical,0,0,45,39,0
62,Male,White,Married-civ-spouse,0,162249,HS-grad,Self-emp-not-inc,Transport-moving,0,0,30,39,0
40,Male,White,Married-civ-spouse,0,55395,Assoc-voc,Private,Prof-specialty,0,0,40,39,1
62,Female,Black,Separated,1,138621,Assoc-voc,Private,Priv-house-serv,0,0,20,39,0
79,Male,White,Married-spouse-absent,1,333230,HS-grad,Private,Prof-specialty,0,0,6,39,0
38,Male,White,Married-civ-spouse,0,99388,Assoc-acdm,Private,Other-service,0,0,40,8,0
64,Male,White,Married-civ-spouse,0,631947,10th,Private,Adm-clerical,0,0,40,39,0
53,Male,White,Married-civ-spouse,0,123011,Masters,State-gov,Exec-managerial,0,0,60,39,1
35,Male,White,Never-married,4,413648,5th-6th,Private,Farming-fishing,0,0,36,39,0
24,Male,White,Married-civ-spouse,0,327518,Assoc-voc,Private,Craft-repair,0,0,45,39,0
38,Female,Black,Divorced,1,155222,Some-college,Private,Machine-op-inspct,0,0,28,39,0
45,Male,White,Married-civ-spouse,0,187581,Assoc-voc,State-gov,Protective-serv,0,0,40,39,0
57,Female,White,Divorced,1,176079,Masters,Private,Prof-specialty,0,0,40,39,0
45,Male,White,Married-civ-spouse,0,168262,HS-grad,Private,Machine-op-inspct,0,1887,40,39,1
35,Male,Black,Married-civ-spouse,0,176756,12th,Private,Other-service,0,0,40,39,0
41,Male,White,Married-civ-spouse,0,171550,HS-grad,Private,Exec-managerial,0,0,40,39,1
17,Male,White,Never-married,3,202521,11th,Other,Other,0,0,40,39,0
60,Male,White,Married-civ-spouse,0,43235,Bachelors,Private,Prof-specialty,0,0,50,39,1
51,Male,White,Married-civ-spouse,0,20795,Some-college,Self-emp-not-inc,Craft-repair,0,0,40,39,0
56,Female,White,Widowed,4,392160,HS-grad,Private,Sales,0,0,25,26,0
46,Female,Asian-Pac-Islander,Divorced,4,283004,Assoc-voc,Self-emp-inc,Exec-managerial,0,0,63,37,0
50,Male,White,Never-married,1,30731,Assoc-voc,Self-emp-not-inc,Other-service,0,0,50,39,0
38,Male,White,Married-civ-spouse,0,107513,HS-grad,Local-gov,Transport-moving,0,0,40,39,0
18,Male,Black,Never-married,2,193741,11th,Private,Other-service,0,0,30,39,0
53,Female,White,Divorced,4,358056,11th,Private,Other-service,0,0,40,39,0
35,Male,White,Married-civ-spouse,0,198841,Prof-school,Self-emp-not-inc,Prof-specialty,0,0,50,39,1
48,Male,White,Divorced,1,238966,Some-college,Self-emp-inc,Exec-managerial,0,0,40,39,0
50,Male,White,Married-civ-spouse,0,146325,HS-grad,Private,Craft-repair,0,0,44,39,1
57,Female,White,Widowed,1,217692,HS-grad,Self-emp-not-inc,Craft-repair,0,0,38,39,0
20,Female,White,Never-married,3,388811,Some-college,Other,Other,0,0,40,39,0
26,Female,White,Never-married,1,270276,HS-grad,Private,Adm-clerical,0,0,40,39,0
52,Male,White,Never-married,1,329733,Some-college,Private,Exec-managerial,0,0,40,39,0
38,Male,White,Divorced,1,255503,11th,Self-emp-not-inc,Exec-managerial,0,0,55,39,0
23,Male,White,Never-married,1,70919,Bachelors,Private,Exec-managerial,0,0,40,39,0
42,Male,White,Married-civ-spouse,0,303155,Bachelors,Private,Exec-managerial,0,0,50,39,1
47,Male,White,Married-civ-spouse,0,181363,Masters,Private,Prof-specialty,0,0,40,39,1
35,Male,White,Married-civ-spouse,0,222868,HS-grad,Private,Adm-clerical,0,0,40,39,0
18,Female,White,Never-married,3,266287,12th,Private,Sales,0,0,35,39,0
51,Female,White,Divorced,1,314007,HS-grad,Federal-gov,Exec-managerial,0,0,40,39,0
52,Male,White,Married-civ-spouse,0,153312,Assoc-acdm,Local-gov,Protective-serv,0,0,40,39,1
43,Male,White,Married-civ-spouse,0,163434,Bachelors,Local-gov,Protective-serv,0,0,55,39,1
61,Female,White,Divorced,1,253101,Bachelors,Other,Other,0,0,24,39,0
38,Male,White,Married-civ-spouse,0,809585,Bachelors,Private,Sales,0,0,40,39,1
42,Male,White,Married-civ-spouse,0,194636,Bachelors,Private,Prof-specialty,0,0,45,39,1
23,Female,White,Never-married,1,178272,Bachelors,Private,Prof-specialty,0,0,40,39,0
31,Male,White,Married-civ-spouse,0,36592,HS-grad,Self-emp-not-inc,Farming-fishing,0,0,91,39,0
34,Male,White,Married-civ-spouse,0,192002,Bachelors,Private,Exec-managerial,0,0,40,39,1
23,Female,White,Never-married,3,210474,Some-college,Private,Other-service,0,0,30,39,0
42,Male,White,Married-civ-spouse,0,194417,Some-college,Local-gov,Protective-serv,0,0,40,39,1
19,Female,Black,Never-married,3,195282,HS-grad,Other,Other,0,0,20,39,0
58,Female,White,Married-civ-spouse,5,147653,10th,Self-emp-not-inc,Craft-repair,0,1977,35,0,1
45,Female,White,Divorced,4,184277,Assoc-voc,Private,Adm-clerical,0,0,55,39,1
33,Male,White,Married-civ-spouse,0,138667,HS-grad,Private,Adm-clerical,0,0,50,39,1
20,Male,White,Never-married,3,309580,HS-grad,Private,Adm-clerical,0,0,40,39,0
58,Female,White,Divorced,3,201344,Bachelors,Private,Craft-repair,0,0,20,39,0
26,Male,Black,Never-married,2,224943,Assoc-voc,Private,Sales,0,0,65,39,0
46,Female,White,Never-married,1,97883,Bachelors,Private,Sales,0,0,35,39,0
72,Female,White,Divorced,1,89299,HS-grad,Private,Other-service,0,0,16,39,0
37,Female,White,Never-married,4,70562,1st-4th,Private,Other-service,0,0,48,8,0
45,Male,White,Never-married,1,327886,Prof-school,Private,Prof-specialty,0,0,40,39,1
27,Male,White,Never-married,3,134813,Masters,Local-gov,Prof-specialty,0,0,52,39,0
47,Male,White,Married-civ-spouse,0,84790,Some-college,Private,Craft-repair,0,0,40,39,0
63,Female,White,Married-spouse-absent,2,101077,Assoc-acdm,Private,Adm-clerical,0,0,35,39,0
25,Female,White,Never-married,1,80312,Assoc-voc,Private,Adm-clerical,4865,0,40,39,0
46,Male,White,Married-civ-spouse,0,175958,12th,Self-emp-inc,Craft-repair,0,0,45,0,0
45,Female,White,Never-married,1,187969,Assoc-voc,Private,Sales,0,0,38,39,0
56,Male,White,Married-civ-spouse,0,226985,Assoc-acdm,Private,Other-service,0,0,50,39,0
46,Male,White,Married-civ-spouse,0,150499,Assoc-acdm,Private,Craft-repair,0,0,40,39,0
23,Male,White,Never-married,1,260617,10th,Private,Craft-repair,0,0,40,39,0
31,Male,White,Married-civ-spouse,0,243665,HS-grad,Local-gov,Protective-serv,0,0,41,39,1
38,Female,White,Never-married,4,127865,Masters,Private,Adm-clerical,0,0,40,39,0
24,Female,White,Never-married,3,170070,HS-grad,Private,Machine-op-inspct,0,0,25,39,0
49,Male,White,Married-civ-spouse,0,199590,HS-grad,Self-emp-not-inc,Craft-repair,0,0,50,26,0
39,Male,White,Married-civ-spouse,0,329980,Bachelors,Self-emp-inc,Exec-managerial,15024,0,50,39,1
45,Male,White,Married-civ-spouse,0,101452,Masters,Private,Exec-managerial,15024,0,60,9,1
17,Male,White,Never-married,3,174298,11th,Private,Other-service,0,0,20,39,0
30,Male,White,Married-civ-spouse,0,103642,11th,Private,Craft-repair,0,0,40,39,0
47,Male,White,Married-civ-spouse,0,141511,Doctorate,Private,Prof-specialty,0,0,60,39,1
26,Female,White,Never-married,1,130557,Bachelors,State-gov,Exec-managerial,0,0,35,39,0
31,Male,Black,Never-married,3,176360,HS-grad,Private,Craft-repair,0,0,40,39,0
58,Male,White,Married-civ-spouse,0,147428,Masters,Local-gov,Prof-specialty,0,0,40,39,1
35,Male,Black,Married-civ-spouse,0,339772,HS-grad,Private,Handlers-cleaners,0,0,40,39,0
25,Female,White,Never-married,1,199472,Assoc-voc,Private,Adm-clerical,0,0,38,39,0
30,Male,White,Never-married,3,65278,Assoc-acdm,Self-emp-not-inc,Craft-repair,0,0,40,39,0
19,Female,White,Never-married,3,236570,HS-grad,Private,Adm-clerical,0,0,16,39,0
65,Female,White,Divorced,2,80174,HS-grad,Private,Exec-managerial,1848,0,50,39,0
30,Male,White,Married-civ-spouse,0,235271,Bachelors,Local-gov,Prof-specialty,0,0,50,39,1
48,Male,White,Married-civ-spouse,0,155664,Bachelors,Private,Adm-clerical,0,0,35,39,1
19,Male,White,Never-married,2,286002,Some-college,Private,Adm-clerical,0,0,30,27,0
35,Male,White,Never-married,1,224566,Some-college,Private,Exec-managerial,0,0,60,39,0
71,Male,White,Married-civ-spouse,0,200418,5th-6th,Private,Transport-moving,0,0,40,39,0
36,Male,White,Married-civ-spouse,0,51100,Some-college,Private,Craft-repair,0,0,40,39,0
65,Male,Asian-Pac-Islander,Married-civ-spouse,0,137354,Some-college,Other,Other,0,0,20,39,0
29,Male,White,Married-civ-spouse,0,267989,HS-grad,Private,Craft-repair,0,0,45,39,0
35,Male,White,Married-civ-spouse,0,387777,Assoc-acdm,Local-gov,Protective-serv,0,0,52,39,0
46,Female,Other,Divorced,4,171199,Bachelors,Private,Machine-op-inspct,0,0,40,33,0
28,Female,White,Married-civ-spouse,5,123147,Some-college,Other,Other,0,1887,40,39,1
66,Male,White,Married-civ-spouse,0,205724,Some-college,Private,Sales,0,0,24,39,1
29,Male,Black,Never-married,1,142555,Masters,Private,Prof-specialty,0,0,42,39,0
38,Male,White,Never-married,1,108140,Bachelors,Private,Other-service,0,0,20,39,0
37,Male,Black,Married-civ-spouse,0,212826,HS-grad,Private,Other-service,0,0,40,39,0
45,Female,White,Divorced,1,148254,Masters,Local-gov,Prof-specialty,0,0,35,39,0
48,Male,White,Divorced,1,64479,Bachelors,Private,Exec-managerial,0,0,47,39,0
34,Male,White,Never-married,4,236318,HS-grad,Private,Machine-op-inspct,0,0,40,39,0
30,Female,Black,Never-married,4,177531,HS-grad,Private,Sales,0,0,25,39,0
39,Male,White,Married-civ-spouse,0,135500,HS-grad,Self-emp-inc,Exec-managerial,0,1977,40,39,1
60,Male,White,Married-civ-spouse,0,336188,Prof-school,Self-emp-inc,Prof-specialty,0,2415,80,39,1
49,Male,White,Married-civ-spouse,0,165468,HS-grad,Private,Exec-managerial,7688,0,55,39,1
26,Male,White,Never-married,1,236564,HS-grad,Private,Handlers-cleaners,0,0,40,39,0
21,Male,Black,Never-married,3,319163,Some-college,Private,Transport-moving,0,0,40,39,0
23,Male,White,Never-married,1,127768,Some-college,Private,Craft-repair,0,0,40,39,0
27,Female,Black,Never-married,4,204648,Assoc-voc,Private,Machine-op-inspct,0,0,40,39,0
39,Male,White,Married-civ-spouse,0,174242,Bachelors,Private,Exec-managerial,15024,0,60,39,1
36,Male,Asian-Pac-Islander,Married-civ-spouse,0,160120,HS-grad,Private,Adm-clerical,0,0,40,40,0
45,Male,Asian-Pac-Islander,Married-civ-spouse,0,175262,9th,Private,Handlers-cleaners,0,0,40,19,0
30,Female,White,Married-civ-spouse,5,97757,Assoc-voc,Private,Prof-specialty,0,0,36,39,1
31,Male,White,Married-civ-spouse,0,206297,HS-grad,Local-gov,Protective-serv,0,0,40,39,1
36,Male,White,Married-civ-spouse,0,320811,Some-college,Private,Craft-repair,0,0,40,39,1
20,Female,White,Never-married,2,149478,Some-college,Other,Other,0,0,25,39,0
33,Male,White,Married-civ-spouse,0,218164,HS-grad,Self-emp-not-inc,Craft-repair,0,0,40,39,0
33,Female,White,Never-married,1,101352,Prof-school,Private,Prof-specialty,0,0,50,39,1
23,Male,White,Never-married,3,151888,Some-college,Private,Sales,0,0,40,39,0
64,Female,White,Widowed,1,158412,HS-grad,Local-gov,Adm-clerical,0,0,40,39,0
28,Male,White,Never-married,3,80158,HS-grad,Self-emp-inc,Exec-managerial,0,0,40,39,0
50,Female,White,Divorced,4,204838,HS-grad,Private,Exec-managerial,0,0,38,39,0
43,Male,White,Never-married,1,187702,Some-college,Private,Other-service,2174,0,45,39,0
43,Female,Black,Never-married,4,102114,Some-college,Private,Adm-clerical,0,0,40,39,0
39,Male,White,Married-civ-spouse,0,185099,HS-grad,Private,Exec-managerial,0,0,40,39,0
40,Male,White,Married-civ-spouse,0,183765,HS-grad,Private,Other-service,0,0,40,39,0
26,Male,White,Never-married,1,222248,HS-grad,Private,Craft-repair,0,0,70,39,0
35,Male,White,Married-civ-spouse,0,206951,Some-college,Private,Sales,0,0,40,39,1
46,Female,White,Married-spouse-absent,4,213611,7th-8th,Private,Priv-house-serv,0,1594,24,13,0
36,Female,White,Divorced,1,128884,HS-grad,Federal-gov,Adm-clerical,0,0,48,39,0
35,Male,Black,Married-civ-spouse,0,462890,10th,Self-emp-not-inc,Transport-moving,0,0,50,39,0
42,Male,White,Married-civ-spouse,0,188291,Bachelors,Local-gov,Protective-serv,0,1902,40,39,1
18,Male,White,Never-married,1,257980,HS-grad,Private,Machine-op-inspct,0,0,40,39,0
44,Male,White,Married-civ-spouse,0,145160,Doctorate,Private,Prof-specialty,0,0,40,39,1
50,Male,White,Married-civ-spouse,0,193884,7th-8th,Private,Craft-repair,0,0,40,7,0
69,Male,White,Married-civ-spouse,0,185691,11th,Private,Adm-clerical,0,0,20,39,0
44,Male,White,Divorced,1,180609,Some-college,Private,Craft-repair,0,0,42,39,0
25,Female,White,Never-married,1,143267,HS-grad,Private,Adm-clerical,0,0,48,39,0
44,Male,White,Married-civ-spouse,0,220563,Some-college,Federal-gov,Tech-support,0,0,40,39,0
47,Male,White,Married-civ-spouse,0,121124,Bachelors,Private,Craft-repair,15024,0,50,39,1
25,Male,White,Never-married,3,200408,Assoc-acdm,Private,Craft-repair,0,0,40,39,0
53,Male,White,Married-civ-spouse,0,110445,Some-college,Self-emp-inc,Farming-fishing,0,0,60,39,0
41,Male,White,Married-civ-spouse,0,253060,Prof-school,Private,Sales,0,0,50,39,0
36,Male,White,Divorced,1,147258,Some-college,State-gov,Transport-moving,0,0,60,39,0
45,Male,Amer-Indian-Eskimo,Divorced,1,119835,7th-8th,Other,Other,0,0,48,39,0
42,Male,White,Married-civ-spouse,0,101593,Bachelors,Self-emp-not-inc,Exec-managerial,0,0,60,39,1
37,Male,White,Married-civ-spouse,0,200598,Assoc-acdm,Private,Prof-specialty,0,1740,45,39,0
55,Female,White,Married-civ-spouse,5,52888,Prof-school,Self-emp-not-inc,Prof-specialty,0,0,10,39,0
41,Male,White,Married-civ-spouse,0,204415,Bachelors,Private,Sales,0,0,48,39,1
20,Male,White,Never-married,1,194247,HS-grad,Private,Exec-managerial,0,0,25,39,0
58,Female,White,Divorced,1,128162,HS-grad,Private,Sales,0,0,24,39,0
44,Male,White,Never-married,1,124924,Assoc-voc,Local-gov,Craft-repair,0,0,44,39,0
55,Male,White,Married-civ-spouse,0,144071,Bachelors,Private,Tech-support,0,0,18,39,1
32,Male,White,Never-married,1,340917,HS-grad,Private,Handlers-cleaners,0,0,40,39,0
63,Male,White,Never-married,1,64544,Bachelors,Private,Tech-support,0,0,40,39,1
26,Male,White,Never-married,3,380674,HS-grad,Private,Handlers-cleaners,0,0,52,39,0
20,Male,Other,Never-married,2,379198,HS-grad,Private,Other-service,0,0,40,26,0
27,Male,Asian-Pac-Islander,Never-married,1,186454,Bachelors,Private,Prof-specialty,13550,0,40,39,1
20,Male,White,Married-civ-spouse,0,515797,HS-grad,Private,Craft-repair,0,0,40,39,0
38,Male,White,Married-civ-spouse,0,48779,Some-college,Private,Transport-moving,0,0,40,39,1
66,Male,White,Married-civ-spouse,0,260111,Some-college,Other,Other,0,0,40,39,1
67,Male,Black,Widowed,2,154035,HS-grad,Private,Handlers-cleaners,0,0,32,39,0
49,Male,Black,Married-civ-spouse,0,197371,Assoc-voc,Local-gov,Craft-repair,0,0,40,39,1
21,Female,White,Never-married,1,193130,Some-college,Local-gov,Adm-clerical,0,0,40,39,0
45,Male,White,Married-civ-spouse,0,34127,Bachelors,Private,Prof-specialty,0,0,50,39,1
65,Male,White,Married-civ-spouse,0,113323,Bachelors,Private,Exec-managerial,0,0,40,39,1
73,Male,White,Married-civ-spouse,0,333676,HS-grad,Private,Farming-fishing,0,0,50,39,0
45,Female,Black,Separated,4,114797,HS-grad,Private,Machine-op-inspct,0,0,40,39,0
25,Female,White,Never-married,3,202091,HS-grad,Private,Exec-managerial,0,0,40,39,0
41,Male,White,Married-civ-spouse,0,384508,Bachelors,Private,Prof-specialty,0,0,40,39,1
29,Male,White,Married-civ-spouse,0,250967,Assoc-voc,Private,Machine-op-inspct,0,1887,48,39,1
50,Male,White,Married-civ-spouse,0,156951,Assoc-acdm,Self-emp-not-inc,Machine-op-inspct,3103,0,40,39,1
29,Male,White,Never-married,1,285419,12th,Private,Tech-support,0,0,40,39,0
38,Male,White,Married-civ-spouse,0,296478,Assoc-voc,Private,Craft-repair,7298,0,40,39,1
27,Male,White,Never-married,4,29261,Assoc-acdm,Private,Craft-repair,0,0,40,39,0
47,Male,White,Never-married,1,363418,Some-college,Private,Sales,0,0,70,39,1
39,Female,Asian-Pac-Islander,Divorced,4,82488,Some-college,Private,Sales,0,0,38,39,0
35,Female,White,Married-civ-spouse,5,98948,Bachelors,Private,Other-service,0,0,32,39,0
27,Female,White,Never-married,1,195681,Some-college,Private,Prof-specialty,0,0,48,0,0
53,Male,White,Married-civ-spouse,0,150980,Some-college,Private,Machine-op-inspct,3137,0,40,39,0
58,Female,White,Widowed,1,229498,Some-college,Self-emp-inc,Sales,0,0,20,39,1
69,Male,Black,Married-civ-spouse,0,512992,11th,Private,Prof-specialty,0,0,45,39,0
34,Male,White,Married-civ-spouse,0,509364,HS-grad,Private,Craft-repair,0,0,40,39,0
57,Female,Black,Divorced,2,172291,HS-grad,Private,Adm-clerical,0,0,40,39,0
30,Male,White,Married-civ-spouse,0,91145,HS-grad,Private,Machine-op-inspct,0,0,40,39,0
52,Male,Amer-Indian-Eskimo,Married-civ-spouse,0,242341,7th-8th,Self-emp-not-inc,Craft-repair,0,0,40,39,0
29,Male,White,Married-civ-spouse,0,151382,HS-grad,Private,Transport-moving,0,0,60,39,0
57,Male,White,Married-civ-spouse,0,214619,Some-college,Private,Craft-repair,0,0,40,39,0
31,Male,Asian-Pac-Islander,Married-civ-spouse,0,173858,Prof-school,Private,Tech-support,0,0,40,19,0
90,Male,White,Married-civ-spouse,0,226968,7th-8th,Private,Machine-op-inspct,0,0,40,39,0
28,Female,Black,Never-married,3,149652,10th,Private,Other-service,0,0,30,39,0
34,Male,White,Never-married,1,346122,HS-grad,Private,Tech-support,0,0,40,39,0
18,Male,White,Never-married,3,338632,11th,Private,Other-service,0,0,16,39,0
29,Male,White,Married-civ-spouse,0,162298,Bachelors,Self-emp-not-inc,Sales,0,0,70,39,1
34,Female,White,Never-married,1,220066,Masters,Local-gov,Prof-specialty,0,0,50,39,0
33,Male,White,Married-civ-spouse,0,213226,HS-grad,Private,Craft-repair,0,0,60,39,0
31,Male,White,Never-married,1,111363,Bachelors,Private,Exec-managerial,0,0,40,39,0
33,Male,Black,Married-civ-spouse,0,312881,Bachelors,Private,Prof-specialty,0,0,40,39,1
36,Female,White,Separated,2,32958,Some-college,Private,Adm-clerical,0,0,40,39,0
71,Female,White,Widowed,2,137499,HS-grad,Private,Sales,0,0,16,39,0
26,Female,Black,Never-married,4,138597,HS-grad,Local-gov,Other-service,0,0,25,39,0
51,Male,White,Married-civ-spouse,0,199995,9th,Private,Craft-repair,0,0,50,39,1
38,Male,White,Married-civ-spouse,0,40955,Bachelors,Private,Prof-specialty,0,0,40,9,1
18,Male,White,Never-married,3,188616,11th,Private,Sales,0,0,15,39,0
35,Male,White,Married-civ-spouse,0,210844,Assoc-acdm,Private,Exec-managerial,0,0,40,33,0
26,Male,White,Married-civ-spouse,0,381618,9th,Private,Craft-repair,0,0,45,39,0
58,Male,White,Divorced,1,220789,Bachelors,Private,Transport-moving,0,0,45,39,0
32,Female,White,Married-civ-spouse,5,311764,10th,Private,Exec-managerial,0,0,35,39,0
48,Female,White,Divorced,4,141483,Some-college,Private,Exec-managerial,0,0,40,39,0
23,Female,White,Never-married,3,195532,Bachelors,Private,Exec-managerial,0,0,40,39,0
20,Male,White,Never-married,3,172232,HS-grad,Private,Adm-clerical,0,0,48,39,0
24,Male,White,Never-married,3,137876,HS-grad,Private,Craft-repair,0,0,50,39,0
67,Female,White,Divorced,1,201657,Bachelors,Other,Other,0,0,60,39,0
23,Female,Amer-Indian-Eskimo,Never-married,1,55492,Assoc-voc,Other,Other,0,0,30,39,0
45,Female,White,Divorced,1,91044,Masters,Self-emp-not-inc,Prof-specialty,0,0,15,39,0
22,Female,White,Never-married,3,311376,Bachelors,Private,Adm-clerical,0,0,40,39,0
45,Male,White,Married-civ-spouse,0,120131,Some-college,Private,Craft-repair,0,1887,40,39,1
42,Male,White,Married-civ-spouse,0,99679,HS-grad,Private,Transport-moving,0,0,60,39,1
37,Male,White,Married-civ-spouse,0,86551,Bachelors,Private,Exec-managerial,0,0,50,39,1
37,Male,White,Married-civ-spouse,0,340614,Masters,Private,Prof-specialty,0,0,50,39,1
18,Female,White,Never-married,3,98044,11th,Private,Prof-specialty,0,0,40,39,0
30,Male,White,Married-civ-spouse,0,206046,HS-grad,Private,Craft-repair,0,1848,40,39,1
29,Male,White,Married-civ-spouse,0,75648,Some-college,Private,Craft-repair,0,0,55,39,0
56,Male,White,Divorced,1,95763,10th,Private,Craft-repair,0,0,45,39,0
36,Male,White,Married-civ-spouse,0,290409,Some-college,Private,Transport-moving,0,0,40,39,0
31,Female,White,Never-married,1,63704,Bachelors,State-gov,Prof-specialty,0,0,40,39,0
35,Male,White,Married-civ-spouse,0,111095,HS-grad,Self-emp-not-inc,Exec-managerial,0,0,50,39,0
36,Male,White,Married-civ-spouse,0,83893,Some-college,Private,Exec-managerial,0,0,40,39,1
22,Male,White,Never-married,3,41837,Some-college,Private,Transport-moving,0,0,25,39,0
50,Male,White,Married-civ-spouse,0,171338,Some-college,Private,Exec-managerial,99999,0,50,39,1
47,Male,White,Married-civ-spouse,0,183013,HS-grad,Private,Other-service,0,0,40,39,0
54,Male,White,Married-civ-spouse,0,58898,Some-college,Self-emp-not-inc,Craft-repair,0,1579,48,39,0
67,Female,White,Married-civ-spouse,5,431426,HS-grad,Self-emp-not-inc,Adm-clerical,0,0,2,39,0
44,Female,White,Divorced,1,335248,Some-college,Private,Adm-clerical,0,0,40,39,0
48,Male,White,Married-spouse-absent,3,209057,Bachelors,Self-emp-not-inc,Sales,0,0,50,39,1
45,Male,White,Married-civ-spouse,0,197240,12th,Private,Sales,7688,0,40,39,1
32,Male,White,Married-civ-spouse,0,175931,HS-grad,State-gov,Protective-serv,0,0,40,39,0
35,Male,White,Married-civ-spouse,0,120074,HS-grad,Other,Other,0,0,30,39,0
38,Male,White,Married-civ-spouse,0,22245,Doctorate,State-gov,Prof-specialty,0,0,45,39,1
40,Female,Other,Never-married,1,237601,Bachelors,Private,Sales,0,0,55,39,1
63,Male,White,Married-civ-spouse,0,118798,HS-grad,Private,Craft-repair,99999,0,40,39,1
42,Male,White,Married-civ-spouse,0,39324,HS-grad,Private,Sales,0,0,40,39,0
38,Male,White,Married-civ-spouse,0,160035,HS-grad,Private,Craft-repair,0,0,55,39,0
39,Male,White,Married-civ-spouse,0,187127,Some-college,Local-gov,Exec-managerial,0,0,40,39,0
40,Male,White,Married-civ-spouse,0,223277,Bachelors,Private,Adm-clerical,0,0,50,39,1
43,Male,White,Married-civ-spouse,0,119721,Bachelors,Private,Exec-managerial,0,0,40,39,0
56,Male,White,Married-civ-spouse,0,77415,11th,Private,Farming-fishing,0,0,50,39,0
19,Male,White,Never-married,3,184710,Some-college,Private,Craft-repair,0,0,20,39,0
34,Male,White,Married-civ-spouse,0,193565,11th,Private,Craft-repair,0,0,40,39,0
59,Male,White,Married-civ-spouse,0,126668,Assoc-voc,Private,Prof-specialty,5178,0,50,39,1
49,Female,White,Widowed,4,78859,Masters,Local-gov,Prof-specialty,0,323,20,39,0
64,Male,White,Married-civ-spouse,0,301383,Assoc-acdm,Federal-gov,Exec-managerial,9386,0,45,39,1
41,Female,White,Married-spouse-absent,1,202872,10th,Private,Craft-repair,0,0,40,39,0
31,Male,White,Married-civ-spouse,0,155781,Bachelors,Private,Sales,0,0,40,39,1
46,Male,White,Married-civ-spouse,0,248895,Bachelors,State-gov,Exec-managerial,0,0,40,39,1
17,Male,White,Never-married,3,327127,11th,Private,Transport-moving,0,0,20,39,0
39,Female,White,Divorced,2,151248,Some-college,Private,Sales,0,0,35,39,0
18,Male,Black,Never-married,1,123714,11th,Private,Handlers-cleaners,0,0,40,39,0
33,Male,White,Never-married,1,33308,Some-college,Self-emp-not-inc,Farming-fishing,0,0,70,39,0
57,Male,White,Married-civ-spouse,0,204751,Some-college,Private,Craft-repair,0,0,40,39,1
42,Male,White,Married-civ-spouse,0,77373,Some-college,Private,Handlers-cleaners,0,0,38,39,0
24,Male,White,Never-married,1,258298,Assoc-voc,Private,Tech-support,0,0,45,39,0
47,Male,White,Married-civ-spouse,0,140644,Some-college,Local-gov,Protective-serv,0,0,40,39,1
49,Male,White,Married-civ-spouse,0,122385,Masters,Private,Exec-managerial,0,0,40,39,1
24,Female,White,Never-married,3,169532,Assoc-acdm,Private,Adm-clerical,0,0,15,39,0
40,Male,White,Divorced,3,390369,HS-grad,Private,Craft-repair,0,0,40,39,0
49,Female,Black,Married-civ-spouse,5,171301,HS-grad,Private,Machine-op-inspct,0,0,40,39,0
37,Male,Amer-Indian-Eskimo,Married-civ-spouse,0,217689,Some-college,Local-gov,Other-service,0,0,32,39,0
44,Female,White,Divorced,4,191149,Some-college,Private,Adm-clerical,0,0,57,39,0
20,Female,White,Never-married,3,124751,Some-college,Private,Adm-clerical,0,0,24,39,0
42,Female,White,Never-married,1,22831,HS-grad,Private,Other-service,0,0,40,39,0
42,Male,Other,Married-civ-spouse,0,271521,Some-college,Local-gov,Protective-serv,0,0,40,39,1
35,Male,White,Married-civ-spouse,0,202027,Masters,Self-emp-not-inc,Exec-managerial,7688,0,55,39,1
27,Female,White,Never-married,1,174419,Bachelors,Private,Prof-specialty,0,0,40,39,0
55,Male,White,Divorced,1,209535,HS-grad,Private,Transport-moving,0,0,40,39,0
28,Male,White,Never-married,2,401886,HS-grad,Local-gov,Adm-clerical,0,0,20,39,0
62,Male,White,Married-civ-spouse,0,198686,HS-grad,State-gov,Other-service,0,0,40,39,0
34,Male,White,Divorced,1,287315,HS-grad,Private,Machine-op-inspct,0,0,40,39,0
60,Female,Black,Married-spouse-absent,4,386261,Bachelors,Other,Other,0,0,15,39,0
23,Male,White,Married-civ-spouse,0,109199,5th-6th,Private,Handlers-cleaners,0,0,40,26,0
57,Female,White,Married-spouse-absent,1,89392,Masters,Private,Prof-specialty,0,0,40,39,0
20,Male,White,Never-married,3,58222,Some-college,Private,Handlers-cleaners,0,0,20,39,0
32,Male,White,Married-civ-spouse,0,223267,Masters,Local-gov,Prof-specialty,0,0,48,39,0
23,Female,Black,Never-married,4,526164,Bachelors,Private,Adm-clerical,0,0,40,39,0
22,Male,White,Never-married,3,239612,HS-grad,Private,Adm-clerical,0,0,20,39,0
17,Female,White,Never-married,3,86786,10th,Other,Other,0,0,40,39,0
53,Female,Black,Widowed,4,137250,Masters,Local-gov,Prof-specialty,0,1669,35,39,0
52,Female,Black,Divorced,4,84808,HS-grad,Local-gov,Adm-clerical,0,0,40,39,0
41,Male,White,Married-civ-spouse,0,119721,HS-grad,Private,Tech-support,0,0,40,39,0
56,Female,Black,Widowed,4,244554,10th,Private,Machine-op-inspct,0,0,40,39,0
41,Male,White,Married-civ-spouse,0,132222,Prof-school,Private,Prof-specialty,0,2415,40,39,1
22,Female,Asian-Pac-Islander,Never-married,2,112137,Some-college,Private,Prof-specialty,0,0,20,35,0
36,Male,White,Divorced,1,182074,Some-college,Private,Adm-clerical,0,0,45,39,0
21,Male,White,Married-civ-spouse,0,190761,10th,Private,Farming-fishing,0,0,70,39,0
56,Female,White,Married-civ-spouse,5,109015,Some-college,Private,Exec-managerial,7688,0,50,39,1
44,Male,White,Married-civ-spouse,0,173981,HS-grad,Private,Craft-repair,0,0,40,39,0
43,Male,White,Married-civ-spouse,0,144218,12th,Self-emp-not-inc,Transport-moving,0,0,60,39,0
23,Female,Black,Never-married,4,126346,9th,Private,Other-service,0,0,30,39,0
49,Female,White,Widowed,4,117634,Some-college,Self-emp-not-inc,Craft-repair,0,0,30,39,0
25,Male,White,Never-married,1,135645,Masters,Private,Sales,0,0,20,39,0
56,Male,White,Married-civ-spouse,0,199713,9th,Private,Craft-repair,0,0,40,39,0
26,Male,Black,Never-married,4,152129,12th,Private,Other-service,0,0,40,39,0
37,Female,Black,Married-civ-spouse,5,177285,Assoc-voc,Private,Adm-clerical,0,0,48,39,1
34,Male,White,Married-civ-spouse,0,69491,HS-grad,Private,Other-service,0,0,40,39,0
26,Female,White,Never-married,2,369166,Some-college,Private,Farming-fishing,0,0,65,39,0
45,Male,White,Divorced,1,182655,Bachelors,Private,Other-service,0,0,45,0,1
24,Female,White,Never-married,1,149342,Bachelors,Private,Sales,0,0,40,39,0
64,Female,White,Widowed,4,171373,11th,Private,Farming-fishing,0,0,40,39,0
24,Male,Other,Married-civ-spouse,0,196269,11th,Private,Handlers-cleaners,0,0,40,39,0
38,Female,White,Divorced,4,32837,Bachelors,Private,Prof-specialty,0,0,56,39,0
23,Female,White,Divorced,4,352606,HS-grad,Private,Priv-house-serv,0,0,40,39,0
39,Male,White,Never-married,1,180667,HS-grad,Private,Adm-clerical,0,0,40,39,0
47,Male,White,Married-civ-spouse,0,126500,7th-8th,Self-emp-not-inc,Sales,0,0,40,33,0
20,Male,White,Never-married,4,162667,11th,Other,Other,0,0,40,8,0
27,Male,White,Married-spouse-absent,1,240172,Bachelors,Private,Adm-clerical,0,0,40,39,0
17,Female,Black,Never-married,3,295488,11th,Private,Other-service,0,0,25,39,0
41,Male,White,Never-married,3,176452,HS-grad,Private,Other-service,0,0,40,29,0
23,Male,White,Never-married,3,60331,HS-grad,Private,Machine-op-inspct,0,0,40,39,0
22,Female,White,Never-married,2,216563,HS-grad,Other,Other,0,0,40,39,0
52,Male,White,Married-civ-spouse,0,206862,HS-grad,Private,Craft-repair,0,0,40,39,0
53,Male,White,Married-civ-spouse,0,227392,Some-college,State-gov,Protective-serv,0,0,60,39,0
26,Male,White,Married-civ-spouse,0,463194,HS-grad,Private,Craft-repair,0,0,40,39,0
20,Female,Other,Never-married,1,286734,Some-college,Private,Adm-clerical,0,0,35,39,0
38,Male,Black,Married-civ-spouse,0,119741,Masters,Private,Craft-repair,0,0,40,39,1
21,Female,White,Never-married,1,123727,Some-college,Other,Other,0,0,28,39,0
24,Female,White,Never-married,3,122272,Bachelors,Private,Farming-fishing,0,0,40,39,0
21,Male,White,Never-married,3,185948,Some-college,Private,Sales,0,0,35,39,0
41,Female,Black,Divorced,4,191451,Masters,Private,Exec-managerial,0,0,60,39,1
30,Female,White,Never-married,3,212064,Bachelors,Private,Prof-specialty,0,0,40,39,0
57,Male,Other,Married-civ-spouse,0,121821,1st-4th,Private,Other-service,0,0,40,6,0
31,Female,White,Never-married,1,78291,Bachelors,State-gov,Prof-specialty,0,0,40,39,0
51,Male,White,Married-civ-spouse,0,114927,Assoc-voc,Private,Tech-support,7298,0,40,39,1
30,Male,White,Married-civ-spouse,0,19302,Some-college,Private,Prof-specialty,7688,0,40,39,1
25,Male,White,Never-married,4,118088,HS-grad,Private,Craft-repair,0,0,40,39,0
17,Male,White,Never-married,3,198124,11th,Private,Sales,0,0,20,39,0
52,Female,White,Divorced,4,208630,HS-grad,Private,Adm-clerical,0,1741,38,39,0
45,Female,White,Married-civ-spouse,5,363677,Doctorate,Private,Prof-specialty,0,1977,30,39,1
40,Male,White,Married-civ-spouse,0,301007,Bachelors,Self-emp-inc,Prof-specialty,0,0,60,39,0
39,Female,Black,Never-married,3,155603,Some-college,Private,Other-service,0,2205,40,39,0
18,Male,Black,Never-married,3,183034,Some-college,Private,Sales,0,0,35,39,0
57,Male,Black,Married-civ-spouse,0,42298,Masters,Federal-gov,Exec-managerial,15024,0,40,39,1
45,Female,White,Divorced,4,101320,HS-grad,Private,Adm-clerical,0,0,40,39,0
47,Male,White,Married-civ-spouse,0,166863,HS-grad,Local-gov,Exec-managerial,0,0,40,39,1
50,Male,White,Never-married,2,121441,11th,Self-emp-inc,Exec-managerial,0,2444,40,39,1
44,Female,White,Married-civ-spouse,5,124747,HS-grad,Private,Exec-managerial,3103,0,40,39,1
20,Female,White,Never-married,4,323009,HS-grad,Private,Adm-clerical,0,0,40,11,0
35,Male,White,Married-civ-spouse,0,205852,HS-grad,Private,Handlers-cleaners,0,0,40,39,0
43,Female,White,Married-civ-spouse,5,187728,Some-college,Private,Prof-specialty,0,1887,50,39,1
52,Male,Asian-Pac-Islander,Married-civ-spouse,0,76860,HS-grad,Private,Handlers-cleaners,0,0,8,30,0
57,Male,White,Married-civ-spouse,0,51016,HS-grad,Self-emp-inc,Exec-managerial,0,0,60,39,1
26,Male,White,Widowed,1,159732,HS-grad,Private,Transport-moving,0,0,40,39,0
37,Male,White,Married-civ-spouse,0,199753,Some-college,Private,Craft-repair,0,0,35,39,1
20,Male,White,Married-civ-spouse,2,291979,HS-grad,Private,Sales,0,0,20,39,0
29,Male,White,Married-civ-spouse,0,289960,HS-grad,Private,Machine-op-inspct,0,0,48,39,0
35,Female,White,Never-married,3,108293,Some-college,Private,Adm-clerical,0,2205,40,39,0
38,Male,Black,Never-married,1,227794,Bachelors,Private,Adm-clerical,0,0,40,39,0
37,Female,White,Divorced,1,113120,Assoc-voc,Private,Prof-specialty,0,0,40,39,0
43,Male,White,Married-civ-spouse,0,195897,HS-grad,Federal-gov,Farming-fishing,7298,0,40,39,1
58,Female,Black,Divorced,4,117477,HS-grad,Private,Adm-clerical,0,0,36,39,0
43,Male,White,Married-civ-spouse,0,194726,Prof-school,Private,Prof-specialty,15024,0,55,39,1
28,Female,White,Married-civ-spouse,5,392487,HS-grad,Private,Sales,0,0,40,39,0
65,Female,White,Divorced,4,271092,Some-college,Private,Adm-clerical,0,0,40,0,0
47,Female,White,Divorced,4,152073,HS-grad,Private,Machine-op-inspct,0,0,40,39,0
40,Female,White,Married-civ-spouse,5,141657,HS-grad,Private,Exec-managerial,0,0,35,39,1
49,Male,White,Married-civ-spouse,0,277946,Some-college,Private,Exec-managerial,0,0,50,39,1
35,Male,White,Divorced,1,330664,HS-grad,Private,Transport-moving,0,0,40,39,0
24,Male,Black,Never-married,1,464502,Assoc-acdm,Private,Sales,0,0,40,0,0
43,Female,Asian-Pac-Islander,Married-civ-spouse,5,154785,Bachelors,Self-emp-not-inc,Machine-op-inspct,0,0,80,37,0
27,Male,White,Married-civ-spouse,0,232954,HS-grad,Private,Sales,0,0,45,39,0
37,Male,White,Married-civ-spouse,0,126675,Assoc-voc,Self-emp-inc,Sales,0,0,60,39,1
49,Male,White,Married-civ-spouse,0,268022,Bachelors,Private,Sales,0,0,50,39,1
50,Female,Black,Married-civ-spouse,5,138270,HS-grad,Private,Sales,0,0,40,39,0
50,Female,White,Married-civ-spouse,5,173224,Masters,Local-gov,Prof-specialty,0,0,40,39,0
47,Male,White,Married-civ-spouse,0,287480,Masters,Local-gov,Prof-specialty,0,0,40,39,0
46,Female,Black,Divorced,4,233555,HS-grad,Federal-gov,Adm-clerical,0,0,40,0,0
21,Female,White,Never-married,4,277408,Some-college,Private,Other-service,0,0,35,39,0
42,Male,White,Married-civ-spouse,0,115511,Doctorate,Private,Prof-specialty,0,0,50,39,0
59,Female,Black,Separated,3,100453,7th-8th,Private,Other-service,0,0,38,39,0
36,Female,White,Never-married,4,212856,11th,Local-gov,Other-service,0,0,23,39,0
67,Female,White,Widowed,4,233022,11th,Private,Adm-clerical,0,0,20,39,0
32,Male,White,Married-civ-spouse,0,317809,Bachelors,Private,Exec-managerial,4064,0,50,39,0
25,Female,White,Never-married,1,145434,Some-college,Private,Machine-op-inspct,0,0,25,39,0
65,Female,Black,Widowed,4,323006,HS-grad,Local-gov,Other-service,0,0,25,39,0
32,Female,White,Divorced,4,205528,HS-grad,Private,Adm-clerical,0,0,40,39,0
22,Female,White,Never-married,4,214238,7th-8th,Other,Other,0,0,40,26,0
18,Female,White,Never-married,3,78181,HS-grad,Other,Other,0,0,20,39,0
64,Male,White,Married-civ-spouse,0,270333,Bachelors,Private,Prof-specialty,0,0,40,39,1
40,Male,White,Never-married,2,134026,11th,Private,Other-service,0,0,40,39,0
41,Male,White,Separated,4,99212,HS-grad,Self-emp-inc,Exec-managerial,0,0,40,39,0
33,Male,Asian-Pac-Islander,Never-married,3,82393,HS-grad,Private,Craft-repair,0,0,40,39,0
56,Male,White,Married-civ-spouse,0,165315,10th,Private,Craft-repair,0,0,70,0,0
49,Male,White,Married-civ-spouse,0,102771,Bachelors,Self-emp-inc,Sales,0,0,52,39,1
47,Female,White,Divorced,1,126204,Some-college,Federal-gov,Adm-clerical,0,0,40,39,0
47,Male,White,Married-civ-spouse,0,341762,HS-grad,Private,Machine-op-inspct,0,0,40,39,0
34,Male,White,Married-civ-spouse,0,159322,Bachelors,Private,Exec-managerial,0,0,50,39,1
39,Female,White,Never-married,4,222572,Masters,Local-gov,Prof-specialty,0,0,43,39,0
30,Male,White,Divorced,1,219838,12th,Private,Machine-op-inspct,0,0,40,39,0
26,Female,White,Divorced,4,386949,HS-grad,Local-gov,Adm-clerical,0,0,25,39,0
31,Male,White,Never-married,1,169589,Masters,Private,Prof-specialty,0,0,30,39,0
30,Male,White,Married-civ-spouse,0,85708,HS-grad,Private,Adm-clerical,0,0,40,39,0
41,Male,White,Married-civ-spouse,0,328447,1st-4th,Private,Craft-repair,0,0,35,26,0
29,Male,Black,Never-married,4,229842,HS-grad,Self-emp-not-inc,Transport-moving,0,0,45,39,0
38,Male,White,Married-civ-spouse,0,409604,Bachelors,Private,Exec-managerial,15024,0,40,39,1
25,Male,Black,Never-married,1,316688,HS-grad,Private,Machine-op-inspct,0,0,40,39,0
53,Male,White,Married-civ-spouse,0,58913,Masters,State-gov,Exec-managerial,0,0,42,39,1
17,Female,White,Never-married,3,166759,12th,Other,Other,0,0,40,39,0
42,Female,Black,Married-civ-spouse,5,203393,Bachelors,Private,Craft-repair,0,0,35,39,1
21,Male,White,Never-married,1,226181,Bachelors,Private,Handlers-cleaners,0,0,40,39,0
45,Male,White,Married-civ-spouse,0,99971,HS-grad,Private,Transport-moving,0,0,50,39,0
46,Male,White,Married-civ-spouse,0,273575,Bachelors,Private,Transport-moving,15024,0,40,39,1
40,Male,White,Married-civ-spouse,0,273425,Assoc-voc,Other,Other,0,0,15,39,0
18,Female,White,Never-married,3,236272,HS-grad,Private,Adm-clerical,0,0,35,39,0
24,Female,White,Divorced,1,233419,HS-grad,Private,Exec-managerial,0,0,40,39,0
43,Male,White,Married-civ-spouse,0,34007,Bachelors,Self-emp-not-inc,Farming-fishing,0,0,70,39,1
27,Male,White,Married-civ-spouse,0,138705,HS-grad,Private,Craft-repair,0,0,53,39,0
29,Male,White,Married-civ-spouse,0,360527,Masters,Federal-gov,Prof-specialty,0,0,40,39,1
60,Male,White,Married-civ-spouse,0,82388,Some-college,Private,Protective-serv,0,0,38,39,0
37,Female,White,Never-married,1,206888,HS-grad,Private,Exec-managerial,0,0,50,39,0
58,Male,White,Divorced,1,175017,Bachelors,Other,Other,0,0,25,39,0
23,Male,White,Never-married,1,32732,Bachelors,Private,Prof-specialty,0,0,15,39,0
32,Male,White,Married-civ-spouse,0,176998,Bachelors,Private,Exec-managerial,0,0,40,39,0
41,Male,White,Married-civ-spouse,0,34987,Bachelors,Local-gov,Prof-specialty,0,0,35,39,1
50,Male,White,Married-civ-spouse,0,176227,Bachelors,Private,Exec-managerial,0,0,40,0,1
48,Male,White,Married-civ-spouse,0,118158,Assoc-acdm,Private,Transport-moving,0,0,44,39,0
35,Male,White,Married-civ-spouse,0,296478,Some-college,Private,Sales,0,0,40,39,0
25,Male,White,Never-married,1,34402,Bachelors,Private,Exec-managerial,0,1590,60,39,0
44,Male,White,Divorced,4,259479,HS-grad,Private,Transport-moving,0,0,50,39,0
21,Male,Amer-Indian-Eskimo,Never-married,3,304302,HS-grad,Private,Handlers-cleaners,0,0,40,39,0
33,Male,White,Married-civ-spouse,0,318982,Some-college,Private,Exec-managerial,0,0,45,39,1
27,Female,White,Divorced,4,33429,Some-college,Private,Adm-clerical,0,0,40,39,0
34,Female,White,Divorced,4,240283,HS-grad,State-gov,Transport-moving,0,0,40,39,0
43,Male,White,Married-civ-spouse,0,112131,Some-college,Private,Exec-managerial,0,0,40,39,0
28,Male,White,Married-civ-spouse,0,294936,HS-grad,Private,Transport-moving,4064,0,45,39,0
43,Male,White,Married-civ-spouse,0,187795,Bachelors,Private,Exec-managerial,0,0,45,39,1
47,Male,White,Divorced,1,79627,Prof-school,Self-emp-inc,Prof-specialty,27828,0,50,39,1
25,Male,Black,Never-married,3,189850,Some-college,Private,Machine-op-inspct,0,0,40,39,0
47,Female,White,Never-married,3,185254,5th-6th,Private,Priv-house-serv,0,0,40,8,0
21,Male,White,Never-married,3,296158,HS-grad,Private,Other-service,0,0,40,39,0
38,Male,White,Married-civ-spouse,0,136081,Prof-school,Private,Prof-specialty,0,0,60,39,1
33,Male,White,Married-civ-spouse,0,171216,Bachelors,Private,Exec-managerial,0,0,50,39,1
26,Female,White,Never-married,1,236242,Prof-school,Private,Prof-specialty,0,0,30,39,0
37,Male,White,Married-civ-spouse,0,191364,Assoc-acdm,Local-gov,Exec-managerial,0,0,40,10,1
49,Male,White,Divorced,1,323798,Some-college,Private,Exec-managerial,3325,0,50,39,0
25,Male,White,Never-married,1,182750,Bachelors,Self-emp-inc,Sales,0,0,45,39,1
26,Male,White,Never-married,1,82246,Bachelors,Private,Exec-managerial,0,1876,38,39,0
22,Male,White,Never-married,1,228452,10th,Private,Craft-repair,0,0,30,39,0
26,Male,White,Never-married,1,331861,Bachelors,Private,Exec-managerial,0,0,60,0,0
23,Male,White,Never-married,3,193089,11th,Private,Craft-repair,0,0,40,39,0
46,Female,White,Divorced,1,327786,Assoc-voc,State-gov,Tech-support,3325,0,42,39,0
45,Male,White,Married-civ-spouse,0,181307,Prof-school,Self-emp-inc,Prof-specialty,15024,0,43,39,1
35,Male,White,Separated,1,172327,Bachelors,State-gov,Exec-managerial,0,0,42,39,0
35,Male,White,Married-civ-spouse,0,243409,Some-college,Private,Transport-moving,0,0,40,11,0
41,Male,White,Married-civ-spouse,0,206948,Bachelors,Private,Sales,0,0,40,39,1
51,Female,White,Never-married,3,144084,HS-grad,Private,Machine-op-inspct,0,0,40,39,0
22,Male,White,Married-civ-spouse,0,436798,Some-college,Private,Tech-support,0,0,40,39,0
39,Male,White,Married-civ-spouse,0,117166,10th,Private,Machine-op-inspct,2635,0,40,39,0
73,Male,White,Married-civ-spouse,0,92298,11th,Private,Machine-op-inspct,0,0,15,39,0
33,Male,White,Divorced,4,159322,HS-grad,Private,Other-service,0,0,40,39,0
26,Male,White,Married-civ-spouse,0,189502,Bachelors,Self-emp-inc,Sales,0,0,80,39,1
33,Male,White,Married-civ-spouse,0,216145,HS-grad,Private,Craft-repair,0,0,40,39,0
43,Male,White,Married-civ-spouse,0,91959,Bachelors,Private,Exec-managerial,0,0,45,39,1
53,Male,Black,Married-civ-spouse,0,374588,HS-grad,Private,Transport-moving,0,0,60,39,0
54,Male,White,Married-civ-spouse,0,137691,HS-grad,Local-gov,Craft-repair,0,0,40,39,1
42,Male,Amer-Indian-Eskimo,Married-civ-spouse,0,108506,HS-grad,Private,Transport-moving,0,0,60,39,0
31,Male,White,Married-civ-spouse,0,265706,HS-grad,Private,Craft-repair,7298,0,40,39,1
58,Female,White,Widowed,1,110844,Masters,Private,Sales,0,0,27,39,0
24,Male,White,Never-married,3,182342,Bachelors,Private,Sales,0,0,40,39,0
27,Male,White,Married-civ-spouse,0,202239,HS-grad,Private,Handlers-cleaners,0,0,40,39,0
22,Female,White,Never-married,1,315974,Some-college,Private,Sales,0,0,40,39,0
26,Male,White,Never-married,1,31350,11th,Private,Farming-fishing,0,0,50,39,0
41,Female,White,Divorced,4,168293,Masters,Private,Exec-managerial,0,0,45,39,0
49,Male,White,Married-civ-spouse,0,358668,Doctorate,Local-gov,Prof-specialty,0,0,45,39,1
36,Male,White,Divorced,1,141420,Bachelors,Private,Handlers-cleaners,0,0,30,39,0
46,Male,White,Married-civ-spouse,0,155890,Bachelors,Private,Transport-moving,0,0,40,39,1
49,Male,White,Married-civ-spouse,0,168191,7th-8th,Self-emp-not-inc,Other-service,0,0,70,22,0
32,Female,White,Divorced,4,175052,HS-grad,Private,Adm-clerical,0,0,40,39,0
34,Male,White,Married-civ-spouse,0,144949,10th,Private,Craft-repair,0,0,45,39,1
38,Female,White,Divorced,1,301743,HS-grad,Private,Other-service,0,0,35,39,0
43,Female,Black,Married-AF-spouse,5,213844,HS-grad,Private,Craft-repair,0,0,42,39,1
54,Male,White,Married-civ-spouse,0,260052,Masters,Private,Prof-specialty,0,0,40,39,1
37,Male,White,Married-civ-spouse,0,208391,Some-college,Private,Transport-moving,0,0,40,39,1
31,Male,White,Married-civ-spouse,0,228873,HS-grad,Private,Craft-repair,0,0,40,39,0
37,Male,White,Divorced,1,201259,11th,Private,Transport-moving,0,0,65,39,0
56,Female,Black,Divorced,4,204254,10th,Private,Other-service,0,0,45,39,0
22,Male,White,Never-married,3,137510,Some-college,Private,Adm-clerical,0,0,40,39,0
44,Female,White,Divorced,4,191982,Some-college,Other,Other,0,0,10,31,0
34,Male,White,Married-civ-spouse,0,116677,Some-college,Private,Handlers-cleaners,0,0,40,39,0
55,Male,White,Married-civ-spouse,0,172666,Some-college,Private,Craft-repair,0,0,40,39,1
27,Male,White,Married-civ-spouse,0,278720,HS-grad,Private,Craft-repair,0,0,45,39,1
27,Male,Black,Never-married,1,285432,Assoc-acdm,Federal-gov,Transport-moving,0,0,40,39,0
51,Male,White,Married-civ-spouse,0,123703,HS-grad,Private,Machine-op-inspct,4386,0,40,39,1
21,Male,White,Never-married,3,321666,HS-grad,Private,Craft-repair,594,0,40,39,0
42,Female,Amer-Indian-Eskimo,Married-spouse-absent,4,31387,Doctorate,Private,Prof-specialty,0,0,40,39,0
20,Male,White,Never-married,3,203263,12th,Private,Other-service,0,0,35,39,0
40,Male,Asian-Pac-Islander,Married-civ-spouse,0,137421,HS-grad,Private,Transport-moving,0,0,60,38,0
37,Male,White,Married-civ-spouse,0,188069,Some-college,Federal-gov,Adm-clerical,0,0,40,30,1
36,Male,White,Married-civ-spouse,0,107916,HS-grad,Private,Transport-moving,0,2002,40,39,0
39,Male,White,Married-civ-spouse,0,225605,HS-grad,Private,Farming-fishing,0,0,24,39,0
38,Female,White,Never-married,4,201617,HS-grad,Federal-gov,Adm-clerical,0,0,40,39,0
22,Male,White,Never-married,3,211798,Some-college,Private,Craft-repair,0,0,40,39,0
27,Male,White,Married-civ-spouse,0,189777,HS-grad,Private,Craft-repair,0,0,40,39,0
36,Male,White,Married-civ-spouse,0,241998,Some-college,Self-emp-not-inc,Sales,99999,0,20,39,1
37,Male,White,Married-civ-spouse,0,395831,Bachelors,Self-emp-inc,Exec-managerial,0,0,80,39,1
42,Male,White,Married-civ-spouse,0,263871,HS-grad,Local-gov,Adm-clerical,0,0,8,39,0
19,Male,White,Never-married,2,208513,HS-grad,Private,Craft-repair,0,0,40,39,0
18,Male,White,Never-married,3,36275,HS-grad,Private,Craft-repair,0,0,25,39,0
34,Female,White,Separated,1,186346,HS-grad,Private,Other-service,0,0,40,39,0
66,Male,White,Married-civ-spouse,0,298834,Assoc-voc,Self-emp-not-inc,Prof-specialty,0,0,50,39,0
22,Female,White,Never-married,1,34616,Some-college,Private,Sales,0,0,30,39,0
21,Male,White,Separated,3,57916,HS-grad,Private,Farming-fishing,0,0,40,39,0
20,Female,White,Never-married,1,194891,HS-grad,Private,Adm-clerical,0,0,40,39,0
45,Male,White,Married-civ-spouse,0,160472,Bachelors,Local-gov,Exec-managerial,0,1977,50,39,1
33,Male,White,Married-civ-spouse,0,224141,HS-grad,Private,Other-service,0,0,40,39,0
43,Male,White,Married-civ-spouse,0,197069,Bachelors,Federal-gov,Prof-specialty,0,0,40,30,1
23,Male,White,Never-married,1,214542,Bachelors,Private,Handlers-cleaners,0,0,40,39,0
35,Male,White,Married-civ-spouse,0,64922,Bachelors,Private,Exec-managerial,7688,0,50,39,1
52,Male,White,Married-civ-spouse,0,139671,Some-college,Private,Exec-managerial,0,1977,50,39,1
17,Female,White,Never-married,3,114798,10th,Private,Other-service,0,0,20,39,0
60,Male,White,Divorced,1,160625,Some-college,Private,Craft-repair,0,0,47,39,0
39,Male,Black,Separated,2,169249,HS-grad,Private,Other-service,0,0,40,39,0
32,Male,White,Married-civ-spouse,3,202729,HS-grad,Private,Transport-moving,0,0,40,39,0
31,Female,White,Separated,1,109917,7th-8th,Private,Craft-repair,0,0,40,39,0
29,Female,White,Never-married,2,222249,HS-grad,Private,Adm-clerical,0,0,40,39,0
45,Female,White,Divorced,1,341117,Some-college,Self-emp-not-inc,Prof-specialty,0,0,50,39,0
55,Male,White,Married-civ-spouse,0,158315,HS-grad,Self-emp-not-inc,Sales,0,0,50,39,1
27,Male,White,Never-married,1,41099,HS-grad,Self-emp-not-inc,Craft-repair,0,0,30,39,0
37,Male,White,Married-civ-spouse,0,151771,7th-8th,Private,Craft-repair,0,0,40,39,0
62,Male,White,Married-civ-spouse,0,138157,HS-grad,Private,Exec-managerial,0,0,12,39,0
29,Male,White,Married-civ-spouse,0,221366,Bachelors,Private,Prof-specialty,5013,0,40,11,0
42,Male,White,Married-civ-spouse,0,348886,Bachelors,Self-emp-inc,Exec-managerial,0,0,45,39,1
55,Male,White,Married-civ-spouse,0,104996,7th-8th,Private,Transport-moving,0,0,50,39,0
53,Male,White,Married-civ-spouse,0,153486,10th,State-gov,Transport-moving,0,0,40,39,1
27,Male,White,Never-married,1,279580,Bachelors,Private,Sales,10520,0,45,39,1
17,Male,White,Never-married,3,165918,11th,Private,Handlers-cleaners,0,0,20,29,0
52,Female,White,Married-civ-spouse,5,318351,Some-college,Other,Other,0,0,40,39,1
60,Male,White,Married-civ-spouse,0,308608,HS-grad,Private,Sales,0,0,50,39,0
67,Female,White,Divorced,1,192670,HS-grad,Private,Sales,0,0,20,39,0
51,Male,White,Married-civ-spouse,0,24185,Bachelors,Private,Craft-repair,0,0,40,39,1
52,Male,White,Never-married,1,159908,12th,Private,Machine-op-inspct,0,0,40,39,0
21,Female,White,Never-married,1,294789,Some-college,Private,Other-service,0,0,25,39,0
17,Male,White,Never-married,3,394176,10th,Private,Handlers-cleaners,0,0,20,39,0
37,Male,White,Married-civ-spouse,0,30529,Bachelors,Self-emp-inc,Sales,0,2415,50,39,1
34,Male,Black,Married-civ-spouse,0,191930,Some-college,Private,Machine-op-inspct,0,0,40,39,0
25,Male,White,Never-married,4,178037,HS-grad,Private,Sales,0,0,40,39,0
36,Male,White,Married-civ-spouse,0,174717,Bachelors,Private,Prof-specialty,7688,0,40,39,1
21,Male,Black,Never-married,3,202373,Assoc-voc,Private,Craft-repair,0,0,40,39,0
24,Male,White,Never-married,3,119156,HS-grad,Private,Transport-moving,0,0,50,39,0
54,Male,White,Married-civ-spouse,0,249096,Assoc-voc,State-gov,Protective-serv,0,0,40,39,0
59,Female,White,Divorced,1,148844,HS-grad,Private,Machine-op-inspct,0,0,40,39,0
48,Male,White,Married-civ-spouse,0,99835,Assoc-acdm,Private,Exec-managerial,0,0,50,39,1
25,Male,White,Never-married,3,55718,Some-college,Private,Tech-support,0,0,25,39,0
37,Male,White,Divorced,1,172571,HS-grad,Private,Machine-op-inspct,0,0,40,39,0
27,Male,White,Never-married,1,376936,HS-grad,Self-emp-inc,Sales,0,0,50,39,0
38,Male,White,Separated,1,154669,HS-grad,Private,Sales,0,0,60,39,0
27,Male,White,Never-married,2,210313,HS-grad,Private,Handlers-cleaners,0,0,28,13,0
44,Male,White,Divorced,1,408717,HS-grad,Private,Sales,3674,0,50,39,0
63,Female,White,Widowed,1,37792,10th,Private,Other-service,0,0,31,39,0
19,Male,White,Never-married,3,60688,Some-college,Other,Other,0,0,35,39,0
51,Male,White,Divorced,1,239155,Assoc-voc,Private,Other-service,0,0,40,39,0
39,Female,White,Widowed,4,281363,10th,Other,Other,0,0,15,39,0
46,Male,White,Married-civ-spouse,0,109089,Prof-school,Local-gov,Protective-serv,0,0,40,39,1
32,Male,White,Married-civ-spouse,0,204742,Bachelors,Private,Prof-specialty,0,0,40,39,1
35,Female,Black,Married-civ-spouse,5,310290,HS-grad,Private,Transport-moving,0,0,40,39,0
56,Male,White,Married-civ-spouse,0,109856,Bachelors,Self-emp-inc,Exec-managerial,15024,0,50,39,1
40,Male,White,Married-civ-spouse,0,32214,Assoc-acdm,Private,Adm-clerical,0,0,40,39,0
35,Male,White,Never-married,1,152375,HS-grad,Private,Sales,0,0,45,39,0
47,Male,White,Married-civ-spouse,0,337050,Some-college,Self-emp-inc,Farming-fishing,0,0,40,39,0
59,Male,White,Married-civ-spouse,0,195835,HS-grad,Self-emp-not-inc,Sales,0,0,60,39,0
42,Male,White,Married-civ-spouse,0,214838,HS-grad,Federal-gov,Tech-support,0,0,30,39,1
40,Female,Black,Never-married,4,197923,Bachelors,Private,Adm-clerical,2977,0,40,39,0
66,Female,White,Divorced,4,302072,Assoc-acdm,Private,Adm-clerical,0,0,40,39,0
33,Male,White,Never-married,1,63184,HS-grad,Private,Farming-fishing,0,0,40,39,0
32,Female,Black,Never-married,3,128714,HS-grad,Federal-gov,Other-service,0,0,32,39,0
50,Male,White,Married-civ-spouse,0,20795,Some-college,Local-gov,Protective-serv,0,0,40,39,1
38,Female,White,Never-married,1,298841,Some-college,Private,Exec-managerial,0,0,45,39,0
48,Male,White,Married-civ-spouse,0,110457,Some-college,Federal-gov,Craft-repair,0,0,40,39,1
42,Male,White,Divorced,4,79036,HS-grad,Private,Handlers-cleaners,0,0,40,39,0
40,Male,White,Married-civ-spouse,0,170866,Assoc-acdm,Self-emp-not-inc,Farming-fishing,0,0,50,39,1
39,Female,White,Divorced,4,90646,Assoc-voc,Private,Adm-clerical,0,0,40,39,0
38,Female,White,Married-civ-spouse,5,31603,Bachelors,Private,Craft-repair,0,0,40,39,0
32,Female,White,Married-civ-spouse,5,191856,Masters,Private,Sales,0,0,45,39,1
49,Female,White,Married-civ-spouse,5,304416,11th,Private,Sales,0,0,40,39,0
41,Male,White,Married-civ-spouse,0,198965,HS-grad,Private,Machine-op-inspct,0,0,40,39,0
56,Male,White,Married-civ-spouse,0,208809,HS-grad,Self-emp-inc,Sales,0,1902,40,39,1
45,Female,White,Married-civ-spouse,5,228570,HS-grad,Private,Sales,0,0,35,39,0
23,Female,White,Never-married,3,190483,Bachelors,Private,Sales,0,0,20,39,0
30,Female,White,Never-married,1,66278,HS-grad,Private,Adm-clerical,0,0,40,39,0
51,Male,White,Divorced,4,99316,12th,Private,Transport-moving,0,0,50,39,0
32,Female,White,Married-civ-spouse,5,147215,Bachelors,State-gov,Exec-managerial,0,0,55,39,1
24,Male,White,Never-married,1,77665,HS-grad,Private,Craft-repair,0,0,42,39,0
30,Male,White,Never-married,3,113364,Bachelors,Private,Sales,0,0,18,39,0
21,Female,White,Never-married,1,346341,Some-college,Private,Prof-specialty,0,0,40,39,0
29,Male,White,Married-civ-spouse,0,181466,HS-grad,Self-emp-not-inc,Sales,0,0,35,39,0
52,Male,White,Divorced,1,326156,Some-college,Private,Prof-specialty,0,0,40,39,1
32,Male,White,Married-civ-spouse,0,130057,HS-grad,Private,Sales,0,0,55,39,1
28,Male,Black,Never-married,2,154863,HS-grad,Local-gov,Protective-serv,0,1876,40,39,0
28,Female,Black,Never-married,4,178489,Bachelors,Private,Exec-managerial,0,0,45,0,0
31,Male,White,Married-civ-spouse,0,168387,Bachelors,Private,Prof-specialty,7688,0,40,2,1
25,Male,White,Married-civ-spouse,0,133373,HS-grad,Private,Transport-moving,0,0,60,39,0
47,Male,White,Married-civ-spouse,0,175925,10th,Private,Sales,0,2179,52,39,0
37,Male,White,Married-civ-spouse,3,195148,HS-grad,Private,Craft-repair,3137,0,40,39,0
41,Male,White,Separated,1,34278,Assoc-voc,Private,Other-service,0,0,40,39,0
59,Male,White,Married-civ-spouse,0,139616,Masters,State-gov,Exec-managerial,0,0,50,39,1
43,Female,White,Married-civ-spouse,5,113211,HS-grad,Self-emp-not-inc,Exec-managerial,0,0,40,39,0
40,Male,White,Married-civ-spouse,0,123557,Some-college,Private,Sales,0,0,40,39,0
36,Male,White,Married-civ-spouse,0,43712,10th,Private,Craft-repair,0,0,40,39,0
27,Male,White,Never-married,3,221912,HS-grad,Private,Handlers-cleaners,0,0,40,39,0
23,Male,White,Never-married,1,287988,Some-college,Private,Adm-clerical,0,0,20,39,0
18,Female,White,Never-married,1,379242,Some-college,Self-emp-not-inc,Exec-managerial,0,0,50,39,0
19,Male,White,Never-married,3,291509,12th,Other,Other,0,0,28,39,0
22,Male,White,Never-married,3,141698,HS-grad,Private,Craft-repair,0,0,40,39,0
38,Male,White,Married-civ-spouse,0,447346,Some-college,Private,Craft-repair,0,0,36,39,1
43,Female,White,Married-civ-spouse,5,105936,HS-grad,Private,Adm-clerical,0,0,35,39,1
29,Male,White,Married-civ-spouse,0,205499,Some-college,Private,Protective-serv,0,0,45,39,0
34,Male,White,Divorced,1,70466,Assoc-voc,Private,Craft-repair,0,0,40,39,0
55,Male,White,Married-civ-spouse,0,148773,10th,Private,Machine-op-inspct,0,0,40,39,0
33,Male,White,Divorced,3,113364,HS-grad,Private,Adm-clerical,0,0,40,39,0
33,Female,White,Divorced,1,131934,HS-grad,Private,Exec-managerial,0,0,45,39,0
43,Female,White,Married-civ-spouse,5,112181,Assoc-voc,Private,Tech-support,0,1902,32,39,1
43,Male,White,Married-civ-spouse,0,112607,11th,Private,Sales,0,0,60,39,0
90,Female,White,Never-married,3,87285,HS-grad,Private,Other-service,0,0,24,39,0
32,Female,White,Divorced,4,30271,Some-college,Private,Exec-managerial,0,0,30,39,0
48,Male,White,Married-civ-spouse,0,83444,HS-grad,Private,Prof-specialty,7298,0,40,39,1
40,Male,White,Married-civ-spouse,0,145160,Some-college,Private,Machine-op-inspct,0,0,43,39,0
19,Female,White,Never-married,3,201743,Some-college,Private,Other-service,0,0,15,39,0
32,Male,White,Married-civ-spouse,2,236543,12th,Private,Craft-repair,0,0,40,26,0
34,Male,Black,Married-civ-spouse,0,246104,Masters,Local-gov,Prof-specialty,0,0,40,39,0
39,Male,White,Married-civ-spouse,0,231141,HS-grad,Private,Machine-op-inspct,2829,0,40,39,0
25,Female,White,Never-married,3,66622,Some-college,Private,Other-service,0,0,25,39,0
25,Male,White,Never-married,1,108317,Bachelors,Private,Exec-managerial,0,0,40,39,0
21,Male,White,Never-married,3,109869,HS-grad,Private,Craft-repair,0,0,30,39,0
47,Male,White,Married-civ-spouse,0,148995,HS-grad,Private,Craft-repair,0,0,40,39,1
46,Male,White,Married-civ-spouse,0,117849,Some-college,Private,Sales,15024,0,40,39,1
24,Male,White,Never-married,3,99970,Bachelors,Private,Tech-support,0,0,40,39,0
20,Male,White,Never-married,3,289405,Some-college,Private,Sales,0,1602,15,39,0
28,Male,White,Never-married,3,169069,HS-grad,Private,Craft-repair,0,0,40,39,0
19,Male,White,Never-married,3,183041,HS-grad,Private,Other-service,0,0,20,39,0
28,Male,White,Never-married,1,381789,Bachelors,Federal-gov,Prof-specialty,0,0,50,39,0
35,Female,White,Divorced,4,260578,HS-grad,Private,Exec-managerial,0,0,40,39,1
43,Male,White,Married-civ-spouse,0,130126,Some-college,Self-emp-inc,Exec-managerial,15024,0,45,39,1
37,Female,White,Divorced,2,243425,HS-grad,Private,Other-service,0,0,50,29,0
51,Male,White,Married-civ-spouse,0,104748,Some-college,Private,Exec-managerial,0,0,45,39,0
47,Female,White,Divorced,3,114770,HS-grad,Private,Other-service,0,0,32,39,0
54,Male,White,Married-civ-spouse,0,212165,HS-grad,Self-emp-not-inc,Sales,0,0,60,39,0
54,Male,White,Married-civ-spouse,0,108933,HS-grad,Self-emp-not-inc,Craft-repair,0,0,35,39,0
36,Male,White,Married-civ-spouse,0,285020,HS-grad,Self-emp-not-inc,Craft-repair,2885,0,40,39,0
52,Female,White,Divorced,4,366232,9th,Private,Craft-repair,0,0,40,5,0
53,Female,White,Divorced,3,346253,HS-grad,Private,Sales,0,0,35,39,0
57,Male,White,Divorced,3,192258,Some-college,Federal-gov,Adm-clerical,0,0,40,39,0
51,Male,White,Married-civ-spouse,0,106728,Bachelors,Private,Exec-managerial,5178,0,60,39,1
25,Male,White,Married-civ-spouse,0,92093,Bachelors,Private,Exec-managerial,0,0,20,39,0
19,Male,White,Never-married,3,263338,HS-grad,Private,Handlers-cleaners,0,0,20,39,0
51,Male,Asian-Pac-Islander,Married-civ-spouse,0,240988,11th,Private,Machine-op-inspct,0,0,40,30,0
43,Male,White,Married-civ-spouse,0,196084,Masters,Private,Prof-specialty,0,0,55,39,0
21,Female,White,Never-married,3,247779,11th,Private,Sales,0,0,38,39,0
45,Male,White,Married-civ-spouse,0,102308,Some-college,State-gov,Exec-managerial,0,0,40,39,0
19,Female,White,Never-married,3,128346,HS-grad,Private,Machine-op-inspct,0,0,40,39,0
37,Female,Black,Never-married,1,910398,Bachelors,Private,Sales,0,0,40,39,0
28,Female,White,Married-civ-spouse,5,108574,Some-college,Private,Adm-clerical,0,0,15,39,0
28,Male,Black,Married-civ-spouse,0,429507,Assoc-acdm,Private,Handlers-cleaners,0,0,40,39,0
36,Female,White,Married-civ-spouse,5,306567,HS-grad,Private,Transport-moving,0,0,40,39,1
37,Male,White,Married-civ-spouse,0,170718,HS-grad,Private,Exec-managerial,0,0,40,39,0
29,Male,White,Married-civ-spouse,0,130438,HS-grad,Private,Machine-op-inspct,0,0,40,39,0
26,Male,White,Married-civ-spouse,0,287797,Some-college,Private,Craft-repair,0,0,45,39,0
59,Male,White,Married-civ-spouse,0,59469,Masters,Private,Tech-support,0,0,40,20,0
42,Male,White,Married-civ-spouse,0,115085,HS-grad,Private,Adm-clerical,0,0,50,39,0
21,Male,White,Never-married,3,205838,HS-grad,Private,Other-service,0,0,37,39,0
35,Male,White,Never-married,2,341643,Bachelors,Private,Other-service,0,0,50,39,0
24,Male,White,Never-married,1,89154,9th,Private,Other-service,0,0,40,8,0
24,Male,White,Married-civ-spouse,0,329530,9th,Private,Sales,0,0,45,26,0
26,Female,White,Never-married,1,77661,Bachelors,Private,Prof-specialty,0,0,40,39,0
46,Male,Black,Married-civ-spouse,0,358533,Some-college,Private,Protective-serv,0,0,40,39,1
31,Male,White,Divorced,1,561334,HS-grad,Private,Transport-moving,0,0,40,39,0
25,Male,Black,Separated,1,113099,HS-grad,Private,Craft-repair,0,0,40,39,0
57,Male,White,Married-civ-spouse,0,188330,HS-grad,Private,Other-service,0,0,78,39,0
71,Female,White,Widowed,4,217971,9th,Private,Sales,0,0,13,39,0
22,Male,White,Never-married,1,310152,Some-college,Private,Other-service,3325,0,40,39,0
59,Male,White,Widowed,1,291529,10th,Private,Machine-op-inspct,0,0,52,39,0
53,Female,White,Married-civ-spouse,2,158352,5th-6th,Private,Other-service,0,0,24,22,0
67,Female,White,Widowed,1,140849,HS-grad,Private,Other-service,0,0,24,39,0
31,Male,White,Married-civ-spouse,0,66815,HS-grad,Private,Craft-repair,0,0,50,39,0
24,Female,Asian-Pac-Islander,Married-civ-spouse,2,86745,Bachelors,Private,Prof-specialty,0,0,40,30,0
32,Female,White,Married-civ-spouse,5,146154,HS-grad,Private,Sales,0,0,40,39,0
66,Male,White,Married-civ-spouse,0,179951,Bachelors,Self-emp-inc,Exec-managerial,0,0,70,39,0
35,Male,White,Married-civ-spouse,0,185556,Masters,Private,Prof-specialty,0,1887,40,39,1
28,Male,White,Married-civ-spouse,2,389857,HS-grad,Other,Other,0,0,16,39,0
65,Male,White,Married-civ-spouse,0,223580,Some-college,Self-emp-not-inc,Machine-op-inspct,6514,0,40,39,1
40,Female,Black,Divorced,1,130749,Some-college,Federal-gov,Exec-managerial,0,0,40,39,0
36,Male,White,Separated,1,126946,Some-college,Private,Craft-repair,0,0,40,39,0
48,Male,White,Married-civ-spouse,0,41504,HS-grad,Private,Transport-moving,0,0,40,39,1
21,Female,White,Never-married,3,221661,HS-grad,Private,Sales,0,0,35,39,0
52,Male,White,Married-civ-spouse,0,266529,Some-college,Private,Prof-specialty,0,0,45,39,1
35,Male,White,Never-married,1,267966,11th,Private,Machine-op-inspct,0,0,50,39,0
29,Male,White,Never-married,3,116820,HS-grad,Other,Other,0,0,50,39,0
20,Male,White,Never-married,3,388156,Some-college,Private,Prof-specialty,0,0,24,39,0
63,Male,White,Married-civ-spouse,0,143098,HS-grad,Private,Sales,4064,0,40,39,0
24,Male,White,Never-married,1,314525,Bachelors,Federal-gov,Prof-specialty,0,1741,45,39,0
27,Male,White,Never-married,1,376936,HS-grad,Private,Craft-repair,0,0,40,39,0
24,Male,White,Married-civ-spouse,0,214555,Some-college,Private,Handlers-cleaners,0,0,40,39,0
39,Male,White,Married-civ-spouse,0,117683,10th,Private,Handlers-cleaners,0,0,45,39,0
55,Male,White,Married-civ-spouse,0,197422,HS-grad,Private,Transport-moving,7688,0,40,39,1
22,Male,White,Never-married,1,94662,Assoc-voc,Private,Craft-repair,0,0,44,39,0
42,Female,Black,Separated,4,266710,Some-college,Private,Adm-clerical,0,0,41,39,0
30,Male,White,Married-civ-spouse,0,381153,Some-college,Private,Craft-repair,0,0,40,39,0
39,Male,White,Married-civ-spouse,0,165186,Some-college,Private,Farming-fishing,0,0,45,39,0
47,Female,Black,Divorced,4,53498,HS-grad,Federal-gov,Other-service,0,0,40,39,0
63,Female,White,Divorced,1,126540,Some-college,Other,Other,0,0,5,39,0
31,Male,White,Never-married,4,340917,HS-grad,Private,Craft-repair,14344,0,40,39,1
18,Female,White,Never-married,3,109702,Some-college,Private,Sales,0,0,30,39,0
28,Male,Black,Divorced,2,110164,Some-college,Private,Other-service,0,0,24,39,0
30,Male,White,Never-married,1,347166,Bachelors,Private,Prof-specialty,13550,0,45,39,1
26,Male,White,Never-married,4,53903,HS-grad,State-gov,Craft-repair,0,0,50,39,0
25,Male,White,Never-married,1,159732,Some-college,Private,Adm-clerical,0,0,42,39,0
24,Male,White,Never-married,1,404416,Some-college,Private,Handlers-cleaners,0,0,40,39,0
52,Male,White,Married-civ-spouse,0,90363,Prof-school,Self-emp-inc,Prof-specialty,99999,0,35,39,1
33,Male,White,Married-civ-spouse,0,189710,7th-8th,Private,Farming-fishing,0,0,45,26,0
30,Male,White,Married-civ-spouse,0,169496,Bachelors,State-gov,Tech-support,0,0,40,39,1
24,Male,Black,Never-married,3,164529,12th,Private,Farming-fishing,0,0,40,39,0
25,Male,Asian-Pac-Islander,Never-married,3,182771,Some-college,Private,Sales,0,0,40,39,0
30,Male,White,Married-civ-spouse,0,59496,Bachelors,Private,Sales,2407,0,40,39,0
35,Male,White,Married-civ-spouse,0,183800,Bachelors,Private,Adm-clerical,0,0,40,39,1
47,Male,White,Married-civ-spouse,0,274800,Bachelors,Self-emp-not-inc,Prof-specialty,0,0,60,39,0
22,Female,White,Never-married,1,32616,Some-college,Private,Other-service,0,0,30,39,0
19,Male,White,Never-married,3,228939,HS-grad,Private,Handlers-cleaners,0,0,35,39,0
27,Male,White,Married-civ-spouse,0,81540,HS-grad,Private,Craft-repair,0,0,40,39,1
24,Male,White,Never-married,1,236696,Some-college,Private,Other-service,0,0,30,39,0
18,Male,White,Never-married,3,120781,10th,Private,Other-service,0,0,20,39,0
50,Female,White,Widowed,1,237729,HS-grad,Private,Sales,0,2444,72,39,1
23,Male,White,Never-married,4,386019,9th,Private,Farming-fishing,0,0,70,39,0
30,Female,White,Never-married,1,269723,HS-grad,Private,Exec-managerial,0,0,40,39,0
28,Female,White,Never-married,1,140845,10th,Private,Machine-op-inspct,0,155,40,39,0
31,Male,White,Married-civ-spouse,0,62374,HS-grad,Private,Prof-specialty,0,0,50,39,0
59,Male,White,Married-civ-spouse,0,170988,HS-grad,Private,Sales,0,0,55,39,0
27,Male,White,Never-married,1,140863,HS-grad,Private,Transport-moving,0,0,60,39,0
61,Female,White,Divorced,1,167138,HS-grad,Private,Exec-managerial,0,0,40,39,0
30,Female,White,Married-civ-spouse,5,185384,Some-college,Self-emp-inc,Exec-managerial,0,0,25,39,0
46,Female,White,Divorced,4,295791,Assoc-voc,State-gov,Adm-clerical,0,0,38,39,0
42,Female,White,Divorced,4,341204,Assoc-acdm,Private,Prof-specialty,8614,0,40,39,1
21,Male,White,Never-married,4,32950,Some-college,Private,Sales,0,0,40,39,0
26,Male,Black,Never-married,3,206199,HS-grad,Private,Adm-clerical,0,0,40,39,0
53,Female,White,Married-civ-spouse,5,194259,Some-college,Private,Adm-clerical,4386,0,40,39,1
38,Male,White,Never-married,3,365465,Assoc-voc,Other,Other,0,0,15,39,0
19,Female,White,Never-married,2,318822,Some-college,Private,Adm-clerical,0,0,40,39,0
37,Male,White,Married-civ-spouse,0,265266,Prof-school,Self-emp-not-inc,Prof-specialty,0,0,40,5,1
37,Male,Amer-Indian-Eskimo,Never-married,2,116358,HS-grad,Private,Craft-repair,27828,0,48,39,1
24,Male,White,Never-married,3,72119,Bachelors,Private,Adm-clerical,2202,0,30,39,0
28,Female,White,Never-married,1,181291,Bachelors,Private,Exec-managerial,0,1564,50,39,1
44,Male,White,Divorced,1,144067,Bachelors,Private,Adm-clerical,0,0,12,0,0
38,Male,White,Married-civ-spouse,0,450924,12th,Private,Other-service,3942,0,40,39,0
40,Female,White,Divorced,4,128700,Some-college,Private,Adm-clerical,0,0,40,39,0
35,Female,White,Never-married,3,98986,7th-8th,Private,Machine-op-inspct,0,0,30,39,0
19,Male,White,Never-married,3,263338,HS-grad,Private,Other-service,0,0,15,39,0
47,Male,White,Married-civ-spouse,0,97842,Some-college,Private,Craft-repair,0,0,40,39,0
38,Male,White,Married-civ-spouse,0,278557,Bachelors,Private,Sales,0,0,50,39,1
42,Male,White,Married-civ-spouse,0,161510,Bachelors,Private,Sales,7298,0,40,39,1
20,Male,White,Never-married,1,216972,HS-grad,Private,Sales,0,0,30,39,0
49,Male,White,Married-civ-spouse,0,142856,HS-grad,State-gov,Prof-specialty,0,0,40,39,1
54,Male,White,Separated,4,38795,9th,Private,Craft-repair,0,0,40,39,0
60,Female,White,Widowed,1,366531,Assoc-voc,Other,Other,0,0,40,39,0
51,Female,White,Divorced,4,218311,Some-college,Self-emp-not-inc,Sales,0,0,50,39,0
26,Male,White,Never-married,1,187577,Assoc-voc,Private,Sales,0,0,55,39,0
73,Male,White,Married-civ-spouse,0,102510,7th-8th,Self-emp-not-inc,Farming-fishing,6418,0,99,39,1
63,Male,White,Married-civ-spouse,0,80572,Bachelors,Self-emp-inc,Farming-fishing,0,0,40,39,1
31,Male,White,Never-married,1,111423,Bachelors,Self-emp-not-inc,Craft-repair,0,0,55,39,0
22,Female,White,Married-civ-spouse,5,151790,Some-college,Private,Sales,0,0,30,11,0
50,Male,White,Married-civ-spouse,0,196975,HS-grad,Private,Craft-repair,0,0,40,39,1
31,Male,White,Never-married,1,459465,Some-college,Private,Craft-repair,0,0,50,39,0
52,Male,White,Married-civ-spouse,0,256916,HS-grad,Private,Exec-managerial,0,0,40,39,0
34,Female,White,Separated,4,169605,10th,Private,Other-service,0,0,36,39,0
25,Male,White,Never-married,1,134113,Bachelors,Private,Adm-clerical,0,0,30,39,0
39,Male,White,Married-civ-spouse,0,278557,Assoc-voc,Private,Craft-repair,0,1628,48,39,0
28,Female,Asian-Pac-Islander,Never-married,4,226891,Some-college,Private,Adm-clerical,0,0,30,0,0
25,Male,Black,Never-married,1,151810,HS-grad,Private,Machine-op-inspct,0,0,28,39,0
57,Female,White,Widowed,1,197642,Some-college,Private,Other-service,0,0,40,39,0
68,Female,White,Divorced,1,38317,1st-4th,Other,Other,0,0,20,39,0
17,Male,Black,Never-married,3,221403,12th,Private,Other-service,0,0,18,39,0
24,Male,White,Never-married,1,217226,Some-college,Private,Other-service,0,0,30,39,0
28,Female,Black,Never-married,1,156300,Masters,Private,Exec-managerial,0,0,45,39,0
67,Male,White,Married-civ-spouse,0,89346,Bachelors,Private,Prof-specialty,0,0,40,39,1
30,Male,White,Married-civ-spouse,0,48520,Assoc-acdm,Private,Prof-specialty,0,2002,40,39,0
26,Female,White,Never-married,1,167261,Bachelors,Local-gov,Prof-specialty,0,0,40,39,0
29,Male,White,Married-civ-spouse,0,179498,HS-grad,Private,Exec-managerial,0,0,40,11,0
39,Female,Black,Divorced,4,236136,Assoc-voc,Private,Adm-clerical,0,0,40,39,0
49,Female,White,Never-married,1,43206,Prof-school,Private,Prof-specialty,0,0,55,39,1
28,Male,White,Married-civ-spouse,0,64307,7th-8th,Private,Craft-repair,0,0,40,39,0
48,Male,White,Married-civ-spouse,0,103713,Masters,Self-emp-inc,Sales,0,0,40,39,1
67,Female,White,Widowed,1,411007,HS-grad,Self-emp-inc,Exec-managerial,15831,0,40,39,1
35,Male,White,Married-civ-spouse,0,207568,7th-8th,Self-emp-not-inc,Farming-fishing,0,0,75,39,0
61,Male,White,Divorced,1,173924,9th,Private,Handlers-cleaners,0,0,40,33,1
47,Male,White,Married-civ-spouse,0,355978,Doctorate,Self-emp-not-inc,Transport-moving,0,2002,45,39,0
23,Male,White,Never-married,1,203924,Bachelors,Private,Prof-specialty,0,0,50,39,0
28,Male,White,Married-civ-spouse,0,191355,Bachelors,Private,Sales,0,0,45,39,1
38,Male,White,Never-married,1,40955,Masters,Local-gov,Prof-specialty,0,0,43,39,0
65,Female,White,Divorced,1,225580,HS-grad,Private,Sales,0,0,20,39,0
17,Male,White,Never-married,3,82041,11th,Private,Handlers-cleaners,0,0,40,2,0
28,Male,White,Never-married,1,125527,Some-college,Private,Sales,0,0,50,39,0
44,Male,White,Married-civ-spouse,0,210534,5th-6th,Private,Handlers-cleaners,0,0,40,26,0
56,Female,White,Divorced,1,121362,Bachelors,Private,Other-service,0,0,32,39,0
24,Female,Black,Never-married,3,196332,HS-grad,Private,Other-service,0,0,40,39,0
45,Male,White,Divorced,4,45891,Some-college,Federal-gov,Adm-clerical,0,0,42,39,0
55,Male,White,Married-civ-spouse,0,111625,HS-grad,Self-emp-not-inc,Craft-repair,0,0,60,39,0
20,Female,White,Never-married,1,289944,Some-college,Private,Prof-specialty,0,0,20,39,0
47,Male,White,Married-civ-spouse,0,187087,Bachelors,State-gov,Exec-managerial,0,0,40,39,1
27,Female,White,Never-married,1,209801,Some-college,Private,Adm-clerical,0,0,45,0,0
20,Male,Black,Never-married,3,182661,Some-college,Private,Sales,0,0,20,39,0
47,Male,White,Married-civ-spouse,0,368561,Some-college,Private,Craft-repair,0,0,40,39,1
36,Male,White,Married-civ-spouse,0,152307,HS-grad,Private,Machine-op-inspct,0,0,40,39,0
61,Male,White,Married-civ-spouse,0,584259,Masters,Other,Other,0,0,2,39,1
32,Male,White,Married-civ-spouse,0,171091,HS-grad,Private,Transport-moving,0,0,50,39,1
22,Female,White,Never-married,3,71864,Some-college,Private,Craft-repair,0,0,35,39,0
43,Male,White,Divorced,1,102895,Some-college,Private,Prof-specialty,0,0,40,39,0
29,Male,White,Married-civ-spouse,0,368949,Some-college,Private,Handlers-cleaners,0,0,40,0,1
26,Male,Black,Never-married,3,403788,Assoc-acdm,Private,Other-service,0,0,40,39,0
43,Male,Black,Married-civ-spouse,0,401623,Some-college,Private,Tech-support,0,0,40,23,1
41,Female,White,Married-civ-spouse,5,63596,Some-college,Private,Prof-specialty,0,0,32,39,1
53,Male,White,Married-civ-spouse,0,215990,Some-college,Local-gov,Other-service,0,0,35,39,0
25,Female,White,Never-married,3,174592,HS-grad,Private,Other-service,0,0,25,39,0
22,Female,White,Married-civ-spouse,5,214731,10th,Private,Machine-op-inspct,0,0,40,39,0
46,Female,White,Divorced,4,173613,HS-grad,Private,Sales,0,0,30,39,0
40,Male,Asian-Pac-Islander,Married-civ-spouse,0,137367,Some-college,Self-emp-inc,Exec-managerial,0,0,50,3,0
38,Male,Asian-Pac-Islander,Married-civ-spouse,0,193961,Some-college,Private,Craft-repair,0,0,40,30,1
67,Male,White,Married-civ-spouse,0,106175,Bachelors,Self-emp-inc,Exec-managerial,0,2392,75,39,1
55,Male,White,Never-married,1,26716,10th,Private,Transport-moving,0,0,60,39,0
31,Female,White,Divorced,1,35378,Some-college,Private,Adm-clerical,0,0,45,39,0
31,Male,White,Never-married,1,77634,Preschool,State-gov,Other-service,0,0,24,39,0
18,Male,White,Never-married,3,159561,11th,Private,Transport-moving,0,0,20,39,0
57,Male,White,Married-civ-spouse,0,223214,HS-grad,Private,Sales,0,0,50,39,0
62,Male,White,Married-civ-spouse,0,33142,Masters,State-gov,Prof-specialty,0,0,60,39,1
64,Male,White,Married-civ-spouse,0,73986,7th-8th,Self-emp-not-inc,Craft-repair,0,0,20,39,0
36,Male,White,Married-civ-spouse,0,129150,Some-college,Private,Prof-specialty,0,0,20,39,1
77,Female,White,Widowed,1,123959,HS-grad,Private,Adm-clerical,0,0,32,39,0
57,Male,White,Married-civ-spouse,0,127728,Prof-school,Self-emp-inc,Prof-specialty,15024,0,60,39,1
18,Female,White,Never-married,4,100875,11th,Private,Other-service,0,0,28,39,0
48,Male,White,Married-civ-spouse,0,98524,Assoc-acdm,Private,Craft-repair,0,0,45,39,0
31,Male,White,Divorced,1,60186,Bachelors,State-gov,Prof-specialty,0,0,40,39,0
38,Male,White,Married-civ-spouse,0,49020,HS-grad,Private,Craft-repair,0,0,40,39,0
28,Female,White,Never-married,4,183445,HS-grad,Federal-gov,Exec-managerial,0,0,70,33,0
56,Male,White,Married-civ-spouse,0,231232,Bachelors,Private,Adm-clerical,0,0,30,2,0
61,Male,White,Married-civ-spouse,0,221884,Some-college,Self-emp-not-inc,Adm-clerical,0,0,50,39,1
19,Male,Black,Never-married,3,174732,Some-college,Private,Other-service,0,0,25,39,0
49,Female,White,Never-married,4,165134,Assoc-voc,Private,Exec-managerial,0,0,35,4,0
53,Male,White,Married-civ-spouse,0,240138,HS-grad,Self-emp-not-inc,Craft-repair,0,0,60,39,0
63,Female,White,Never-married,1,217715,5th-6th,Self-emp-not-inc,Sales,0,0,3,39,0
30,Male,White,Never-married,1,209317,HS-grad,Private,Machine-op-inspct,0,0,50,6,0
22,Male,White,Never-married,3,42004,Some-college,Other,Other,0,0,30,39,0
33,Female,White,Never-married,1,284531,Bachelors,Private,Sales,0,0,40,39,0
26,Male,White,Married-civ-spouse,0,298225,HS-grad,Private,Adm-clerical,0,0,45,39,0
21,Male,White,Never-married,3,25265,HS-grad,Private,Craft-repair,0,0,40,39,0
24,Female,Other,Never-married,1,29591,Bachelors,Federal-gov,Prof-specialty,0,0,40,39,0
61,Male,White,Married-civ-spouse,0,180079,Doctorate,Local-gov,Exec-managerial,4064,0,40,39,0
33,Male,White,Never-married,1,229051,Some-college,Private,Prof-specialty,0,0,52,39,0
22,Male,White,Never-married,3,48347,Bachelors,Private,Farming-fishing,0,0,40,39,0
50,Female,White,Divorced,1,129673,Bachelors,Private,Exec-managerial,0,0,50,39,1
28,Male,White,Married-civ-spouse,0,203776,10th,Private,Craft-repair,0,0,50,39,0
50,Male,White,Married-civ-spouse,0,93690,HS-grad,Private,Transport-moving,0,0,40,39,1
33,Male,White,Married-civ-spouse,0,123253,Bachelors,Private,Exec-managerial,0,0,55,39,1
35,Male,White,Married-civ-spouse,0,138441,HS-grad,Private,Handlers-cleaners,0,0,35,39,0
29,Female,White,Never-married,1,330132,Bachelors,Private,Sales,0,0,60,39,0
37,Male,White,Married-civ-spouse,0,186934,HS-grad,Private,Sales,15024,0,60,39,1
50,Female,White,Divorced,1,93705,Some-college,Self-emp-not-inc,Sales,0,0,40,39,0
52,Male,Black,Married-civ-spouse,0,617021,Bachelors,Federal-gov,Tech-support,7688,0,40,39,1
48,Male,White,Divorced,4,33109,Bachelors,Federal-gov,Exec-managerial,0,0,58,39,1
44,Male,Amer-Indian-Eskimo,Married-civ-spouse,0,100584,HS-grad,Private,Machine-op-inspct,0,0,40,39,0
50,Male,White,Married-civ-spouse,0,98980,Bachelors,Federal-gov,Exec-managerial,7298,0,40,39,1
64,Male,White,Married-civ-spouse,0,339321,Bachelors,Self-emp-not-inc,Prof-specialty,0,0,24,39,1
18,Male,White,Never-married,3,216508,HS-grad,Other,Other,0,0,30,39,0
47,Male,White,Never-married,1,464945,HS-grad,Private,Transport-moving,0,0,45,39,0
56,Male,White,Married-civ-spouse,0,141877,Bachelors,Federal-gov,Adm-clerical,0,0,40,39,1
23,Male,White,Never-married,3,174626,HS-grad,Private,Handlers-cleaners,0,0,25,39,0
36,Male,White,Divorced,1,398931,HS-grad,Private,Craft-repair,0,0,40,39,0
55,Male,White,Divorced,4,143266,HS-grad,Private,Adm-clerical,0,0,25,39,0
38,Male,White,Married-civ-spouse,0,36989,Bachelors,Private,Other-service,3908,0,70,39,0
18,Male,Black,Never-married,2,283342,11th,Private,Other-service,0,0,20,39,0
55,Male,White,Separated,1,199763,HS-grad,Private,Protective-serv,0,0,81,39,0
36,Male,White,Never-married,4,284166,HS-grad,Private,Sales,0,0,60,39,1
47,Female,White,Married-civ-spouse,5,37672,Bachelors,Local-gov,Prof-specialty,0,0,45,39,0
72,Male,White,Married-civ-spouse,0,402306,Some-college,Other,Other,0,0,32,2,0
45,Male,Asian-Pac-Islander,Married-civ-spouse,0,243631,Doctorate,Private,Prof-specialty,0,0,45,3,1
52,Male,White,Married-civ-spouse,0,173987,10th,Private,Craft-repair,0,0,40,39,0
64,Female,White,Widowed,1,312242,Some-college,Private,Exec-managerial,0,0,3,39,0
33,Male,White,Married-civ-spouse,0,162572,HS-grad,Private,Transport-moving,0,0,55,39,1
28,Female,White,Never-married,3,153291,HS-grad,Self-emp-inc,Adm-clerical,0,0,35,39,0
26,Male,White,Never-married,3,57512,Assoc-voc,Private,Craft-repair,0,0,48,39,0
61,Male,White,Married-civ-spouse,0,92691,HS-grad,Private,Adm-clerical,0,0,3,39,0
21,Male,Black,Never-married,1,129674,Some-college,Private,Exec-managerial,0,0,48,26,0
34,Male,White,Married-civ-spouse,0,209768,HS-grad,Self-emp-not-inc,Exec-managerial,0,0,40,39,0
33,Male,White,Never-married,1,50276,Bachelors,Private,Exec-managerial,0,0,40,39,0
24,Male,White,Never-married,3,196943,HS-grad,Private,Sales,0,0,40,39,0
25,Female,White,Divorced,1,352806,HS-grad,Private,Other-service,0,0,40,26,0
46,Female,White,Divorced,4,190487,HS-grad,Private,Priv-house-serv,0,0,28,7,0
73,Female,White,Widowed,1,29778,HS-grad,Private,Other-service,0,0,37,39,0
59,Male,White,Married-civ-spouse,0,124771,Bachelors,Self-emp-not-inc,Farming-fishing,0,0,30,39,0
22,Female,Black,Never-married,1,364342,Assoc-voc,Private,Sales,0,0,25,39,0
32,Female,White,Never-married,1,272944,Some-college,Private,Craft-repair,0,0,40,39,0
51,Female,White,Divorced,1,111283,HS-grad,Self-emp-not-inc,Exec-managerial,99999,0,35,39,1
47,Female,White,Never-married,1,115070,Some-college,Private,Adm-clerical,0,0,40,39,0
44,Male,White,Married-civ-spouse,0,307468,Prof-school,Private,Prof-specialty,0,0,29,39,1
25,Male,White,Never-married,2,176520,HS-grad,Private,Craft-repair,0,0,40,39,0
31,Male,White,Married-civ-spouse,0,114937,Bachelors,Private,Prof-specialty,0,0,35,39,0
55,Female,White,Divorced,4,354923,Assoc-acdm,Private,Adm-clerical,0,0,40,39,0
62,Male,White,Divorced,1,250091,Bachelors,Other,Other,0,0,5,39,0
45,Male,White,Married-civ-spouse,0,199590,5th-6th,Private,Machine-op-inspct,0,0,40,0,0
31,Male,White,Married-civ-spouse,0,226624,9th,Self-emp-not-inc,Craft-repair,0,0,60,39,0
53,Male,White,Divorced,1,123011,HS-grad,Private,Transport-moving,0,0,40,39,1
54,Male,White,Married-civ-spouse,0,227832,12th,Private,Craft-repair,0,0,40,39,0
26,Female,White,Married-civ-spouse,5,102106,10th,Private,Adm-clerical,0,0,40,39,0
40,Female,White,Never-married,2,478205,Bachelors,Private,Prof-specialty,0,0,40,39,0
51,Male,White,Married-civ-spouse,0,282744,Bachelors,Private,Farming-fishing,0,0,40,2,0
59,Female,White,Divorced,4,109015,HS-grad,Private,Tech-support,0,0,40,39,0
19,Female,White,Never-married,3,268524,Some-college,Private,Sales,0,0,15,39,0
20,Male,White,Never-married,3,57898,12th,Private,Farming-fishing,0,0,40,39,0
34,Male,White,Married-civ-spouse,0,89644,Some-college,Private,Sales,0,0,55,39,1
48,Male,White,Divorced,1,148995,Bachelors,Self-emp-inc,Sales,0,0,60,39,1
33,Male,White,Married-civ-spouse,0,374905,HS-grad,Self-emp-inc,Sales,0,0,50,39,1
41,Female,White,Married-civ-spouse,5,56795,Masters,Private,Prof-specialty,0,0,45,9,0
37,Male,White,Married-civ-spouse,0,321943,Prof-school,Private,Prof-specialty,0,0,40,39,1
35,Male,Other,Married-civ-spouse,0,214891,HS-grad,Private,Transport-moving,0,0,40,6,0
31,Male,White,Married-civ-spouse,0,227446,Some-college,Private,Exec-managerial,0,0,40,5,1
42,Male,White,Married-civ-spouse,0,203554,Masters,Private,Exec-managerial,0,0,60,39,1
20,Male,White,Never-married,1,37932,HS-grad,Other,Other,0,0,40,39,0
31,Female,White,Married-civ-spouse,5,43819,Bachelors,Private,Prof-specialty,7688,0,43,39,1
32,Male,White,Married-civ-spouse,0,48520,Some-college,Private,Craft-repair,0,0,40,39,0
28,Male,White,Married-civ-spouse,3,175262,HS-grad,Private,Machine-op-inspct,0,0,40,39,0
33,Female,White,Divorced,1,335625,Some-college,Other,Other,0,0,40,39,0
64,Female,White,Never-married,1,196288,Assoc-acdm,Other,Other,0,0,20,39,0
33,Male,White,Married-civ-spouse,0,53373,HS-grad,Private,Craft-repair,0,0,35,39,0
45,Male,White,Married-civ-spouse,0,126141,Bachelors,Private,Exec-managerial,0,0,40,39,1
28,Female,White,Never-married,3,190067,Bachelors,Private,Prof-specialty,0,1564,40,39,1
39,Male,White,Married-civ-spouse,0,188571,11th,Self-emp-not-inc,Transport-moving,0,0,40,39,0
21,Male,White,Never-married,3,189749,Some-college,Private,Sales,0,0,40,39,0
54,Male,White,Married-civ-spouse,0,118793,HS-grad,Private,Adm-clerical,0,0,45,39,0
50,Male,White,Married-civ-spouse,0,178530,Prof-school,Private,Prof-specialty,0,0,60,39,1
48,Female,White,Divorced,4,171807,Bachelors,Private,Other-service,0,0,56,39,1
43,Female,White,Divorced,4,115806,Masters,Private,Exec-managerial,0,2547,40,39,1
41,Male,White,Married-civ-spouse,0,90021,HS-grad,Private,Handlers-cleaners,0,0,40,0,0
59,Female,Black,Divorced,1,244554,11th,Private,Other-service,0,0,35,39,0
28,Female,Black,Never-married,1,137296,Assoc-acdm,Private,Other-service,0,0,40,39,0
25,Male,White,Married-civ-spouse,0,91334,Assoc-voc,Private,Exec-managerial,0,0,75,39,0
21,Male,White,Married-civ-spouse,0,296158,10th,Private,Other-service,0,0,25,39,0
25,Male,Black,Never-married,3,305472,Assoc-acdm,Private,Machine-op-inspct,0,0,48,39,0
49,Male,White,Divorced,4,228583,HS-grad,Private,Other-service,0,0,40,4,0
35,Male,White,Married-civ-spouse,0,282979,HS-grad,Private,Sales,5178,0,50,39,1
49,Male,White,Married-civ-spouse,0,185041,Masters,Private,Exec-managerial,0,1977,40,39,1
67,Male,White,Widowed,1,105252,Bachelors,Private,Exec-managerial,0,2392,40,39,1
51,Male,White,Divorced,4,71046,Some-college,Private,Exec-managerial,0,0,45,34,0
22,Male,Asian-Pac-Islander,Never-married,3,82393,9th,Private,Handlers-cleaners,0,0,40,30,0
21,Male,White,Married-civ-spouse,0,190805,HS-grad,Private,Handlers-cleaners,0,0,32,39,0
21,Female,White,Never-married,1,434710,Some-college,Private,Sales,0,0,15,39,0
24,Male,White,Never-married,1,341368,HS-grad,Private,Adm-clerical,0,0,40,39,0
19,Male,White,Never-married,3,164320,HS-grad,Private,Transport-moving,0,0,40,39,0
33,Male,White,Married-civ-spouse,0,172304,10th,Private,Machine-op-inspct,0,0,40,39,0
48,Male,White,Married-spouse-absent,4,88564,7th-8th,Federal-gov,Handlers-cleaners,0,0,40,39,0
47,Female,White,Married-civ-spouse,5,100818,HS-grad,State-gov,Adm-clerical,0,0,40,39,1
35,Female,Black,Never-married,3,155961,HS-grad,Private,Other-service,0,0,35,23,0
31,Female,White,Married-civ-spouse,5,182191,Bachelors,Other,Other,4064,0,30,2,0
61,Male,White,Married-civ-spouse,0,160155,Some-college,Federal-gov,Exec-managerial,0,0,40,39,1
22,Male,White,Never-married,3,32921,Some-college,Self-emp-not-inc,Farming-fishing,0,0,20,39,0
26,Male,White,Married-civ-spouse,0,247025,HS-grad,Private,Transport-moving,0,0,65,39,0
33,Male,White,Never-married,1,343021,Some-college,Self-emp-not-inc,Sales,0,0,65,39,0
62,Male,White,Married-civ-spouse,0,173631,Some-college,Self-emp-not-inc,Exec-managerial,0,0,70,39,0
42,Male,White,Never-married,1,119207,HS-grad,Self-emp-not-inc,Exec-managerial,0,0,48,39,0
58,Male,White,Widowed,1,131608,Some-college,Private,Craft-repair,0,0,40,39,0
65,Male,White,Married-civ-spouse,0,207281,Some-college,Private,Protective-serv,0,0,16,39,0
23,Male,White,Never-married,3,353696,HS-grad,Private,Farming-fishing,0,0,40,39,0
21,Male,White,Never-married,3,48301,Some-college,Private,Handlers-cleaners,0,0,40,39,0
27,Female,Asian-Pac-Islander,Never-married,1,123984,Assoc-acdm,Private,Other-service,0,0,35,30,0
60,Male,White,Married-civ-spouse,0,198170,Some-college,Private,Transport-moving,0,0,40,39,1
27,Male,White,Never-married,3,207213,HS-grad,Private,Handlers-cleaners,0,0,40,39,0
42,Male,White,Married-civ-spouse,0,85995,HS-grad,Private,Transport-moving,0,0,50,39,0
27,Male,White,Never-married,2,255476,5th-6th,Private,Other-service,0,0,40,26,0
18,Male,Black,Never-married,3,348588,12th,Other,Other,0,0,25,39,0
41,Male,White,Divorced,1,34178,Bachelors,Federal-gov,Prof-specialty,0,0,40,39,0
59,Male,White,Married-civ-spouse,0,43221,9th,Private,Transport-moving,0,0,60,39,1
35,Female,Black,Never-married,3,148015,Bachelors,Private,Sales,0,0,40,39,0
34,Male,White,Married-civ-spouse,0,340880,HS-grad,Private,Prof-specialty,0,0,60,30,1
22,Male,White,Never-married,3,166371,Some-college,Private,Craft-repair,0,0,40,39,0
50,Male,White,Married-civ-spouse,0,150999,Masters,Private,Prof-specialty,0,1977,40,39,1
30,Female,White,Married-civ-spouse,5,159159,Some-college,Other,Other,0,0,30,39,0
37,Male,White,Married-civ-spouse,0,128715,Bachelors,Private,Exec-managerial,0,0,60,39,1
37,Female,White,Married-civ-spouse,5,233571,Assoc-voc,Private,Tech-support,0,0,37,39,1
43,Male,White,Divorced,1,271807,Some-college,Private,Craft-repair,0,0,40,39,0
56,Female,White,Divorced,4,147653,HS-grad,Private,Adm-clerical,0,0,32,39,0
19,Male,White,Never-married,3,169853,HS-grad,Private,Machine-op-inspct,0,0,24,39,0
48,Male,White,Married-civ-spouse,0,296066,Some-college,Self-emp-not-inc,Transport-moving,0,0,50,39,1
48,Female,Black,Never-married,1,155509,Some-college,Private,Craft-repair,0,0,40,39,0
38,Female,White,Divorced,4,199256,HS-grad,Private,Adm-clerical,0,0,40,39,0
65,Female,White,Widowed,1,174603,5th-6th,Private,Machine-op-inspct,0,0,10,22,0
33,Male,Amer-Indian-Eskimo,Married-civ-spouse,0,163392,HS-grad,Private,Prof-specialty,0,0,48,39,1
38,Male,White,Married-civ-spouse,0,76317,Assoc-voc,Private,Exec-managerial,0,0,55,39,1
24,Female,White,Married-civ-spouse,5,280960,HS-grad,Private,Machine-op-inspct,0,0,24,39,0
19,Male,White,Never-married,3,375077,HS-grad,Private,Sales,0,0,50,39,0
37,Male,Black,Separated,2,709445,HS-grad,Private,Craft-repair,0,0,40,39,0
41,Male,White,Married-civ-spouse,0,174395,Masters,Private,Prof-specialty,0,0,40,39,1
38,Female,Black,Divorced,4,281768,7th-8th,Other,Other,0,0,30,39,0
63,Male,White,Married-civ-spouse,0,216871,Some-college,State-gov,Adm-clerical,0,1740,40,39,0
59,Female,White,Married-civ-spouse,5,191965,11th,Private,Other-service,3908,0,28,39,0
61,Male,Black,Never-married,1,43554,5th-6th,Private,Handlers-cleaners,0,2339,40,39,0
47,Male,White,Married-civ-spouse,0,198901,HS-grad,Private,Craft-repair,0,0,48,39,0
41,Male,White,Married-civ-spouse,0,137142,Some-college,Local-gov,Sales,0,0,40,39,0
24,Female,Black,Separated,4,138504,HS-grad,Other,Other,0,0,37,39,0
33,Male,White,Married-civ-spouse,0,59083,Bachelors,Private,Adm-clerical,0,1902,45,39,1
31,Male,White,Married-civ-spouse,0,223212,HS-grad,Private,Other-service,0,0,40,26,0
41,Male,White,Married-civ-spouse,0,268183,Prof-school,Private,Prof-specialty,0,0,45,39,1
54,Male,White,Married-civ-spouse,0,174102,Bachelors,Private,Exec-managerial,0,0,40,39,1
42,Male,White,Divorced,1,166740,Bachelors,Private,Prof-specialty,0,0,40,39,0
39,Male,White,Never-married,1,284166,HS-grad,Private,Craft-repair,0,1564,50,39,1
22,Female,White,Never-married,1,340543,HS-grad,Private,Tech-support,0,0,40,39,0
46,Female,White,Married-civ-spouse,5,206357,5th-6th,Other,Other,0,0,40,26,0
58,Male,White,Divorced,1,234213,HS-grad,Private,Craft-repair,14344,0,48,39,1
50,Female,Amer-Indian-Eskimo,Married-civ-spouse,5,32801,Bachelors,Federal-gov,Exec-managerial,0,0,40,39,1
67,Male,White,Divorced,3,81761,HS-grad,Other,Other,0,0,20,39,0
30,Male,Asian-Pac-Islander,Never-married,1,272669,Some-college,Private,Tech-support,0,0,40,39,0
67,Male,White,Married-civ-spouse,0,195066,HS-grad,Self-emp-not-inc,Farming-fishing,0,0,50,39,0
61,Female,White,Divorced,4,192237,10th,Private,Sales,0,0,40,39,0
53,Male,White,Married-civ-spouse,0,153052,HS-grad,Private,Craft-repair,0,0,40,39,1
21,Male,White,Never-married,3,129980,9th,Private,Transport-moving,0,0,40,39,0
53,Female,White,Married-civ-spouse,5,285621,Masters,Private,Adm-clerical,0,0,40,39,1
49,Male,White,Married-civ-spouse,0,56841,Bachelors,Self-emp-not-inc,Farming-fishing,0,0,70,39,0
30,Female,White,Divorced,4,30063,HS-grad,Private,Other-service,0,0,32,39,0
71,Male,White,Married-civ-spouse,0,118119,Some-college,Self-emp-inc,Exec-managerial,20051,0,50,39,1
22,Male,White,Married-civ-spouse,0,401451,Some-college,Private,Transport-moving,0,0,48,39,1
44,Male,White,Married-civ-spouse,0,201723,Bachelors,Private,Exec-managerial,15024,0,45,39,1
17,Female,White,Never-married,3,163836,10th,Private,Sales,0,0,12,39,0
52,Male,White,Divorced,1,145333,Bachelors,Private,Sales,0,0,60,39,0
18,Male,Black,Never-married,3,104704,HS-grad,Private,Adm-clerical,0,0,40,39,0
35,Male,Black,Never-married,4,287658,Some-college,Private,Adm-clerical,0,0,40,39,0
52,Male,Asian-Pac-Islander,Married-civ-spouse,0,63004,Masters,Self-emp-not-inc,Exec-managerial,0,0,40,30,0
49,Male,Black,Never-married,2,234320,7th-8th,Private,Prof-specialty,0,0,45,39,0
26,Male,White,Never-married,3,175044,Some-college,State-gov,Protective-serv,0,0,40,39,0
41,Male,Black,Separated,1,215479,HS-grad,Private,Handlers-cleaners,0,0,40,39,0
52,Male,White,Married-civ-spouse,0,256861,Bachelors,Private,Exec-managerial,0,0,50,39,0
31,Male,White,Married-civ-spouse,0,189759,Assoc-acdm,Private,Adm-clerical,0,0,40,22,0
36,Female,White,Never-married,4,280440,Assoc-acdm,Private,Tech-support,0,0,45,39,0
40,Male,White,Married-spouse-absent,1,205047,HS-grad,Private,Craft-repair,0,0,40,39,1
33,Female,Black,Divorced,4,637222,12th,Private,Machine-op-inspct,0,0,40,39,0
21,Male,White,Married-civ-spouse,0,115420,HS-grad,Private,Craft-repair,0,0,50,39,0
24,Male,Black,Divorced,1,35603,Some-college,Private,Other-service,0,0,40,39,0
29,Female,White,Never-married,3,196971,Bachelors,Private,Prof-specialty,0,0,72,39,0
23,Female,White,Never-married,3,107801,Bachelors,Private,Adm-clerical,0,0,20,39,0
58,Male,White,Married-civ-spouse,0,138285,Assoc-acdm,Private,Craft-repair,0,1740,40,39,0
51,Male,White,Married-civ-spouse,0,171914,Bachelors,Private,Prof-specialty,0,0,50,39,1
46,Male,White,Married-civ-spouse,0,30219,Some-college,State-gov,Exec-managerial,7688,0,38,39,1
35,Male,White,Never-married,1,52187,Some-college,Private,Other-service,0,0,30,39,0
38,Female,White,Never-married,3,204756,HS-grad,Private,Sales,0,0,40,39,0
24,Male,White,Never-married,3,191073,HS-grad,Federal-gov,Armed-Forces,0,0,40,39,0
47,Female,White,Never-married,4,160647,HS-grad,Private,Farming-fishing,0,0,46,39,0
52,Male,White,Married-civ-spouse,0,185407,Assoc-voc,Private,Craft-repair,0,0,48,31,1
56,Female,White,Widowed,4,163212,HS-grad,Self-emp-not-inc,Adm-clerical,99999,0,40,39,1
26,Female,White,Never-married,1,68001,Masters,Private,Prof-specialty,0,0,40,39,0
57,Male,White,Married-civ-spouse,0,316000,HS-grad,Private,Craft-repair,0,0,40,39,0
18,Male,White,Never-married,1,115443,11th,Private,Handlers-cleaners,0,0,25,39,0
49,Male,White,Married-civ-spouse,0,127921,HS-grad,Self-emp-not-inc,Craft-repair,0,0,40,39,0
22,Male,White,Never-married,3,199555,Some-college,Private,Farming-fishing,0,0,25,39,0
32,Male,White,Married-civ-spouse,0,94235,HS-grad,Private,Craft-repair,0,0,40,39,1
40,Female,Black,Divorced,1,137304,Bachelors,Private,Adm-clerical,0,0,40,39,0
32,Male,White,Married-civ-spouse,0,202498,11th,Private,Handlers-cleaners,0,0,40,4,0
41,Male,White,Married-civ-spouse,0,271753,Bachelors,Private,Farming-fishing,0,0,40,39,0
18,Female,White,Never-married,3,189487,Some-college,Private,Sales,0,0,35,39,0
41,Male,White,Never-married,1,198316,Some-college,Private,Craft-repair,0,0,50,24,0
29,Female,Black,Divorced,1,234447,Some-college,Private,Adm-clerical,0,0,40,39,0
43,Female,White,Separated,4,183096,Some-college,Private,Sales,0,0,10,39,0
50,Female,White,Divorced,4,169182,HS-grad,Local-gov,Other-service,0,0,49,6,0
57,Male,White,Married-civ-spouse,0,314153,Bachelors,Private,Sales,0,1887,55,39,1
19,Female,White,Never-married,1,279968,HS-grad,Private,Adm-clerical,0,0,42,39,0
50,Male,White,Married-civ-spouse,0,137815,HS-grad,Private,Transport-moving,0,0,60,39,1
58,Male,Black,Married-civ-spouse,0,114362,Some-college,Other,Other,0,0,30,39,0
24,Male,White,Married-civ-spouse,0,403671,HS-grad,Private,Craft-repair,0,0,60,39,0
24,Male,Black,Never-married,1,388093,Bachelors,Private,Exec-managerial,0,0,40,39,0
34,Male,White,Never-married,1,242984,Bachelors,Self-emp-inc,Exec-managerial,0,0,50,39,0
49,Male,White,Married-civ-spouse,0,51620,Doctorate,Self-emp-not-inc,Prof-specialty,0,0,60,39,0
45,Male,White,Married-spouse-absent,1,229516,HS-grad,Private,Craft-repair,0,0,72,26,0
30,Male,White,Never-married,3,213722,HS-grad,Private,Handlers-cleaners,0,0,40,39,0
25,Male,White,Married-civ-spouse,3,156848,HS-grad,State-gov,Protective-serv,0,0,35,39,0
21,Female,White,Never-married,3,107801,Some-college,Other,Other,0,0,3,39,0
55,Male,White,Married-civ-spouse,0,141877,Bachelors,Private,Machine-op-inspct,0,0,40,39,0
43,Male,White,Married-civ-spouse,0,55395,Some-college,Private,Craft-repair,0,0,40,39,0
21,Female,Black,Married-civ-spouse,5,357029,Some-college,Other,Other,2105,0,20,39,0
20,Male,White,Never-married,1,353195,HS-grad,Private,Craft-repair,0,0,35,39,0
58,Male,Black,Married-civ-spouse,0,489085,Bachelors,Local-gov,Prof-specialty,0,0,40,39,0
25,Female,White,Never-married,1,197728,Bachelors,Local-gov,Exec-managerial,0,0,20,39,0
35,Male,White,Married-civ-spouse,0,192626,Some-college,Private,Prof-specialty,0,0,50,39,1
23,Male,White,Never-married,3,181820,Some-college,Private,Machine-op-inspct,0,0,40,39,0
18,Female,White,Never-married,3,84253,11th,Private,Other-service,0,0,24,39,0
48,Male,White,Never-married,3,318331,HS-grad,Private,Sales,0,0,40,39,0
26,Male,White,Never-married,1,350853,5th-6th,Private,Transport-moving,0,0,40,0,0
55,Male,White,Married-civ-spouse,0,111625,HS-grad,Self-emp-not-inc,Sales,0,0,40,39,0
23,Female,White,Never-married,3,186014,Some-college,Private,Adm-clerical,0,0,15,39,0
42,Female,White,Divorced,4,202466,Assoc-acdm,Private,Prof-specialty,0,0,45,39,0
23,Male,Asian-Pac-Islander,Never-married,3,82393,9th,Private,Other-service,0,0,20,30,0
46,Male,White,Married-civ-spouse,0,213140,Bachelors,Private,Prof-specialty,0,0,40,0,1
25,Male,White,Married-civ-spouse,0,135568,HS-grad,Private,Handlers-cleaners,0,0,40,39,0
37,Male,Other,Married-civ-spouse,0,268598,Bachelors,Self-emp-not-inc,Exec-managerial,7298,0,50,33,1
58,Female,White,Married-civ-spouse,5,169611,HS-grad,Private,Adm-clerical,0,0,40,39,0
40,Male,White,Married-civ-spouse,0,235786,Some-college,Private,Craft-repair,0,0,44,39,1
76,Female,White,Widowed,2,201986,11th,Other,Other,0,0,16,39,0
22,Male,Black,Married-civ-spouse,0,228465,HS-grad,Private,Transport-moving,0,0,40,39,0
66,Male,White,Married-civ-spouse,0,291362,Prof-school,Self-emp-not-inc,Prof-specialty,0,0,50,39,0
56,Male,White,Married-civ-spouse,0,182273,HS-grad,Private,Machine-op-inspct,0,0,40,39,0
45,Female,Black,Separated,4,363087,HS-grad,Private,Machine-op-inspct,0,0,40,39,0
46,Female,Black,Never-married,1,247992,7th-8th,State-gov,Other-service,0,0,40,39,0
28,Female,White,Never-married,4,30237,Some-college,Other,Other,0,0,40,39,0
53,Female,White,Divorced,1,150726,Some-college,Private,Adm-clerical,0,0,40,39,0
41,Male,White,Married-civ-spouse,0,175674,Bachelors,Private,Tech-support,0,0,40,39,1
17,Male,White,Never-married,3,70868,11th,Private,Craft-repair,0,0,16,39,0
38,Male,White,Divorced,1,175232,HS-grad,Private,Machine-op-inspct,0,0,45,39,0
54,Male,White,Married-civ-spouse,0,392286,Assoc-acdm,Self-emp-not-inc,Sales,0,0,50,39,1
53,Male,White,Married-civ-spouse,0,231196,HS-grad,Local-gov,Adm-clerical,0,0,40,39,0
33,Male,White,Never-married,1,277455,Masters,Private,Prof-specialty,0,0,40,39,0
25,Female,White,Never-married,3,193787,Some-college,Private,Machine-op-inspct,0,0,50,39,0
40,Male,Black,Never-married,2,283724,9th,Private,Craft-repair,0,0,49,39,0
52,Male,White,Divorced,1,123011,HS-grad,Federal-gov,Adm-clerical,0,0,45,39,0
62,Male,White,Married-civ-spouse,0,168682,7th-8th,Self-emp-not-inc,Sales,0,0,5,39,0
51,Male,White,Divorced,1,162327,11th,Self-emp-inc,Sales,0,0,40,39,0
24,Male,White,Married-civ-spouse,0,252024,Some-college,Local-gov,Protective-serv,0,0,72,39,1
46,Male,Black,Never-married,1,161508,10th,Private,Machine-op-inspct,0,0,40,39,0
26,Female,Asian-Pac-Islander,Married-civ-spouse,5,77698,Some-college,Private,Prof-specialty,0,0,40,39,0
62,Male,White,Married-civ-spouse,0,123411,7th-8th,Private,Transport-moving,0,0,53,39,0
67,Male,White,Married-civ-spouse,0,36135,11th,Other,Other,0,0,8,39,0
50,Female,White,Divorced,4,44116,HS-grad,Private,Craft-repair,0,0,40,39,0
69,Male,White,Married-civ-spouse,0,140176,HS-grad,Private,Sales,0,0,24,39,0
42,Male,White,Married-civ-spouse,0,37869,Some-college,Private,Craft-repair,0,0,40,39,0
39,Female,Amer-Indian-Eskimo,Never-married,3,67187,HS-grad,Local-gov,Exec-managerial,0,0,40,39,0
36,Female,White,Never-married,3,96468,Masters,State-gov,Prof-specialty,0,0,40,39,0
66,Male,Black,Married-civ-spouse,0,33619,HS-grad,Private,Other-service,0,0,4,39,0
23,Female,White,Married-civ-spouse,3,80680,Some-college,Private,Sales,0,0,16,39,0
54,Male,White,Married-civ-spouse,0,343242,Some-college,Private,Exec-managerial,0,0,44,39,1
53,Male,White,Married-civ-spouse,0,94081,Bachelors,Private,Exec-managerial,0,0,44,39,1
38,Male,Black,Married-civ-spouse,0,103408,Masters,Private,Exec-managerial,0,0,40,0,0
50,Male,White,Married-civ-spouse,0,192203,11th,Private,Transport-moving,0,0,40,39,0
31,Female,White,Married-civ-spouse,5,26553,Bachelors,Other,Other,0,0,25,39,1
38,Male,White,Married-civ-spouse,0,122076,Some-college,Private,Transport-moving,7298,0,43,39,1
38,Male,White,Married-civ-spouse,0,29874,Assoc-voc,Private,Craft-repair,0,0,40,39,0
46,Male,White,Never-married,3,336984,HS-grad,Private,Handlers-cleaners,0,0,17,39,0
28,Male,White,Never-married,1,360527,Some-college,Private,Sales,0,0,45,39,0
44,Female,White,Separated,4,101950,Prof-school,Local-gov,Prof-specialty,0,0,40,39,0
32,Female,White,Never-married,1,84179,HS-grad,Private,Handlers-cleaners,0,0,45,39,0
18,Female,Black,Never-married,3,183315,11th,Private,Sales,0,0,10,39,0
31,Male,White,Divorced,1,206823,Bachelors,Federal-gov,Protective-serv,0,0,50,39,1
55,Male,White,Married-civ-spouse,0,255364,Some-college,Private,Prof-specialty,0,0,40,39,0
25,Male,White,Never-married,1,336440,Some-college,Private,Other-service,0,0,40,39,0
30,Female,White,Married-civ-spouse,3,176410,Assoc-voc,Private,Prof-specialty,7298,0,16,39,1
43,Male,White,Separated,1,269733,HS-grad,Local-gov,Other-service,0,0,40,39,0
44,Male,White,Separated,1,152150,Assoc-acdm,Private,Exec-managerial,0,0,40,39,0
32,Male,White,Married-civ-spouse,0,24961,Assoc-voc,Private,Tech-support,0,0,40,39,0
23,Male,White,Never-married,3,219835,Some-college,Private,Protective-serv,0,0,40,26,0
22,Female,White,Married-civ-spouse,5,199419,HS-grad,Private,Sales,0,0,40,39,0
18,Female,White,Never-married,3,27780,HS-grad,Private,Sales,0,0,25,39,0
27,Female,White,Never-married,1,167336,Some-college,Private,Adm-clerical,0,0,39,39,0
25,Male,White,Married-civ-spouse,0,298225,Some-college,Private,Transport-moving,0,0,35,39,0
37,Female,White,Married-civ-spouse,5,233825,Bachelors,Local-gov,Prof-specialty,15024,0,50,39,1
40,Male,White,Married-civ-spouse,0,243636,Bachelors,Self-emp-not-inc,Sales,0,0,50,39,1
34,Male,White,Divorced,3,176711,HS-grad,Private,Other-service,0,0,40,39,0
23,Male,White,Never-married,3,203715,HS-grad,Private,Farming-fishing,0,0,40,39,0
25,Male,White,Never-married,1,40512,Bachelors,Private,Prof-specialty,3674,0,30,39,0
30,Male,White,Married-civ-spouse,0,159773,Bachelors,Local-gov,Protective-serv,0,0,45,39,1
19,Female,White,Never-married,3,196857,Some-college,Private,Sales,0,0,20,39,0
40,Female,White,Divorced,1,198270,Some-college,Private,Other-service,0,0,40,39,0
26,Male,White,Never-married,2,29957,Masters,Private,Tech-support,0,0,25,39,0
30,Male,White,Never-married,1,313038,HS-grad,Private,Craft-repair,0,0,40,39,0
36,Female,White,Divorced,4,48972,Some-college,Private,Adm-clerical,0,0,40,39,0
27,Female,White,Never-married,4,148069,10th,Private,Machine-op-inspct,0,0,40,39,0
36,Male,White,Married-civ-spouse,0,230329,Bachelors,Private,Exec-managerial,0,0,50,39,1
41,Male,White,Married-civ-spouse,0,43945,7th-8th,Private,Craft-repair,0,0,40,0,0
30,Male,White,Married-spouse-absent,1,67072,Bachelors,Self-emp-not-inc,Craft-repair,6849,0,60,39,0
46,Male,White,Married-civ-spouse,0,155489,Assoc-acdm,Private,Craft-repair,0,0,44,39,1
22,Male,White,Never-married,2,197387,Some-college,Private,Handlers-cleaners,0,0,24,26,0
23,Male,White,Never-married,3,204209,Some-college,Private,Handlers-cleaners,0,0,10,39,0
19,Female,White,Never-married,3,69182,Some-college,Private,Other-service,0,0,27,39,0
66,Male,White,Married-civ-spouse,0,350498,Some-college,Private,Transport-moving,0,1258,20,39,0
30,Male,White,Married-civ-spouse,0,105908,HS-grad,Private,Craft-repair,0,0,40,39,0
28,Male,White,Married-civ-spouse,0,383322,Assoc-voc,Private,Machine-op-inspct,0,0,40,39,1
57,Male,White,Married-civ-spouse,0,127779,HS-grad,Private,Exec-managerial,0,0,40,39,0
25,Female,White,Never-married,3,69413,Some-college,Private,Sales,0,0,40,39,0
52,Female,White,Widowed,3,202071,HS-grad,Private,Craft-repair,0,0,40,39,0
43,Male,White,Married-civ-spouse,0,63503,Bachelors,Private,Prof-specialty,0,0,40,39,1
36,Male,White,Married-civ-spouse,0,119272,HS-grad,State-gov,Protective-serv,7298,0,40,39,1
33,Male,White,Married-civ-spouse,0,405913,Some-college,Private,Prof-specialty,0,0,40,29,1
70,Female,White,Married-civ-spouse,5,216390,9th,Private,Machine-op-inspct,2653,0,40,39,0
30,Male,White,Married-civ-spouse,0,236543,Some-college,Private,Prof-specialty,0,0,68,39,0
23,Female,White,Never-married,1,412248,Assoc-acdm,Private,Other-service,0,0,25,39,0
44,Male,White,Married-civ-spouse,0,249332,HS-grad,Private,Transport-moving,0,0,40,7,0
54,Male,White,Married-civ-spouse,0,182314,Doctorate,Private,Exec-managerial,0,1977,50,39,1
57,Female,White,Divorced,1,214061,HS-grad,Private,Adm-clerical,0,0,40,39,0
51,Male,White,Married-civ-spouse,0,172046,Masters,Private,Exec-managerial,0,1977,50,39,1
25,Female,White,Separated,4,394820,Some-college,Other,Other,0,0,20,39,0
19,Female,White,Never-married,1,220101,Some-college,Private,Adm-clerical,0,0,40,39,0
25,Male,White,Married-civ-spouse,0,109872,HS-grad,Private,Machine-op-inspct,0,0,45,39,0
26,Female,White,Never-married,3,176795,Bachelors,Private,Adm-clerical,0,0,40,39,1
62,Male,White,Married-civ-spouse,0,208711,Bachelors,Private,Craft-repair,7688,0,50,39,1
68,Female,White,Married-civ-spouse,5,229016,HS-grad,Other,Other,0,0,25,39,0
38,Female,White,Married-civ-spouse,5,117312,HS-grad,Private,Exec-managerial,15024,0,40,39,1
23,Male,Black,Never-married,3,213955,HS-grad,Private,Adm-clerical,0,2001,40,39,0
25,Male,White,Never-married,3,63062,Some-college,Private,Farming-fishing,0,0,60,39,0
45,Female,White,Widowed,4,101825,HS-grad,Private,Sales,0,0,45,39,0
40,Male,White,Married-civ-spouse,0,223548,HS-grad,Private,Adm-clerical,0,0,40,26,0
41,Male,White,Never-married,1,45156,HS-grad,Private,Machine-op-inspct,2174,0,41,39,0
21,Female,White,Never-married,1,170070,Some-college,Other,Other,0,0,10,39,0
24,Male,White,Never-married,3,326334,Bachelors,Private,Prof-specialty,0,0,20,39,0
53,Male,Black,Married-civ-spouse,0,130703,HS-grad,Federal-gov,Adm-clerical,0,0,40,39,0
30,Male,White,Married-civ-spouse,3,59951,Some-college,Federal-gov,Adm-clerical,0,0,40,39,0
47,Male,White,Married-civ-spouse,0,131826,Some-college,Self-emp-not-inc,Sales,0,0,40,39,0
22,Female,White,Never-married,3,103277,Assoc-acdm,Private,Adm-clerical,0,0,20,39,0
50,Male,White,Married-civ-spouse,0,211654,10th,Private,Craft-repair,0,0,40,39,1
28,Female,Black,Divorced,1,175431,9th,Private,Prof-specialty,0,0,40,39,0
47,Female,White,Never-married,3,235986,HS-grad,Private,Exec-managerial,0,0,50,5,0
29,Male,White,Married-civ-spouse,0,142443,Bachelors,Local-gov,Prof-specialty,0,0,60,39,0
38,Female,White,Separated,1,143774,Some-college,State-gov,Exec-managerial,0,0,45,39,0
33,Male,White,Married-civ-spouse,0,205950,HS-grad,Private,Craft-repair,0,0,40,39,0
57,Male,Asian-Pac-Islander,Married-civ-spouse,0,79539,HS-grad,Self-emp-not-inc,Farming-fishing,0,0,40,39,0
43,Male,White,Married-civ-spouse,0,180096,Masters,Local-gov,Prof-specialty,0,0,40,39,1
72,Male,White,Married-civ-spouse,0,217864,HS-grad,Federal-gov,Adm-clerical,0,0,40,39,1
41,Female,White,Never-married,1,315834,Bachelors,Private,Prof-specialty,0,1876,40,39,0
45,Male,White,Married-civ-spouse,0,210875,HS-grad,Private,Craft-repair,0,0,40,39,0
47,Male,Black,Married-civ-spouse,0,282830,Assoc-acdm,Federal-gov,Adm-clerical,0,0,40,39,1
28,Male,White,Never-married,3,160786,HS-grad,Self-emp-not-inc,Craft-repair,0,0,40,39,0
65,Female,White,Divorced,1,94552,Some-college,Private,Adm-clerical,0,0,40,39,0
29,Male,White,Married-civ-spouse,0,206903,Prof-school,Self-emp-inc,Prof-specialty,0,0,55,39,1
40,Male,White,Married-civ-spouse,0,138634,HS-grad,Local-gov,Exec-managerial,0,0,40,39,0
59,Female,White,Married-civ-spouse,5,93211,Bachelors,Local-gov,Exec-managerial,0,0,22,39,1
43,Male,White,Married-civ-spouse,0,163455,HS-grad,Private,Craft-repair,0,0,40,39,1
50,Male,White,Divorced,1,231196,Bachelors,Self-emp-not-inc,Sales,0,0,50,39,0
57,Male,Black,Married-civ-spouse,0,108426,HS-grad,Private,Other-service,0,0,48,9,0
74,Female,White,Widowed,1,39890,Some-college,Federal-gov,Transport-moving,0,0,18,39,0
50,Female,White,Married-civ-spouse,5,88926,HS-grad,Private,Adm-clerical,5178,0,40,39,1
36,Male,White,Never-married,3,316298,Bachelors,Private,Tech-support,0,0,40,39,0
21,Female,White,Never-married,3,250051,Some-college,Private,Prof-specialty,0,0,10,39,0
27,Male,White,Married-civ-spouse,0,169460,Bachelors,Private,Exec-managerial,0,0,40,39,0
41,Male,White,Married-civ-spouse,0,352834,Bachelors,Private,Prof-specialty,7688,0,55,39,1
51,Female,White,Divorced,4,142411,Assoc-voc,Local-gov,Adm-clerical,0,0,50,39,0
32,Male,White,Married-civ-spouse,0,195000,HS-grad,Private,Craft-repair,0,0,40,39,0
72,Male,White,Widowed,1,113044,HS-grad,Other,Other,0,0,30,39,0
38,Female,White,Married-civ-spouse,5,203138,Bachelors,Private,Adm-clerical,0,0,50,39,1
36,Female,Black,Married-civ-spouse,5,200904,Assoc-acdm,Other,Other,0,0,21,14,0
54,Male,White,Divorced,1,146834,HS-grad,Private,Transport-moving,0,0,45,39,0
46,Male,White,Married-civ-spouse,0,273771,HS-grad,State-gov,Tech-support,0,0,40,39,0
36,Male,White,Divorced,1,180150,12th,Private,Handlers-cleaners,0,0,40,39,0
47,Male,Black,Divorced,1,176893,HS-grad,Private,Craft-repair,8614,0,44,39,1
62,Male,White,Married-civ-spouse,0,167098,Bachelors,Private,Exec-managerial,0,0,40,39,1
43,Male,White,Married-civ-spouse,0,257780,HS-grad,Private,Adm-clerical,0,0,40,39,0
30,Male,White,Married-civ-spouse,0,167990,Prof-school,Private,Prof-specialty,0,0,60,39,1
52,Male,Black,Divorced,1,199265,HS-grad,Self-emp-not-inc,Craft-repair,0,0,40,39,0
21,Male,White,Never-married,1,177125,Some-college,Private,Handlers-cleaners,0,0,20,39,0
46,Female,White,Separated,1,268358,11th,Private,Machine-op-inspct,0,0,40,39,0
24,Male,White,Never-married,1,36058,Bachelors,Private,Sales,0,0,50,39,0
33,Female,Black,Divorced,4,159548,Some-college,Private,Adm-clerical,0,0,38,39,0
49,Female,White,Divorced,1,216734,Prof-school,State-gov,Exec-managerial,0,0,40,39,0
21,Female,White,Never-married,3,176262,Some-college,Private,Exec-managerial,0,0,30,39,0
55,Male,White,Married-civ-spouse,0,59469,9th,Self-emp-not-inc,Farming-fishing,0,0,25,39,0
20,Male,White,Never-married,3,39234,HS-grad,Private,Other-service,0,0,30,39,0
48,Female,White,Divorced,1,317360,Some-college,Private,Adm-clerical,0,0,50,39,0
29,Male,Black,Divorced,4,199450,Some-college,State-gov,Adm-clerical,0,0,40,39,0
47,Male,White,Married-civ-spouse,0,354148,Prof-school,Private,Prof-specialty,99999,0,48,39,1
41,Female,White,Married-civ-spouse,5,66118,Some-college,Local-gov,Transport-moving,0,0,25,39,0
61,Male,White,Divorced,1,392694,Some-college,Self-emp-not-inc,Exec-managerial,0,0,50,39,1
45,Male,Amer-Indian-Eskimo,Married-civ-spouse,0,26781,HS-grad,Private,Prof-specialty,0,0,8,39,0
51,Male,White,Married-civ-spouse,0,110327,Bachelors,Local-gov,Exec-managerial,0,0,40,39,1
73,Male,White,Married-civ-spouse,0,147551,Some-college,Private,Prof-specialty,0,2174,50,39,1
24,Female,Asian-Pac-Islander,Never-married,3,197757,Bachelors,Private,Prof-specialty,0,0,40,30,0
20,Female,Black,Never-married,2,266525,Some-college,Private,Prof-specialty,594,0,20,39,0
22,Male,White,Never-married,3,313873,11th,Private,Craft-repair,0,0,30,39,0
43,Male,White,Married-civ-spouse,0,116632,Some-college,Other,Other,0,0,45,39,1
40,Male,White,Married-civ-spouse,0,408717,HS-grad,Private,Craft-repair,0,0,40,39,1
29,Male,White,Married-civ-spouse,0,156815,HS-grad,Self-emp-inc,Other-service,0,0,40,39,0
37,Female,White,Divorced,1,58337,Some-college,Private,Exec-managerial,0,0,40,39,1
22,Female,White,Never-married,1,235733,HS-grad,Private,Other-service,0,0,45,39,0
54,Male,White,Married-civ-spouse,0,172991,HS-grad,Local-gov,Transport-moving,0,0,40,39,0
37,Female,White,Never-married,1,137527,Doctorate,Self-emp-not-inc,Prof-specialty,0,2559,60,39,1
60,Male,White,Married-civ-spouse,0,232618,HS-grad,Local-gov,Other-service,0,0,40,39,0
19,Male,White,Never-married,3,208874,Some-college,Other,Other,0,0,40,39,0
60,Male,White,Married-civ-spouse,0,197553,Some-college,Self-emp-inc,Exec-managerial,7688,0,50,39,1
47,Female,White,Divorced,4,298037,Assoc-voc,Private,Prof-specialty,0,0,44,39,0
54,Male,White,Divorced,1,162238,Masters,Private,Exec-managerial,0,0,50,39,1
27,Male,White,Never-married,1,216858,Doctorate,Private,Prof-specialty,0,0,52,39,0
49,Female,Black,Divorced,4,185800,Masters,State-gov,Prof-specialty,7430,0,40,39,1
35,Male,White,Married-civ-spouse,0,79649,Bachelors,Local-gov,Prof-specialty,0,0,50,39,0
39,Male,White,Married-civ-spouse,0,119098,Assoc-voc,Private,Exec-managerial,0,0,40,39,0
38,Male,White,Married-civ-spouse,0,37931,HS-grad,Local-gov,Protective-serv,0,0,40,39,1
26,Male,White,Never-married,1,89326,Bachelors,Private,Sales,0,0,40,39,0
40,Male,White,Married-civ-spouse,0,104719,Some-college,Private,Handlers-cleaners,0,0,40,39,0
24,Female,Black,Never-married,3,698418,Some-college,Private,Adm-clerical,0,0,25,39,0
61,Male,White,Married-civ-spouse,0,160062,HS-grad,Private,Adm-clerical,0,0,40,39,0
45,Male,Asian-Pac-Islander,Married-civ-spouse,0,81132,HS-grad,Private,Other-service,0,0,40,30,0
19,Male,Black,Never-married,3,121972,HS-grad,Private,Other-service,0,0,40,39,0
17,Female,White,Never-married,3,24090,HS-grad,Private,Exec-managerial,0,0,35,39,0
26,Male,White,Married-civ-spouse,0,109186,Some-college,Private,Sales,0,0,50,11,0
32,Male,White,Married-civ-spouse,0,229732,Bachelors,Private,Sales,0,0,45,39,0
25,Male,White,Married-civ-spouse,0,307643,HS-grad,Private,Transport-moving,0,0,40,39,0
55,Male,White,Married-civ-spouse,0,227856,Bachelors,Private,Exec-managerial,7298,0,60,39,1
31,Male,White,Married-civ-spouse,0,176998,Some-college,State-gov,Craft-repair,0,0,35,39,1
33,Male,White,Married-civ-spouse,0,283602,5th-6th,Private,Other-service,0,0,59,26,0
50,Male,White,Married-civ-spouse,0,297551,HS-grad,State-gov,Prof-specialty,0,0,52,39,0
52,Male,White,Married-civ-spouse,0,175714,Assoc-acdm,Private,Exec-managerial,0,0,55,39,1
66,Male,White,Married-civ-spouse,0,112376,7th-8th,Self-emp-inc,Craft-repair,0,0,40,39,1
31,Male,White,Married-civ-spouse,0,50178,Some-college,Private,Machine-op-inspct,0,0,40,39,0
38,Male,White,Married-civ-spouse,0,219546,Bachelors,Private,Prof-specialty,0,0,40,39,1
21,Female,White,Never-married,3,154165,HS-grad,Private,Handlers-cleaners,0,0,35,39,0
32,Male,White,Married-civ-spouse,0,194901,HS-grad,Private,Adm-clerical,0,0,40,39,0
23,Female,White,Never-married,1,241185,HS-grad,Private,Adm-clerical,0,0,40,39,0
64,Male,White,Married-civ-spouse,0,272531,HS-grad,Self-emp-inc,Craft-repair,0,0,40,39,1
35,Male,White,Married-civ-spouse,0,192923,HS-grad,Private,Craft-repair,0,2377,40,39,0
43,Female,White,Divorced,4,52498,HS-grad,Private,Exec-managerial,0,0,40,39,1
39,Female,Black,Separated,4,218249,Some-college,State-gov,Prof-specialty,0,0,37,39,0
23,Female,White,Never-married,3,213811,Bachelors,Private,Exec-managerial,0,0,40,39,0
46,Male,White,Married-civ-spouse,0,113390,Masters,Private,Adm-clerical,0,1740,60,39,0
26,Female,White,Never-married,1,124068,Some-college,Private,Adm-clerical,0,0,20,39,0
31,Male,White,Married-civ-spouse,0,19302,Bachelors,Private,Prof-specialty,0,0,40,39,1
42,Female,White,Never-married,1,26672,Assoc-voc,Private,Adm-clerical,0,0,60,39,0
33,Female,White,Married-civ-spouse,3,167939,HS-grad,Private,Other-service,0,0,25,39,0
23,Male,White,Never-married,3,121313,HS-grad,Self-emp-not-inc,Craft-repair,0,0,40,39,0
31,Male,White,Married-civ-spouse,0,156890,7th-8th,Self-emp-not-inc,Craft-repair,0,0,40,39,0
50,Male,White,Married-civ-spouse,0,65160,Bachelors,Federal-gov,Exec-managerial,0,0,40,39,0
90,Male,White,Married-civ-spouse,0,153602,HS-grad,Local-gov,Other-service,6767,0,40,39,0
40,Male,White,Married-civ-spouse,0,146659,HS-grad,Private,Sales,0,0,60,39,1
42,Female,Asian-Pac-Islander,Divorced,4,158926,Assoc-acdm,Federal-gov,Prof-specialty,0,0,40,30,1
48,Male,White,Married-civ-spouse,0,40666,HS-grad,Local-gov,Other-service,0,0,40,39,0
49,Male,White,Never-married,1,213668,Masters,Federal-gov,Exec-managerial,0,0,56,39,1
70,Female,White,Widowed,1,334666,HS-grad,Local-gov,Adm-clerical,0,0,12,39,0
43,Male,White,Married-civ-spouse,0,320277,Bachelors,Private,Exec-managerial,0,0,40,39,0
64,Male,White,Widowed,1,113324,HS-grad,Local-gov,Exec-managerial,0,0,40,39,0
24,Male,White,Married-civ-spouse,0,190968,HS-grad,Private,Sales,0,0,48,39,0
33,Female,Black,Never-married,1,123920,Some-college,Private,Exec-managerial,0,0,40,39,0
47,Male,White,Married-civ-spouse,0,189680,Bachelors,Private,Sales,0,1977,40,39,1
38,Male,White,Married-civ-spouse,0,33983,Some-college,Private,Transport-moving,0,0,40,39,0
29,Female,White,Divorced,4,167544,Assoc-acdm,Local-gov,Other-service,0,0,13,39,0
55,Male,White,Married-civ-spouse,0,193374,Some-college,Private,Tech-support,0,0,40,39,1
34,Male,Black,Separated,1,243867,11th,Local-gov,Machine-op-inspct,0,0,40,39,0
31,Male,Black,Married-civ-spouse,0,224234,HS-grad,Local-gov,Transport-moving,0,0,40,39,0
26,Male,Asian-Pac-Islander,Never-married,2,137367,Some-college,Private,Handlers-cleaners,0,0,44,30,0
21,Female,White,Never-married,3,192572,HS-grad,Private,Adm-clerical,0,0,45,39,0
28,Female,White,Never-married,1,32291,Bachelors,Private,Prof-specialty,2174,0,40,39,0
51,Male,White,Married-civ-spouse,0,224207,Some-college,Private,Sales,0,0,40,39,1
23,Female,White,Never-married,1,41432,Bachelors,Federal-gov,Prof-specialty,0,0,15,39,0
39,Male,White,Married-civ-spouse,0,176186,Some-college,Private,Machine-op-inspct,0,0,40,39,1
29,Male,White,Married-civ-spouse,0,37215,HS-grad,Private,Craft-repair,0,0,55,39,0
28,Female,White,Never-married,3,176137,HS-grad,Private,Other-service,0,0,32,39,0
24,Female,White,Separated,4,85041,HS-grad,Private,Other-service,0,0,25,39,0
32,Male,White,Married-civ-spouse,0,238944,HS-grad,Private,Machine-op-inspct,0,0,40,39,0
53,Female,White,Divorced,1,270546,HS-grad,Private,Priv-house-serv,0,0,20,39,0
28,Female,White,Divorced,4,37821,Some-college,Private,Sales,0,0,45,39,0
38,Male,White,Married-civ-spouse,0,111128,Assoc-acdm,Private,Exec-managerial,0,0,40,39,1
55,Female,Black,Separated,4,213894,11th,Private,Adm-clerical,0,0,40,39,0
34,Male,White,Never-married,1,178615,HS-grad,Private,Handlers-cleaners,0,0,40,39,0
53,Female,White,Separated,1,213378,HS-grad,Private,Sales,0,0,33,39,0
49,Male,White,Married-civ-spouse,0,99335,Some-college,Self-emp-not-inc,Sales,0,0,50,39,0
41,Male,White,Married-civ-spouse,0,49156,HS-grad,Private,Craft-repair,0,0,40,39,0
53,Male,White,Divorced,1,171924,Bachelors,Private,Prof-specialty,14344,0,55,39,1
57,Male,White,Married-civ-spouse,0,47857,Some-college,Self-emp-not-inc,Farming-fishing,0,0,50,39,0
53,Male,White,Married-civ-spouse,0,375134,Some-college,Private,Sales,0,0,60,39,1
39,Male,White,Married-civ-spouse,0,336226,HS-grad,Self-emp-inc,Exec-managerial,3103,0,60,39,1
28,Male,White,Married-civ-spouse,0,269786,HS-grad,Private,Transport-moving,0,0,40,39,0
27,Male,Black,Never-married,1,508336,Bachelors,Federal-gov,Exec-managerial,0,0,48,39,0
27,Male,Black,Married-civ-spouse,3,335764,11th,Private,Sales,0,0,35,39,0
25,Male,White,Never-married,1,163039,Assoc-acdm,Self-emp-inc,Sales,0,0,60,39,0
48,Male,White,Married-civ-spouse,0,171926,Prof-school,State-gov,Prof-specialty,15024,0,50,39,1
41,Male,White,Married-civ-spouse,0,193882,Bachelors,Private,Farming-fishing,0,0,40,39,0
18,Female,White,Never-married,3,131180,11th,Private,Prof-specialty,0,0,16,39,0
51,Male,White,Married-civ-spouse,0,204322,HS-grad,Self-emp-not-inc,Transport-moving,0,0,50,39,0
63,Male,White,Married-civ-spouse,0,108097,Some-college,Private,Craft-repair,10566,0,45,39,0
42,Male,White,Married-civ-spouse,0,188738,HS-grad,Self-emp-inc,Exec-managerial,0,1977,60,22,1
53,Female,White,Never-married,1,131258,Prof-school,Local-gov,Prof-specialty,0,0,50,39,1
34,Female,White,Divorced,1,295855,11th,Private,Other-service,0,0,70,39,0
26,Female,White,Separated,4,109570,Some-college,Private,Sales,0,0,35,39,0
41,Male,White,Married-civ-spouse,0,336571,Some-college,Local-gov,Exec-managerial,0,0,40,39,0
48,Male,White,Married-civ-spouse,0,345831,Some-college,Private,Tech-support,0,0,40,39,1
23,Male,White,Married-civ-spouse,0,192978,HS-grad,Private,Handlers-cleaners,0,0,40,39,0
64,Male,White,Divorced,1,316627,5th-6th,Private,Craft-repair,0,0,40,39,0
34,Female,White,Divorced,1,181388,HS-grad,Private,Adm-clerical,0,0,40,39,0
40,Male,White,Married-civ-spouse,0,49156,Some-college,Self-emp-not-inc,Prof-specialty,0,0,20,39,0
34,Male,White,Married-civ-spouse,0,329993,Some-college,Private,Adm-clerical,0,0,40,39,0
23,Male,White,Never-married,3,122346,HS-grad,Private,Sales,0,0,40,39,0
24,Male,Black,Married-civ-spouse,0,148320,Some-college,Private,Adm-clerical,0,0,40,39,0
23,Male,White,Never-married,1,417605,5th-6th,Private,Craft-repair,0,0,40,26,0
38,Male,White,Married-civ-spouse,0,140583,Masters,Self-emp-not-inc,Farming-fishing,0,0,70,39,0
23,Male,White,Never-married,1,215443,Some-college,State-gov,Adm-clerical,0,0,15,39,0
34,Female,White,Married-civ-spouse,5,143083,Assoc-voc,Private,Adm-clerical,0,0,18,39,0
32,Male,White,Married-spouse-absent,2,226267,5th-6th,Private,Craft-repair,0,0,40,8,0
45,Female,White,Divorced,1,80430,HS-grad,Private,Other-service,0,0,40,39,0
32,Female,Black,Never-married,4,127895,Some-college,Private,Exec-managerial,0,0,35,39,0
33,Male,White,Married-civ-spouse,0,156015,Bachelors,State-gov,Exec-managerial,0,0,40,39,1
18,Female,White,Never-married,3,127827,12th,Private,Sales,0,0,25,39,0
51,Male,White,Married-civ-spouse,0,108435,Masters,Private,Prof-specialty,0,0,47,39,1
53,Male,White,Married-civ-spouse,0,152652,Some-college,Self-emp-not-inc,Farming-fishing,0,0,50,39,0
35,Male,White,Married-civ-spouse,0,42044,Assoc-acdm,Self-emp-not-inc,Craft-repair,0,0,40,39,0
41,Female,Black,Never-married,2,155657,11th,Private,Handlers-cleaners,0,0,40,39,0
28,Female,White,Never-married,4,223745,Some-college,Other,Other,0,0,40,39,0
20,Male,White,Never-married,2,162667,HS-grad,Other,Other,0,0,40,8,0
30,Male,White,Married-civ-spouse,0,140011,Assoc-voc,Private,Handlers-cleaners,0,0,53,39,0
22,Female,White,Never-married,1,35663,HS-grad,Private,Other-service,0,0,40,39,0
39,Male,White,Married-civ-spouse,0,101020,12th,Private,Machine-op-inspct,0,0,40,39,0
46,Male,White,Married-civ-spouse,0,178686,Bachelors,State-gov,Prof-specialty,0,0,38,39,1
23,Male,Black,Never-married,3,199070,HS-grad,Private,Protective-serv,0,0,16,39,0
19,Female,White,Never-married,3,219742,Some-college,Private,Other-service,0,0,15,39,0
46,Male,White,Divorced,1,105327,HS-grad,Private,Craft-repair,0,0,40,39,0
32,Male,White,Married-civ-spouse,0,198660,Some-college,Private,Craft-repair,0,0,40,39,0
59,Female,White,Widowed,1,131869,HS-grad,Private,Other-service,0,0,35,39,0
48,Male,White,Divorced,1,278039,HS-grad,Private,Sales,0,0,60,39,0
23,Male,White,Never-married,3,277328,Some-college,Private,Handlers-cleaners,0,0,32,5,0
24,Female,White,Never-married,4,34506,HS-grad,Private,Machine-op-inspct,0,0,40,39,0
37,Male,White,Married-civ-spouse,0,286026,HS-grad,Private,Prof-specialty,0,0,40,39,1
22,Male,White,Never-married,3,306031,Some-college,Other,Other,0,0,40,39,0
35,Male,White,Married-civ-spouse,0,1226583,Bachelors,Private,Sales,0,0,52,39,1
34,Male,White,Married-civ-spouse,0,97723,Bachelors,Private,Prof-specialty,0,0,40,39,1
38,Male,White,Divorced,3,282753,Assoc-voc,Local-gov,Exec-managerial,0,0,40,39,0
53,Male,White,Married-civ-spouse,0,167380,HS-grad,Federal-gov,Transport-moving,0,1740,50,39,0
23,Female,White,Never-married,1,91842,Bachelors,Private,Exec-managerial,0,0,30,39,0
34,Female,White,Never-married,2,33442,Assoc-voc,Self-emp-not-inc,Other-service,0,0,40,39,0
43,Male,White,Married-civ-spouse,0,198965,Some-college,Private,Sales,0,0,38,39,1
64,Male,White,Married-civ-spouse,0,298301,HS-grad,Private,Other-service,0,0,40,39,0
25,Female,White,Never-married,2,178505,Some-college,Private,Exec-managerial,0,1504,45,39,0
30,Male,White,Married-civ-spouse,0,108464,Some-college,Other,Other,0,0,40,39,0
35,Male,White,Married-civ-spouse,0,196178,HS-grad,Private,Craft-repair,0,0,40,39,0
31,Male,White,Divorced,4,244147,HS-grad,Private,Craft-repair,0,0,55,39,0
45,Male,Black,Married-civ-spouse,0,203653,HS-grad,Private,Adm-clerical,7298,0,40,39,1
50,Male,White,Married-civ-spouse,0,124963,HS-grad,Local-gov,Craft-repair,0,1977,35,39,1
30,Male,Amer-Indian-Eskimo,Married-spouse-absent,1,356015,11th,Private,Handlers-cleaners,0,0,40,26,0
25,Female,White,Never-married,1,34541,Assoc-voc,Private,Prof-specialty,0,0,36,2,0
36,Male,White,Married-civ-spouse,0,290560,Some-college,Private,Exec-managerial,0,0,45,39,0
27,Female,White,Married-civ-spouse,5,267325,HS-grad,Private,Sales,3464,0,40,39,0
57,Male,Asian-Pac-Islander,Married-civ-spouse,0,399246,Bachelors,State-gov,Adm-clerical,0,1485,40,3,0
52,Male,White,Married-civ-spouse,0,244214,HS-grad,Other,Other,0,0,35,39,0
17,Male,White,Never-married,2,79682,10th,Private,Priv-house-serv,0,0,30,39,0
35,Male,White,Married-civ-spouse,0,282951,Bachelors,Private,Exec-managerial,0,0,70,39,0
39,Female,White,Never-married,3,111268,Bachelors,Private,Adm-clerical,0,0,40,39,0
44,Female,White,Divorced,2,195881,Some-college,Private,Exec-managerial,0,0,45,39,0
37,Male,White,Married-civ-spouse,0,186009,HS-grad,Private,Transport-moving,0,1672,60,39,0
22,Female,White,Never-married,3,201799,HS-grad,Private,Sales,0,0,40,39,0
56,Male,White,Married-civ-spouse,0,274111,Bachelors,Private,Adm-clerical,0,0,45,39,1
31,Female,White,Never-married,3,158092,Some-college,Local-gov,Adm-clerical,0,0,35,39,0
47,Male,White,Married-civ-spouse,0,209460,Some-college,Private,Craft-repair,0,1485,47,39,0
38,Male,White,Married-civ-spouse,0,58108,Bachelors,Private,Exec-managerial,0,0,50,39,1
25,Male,White,Never-married,1,57512,Some-college,Private,Sales,0,0,45,39,0
18,Female,White,Never-married,3,186954,11th,Private,Other-service,0,0,20,39,0
49,Male,White,Married-civ-spouse,0,189462,HS-grad,Private,Craft-repair,0,0,40,39,0
52,Male,White,Married-civ-spouse,0,217663,HS-grad,Private,Sales,0,0,45,39,1
45,Male,Amer-Indian-Eskimo,Married-civ-spouse,0,26781,HS-grad,Private,Farming-fishing,0,0,40,39,0
20,Male,White,Never-married,3,266467,HS-grad,Private,Other-service,0,0,25,39,0
29,Male,White,Never-married,1,245310,Some-college,State-gov,Prof-specialty,0,0,35,39,0
49,Male,White,Married-civ-spouse,0,239865,11th,Private,Transport-moving,0,0,40,39,0
29,Female,White,Separated,1,197932,Some-college,Private,Priv-house-serv,0,0,30,13,0
20,Male,White,Never-married,3,44064,Some-college,Private,Prof-specialty,0,0,25,39,0
19,Female,White,Never-married,3,194260,Some-college,Private,Sales,0,0,20,39,0
46,Male,White,Married-spouse-absent,1,152249,HS-grad,Private,Other-service,0,0,35,26,0
34,Female,White,Never-married,1,185041,HS-grad,Private,Prof-specialty,0,1669,45,39,0
35,Female,White,Married-spouse-absent,4,28160,Bachelors,Private,Exec-managerial,0,0,40,39,0
24,Male,White,Never-married,3,117779,Bachelors,Private,Exec-managerial,0,0,40,39,0
17,Male,White,Never-married,3,232900,11th,Private,Handlers-cleaners,0,0,25,39,0
31,Male,White,Never-married,1,257644,HS-grad,Private,Prof-specialty,0,0,43,39,0
23,Female,White,Never-married,3,117789,Bachelors,Private,Adm-clerical,0,0,40,39,0
35,Male,White,Never-married,1,285020,HS-grad,Private,Craft-repair,0,0,40,39,0
44,Male,White,Married-civ-spouse,0,147265,Some-college,Private,Exec-managerial,0,0,40,39,1
63,Male,White,Married-civ-spouse,0,246841,HS-grad,Private,Handlers-cleaners,0,0,40,39,0
36,Female,Black,Divorced,4,70282,Some-college,Private,Adm-clerical,0,0,40,39,0
18,Female,Black,Never-married,3,171748,Some-college,Other,Other,0,0,24,39,0
42,Male,White,Never-married,4,109273,Some-college,Self-emp-not-inc,Craft-repair,0,0,40,39,0
39,Female,White,Divorced,1,176279,Bachelors,Private,Sales,0,0,40,39,0
48,Male,White,Married-civ-spouse,0,235646,Some-college,Private,Sales,3103,0,40,39,1
33,Female,Asian-Pac-Islander,Separated,4,143582,HS-grad,Private,Other-service,0,0,48,3,0
33,Male,Asian-Pac-Islander,Never-married,2,70447,HS-grad,Private,Transport-moving,0,0,40,39,0
41,Male,White,Married-civ-spouse,0,171546,Bachelors,Private,Tech-support,0,0,45,39,1
23,Male,White,Never-married,3,216181,Some-college,Private,Sales,0,0,36,20,0
36,Male,White,Married-civ-spouse,0,340001,HS-grad,Self-emp-not-inc,Craft-repair,0,0,40,39,0
42,Male,White,Married-civ-spouse,0,245975,HS-grad,Private,Craft-repair,0,0,40,39,0
62,Male,White,Married-civ-spouse,0,162825,HS-grad,Private,Machine-op-inspct,0,0,40,39,1
21,Male,White,Never-married,1,219835,Assoc-voc,Other,Other,0,0,40,39,0
41,Male,White,Married-civ-spouse,0,33331,HS-grad,Private,Craft-repair,0,0,45,39,0
34,Female,White,Divorced,4,112584,10th,Private,Other-service,0,0,38,39,0
54,Male,White,Married-civ-spouse,0,449257,HS-grad,Private,Farming-fishing,0,0,40,39,0
35,Male,White,Divorced,1,117381,Bachelors,Private,Sales,0,0,40,39,0
53,Male,Amer-Indian-Eskimo,Divorced,1,167410,Bachelors,Federal-gov,Tech-support,0,0,40,39,0
36,Male,White,Married-civ-spouse,0,36270,HS-grad,Self-emp-not-inc,Farming-fishing,0,1977,65,39,1
37,Female,Asian-Pac-Islander,Married-civ-spouse,5,37109,HS-grad,Private,Other-service,0,0,60,30,0
58,Female,White,Widowed,1,233193,HS-grad,Private,Adm-clerical,0,0,27,39,0
27,Male,White,Married-civ-spouse,0,367329,Assoc-voc,Private,Farming-fishing,0,0,40,39,0
22,Female,White,Never-married,1,123727,Some-college,Local-gov,Prof-specialty,0,0,21,39,0
39,Male,White,Married-civ-spouse,0,306646,Assoc-acdm,Private,Exec-managerial,0,0,50,39,1
34,Male,White,Married-civ-spouse,0,200117,10th,Private,Craft-repair,0,0,40,39,0
53,Male,White,Married-civ-spouse,0,47396,HS-grad,Private,Craft-repair,0,0,40,39,0
38,Male,White,Married-civ-spouse,0,238342,Bachelors,Federal-gov,Sales,7688,0,42,39,1
26,Male,Black,Never-married,1,388812,Some-college,Private,Sales,0,0,35,39,0
33,Female,White,Married-civ-spouse,5,422960,Some-college,Self-emp-not-inc,Prof-specialty,0,0,60,39,1
33,Female,White,Divorced,4,23871,HS-grad,Private,Other-service,0,0,30,39,0
71,Male,White,Divorced,4,52171,7th-8th,Other,Other,0,0,45,39,0
42,Male,White,Separated,1,190403,Some-college,Private,Exec-managerial,0,0,60,2,0
43,Female,White,Divorced,4,241528,Masters,Local-gov,Prof-specialty,0,0,40,39,0
33,Male,White,Divorced,1,251421,Assoc-acdm,Private,Prof-specialty,0,0,50,39,0
35,Female,Black,Married-spouse-absent,1,261012,Some-college,Private,Adm-clerical,0,0,40,39,0
53,Female,White,Divorced,1,218311,HS-grad,Private,Sales,0,0,35,39,0
46,Male,White,Married-civ-spouse,0,176863,HS-grad,Self-emp-not-inc,Exec-managerial,0,0,40,39,0
26,Female,Black,Never-married,3,132572,Bachelors,Private,Adm-clerical,0,0,32,39,0
52,Female,White,Separated,4,113094,Bachelors,Private,Adm-clerical,0,1092,40,39,0
50,Male,White,Married-civ-spouse,0,166565,HS-grad,Private,Transport-moving,0,0,40,39,0
49,Female,Black,Separated,4,120451,10th,Local-gov,Other-service,0,0,40,39,0
22,Female,White,Never-married,4,176321,7th-8th,Private,Other-service,0,0,40,26,0
51,Male,White,Married-civ-spouse,0,180195,HS-grad,Self-emp-inc,Sales,0,0,50,39,0
21,Male,White,Never-married,3,241367,Some-college,Private,Adm-clerical,0,0,10,39,0
62,Female,White,Separated,4,109463,Some-college,Private,Sales,0,1617,33,39,0
30,Male,White,Married-civ-spouse,0,206325,11th,Private,Craft-repair,0,0,45,39,0
35,Male,White,Divorced,1,189382,HS-grad,Private,Craft-repair,0,0,40,39,0
39,Male,White,Never-married,4,164712,Some-college,Private,Transport-moving,0,0,40,39,0
21,Female,White,Married-spouse-absent,3,207923,Some-college,Private,Adm-clerical,0,0,15,39,0
28,Male,White,Married-civ-spouse,0,136985,HS-grad,Private,Other-service,0,0,35,39,0
42,Male,White,Married-civ-spouse,0,219591,Bachelors,Private,Adm-clerical,0,0,55,39,1
30,Female,White,Never-married,1,289458,Bachelors,Private,Exec-managerial,0,0,40,39,0
34,Female,Black,Never-married,4,362787,HS-grad,Private,Machine-op-inspct,0,0,40,39,0
63,Male,White,Married-civ-spouse,0,206052,HS-grad,Private,Craft-repair,0,0,40,39,0
17,Male,White,Never-married,3,112942,10th,Other,Other,0,0,40,39,0
28,Female,White,Never-married,3,116613,Some-college,Private,Tech-support,0,0,24,39,0
59,Male,White,Married-civ-spouse,0,196013,Bachelors,Local-gov,Prof-specialty,0,0,40,39,1
49,Female,White,Never-married,1,269417,Doctorate,State-gov,Exec-managerial,0,2258,50,39,1
73,Male,White,Married-civ-spouse,0,105886,Bachelors,Private,Prof-specialty,1173,0,75,39,0
43,Female,White,Divorced,4,186188,Some-college,Private,Exec-managerial,0,0,45,20,0
22,Male,White,Never-married,3,303822,10th,Private,Craft-repair,0,0,40,39,0
26,Male,White,Never-married,3,33939,Some-college,Private,Tech-support,0,0,20,39,0
53,Female,Asian-Pac-Islander,Married-civ-spouse,5,135643,Bachelors,Self-emp-inc,Adm-clerical,0,0,50,35,0
27,Male,White,Never-married,4,491421,5th-6th,Private,Farming-fishing,0,0,50,39,0
32,Male,White,Never-married,1,211743,Bachelors,Private,Sales,0,0,45,39,0
45,Female,White,Never-married,1,178922,HS-grad,Private,Sales,0,0,20,39,0
56,Male,White,Married-civ-spouse,0,211804,Bachelors,Self-emp-inc,Sales,15024,0,50,39,1
34,Male,White,Married-civ-spouse,0,123429,HS-grad,Self-emp-not-inc,Sales,0,0,60,39,0
45,Male,White,Never-married,1,246431,Bachelors,Private,Prof-specialty,0,0,30,39,0
40,Female,White,Married-civ-spouse,5,360884,Some-college,Private,Adm-clerical,7298,0,40,39,1
42,Male,White,Married-civ-spouse,0,268183,Bachelors,Private,Exec-managerial,0,1485,60,39,0
31,Female,White,Married-civ-spouse,5,196788,HS-grad,Private,Adm-clerical,0,0,40,39,0
47,Male,White,Married-civ-spouse,0,131002,Bachelors,Private,Prof-specialty,0,0,50,39,1
50,Male,White,Married-civ-spouse,0,128798,Bachelors,Private,Tech-support,0,0,40,39,1
50,Male,White,Married-civ-spouse,0,139703,Some-college,Private,Craft-repair,0,0,40,39,1
31,Female,Other,Never-married,1,186144,7th-8th,Private,Machine-op-inspct,0,0,40,26,0
30,Female,White,Married-civ-spouse,5,205418,HS-grad,Other,Other,0,0,20,39,0
29,Male,White,Married-civ-spouse,0,241431,Doctorate,Self-emp-inc,Prof-specialty,0,0,35,39,1
45,Female,White,Never-married,1,364365,Bachelors,Self-emp-not-inc,Sales,0,0,35,39,0
58,Male,White,Widowed,1,204021,HS-grad,Self-emp-not-inc,Exec-managerial,0,0,50,39,0
50,Male,White,Married-civ-spouse,0,38795,Bachelors,Private,Prof-specialty,0,0,50,39,0
18,Female,Black,Never-married,3,166889,Some-college,Private,Handlers-cleaners,0,1602,35,39,0
38,Male,White,Married-civ-spouse,0,225605,Some-college,Local-gov,Prof-specialty,0,0,44,39,0
25,Male,White,Married-civ-spouse,0,104746,Some-college,Private,Handlers-cleaners,0,0,16,39,0
29,Male,Black,Married-civ-spouse,0,148182,HS-grad,Local-gov,Transport-moving,0,0,40,39,0
27,Male,White,Married-civ-spouse,0,183627,Bachelors,Private,Exec-managerial,0,1977,50,39,1
51,Male,White,Married-civ-spouse,0,124963,Masters,Self-emp-inc,Sales,0,0,40,39,1
34,Male,White,Never-married,1,177675,Some-college,Local-gov,Protective-serv,0,0,50,39,1
30,Female,Black,Never-married,1,290677,Masters,State-gov,Adm-clerical,0,0,20,39,0
41,Male,White,Married-civ-spouse,0,49572,Some-college,Self-emp-not-inc,Exec-managerial,0,0,60,39,0
38,Female,White,Widowed,1,127601,Some-college,Private,Exec-managerial,0,0,40,39,1
48,Female,White,Widowed,1,117251,HS-grad,Private,Adm-clerical,0,0,32,39,0
35,Male,Asian-Pac-Islander,Married-civ-spouse,0,110188,Bachelors,Federal-gov,Prof-specialty,0,0,40,40,0
21,Female,White,Never-married,3,184678,Some-college,State-gov,Adm-clerical,0,0,35,39,0
28,Male,White,Married-civ-spouse,0,435842,Bachelors,Private,Exec-managerial,0,0,40,39,0
27,Male,White,Married-civ-spouse,0,50295,Some-college,Private,Transport-moving,0,0,48,39,0
28,Male,White,Never-married,1,142764,HS-grad,Private,Machine-op-inspct,0,0,48,39,0
42,Male,White,Married-civ-spouse,0,168103,Bachelors,Private,Exec-managerial,0,0,40,39,1
19,Female,White,Never-married,3,98605,Some-college,Private,Other-service,0,0,20,39,0
54,Male,White,Married-civ-spouse,0,145419,HS-grad,Private,Sales,0,1672,50,39,0
56,Male,White,Married-civ-spouse,0,282023,Prof-school,Private,Prof-specialty,0,0,45,39,1
34,Male,White,Divorced,4,243776,HS-grad,Private,Craft-repair,0,0,40,39,0
55,Male,White,Married-civ-spouse,0,325007,Assoc-acdm,Private,Tech-support,0,0,25,39,0
34,Female,White,Never-married,1,92682,HS-grad,Private,Adm-clerical,4865,0,40,39,0
41,Female,Black,Never-married,4,253759,HS-grad,Private,Sales,0,0,40,39,0
51,Male,White,Married-civ-spouse,0,152754,Bachelors,Local-gov,Adm-clerical,0,0,40,39,1
38,Male,White,Never-married,1,255191,HS-grad,State-gov,Other-service,0,0,40,39,0
51,Male,White,Divorced,1,95128,HS-grad,Private,Craft-repair,0,0,40,39,0
23,Female,White,Never-married,1,340543,Bachelors,Private,Exec-managerial,0,0,38,39,0
29,Female,Black,Never-married,1,251854,HS-grad,Local-gov,Protective-serv,0,0,40,39,0
55,Male,White,Married-civ-spouse,0,31965,Some-college,Federal-gov,Adm-clerical,0,0,40,39,0
45,Female,Asian-Pac-Islander,Married-civ-spouse,5,108100,Bachelors,Self-emp-inc,Exec-managerial,99999,0,25,0,1
35,Male,White,Married-civ-spouse,0,208106,HS-grad,Private,Sales,0,0,40,7,0
54,Female,White,Separated,4,340476,HS-grad,Private,Sales,0,0,35,39,0
42,Female,White,Divorced,1,31621,Assoc-acdm,Federal-gov,Adm-clerical,0,0,40,39,0
30,Female,Black,Divorced,4,147596,Some-college,Private,Adm-clerical,0,0,40,39,0
42,Male,White,Married-civ-spouse,0,116632,Some-college,Other,Other,0,0,60,39,0
46,Female,White,Divorced,1,169953,Some-college,Private,Exec-managerial,0,0,40,39,0
32,Male,White,Married-civ-spouse,0,454508,Bachelors,Federal-gov,Exec-managerial,0,0,40,39,0
31,Female,White,Married-civ-spouse,2,59969,HS-grad,State-gov,Adm-clerical,0,0,35,39,0
20,Male,Other,Never-married,2,243010,HS-grad,Private,Machine-op-inspct,0,0,32,39,0
42,Female,White,Separated,4,30424,11th,Private,Other-service,0,0,38,39,0
26,Male,White,Married-civ-spouse,0,302097,HS-grad,Private,Machine-op-inspct,3464,0,48,39,0
24,Female,Black,Never-married,1,48343,11th,Private,Other-service,0,0,40,39,0
31,Female,White,Married-civ-spouse,5,127610,Bachelors,Private,Exec-managerial,0,0,50,39,1
36,Male,White,Never-married,3,192664,11th,Private,Craft-repair,0,0,40,39,0
25,Male,White,Never-married,3,178037,Some-college,Private,Adm-clerical,0,0,35,39,0
64,Female,White,Widowed,1,144182,HS-grad,Private,Prof-specialty,0,0,23,39,0
38,Male,Other,Married-civ-spouse,0,229236,HS-grad,Private,Transport-moving,0,0,40,33,0
43,Male,Other,Married-civ-spouse,0,102025,Masters,Private,Prof-specialty,0,0,50,39,0
40,Male,White,Married-civ-spouse,0,206049,Some-college,Private,Transport-moving,0,0,40,39,0
44,Male,White,Divorced,4,126701,HS-grad,Private,Craft-repair,0,0,40,39,0
58,Male,White,Married-civ-spouse,0,321171,HS-grad,Self-emp-not-inc,Handlers-cleaners,0,0,40,39,0
38,Male,White,Married-civ-spouse,0,30916,Assoc-acdm,Self-emp-not-inc,Sales,0,0,60,39,0
20,Male,Black,Never-married,3,50397,HS-grad,Private,Adm-clerical,0,0,20,39,0
17,Female,Black,Never-married,3,222618,11th,Private,Sales,0,0,30,39,0
51,Male,White,Married-civ-spouse,0,270194,9th,Private,Transport-moving,0,0,40,39,0
34,Female,White,Never-married,1,117392,Masters,Local-gov,Prof-specialty,0,0,40,39,0
38,Male,White,Married-civ-spouse,2,136137,Some-college,Private,Exec-managerial,0,0,50,39,1
30,Male,White,Married-civ-spouse,0,151773,Some-college,Private,Machine-op-inspct,0,0,40,39,1
57,Male,White,Married-civ-spouse,0,161662,Bachelors,Self-emp-inc,Exec-managerial,7688,0,60,39,1
21,Male,White,Never-married,3,202871,HS-grad,Private,Machine-op-inspct,0,0,20,39,0
20,Male,White,Never-married,3,277700,Preschool,Private,Other-service,0,0,32,39,0
28,Male,White,Divorced,1,152951,HS-grad,Private,Handlers-cleaners,0,0,40,39,0
39,Male,Asian-Pac-Islander,Never-married,1,247975,Some-college,Self-emp-not-inc,Craft-repair,0,0,30,39,0
34,Male,White,Divorced,3,186269,HS-grad,Private,Adm-clerical,0,0,40,39,0
46,Male,White,Never-married,1,325573,HS-grad,Federal-gov,Handlers-cleaners,0,0,40,39,0
36,Female,White,Never-married,1,169037,HS-grad,Private,Adm-clerical,0,0,40,39,0
41,Female,White,Divorced,4,22155,Masters,Local-gov,Prof-specialty,0,0,60,39,0
36,Male,White,Married-civ-spouse,0,247321,HS-grad,Private,Craft-repair,0,0,45,39,0
26,Male,Black,Never-married,3,917220,12th,Private,Transport-moving,0,0,40,39,0
62,Male,White,Married-civ-spouse,0,354075,Bachelors,Self-emp-inc,Exec-managerial,0,0,50,39,1
28,Male,White,Married-civ-spouse,0,194200,HS-grad,Private,Exec-managerial,0,0,70,39,0
17,Female,White,Never-married,3,275051,11th,Private,Adm-clerical,0,0,8,39,0
61,Female,Black,Married-civ-spouse,5,268797,HS-grad,Self-emp-not-inc,Other-service,0,0,17,39,0
35,Male,White,Married-civ-spouse,0,139364,HS-grad,Private,Sales,0,1902,40,39,1
36,Male,White,Never-married,1,167482,10th,Private,Handlers-cleaners,0,0,40,39,0
30,Female,White,Never-married,1,231620,Bachelors,Private,Sales,0,0,40,26,0
36,Male,White,Married-civ-spouse,0,54159,Bachelors,Federal-gov,Exec-managerial,0,0,45,39,0
44,Male,Other,Married-civ-spouse,0,222703,7th-8th,Private,Machine-op-inspct,0,0,40,27,0
31,Male,White,Married-civ-spouse,0,349148,HS-grad,Private,Craft-repair,0,0,40,39,1
60,Female,White,Divorced,2,240951,HS-grad,Private,Adm-clerical,0,0,40,39,0
67,Female,White,Divorced,1,197865,Some-college,Private,Adm-clerical,0,0,40,39,0
34,Male,White,Married-civ-spouse,0,242984,HS-grad,Private,Exec-managerial,0,1887,45,39,1
57,Male,White,Never-married,1,104996,Some-college,Private,Craft-repair,0,0,42,39,0
44,Female,White,Never-married,1,367749,1st-4th,Private,Machine-op-inspct,0,0,40,8,0
34,Male,White,Married-civ-spouse,0,230246,Bachelors,Private,Prof-specialty,0,0,42,39,1
45,Male,Black,Divorced,4,474617,HS-grad,Private,Sales,5455,0,40,39,0
37,Male,White,Married-civ-spouse,0,167613,HS-grad,Private,Other-service,0,0,40,39,0
57,Male,White,Married-civ-spouse,0,253914,1st-4th,Self-emp-not-inc,Sales,0,0,35,26,0
23,Male,White,Never-married,1,201145,HS-grad,Private,Craft-repair,0,0,65,39,0
48,Female,White,Divorced,4,148306,Masters,State-gov,Prof-specialty,0,0,40,39,0
41,Male,White,Separated,1,107584,Some-college,Private,Transport-moving,0,0,35,39,0
58,Male,White,Married-civ-spouse,0,238438,Some-college,Private,Prof-specialty,0,0,42,39,0
51,Female,White,Married-civ-spouse,5,44000,Masters,Private,Prof-specialty,99999,0,50,39,1
37,Male,White,Never-married,4,60313,HS-grad,Private,Craft-repair,0,0,40,39,0
31,Female,White,Never-married,1,168312,Assoc-voc,Federal-gov,Exec-managerial,0,0,40,39,0
54,Female,White,Married-civ-spouse,5,144586,Some-college,Private,Sales,0,0,40,39,1
42,Male,White,Married-civ-spouse,0,262425,Some-college,Private,Prof-specialty,0,0,50,39,0
49,Female,White,Divorced,1,28791,Some-college,Private,Other-service,0,0,40,39,0
33,Male,White,Married-civ-spouse,0,272359,Bachelors,Self-emp-not-inc,Sales,7298,0,80,39,1
28,Male,White,Married-civ-spouse,0,188928,HS-grad,Private,Other-service,0,0,40,39,0
37,Male,White,Married-civ-spouse,0,297449,HS-grad,Local-gov,Protective-serv,0,0,40,39,1
38,Male,White,Married-civ-spouse,0,54816,Assoc-voc,Private,Craft-repair,0,0,40,39,1
47,Male,White,Separated,1,188386,Masters,State-gov,Prof-specialty,0,0,38,39,0
55,Female,White,Widowed,4,227158,Bachelors,Private,Adm-clerical,0,0,40,39,0
47,Female,White,Divorced,4,266275,HS-grad,Private,Other-service,0,0,40,39,0
17,Male,White,Never-married,3,142912,10th,Private,Other-service,0,0,40,39,0
57,Male,White,Married-civ-spouse,0,237691,HS-grad,Private,Other-service,0,0,40,26,0
42,Female,White,Never-married,2,167581,Bachelors,State-gov,Adm-clerical,0,0,40,39,0
23,Female,White,Never-married,1,210053,Some-college,Private,Other-service,0,0,28,39,0
35,Female,White,Divorced,4,498216,Bachelors,Private,Exec-managerial,0,0,40,39,0
41,Female,White,Never-married,1,23646,Masters,Private,Prof-specialty,0,0,40,39,0
41,Male,White,Married-civ-spouse,0,149909,HS-grad,Private,Craft-repair,0,1848,40,39,1
38,Female,White,Divorced,4,103925,HS-grad,State-gov,Other-service,2036,0,20,39,0
26,Female,White,Never-married,1,219897,Masters,Self-emp-not-inc,Prof-specialty,0,0,50,39,0
64,Male,White,Married-civ-spouse,0,92115,Some-college,Private,Adm-clerical,0,0,40,39,0
24,Male,White,Never-married,3,164574,Some-college,Other,Other,0,0,40,39,0
36,Male,White,Married-civ-spouse,0,89083,Assoc-voc,Federal-gov,Tech-support,0,0,40,39,0
34,Male,Asian-Pac-Islander,Married-civ-spouse,0,145874,Doctorate,State-gov,Tech-support,0,0,20,3,0
20,Female,White,Never-married,1,54152,Some-college,Self-emp-not-inc,Craft-repair,0,0,35,39,0
44,Male,White,Married-civ-spouse,0,320071,HS-grad,Federal-gov,Craft-repair,0,0,40,39,1
19,Female,White,Never-married,3,212468,Some-college,Private,Other-service,0,0,15,39,0
19,Female,Amer-Indian-Eskimo,Never-married,3,29083,HS-grad,Private,Sales,0,0,25,39,0
42,Male,White,Married-civ-spouse,0,91836,10th,Private,Craft-repair,0,0,40,39,0
27,Male,White,Never-married,3,183639,HS-grad,Private,Transport-moving,0,0,40,39,0
41,Male,White,Married-civ-spouse,0,30759,7th-8th,Private,Exec-managerial,0,0,60,39,0
38,Male,Black,Married-civ-spouse,0,283293,HS-grad,Private,Craft-repair,0,0,40,39,0
45,Male,White,Married-civ-spouse,0,106113,Some-college,Private,Exec-managerial,0,0,40,39,1
57,Female,White,Married-civ-spouse,5,152030,Some-college,Self-emp-not-inc,Sales,0,0,25,39,1
30,Male,White,Married-civ-spouse,0,370183,HS-grad,Private,Tech-support,0,0,40,39,0
55,Male,White,Married-civ-spouse,0,377061,Bachelors,Private,Protective-serv,0,0,40,39,1
46,Male,White,Married-civ-spouse,0,456062,Doctorate,Private,Prof-specialty,0,2415,55,39,1
40,Male,White,Divorced,1,182629,Bachelors,Self-emp-inc,Exec-managerial,0,0,40,39,0
40,Male,White,Married-civ-spouse,0,188693,Masters,State-gov,Prof-specialty,0,0,35,39,1
38,Female,White,Never-married,1,461337,HS-grad,Private,Sales,0,0,33,39,0
59,Male,White,Married-civ-spouse,0,43221,Some-college,Private,Craft-repair,0,0,43,39,1
47,Male,Asian-Pac-Islander,Married-civ-spouse,0,93449,HS-grad,Private,Craft-repair,0,0,60,24,0
21,Female,White,Never-married,3,177287,Some-college,Other,Other,0,0,40,39,0
54,Male,White,Married-civ-spouse,0,166459,Prof-school,Self-emp-inc,Prof-specialty,99999,0,60,39,1
36,Male,White,Married-civ-spouse,0,251091,Some-college,Local-gov,Protective-serv,0,0,40,39,1
35,Male,Black,Never-married,1,287658,Assoc-acdm,Private,Transport-moving,0,0,30,23,0
55,Male,White,Never-married,1,67450,Doctorate,Private,Prof-specialty,0,0,40,9,0
26,Male,White,Never-married,3,133373,Some-college,Private,Sales,0,0,42,39,0
53,Male,White,Married-civ-spouse,0,246820,Doctorate,State-gov,Prof-specialty,0,0,50,39,1
33,Female,Black,Never-married,4,236818,Assoc-voc,Private,Prof-specialty,0,0,26,39,0
36,Male,White,Divorced,1,183892,HS-grad,Private,Transport-moving,8614,0,45,39,1
33,Male,White,Married-civ-spouse,0,37070,Masters,State-gov,Prof-specialty,0,0,60,2,0
44,Male,White,Married-civ-spouse,0,370502,HS-grad,Private,Other-service,0,0,25,26,0
24,Female,Black,Never-married,4,64167,Assoc-voc,Private,Tech-support,0,0,40,39,0
31,Female,White,Never-married,1,220066,Bachelors,Private,Exec-managerial,14344,0,50,39,1
22,Female,White,Never-married,1,309348,Some-college,State-gov,Adm-clerical,0,0,15,39,0
30,Male,White,Married-civ-spouse,0,232356,Bachelors,Private,Exec-managerial,0,0,40,39,1
40,Male,White,Never-married,3,168071,HS-grad,Private,Craft-repair,0,0,28,39,0
65,Male,White,Married-civ-spouse,0,299494,11th,Other,Other,1797,0,40,39,0
29,Female,White,Never-married,1,150861,Some-college,Private,Adm-clerical,0,0,40,24,0
50,Male,White,Married-civ-spouse,0,462966,10th,Private,Other-service,0,0,8,8,0
51,Male,White,Married-civ-spouse,0,204447,Some-college,Private,Prof-specialty,0,0,45,39,1
37,Male,White,Married-civ-spouse,0,191779,Some-college,State-gov,Craft-repair,0,0,40,39,0
35,Male,Black,Married-civ-spouse,0,388252,Assoc-voc,Private,Adm-clerical,0,0,40,39,0
36,Male,White,Divorced,1,183898,Bachelors,Self-emp-inc,Sales,0,0,60,39,0
65,Male,White,Divorced,1,242580,Some-college,Private,Prof-specialty,11678,0,50,39,1
41,Male,White,Never-married,1,57233,Bachelors,Private,Handlers-cleaners,0,0,40,39,0
56,Male,White,Married-civ-spouse,0,367984,Assoc-voc,Private,Exec-managerial,15024,0,40,39,1
30,Male,White,Married-civ-spouse,0,159589,Masters,Other,Other,0,0,46,39,1
29,Female,Asian-Pac-Islander,Never-married,4,214284,Masters,State-gov,Prof-specialty,0,0,20,36,0
21,Female,White,Never-married,1,184543,HS-grad,Private,Sales,0,0,40,39,0
39,Male,White,Married-civ-spouse,0,179668,Some-college,State-gov,Protective-serv,0,0,70,39,0
38,Male,White,Married-civ-spouse,0,409200,Some-college,Local-gov,Tech-support,0,0,40,39,1
22,Male,White,Never-married,3,174626,7th-8th,Other,Other,0,0,40,39,0
28,Male,Black,Never-married,1,294398,Some-college,Self-emp-not-inc,Machine-op-inspct,0,0,40,39,0
30,Male,White,Married-civ-spouse,0,54318,11th,State-gov,Transport-moving,0,0,40,39,0
22,Male,White,Never-married,4,67234,HS-grad,Private,Handlers-cleaners,0,0,45,39,0
34,Male,White,Married-civ-spouse,0,246439,HS-grad,Self-emp-not-inc,Farming-fishing,0,0,45,39,0
31,Female,White,Divorced,4,191276,Assoc-voc,Private,Handlers-cleaners,0,0,40,39,0
18,Female,White,Never-married,3,201299,Some-college,Other,Other,0,0,40,39,0
47,Male,White,Never-married,1,83046,Bachelors,Private,Exec-managerial,0,0,40,39,0
22,Male,White,Never-married,1,210165,Some-college,Private,Craft-repair,0,0,50,39,0
29,Male,White,Never-married,1,389857,HS-grad,Self-emp-not-inc,Craft-repair,0,0,50,39,1
24,Female,White,Never-married,1,203518,Bachelors,Private,Prof-specialty,0,0,40,39,0
42,Male,White,Married-civ-spouse,0,133584,Some-college,Self-emp-not-inc,Craft-repair,0,0,40,8,0
47,Male,White,Married-civ-spouse,0,323798,Bachelors,Federal-gov,Exec-managerial,0,0,40,39,1
23,Female,White,Never-married,1,201138,Some-college,Private,Adm-clerical,0,0,8,39,0
23,Male,White,Never-married,1,202989,HS-grad,Private,Prof-specialty,0,0,40,2,0
54,Male,White,Divorced,1,128378,Bachelors,Federal-gov,Exec-managerial,0,0,40,39,0
56,Male,Black,Separated,1,156842,Some-college,Federal-gov,Other-service,0,0,40,39,0
29,Female,White,Divorced,1,369114,HS-grad,Private,Adm-clerical,0,0,40,39,0
25,Male,White,Never-married,4,158751,Assoc-voc,Self-emp-inc,Transport-moving,0,0,55,39,0
36,Female,White,Never-married,1,408229,Bachelors,Private,Prof-specialty,0,0,32,39,0
71,Male,White,Married-civ-spouse,0,100820,HS-grad,Other,Other,0,2489,15,39,0
55,Female,White,Divorced,1,194065,Assoc-acdm,Self-emp-not-inc,Sales,0,0,40,39,0
36,Female,White,Married-civ-spouse,5,343052,HS-grad,Federal-gov,Adm-clerical,0,0,40,39,0
39,Male,Asian-Pac-Islander,Married-civ-spouse,0,341672,Assoc-voc,Private,Tech-support,0,0,40,30,0
26,Male,White,Never-married,1,314798,HS-grad,Private,Adm-clerical,0,0,50,39,0
45,Female,White,Divorced,4,180309,Some-college,Private,Machine-op-inspct,0,0,40,39,0
22,Male,White,Never-married,2,200374,HS-grad,Private,Machine-op-inspct,0,0,35,39,0
23,Male,White,Never-married,4,442274,12th,Private,Adm-clerical,0,0,40,39,0
47,Male,White,Married-civ-spouse,0,187581,Assoc-voc,State-gov,Tech-support,0,0,48,39,1
45,Male,White,Married-civ-spouse,0,216932,Masters,Private,Exec-managerial,0,0,40,39,1
37,Male,White,Married-civ-spouse,0,132879,HS-grad,Private,Exec-managerial,0,0,40,39,1
29,Male,Amer-Indian-Eskimo,Never-married,1,182521,HS-grad,Private,Craft-repair,0,0,40,39,0
22,Male,White,Never-married,1,189203,Bachelors,Private,Prof-specialty,0,0,50,39,0
34,Male,Black,Divorced,1,81206,HS-grad,Private,Handlers-cleaners,0,0,40,39,0
28,Male,Black,Never-married,1,408473,12th,Private,Sales,0,0,40,39,0
49,Male,White,Married-civ-spouse,0,122206,Assoc-voc,Private,Sales,0,0,25,39,0
32,Female,White,Never-married,1,173998,Some-college,Private,Adm-clerical,0,0,60,39,0
38,Male,White,Married-civ-spouse,0,192337,Bachelors,Private,Exec-managerial,7688,0,40,39,1
31,Male,White,Never-married,3,206512,11th,Private,Handlers-cleaners,0,0,25,39,0
37,Male,White,Married-civ-spouse,0,31023,HS-grad,Private,Craft-repair,0,0,45,39,0
35,Male,White,Married-civ-spouse,0,57640,HS-grad,Private,Craft-repair,0,0,35,39,0
31,Female,White,Divorced,1,150441,Some-college,Private,Adm-clerical,0,0,50,39,0
48,Female,White,Divorced,1,62605,HS-grad,Private,Adm-clerical,0,0,35,39,0
35,Male,White,Married-civ-spouse,0,361888,Bachelors,Self-emp-not-inc,Sales,0,0,60,24,0
47,Male,White,Married-civ-spouse,0,195978,HS-grad,Private,Craft-repair,0,0,40,39,1
53,Male,White,Married-civ-spouse,0,71417,Doctorate,State-gov,Prof-specialty,0,0,40,39,0
29,Male,White,Married-civ-spouse,0,71860,HS-grad,Private,Farming-fishing,0,0,60,39,0
23,Male,White,Never-married,1,235853,Bachelors,State-gov,Tech-support,0,0,22,39,0
23,Female,White,Never-married,1,211049,Some-college,Private,Tech-support,4101,0,40,39,0
20,Female,White,Never-married,3,249087,Some-college,Other,Other,0,0,40,39,0
50,Male,White,Married-civ-spouse,0,215990,HS-grad,Private,Craft-repair,0,0,40,39,1
32,Male,White,Married-civ-spouse,0,256609,12th,Private,Machine-op-inspct,0,0,40,26,0
47,Male,White,Married-civ-spouse,0,191277,HS-grad,Private,Transport-moving,0,0,50,39,1
27,Female,White,Never-married,3,220754,Doctorate,Private,Adm-clerical,0,0,40,39,0
31,Female,White,Divorced,3,163303,Assoc-voc,Private,Sales,0,0,38,39,0
23,Female,White,Never-married,1,352139,Some-college,Private,Other-service,0,0,24,39,0
54,Female,White,Married-civ-spouse,5,109418,Bachelors,Self-emp-not-inc,Exec-managerial,0,1977,35,39,1
39,Male,White,Married-civ-spouse,0,115076,Some-college,Private,Machine-op-inspct,0,0,40,39,0
58,Female,White,Divorced,4,241056,Some-college,Private,Adm-clerical,0,0,46,39,0
42,Female,White,Divorced,1,142756,Bachelors,Local-gov,Prof-specialty,0,0,50,39,0
50,Female,White,Divorced,3,201513,HS-grad,State-gov,Adm-clerical,0,0,40,39,0
33,Male,White,Married-civ-spouse,0,238912,Doctorate,Private,Prof-specialty,0,0,60,39,1
18,Female,White,Never-married,1,261720,HS-grad,Private,Adm-clerical,0,0,40,39,0
31,Female,White,Divorced,3,137814,Some-college,Private,Sales,0,0,30,39,0
47,Female,White,Divorced,4,216734,Bachelors,Private,Sales,0,0,50,39,0
50,Male,White,Divorced,1,187830,Masters,Private,Exec-managerial,0,0,62,39,1
47,Female,White,Divorced,4,179313,10th,Private,Sales,0,0,30,39,0
28,Male,White,Never-married,1,274679,Masters,Private,Prof-specialty,0,0,50,39,0
60,Male,White,Married-civ-spouse,0,376973,HS-grad,Self-emp-not-inc,Craft-repair,0,0,42,39,1
50,Male,White,Married-civ-spouse,0,226497,Some-college,Local-gov,Protective-serv,0,0,52,39,1
68,Male,White,Married-civ-spouse,0,235882,Doctorate,State-gov,Prof-specialty,0,2377,60,39,1
22,Male,Black,Never-married,2,264102,Some-college,State-gov,Other-service,0,0,39,14,0
43,Male,White,Divorced,4,187322,HS-grad,Self-emp-not-inc,Other-service,0,0,45,39,0
53,Male,White,Married-civ-spouse,0,163678,Some-college,Private,Sales,0,0,40,39,1
37,Male,White,Divorced,4,185567,HS-grad,Private,Machine-op-inspct,0,0,40,39,1
31,Male,White,Married-civ-spouse,0,209538,10th,Private,Machine-op-inspct,0,0,40,39,0
45,Female,White,Divorced,1,179135,HS-grad,Private,Adm-clerical,0,0,40,39,0
34,Male,White,Married-civ-spouse,0,124827,Some-college,Local-gov,Exec-managerial,0,0,40,39,1
21,Female,White,Never-married,3,174907,HS-grad,Private,Adm-clerical,0,0,40,39,0
62,Male,White,Married-civ-spouse,0,213321,HS-grad,Private,Prof-specialty,0,0,40,39,1
30,Male,White,Never-married,4,281030,HS-grad,Self-emp-not-inc,Sales,0,0,66,39,0
29,Male,White,Divorced,1,191535,HS-grad,Private,Craft-repair,0,0,60,39,0
29,Female,White,Separated,4,180916,Some-college,Local-gov,Adm-clerical,0,0,38,39,0
36,Male,White,Married-civ-spouse,0,135289,Bachelors,Private,Craft-repair,0,0,48,39,1
45,Male,White,Married-civ-spouse,0,127111,Masters,Private,Prof-specialty,0,0,55,39,1
27,Male,White,Married-civ-spouse,0,588905,HS-grad,Private,Craft-repair,0,0,40,39,0
39,Male,White,Married-civ-spouse,0,68781,HS-grad,Self-emp-not-inc,Exec-managerial,0,0,40,39,0
39,Male,White,Married-spouse-absent,1,165106,Bachelors,Private,Craft-repair,0,1564,50,0,1
45,Male,White,Divorced,1,170099,Some-college,Private,Craft-repair,0,0,40,39,0
28,Male,White,Divorced,1,411950,HS-grad,Private,Adm-clerical,0,0,40,39,0
40,Female,Black,Never-married,4,92717,HS-grad,Private,Other-service,0,0,40,39,0
22,Male,White,Never-married,1,77873,9th,Other,Other,0,0,30,39,0
45,Male,White,Never-married,1,32172,Some-college,Self-emp-not-inc,Farming-fishing,0,0,50,39,0
40,Male,White,Married-civ-spouse,0,173307,10th,Private,Machine-op-inspct,0,0,40,39,0
45,Male,White,Married-civ-spouse,0,178341,Masters,Private,Prof-specialty,0,0,50,39,0
67,Male,White,Married-civ-spouse,0,191380,Prof-school,Self-emp-not-inc,Prof-specialty,20051,0,25,39,1
32,Female,White,Never-married,1,101562,Bachelors,Private,Prof-specialty,0,0,45,39,0
32,Male,White,Divorced,1,93930,HS-grad,Private,Machine-op-inspct,0,0,40,39,0
43,Male,White,Married-civ-spouse,0,136721,12th,Private,Craft-repair,0,0,40,39,0
24,Female,White,Never-married,4,176321,Some-college,Private,Adm-clerical,0,0,40,39,0
60,Male,White,Married-civ-spouse,0,313946,HS-grad,State-gov,Other-service,0,0,40,39,0
48,Male,White,Married-civ-spouse,0,209146,HS-grad,Self-emp-not-inc,Transport-moving,0,0,60,39,0
25,Female,White,Never-married,1,219897,Masters,Other,Other,0,0,35,2,0
26,Male,White,Married-civ-spouse,0,121559,HS-grad,Private,Craft-repair,0,0,40,39,0
40,Male,Black,Separated,1,286750,11th,Private,Machine-op-inspct,0,0,36,39,0
18,Female,White,Never-married,3,217743,11th,Private,Sales,0,0,40,39,0
35,Male,White,Married-civ-spouse,0,105813,Bachelors,Private,Prof-specialty,0,0,48,39,1
59,Female,White,Widowed,4,220783,10th,Other,Other,0,0,40,39,0
23,Male,White,Married-civ-spouse,0,27776,HS-grad,Private,Other-service,0,0,40,39,0
33,Male,White,Married-civ-spouse,0,511289,Assoc-voc,Local-gov,Protective-serv,0,0,48,39,1
21,Female,White,Married-civ-spouse,5,103277,12th,Self-emp-not-inc,Adm-clerical,4508,0,30,32,0
30,Male,White,Married-civ-spouse,0,149787,Some-college,Private,Handlers-cleaners,0,0,40,39,0
49,Male,Asian-Pac-Islander,Married-civ-spouse,0,81973,Some-college,Private,Craft-repair,0,0,40,39,1
31,Male,White,Married-civ-spouse,0,246439,Some-college,Private,Farming-fishing,7298,0,50,39,1
30,Male,White,Never-married,1,236861,HS-grad,Private,Exec-managerial,0,1876,45,39,0
58,Female,White,Divorced,4,180980,Some-college,Private,Other-service,0,0,42,10,0
37,Female,White,Married-civ-spouse,5,280282,Assoc-voc,Private,Tech-support,0,0,24,39,1
50,Female,White,Divorced,1,185354,Masters,Private,Exec-managerial,0,0,35,39,0
34,Male,White,Married-civ-spouse,0,261418,HS-grad,Private,Other-service,0,0,40,39,0
40,Male,Black,Divorced,1,45687,Some-college,Private,Other-service,4787,0,50,39,1
63,Male,White,Divorced,1,200474,1st-4th,Private,Transport-moving,0,0,40,39,0
27,Female,White,Never-married,1,220754,HS-grad,Private,Adm-clerical,0,0,70,39,0
28,Male,Other,Never-married,2,187397,HS-grad,Private,Other-service,0,0,48,26,0
49,Male,White,Divorced,4,140121,HS-grad,Private,Exec-managerial,0,0,50,39,0
21,Female,White,Never-married,3,209483,Some-college,Private,Sales,0,0,47,39,0
31,Male,White,Married-civ-spouse,0,55849,Some-college,Private,Craft-repair,0,0,45,39,0
26,Female,White,Married-civ-spouse,5,198163,Masters,Private,Sales,0,0,40,39,0
45,Male,Black,Married-civ-spouse,0,390368,Some-college,Private,Sales,15024,0,99,39,1
55,Female,White,Married-civ-spouse,5,199856,HS-grad,Private,Sales,0,0,50,39,0
28,Male,White,Married-civ-spouse,0,263728,Bachelors,Private,Craft-repair,0,0,40,39,0
26,Male,White,Married-civ-spouse,0,116991,HS-grad,Private,Craft-repair,0,0,40,39,1
37,Male,White,Married-civ-spouse,0,162424,HS-grad,Private,Craft-repair,0,0,45,39,0
63,Male,White,Married-civ-spouse,0,198559,HS-grad,Other,Other,0,0,16,39,0
43,Male,White,Married-civ-spouse,2,150533,Assoc-voc,Self-emp-inc,Exec-managerial,0,0,50,39,1
41,Male,White,Married-civ-spouse,0,206066,Some-college,Private,Machine-op-inspct,0,0,40,39,0
36,Male,White,Married-civ-spouse,0,354078,Bachelors,Private,Prof-specialty,0,0,60,39,1
82,Male,White,Widowed,1,29441,7th-8th,Other,Other,0,0,5,39,0
55,Female,White,Never-married,2,151474,Bachelors,Private,Tech-support,0,1590,38,39,0
26,Male,White,Never-married,1,208122,Bachelors,State-gov,Prof-specialty,0,0,15,39,0
34,Male,White,Married-civ-spouse,0,253121,Bachelors,State-gov,Prof-specialty,0,0,40,39,0
20,Male,White,Never-married,3,214542,Some-college,State-gov,Prof-specialty,0,0,40,39,0
31,Male,White,Married-civ-spouse,0,181091,HS-grad,Private,Craft-repair,0,0,50,39,1
39,Male,White,Married-civ-spouse,0,150480,Prof-school,Private,Prof-specialty,0,0,55,39,1
41,Female,White,Never-married,1,207375,HS-grad,Private,Sales,0,0,50,39,0
59,Male,White,Married-civ-spouse,0,348430,Bachelors,Private,Prof-specialty,0,1902,43,39,1
67,Female,White,Widowed,1,105216,Some-college,Private,Adm-clerical,0,0,25,39,0
35,Male,White,Divorced,3,198841,Assoc-voc,Private,Tech-support,0,0,35,39,0
28,Male,White,Married-civ-spouse,0,38079,Some-college,Self-emp-not-inc,Farming-fishing,0,0,55,39,0
60,Male,White,Married-civ-spouse,0,187458,7th-8th,Private,Craft-repair,0,0,40,39,0
69,Male,White,Widowed,1,228921,Bachelors,Private,Prof-specialty,0,2282,40,39,1
31,Male,White,Married-civ-spouse,0,381153,10th,Private,Tech-support,0,0,40,39,1
38,Female,White,Never-married,4,60355,HS-grad,Private,Adm-clerical,0,0,40,39,0
66,Female,Black,Divorced,1,41506,10th,State-gov,Other-service,0,0,40,39,0
47,Male,White,Married-civ-spouse,0,178341,Bachelors,Private,Sales,4064,0,60,39,0
24,Female,White,Never-married,3,267706,Some-college,Private,Craft-repair,0,0,45,39,0
50,Female,White,Married-civ-spouse,5,213290,Assoc-voc,Private,Prof-specialty,0,1887,36,39,1
33,Female,White,Divorced,4,202366,HS-grad,Other,Other,0,0,32,39,0
36,Female,White,Separated,1,187167,HS-grad,Other,Other,0,0,30,39,0
37,Male,White,Married-civ-spouse,0,263094,Bachelors,Private,Exec-managerial,7298,0,40,39,1
41,Male,White,Married-civ-spouse,0,198196,HS-grad,Private,Transport-moving,0,0,40,39,0
29,Female,White,Divorced,4,101597,Some-college,Private,Sales,0,0,54,39,0
49,Male,White,Married-civ-spouse,0,144844,HS-grad,Private,Transport-moving,0,0,52,39,1
40,Male,White,Married-civ-spouse,0,203761,HS-grad,Private,Machine-op-inspct,0,0,40,39,1
32,Male,Asian-Pac-Islander,Married-civ-spouse,0,124919,Bachelors,Self-emp-inc,Other-service,0,0,50,20,1
43,Male,White,Never-married,3,247162,Assoc-acdm,Private,Sales,0,0,40,39,0
29,Female,White,Never-married,1,253262,Some-college,Private,Craft-repair,0,0,40,39,0
27,Female,White,Never-married,1,255237,Bachelors,Local-gov,Prof-specialty,0,0,40,39,0
30,Male,White,Married-civ-spouse,0,190511,HS-grad,Private,Machine-op-inspct,0,0,40,39,1
31,Female,White,Never-married,3,198452,Bachelors,Private,Adm-clerical,0,0,40,39,0
27,Male,White,Divorced,1,193898,HS-grad,Private,Craft-repair,0,0,50,39,0
28,Female,White,Divorced,1,31935,Some-college,Private,Adm-clerical,0,0,40,39,0
45,Male,White,Married-civ-spouse,0,294671,Assoc-voc,Private,Craft-repair,4386,0,38,39,1
36,Female,White,Never-married,1,273604,Bachelors,Private,Other-service,0,0,40,39,0
18,Male,White,Never-married,3,238867,11th,Private,Handlers-cleaners,0,1602,40,39,0
26,Female,White,Never-married,3,189238,9th,Private,Other-service,0,0,38,8,0
44,Female,White,Never-married,3,68318,Masters,Local-gov,Prof-specialty,0,0,55,39,0
33,Female,White,Separated,4,177824,HS-grad,Other,Other,0,0,40,39,0
42,Male,White,Married-civ-spouse,0,383493,Some-college,Private,Exec-managerial,15024,0,50,39,1
57,Male,White,Married-civ-spouse,0,390856,5th-6th,Private,Farming-fishing,0,0,45,26,0
61,Male,White,Divorced,1,215944,9th,Private,Sales,0,0,25,39,0
34,Male,White,Married-civ-spouse,0,167832,10th,Private,Craft-repair,0,0,40,39,0
30,Male,White,Never-married,1,164552,Bachelors,Federal-gov,Prof-specialty,0,1876,40,39,0
20,Female,Other,Never-married,3,166527,Some-college,Private,Adm-clerical,0,0,20,39,0
59,Male,White,Never-married,1,205759,Doctorate,Private,Prof-specialty,0,0,50,39,0
46,Male,White,Married-civ-spouse,0,58126,HS-grad,Private,Craft-repair,0,0,40,39,0
49,Male,White,Divorced,1,156926,Assoc-voc,Private,Exec-managerial,0,0,45,39,1
40,Female,White,Never-married,1,163342,HS-grad,Private,Adm-clerical,0,0,70,39,0
36,Male,White,Married-civ-spouse,0,150057,Some-college,Private,Exec-managerial,0,0,65,39,0
58,Female,White,Married-civ-spouse,5,331474,HS-grad,Self-emp-not-inc,Adm-clerical,0,0,20,39,1
51,Female,White,Divorced,1,205100,Some-college,Private,Sales,0,0,45,39,1
24,Male,White,Never-married,2,109053,HS-grad,Private,Other-service,0,0,25,39,0
37,Male,White,Married-civ-spouse,0,212465,HS-grad,Private,Craft-repair,0,0,40,39,0
21,Female,White,Never-married,3,204596,Assoc-acdm,Private,Adm-clerical,0,0,8,39,0
40,Male,White,Married-civ-spouse,0,118853,Bachelors,Private,Exec-managerial,0,0,60,39,0
28,Male,White,Married-civ-spouse,0,250679,HS-grad,Private,Craft-repair,0,0,40,39,0
22,Female,Black,Never-married,3,229456,Some-college,Private,Adm-clerical,0,0,35,39,0
26,Male,White,Never-married,1,125089,Some-college,Private,Exec-managerial,0,0,40,39,0
44,Male,White,Divorced,3,147110,Some-college,Private,Adm-clerical,14344,0,40,39,1
22,Male,White,Never-married,1,254293,12th,Private,Handlers-cleaners,0,0,40,39,0
25,Female,White,Never-married,1,252752,Some-college,Private,Prof-specialty,0,0,8,39,0
38,Male,White,Married-civ-spouse,0,409189,7th-8th,Self-emp-not-inc,Sales,0,0,40,26,0
22,Male,White,Never-married,3,237720,HS-grad,Private,Craft-repair,0,0,40,39,0
22,Male,White,Never-married,1,477505,Assoc-acdm,State-gov,Adm-clerical,0,0,40,39,0
66,Male,White,Never-married,1,149422,7th-8th,Other,Other,0,0,4,39,0
23,Male,White,Married-civ-spouse,0,256628,7th-8th,Private,Transport-moving,0,0,32,39,0
60,Male,White,Married-civ-spouse,0,149281,HS-grad,Local-gov,Protective-serv,0,0,40,39,0
30,Female,Black,Never-married,3,182833,Some-college,Private,Exec-managerial,0,0,40,39,0
19,Female,White,Never-married,1,129151,HS-grad,Private,Craft-repair,0,0,40,39,0
37,Male,White,Married-civ-spouse,0,326886,HS-grad,Private,Transport-moving,0,0,40,39,0
20,Female,Other,Never-married,1,94364,Some-college,Private,Prof-specialty,0,0,20,39,0
32,Female,White,Divorced,4,100135,HS-grad,Local-gov,Adm-clerical,0,0,40,39,0
35,Female,White,Divorced,1,49749,Some-college,Private,Adm-clerical,0,0,40,39,1
27,Male,White,Never-married,1,176683,HS-grad,Private,Other-service,0,0,48,39,0
30,Male,Asian-Pac-Islander,Married-civ-spouse,0,182771,Masters,Private,Prof-specialty,0,0,40,39,1
28,Female,White,Never-married,3,60772,Bachelors,Private,Exec-managerial,0,0,45,39,0
50,Male,White,Married-civ-spouse,0,155574,HS-grad,Private,Prof-specialty,0,0,40,39,1
24,Male,White,Never-married,2,153542,Some-college,Private,Sales,0,0,35,39,0
20,Male,White,Never-married,1,218178,HS-grad,Private,Handlers-cleaners,0,0,40,39,0
50,Male,White,Married-spouse-absent,2,23780,Masters,Other,Other,0,0,40,39,0
56,Female,Black,Never-married,1,134756,HS-grad,Private,Other-service,0,0,40,39,0
28,Female,White,Married-civ-spouse,5,209801,9th,Private,Machine-op-inspct,0,0,40,39,0
28,Male,Asian-Pac-Islander,Married-civ-spouse,0,375313,HS-grad,Private,Machine-op-inspct,0,0,40,30,0
54,Male,White,Married-civ-spouse,0,194580,Assoc-voc,Private,Sales,0,0,50,39,0
25,Female,Asian-Pac-Islander,Never-married,4,72338,HS-grad,Self-emp-not-inc,Sales,0,0,40,39,0
53,Female,White,Widowed,1,123092,HS-grad,Private,Machine-op-inspct,0,0,40,39,0
38,Female,White,Divorced,4,33397,HS-grad,Private,Sales,0,0,40,39,0
24,Male,White,Divorced,1,433330,HS-grad,Private,Machine-op-inspct,0,0,40,39,0
41,Male,White,Married-civ-spouse,0,192589,Bachelors,Federal-gov,Adm-clerical,0,0,40,39,0
24,Female,White,Never-married,3,174907,HS-grad,Private,Other-service,0,0,30,39,0
41,Male,White,Married-civ-spouse,0,202508,HS-grad,Private,Machine-op-inspct,0,0,48,39,0
47,Female,White,Married-civ-spouse,5,158924,HS-grad,Private,Tech-support,0,0,40,39,0
60,Male,White,Married-civ-spouse,0,355865,Masters,Private,Exec-managerial,0,0,50,39,1
22,Male,White,Divorced,3,186849,11th,Private,Sales,0,0,50,39,0
57,Male,White,Divorced,1,188877,9th,Other,Other,0,0,40,39,0
47,Male,White,Married-civ-spouse,0,481987,HS-grad,Private,Other-service,0,0,40,39,1
24,Male,White,Never-married,3,224716,HS-grad,Private,Craft-repair,0,0,40,39,0
26,Male,White,Married-civ-spouse,0,160340,HS-grad,Self-emp-inc,Exec-managerial,0,0,60,39,0
75,Male,White,Married-civ-spouse,0,309955,Prof-school,Self-emp-not-inc,Prof-specialty,0,2174,50,39,1
61,Male,White,Married-civ-spouse,0,128230,HS-grad,Private,Prof-specialty,0,0,30,39,0
48,Male,White,Married-civ-spouse,0,109421,Bachelors,Private,Prof-specialty,0,0,55,39,0
39,Male,White,Married-civ-spouse,0,236391,HS-grad,Private,Transport-moving,0,0,50,39,1
49,Female,White,Married-civ-spouse,5,160647,Bachelors,Private,Adm-clerical,0,0,40,39,1
35,Male,White,Married-civ-spouse,0,220595,HS-grad,Private,Craft-repair,0,0,40,39,0
44,Female,Black,Married-spouse-absent,4,240043,10th,Private,Adm-clerical,0,0,30,39,0
34,Male,White,Never-married,3,176711,HS-grad,Private,Adm-clerical,0,0,40,39,0
46,Female,White,Divorced,4,94809,Some-college,Private,Priv-house-serv,0,0,30,39,0
24,Male,White,Never-married,3,312017,Some-college,Federal-gov,Exec-managerial,0,0,40,39,0
26,Male,White,Married-civ-spouse,0,170786,Some-college,Private,Transport-moving,0,0,40,39,0
47,Female,White,Divorced,4,169388,11th,Private,Other-service,0,0,15,39,0
42,Female,White,Married-civ-spouse,5,175943,Assoc-voc,Private,Exec-managerial,7298,0,35,39,1
48,Female,White,Divorced,1,135525,Assoc-acdm,Private,Adm-clerical,0,0,40,39,0
31,Male,White,Divorced,1,32550,10th,Private,Handlers-cleaners,0,0,40,39,0
32,Male,White,Never-married,3,248584,HS-grad,Private,Farming-fishing,0,0,40,39,0
56,Male,White,Divorced,1,317847,Bachelors,Federal-gov,Adm-clerical,0,0,40,39,0
30,Male,White,Married-civ-spouse,0,108247,Bachelors,Private,Prof-specialty,0,0,40,39,1
45,Female,White,Divorced,1,50163,HS-grad,Private,Other-service,0,0,30,39,0
29,Male,White,Married-civ-spouse,0,169544,HS-grad,Self-emp-not-inc,Transport-moving,5178,0,40,39,1
36,Female,White,Married-civ-spouse,5,91037,HS-grad,Private,Adm-clerical,0,0,40,39,1
26,Male,White,Divorced,1,386585,Some-college,Private,Tech-support,0,0,60,39,0
55,Male,White,Married-civ-spouse,0,160362,Bachelors,Private,Adm-clerical,0,0,40,39,1
52,Male,White,Married-civ-spouse,0,199688,10th,Private,Handlers-cleaners,0,0,45,39,0
48,Male,White,Married-civ-spouse,0,189462,Some-college,Private,Craft-repair,7688,0,40,39,1
23,Female,White,Never-married,3,194096,Bachelors,Private,Exec-managerial,0,0,40,39,0
32,Male,White,Married-civ-spouse,0,84119,HS-grad,Local-gov,Craft-repair,0,0,40,39,0
54,Male,White,Divorced,1,235693,11th,Private,Adm-clerical,0,0,40,39,1
47,Female,White,Married-civ-spouse,3,176319,HS-grad,Private,Sales,0,0,38,39,1
44,Male,Black,Married-civ-spouse,0,118536,9th,Private,Machine-op-inspct,0,0,40,39,0
32,Male,Black,Married-civ-spouse,0,62165,Bachelors,Self-emp-not-inc,Exec-managerial,0,0,40,0,0
74,Female,White,Widowed,1,392886,HS-grad,Self-emp-not-inc,Farming-fishing,0,0,14,39,0
31,Male,White,Married-civ-spouse,0,209538,10th,Private,Craft-repair,0,0,40,39,0
62,Male,White,Married-civ-spouse,0,254534,Some-college,Private,Sales,0,0,40,39,0
23,Male,Black,Never-married,3,107190,Some-college,Private,Adm-clerical,0,0,20,39,0
39,Female,White,Married-civ-spouse,5,85319,Prof-school,Private,Prof-specialty,7688,0,60,39,1
71,Female,White,Widowed,2,229110,HS-grad,Local-gov,Exec-managerial,0,0,33,39,0
73,Male,White,Married-civ-spouse,0,177773,HS-grad,Other,Other,0,0,15,39,0
36,Male,White,Married-civ-spouse,0,124818,HS-grad,Private,Machine-op-inspct,0,0,40,39,0
33,Male,White,Married-civ-spouse,0,175023,HS-grad,State-gov,Protective-serv,0,0,37,39,0
52,Female,White,Never-married,1,155433,5th-6th,Private,Machine-op-inspct,0,0,40,0,0
18,Female,White,Never-married,3,130849,Some-college,Private,Sales,0,0,15,39,0
36,Male,White,Never-married,1,185325,HS-grad,Private,Transport-moving,0,0,35,39,0
48,Female,White,Divorced,1,224474,Some-college,State-gov,Exec-managerial,0,0,40,39,0
23,Female,White,Married-civ-spouse,5,65481,HS-grad,Private,Machine-op-inspct,0,0,40,39,1
21,Male,White,Never-married,3,231866,Assoc-voc,Private,Craft-repair,0,0,40,39,0
33,Male,White,Married-civ-spouse,0,220362,Assoc-voc,Private,Transport-moving,0,0,84,39,1
54,Male,White,Married-civ-spouse,0,99185,Doctorate,Self-emp-inc,Prof-specialty,0,0,50,0,1
39,Male,White,Married-civ-spouse,0,218490,Prof-school,Self-emp-not-inc,Prof-specialty,0,2415,50,0,1
34,Male,White,Married-civ-spouse,0,250182,11th,Self-emp-not-inc,Transport-moving,0,0,60,39,0
23,Male,White,Married-spouse-absent,4,160398,Some-college,Private,Handlers-cleaners,0,0,40,39,0
58,Male,White,Divorced,3,417419,7th-8th,Private,Machine-op-inspct,0,0,40,39,0
46,Male,White,Married-civ-spouse,0,234690,HS-grad,Private,Sales,0,0,40,39,0
46,Male,White,Married-civ-spouse,0,422813,Some-college,Private,Adm-clerical,0,0,40,39,1
46,Male,White,Married-civ-spouse,0,303918,HS-grad,Local-gov,Protective-serv,7688,0,96,39,1
68,Male,White,Married-civ-spouse,0,270339,10th,Other,Other,0,0,35,39,0
18,Male,White,Never-married,3,193290,Some-college,Private,Other-service,0,1721,20,39,0
45,Male,White,Married-civ-spouse,0,192835,Some-college,Private,Exec-managerial,0,0,40,39,0
43,Male,White,Married-civ-spouse,0,159449,Some-college,Local-gov,Protective-serv,0,0,40,39,0
52,Male,White,Married-civ-spouse,0,213209,Some-college,Private,Craft-repair,0,0,40,39,1
45,Male,White,Divorced,1,148549,Some-college,Private,Craft-repair,27828,0,56,39,1
35,Female,Black,Divorced,4,220943,HS-grad,Private,Other-service,0,1594,40,39,0
18,Male,White,Never-married,3,362302,12th,Private,Other-service,0,0,15,39,0
25,Male,Black,Never-married,1,310864,Bachelors,Private,Tech-support,0,0,40,0,0
23,Female,Asian-Pac-Islander,Never-married,2,226891,HS-grad,Other,Other,0,0,20,35,0
64,Male,White,Married-civ-spouse,0,137205,Assoc-voc,Private,Craft-repair,0,0,48,39,0
62,Female,Black,Never-married,2,210464,HS-grad,Private,Other-service,0,0,38,39,0
18,Female,White,Never-married,3,469921,Some-college,Private,Prof-specialty,0,0,40,39,0
34,Female,Black,Divorced,4,93169,Some-college,Private,Other-service,0,0,40,39,0
43,Male,White,Married-civ-spouse,0,198096,HS-grad,Local-gov,Craft-repair,7688,0,40,39,1
19,Male,White,Never-married,3,101549,Some-college,Private,Other-service,0,0,15,39,0
39,Male,White,Married-civ-spouse,0,167482,Assoc-acdm,Self-emp-inc,Exec-managerial,0,0,50,39,1
35,Male,White,Married-civ-spouse,0,42044,HS-grad,Private,Machine-op-inspct,0,0,30,39,0
36,Male,White,Married-civ-spouse,0,113397,HS-grad,Private,Handlers-cleaners,0,0,40,39,0
49,Female,White,Divorced,4,328776,HS-grad,Private,Exec-managerial,0,0,40,39,0
50,Female,White,Never-married,3,180607,HS-grad,Private,Adm-clerical,0,0,40,39,0
50,Male,White,Married-civ-spouse,0,155574,Masters,Self-emp-inc,Prof-specialty,7298,0,50,39,1
38,Male,White,Married-civ-spouse,0,174242,Some-college,Private,Tech-support,0,0,40,39,1
26,Male,White,Married-civ-spouse,0,157617,HS-grad,Private,Craft-repair,0,0,40,31,0
36,Female,White,Separated,4,127686,HS-grad,Private,Adm-clerical,0,0,37,39,0
38,Male,White,Divorced,1,252662,Bachelors,Private,Exec-managerial,0,0,40,39,0
47,Male,Black,Never-married,1,161676,11th,Private,Transport-moving,0,0,40,39,0
24,Male,White,Never-married,1,353010,Bachelors,Private,Adm-clerical,0,0,10,39,0
59,Male,White,Married-civ-spouse,0,38573,Some-college,Private,Exec-managerial,0,0,40,39,1
29,Female,White,Never-married,1,192010,Bachelors,Private,Prof-specialty,0,0,60,31,0
17,Male,White,Never-married,3,152652,11th,Private,Handlers-cleaners,0,0,25,39,0
26,Male,White,Married-civ-spouse,0,213258,HS-grad,Private,Craft-repair,0,0,40,39,0
17,Female,Black,Never-married,1,99893,11th,Federal-gov,Adm-clerical,0,1602,40,39,0
46,Female,White,Never-married,1,207301,HS-grad,Private,Adm-clerical,0,0,37,39,0
29,Male,White,Married-civ-spouse,0,250967,Assoc-voc,Private,Machine-op-inspct,0,0,40,39,0
60,Male,Black,Married-civ-spouse,0,146674,10th,Private,Handlers-cleaners,0,0,40,39,0
58,Male,White,Married-civ-spouse,0,98725,Doctorate,Private,Prof-specialty,0,0,50,39,1
47,Male,White,Divorced,3,249935,11th,Private,Craft-repair,0,0,8,39,0
28,Male,White,Married-civ-spouse,0,176972,Bachelors,Private,Craft-repair,0,0,45,39,1
25,Male,White,Married-civ-spouse,0,111675,Some-college,Private,Sales,0,0,43,39,0
38,Male,White,Divorced,2,108140,Bachelors,Private,Tech-support,0,0,40,39,0
39,Female,White,Never-married,3,134367,HS-grad,Local-gov,Adm-clerical,0,0,35,39,0
39,Male,White,Married-civ-spouse,0,35890,Assoc-acdm,Private,Machine-op-inspct,0,0,40,39,0
27,Female,White,Never-married,1,130067,Some-college,Private,Exec-managerial,0,0,65,39,0
38,Female,White,Never-married,1,111499,Prof-school,Private,Prof-specialty,0,0,50,39,1
47,Female,Black,Divorced,4,227310,Some-college,Private,Adm-clerical,0,0,40,39,0
32,Female,White,Divorced,4,180296,Some-college,Private,Adm-clerical,0,0,40,39,0
42,Female,White,Separated,4,211915,Some-college,State-gov,Tech-support,0,0,40,39,0
41,Female,White,Never-married,1,121130,HS-grad,Private,Adm-clerical,0,0,40,39,0
41,Male,White,Married-civ-spouse,0,287306,HS-grad,Private,Prof-specialty,0,1902,40,39,1
20,Male,White,Never-married,2,282604,Some-college,Private,Handlers-cleaners,0,0,20,39,0
25,Male,White,Never-married,1,248990,5th-6th,Private,Machine-op-inspct,0,0,40,26,0
19,Female,White,Never-married,3,210308,Some-college,Private,Adm-clerical,0,0,15,39,0
42,Male,White,Married-civ-spouse,0,121718,Masters,Local-gov,Exec-managerial,0,1902,60,39,1
26,Female,Black,Never-married,3,276309,Some-college,Private,Handlers-cleaners,0,0,20,39,0
42,Male,White,Married-civ-spouse,0,214242,Prof-school,Self-emp-not-inc,Prof-specialty,0,1902,50,39,1
66,Female,White,Married-spouse-absent,4,142723,5th-6th,Private,Handlers-cleaners,0,0,40,33,0
25,Male,White,Never-married,3,254613,HS-grad,Private,Craft-repair,0,0,40,5,0
60,Female,White,Widowed,4,175273,HS-grad,Private,Machine-op-inspct,0,0,40,39,0
22,Male,White,Married-civ-spouse,0,403519,HS-grad,Private,Machine-op-inspct,0,0,40,39,0
21,Male,White,Never-married,3,63665,Some-college,Private,Other-service,0,0,15,39,0
31,Male,White,Married-civ-spouse,0,226696,Assoc-voc,Self-emp-not-inc,Farming-fishing,0,0,60,39,1
28,Male,White,Never-married,1,247445,HS-grad,Private,Adm-clerical,0,0,40,39,0
19,Female,White,Never-married,3,163015,Some-college,Private,Sales,0,0,20,39,0
37,Female,White,Never-married,2,187346,5th-6th,Private,Adm-clerical,0,0,40,26,0
32,Female,White,Married-civ-spouse,5,211699,Assoc-acdm,Private,Exec-managerial,0,1485,40,39,1
36,Male,White,Divorced,4,175759,HS-grad,Private,Exec-managerial,0,0,40,39,0
45,Male,White,Married-civ-spouse,0,271901,HS-grad,Self-emp-inc,Sales,0,0,32,39,1
65,Female,White,Widowed,1,105116,Some-college,Private,Adm-clerical,2346,0,40,39,0
37,Male,White,Divorced,1,454915,10th,Private,Craft-repair,0,0,40,39,0
47,Male,White,Married-civ-spouse,0,332355,Masters,Self-emp-inc,Exec-managerial,15024,0,50,39,1
17,Male,White,Never-married,3,202344,10th,Private,Other-service,0,0,25,39,0
30,Male,White,Never-married,1,111883,Some-college,State-gov,Prof-specialty,0,0,40,39,0
19,Male,White,Never-married,3,269991,HS-grad,Private,Other-service,0,0,40,33,0
63,Male,White,Married-civ-spouse,0,54851,HS-grad,Other,Other,0,0,40,39,0
19,Male,White,Never-married,3,169758,Some-college,Private,Sales,0,0,35,39,0
17,Male,White,Never-married,3,60116,10th,Self-emp-not-inc,Adm-clerical,0,0,10,39,0
29,Male,White,Married-civ-spouse,0,224215,Some-college,Private,Craft-repair,0,0,40,39,1
51,Female,White,Divorced,1,100653,HS-grad,Federal-gov,Adm-clerical,0,0,8,39,0
64,Male,White,Married-civ-spouse,0,49194,11th,Other,Other,0,0,30,39,0
61,Male,White,Married-civ-spouse,0,197286,9th,Private,Craft-repair,0,0,40,39,0
22,Male,White,Married-civ-spouse,0,374313,HS-grad,Private,Transport-moving,0,0,50,39,1
43,Female,White,Divorced,1,337469,Some-college,Local-gov,Adm-clerical,594,0,20,26,0
42,Male,Asian-Pac-Islander,Married-civ-spouse,0,306982,Bachelors,Private,Adm-clerical,0,0,40,30,1
50,Male,White,Married-civ-spouse,0,167065,Bachelors,Private,Exec-managerial,0,0,40,39,1
32,Female,Black,Married-spouse-absent,1,143604,10th,Private,Other-service,0,0,37,39,0
50,Male,White,Never-married,1,110748,Some-college,Private,Prof-specialty,0,0,40,39,0
69,Female,White,Separated,1,174474,10th,Private,Machine-op-inspct,0,0,28,29,0
23,Male,White,Never-married,1,190709,Assoc-acdm,Local-gov,Protective-serv,0,0,52,39,0
36,Male,White,Married-civ-spouse,0,216256,HS-grad,Other,Other,3464,0,30,39,0
54,Male,Black,Married-civ-spouse,0,196328,Bachelors,Self-emp-inc,Sales,0,0,40,23,0
52,Male,White,Married-civ-spouse,0,246197,HS-grad,Local-gov,Craft-repair,0,0,40,39,0
32,Male,White,Never-married,1,53135,HS-grad,Private,Machine-op-inspct,0,0,40,39,0
59,Male,White,Married-civ-spouse,0,176647,HS-grad,Private,Craft-repair,0,0,40,39,1
53,Female,White,Separated,4,122109,HS-grad,Private,Adm-clerical,0,1876,38,39,0
44,Male,White,Separated,1,150533,Some-college,Private,Craft-repair,0,1876,55,39,0
47,Male,White,Never-married,1,341762,HS-grad,Private,Adm-clerical,0,0,33,39,0
20,Female,White,Never-married,3,200153,HS-grad,Private,Other-service,0,0,38,39,0
52,Male,Black,Never-married,2,271749,12th,Other,Other,594,0,40,39,0
32,Male,White,Married-civ-spouse,0,39369,Bachelors,Self-emp-not-inc,Craft-repair,0,0,40,39,0
49,Male,White,Never-married,1,265295,HS-grad,Private,Craft-repair,0,0,40,39,0
42,Male,White,Married-civ-spouse,0,384236,Masters,Private,Prof-specialty,7688,0,40,39,1
26,Female,White,Never-married,2,192022,Bachelors,Private,Other-service,0,0,40,39,0
42,Male,White,Married-civ-spouse,0,177989,HS-grad,Private,Transport-moving,0,0,40,39,0
23,Female,White,Never-married,1,580248,HS-grad,Private,Tech-support,0,0,40,39,0
40,Male,Asian-Pac-Islander,Married-civ-spouse,0,191342,Bachelors,Private,Exec-managerial,0,0,40,3,1
38,Female,White,Married-civ-spouse,5,423616,Assoc-voc,Private,Tech-support,0,0,36,39,1
45,Male,Black,Married-civ-spouse,0,99355,HS-grad,Private,Protective-serv,0,0,40,39,1
55,Male,White,Married-civ-spouse,0,200497,Masters,State-gov,Exec-managerial,0,0,45,39,1
37,Male,White,Married-civ-spouse,0,150057,HS-grad,Private,Craft-repair,0,0,52,39,1
37,Female,White,Divorced,4,349689,HS-grad,Private,Adm-clerical,0,0,40,39,0
40,Male,White,Never-married,1,234633,Some-college,Private,Craft-repair,0,0,40,39,0
23,Male,White,Never-married,1,348420,Bachelors,Private,Tech-support,0,0,40,39,0
26,Male,White,Never-married,3,105787,HS-grad,Private,Craft-repair,0,0,36,39,0
31,Male,White,Separated,1,242984,Some-college,Private,Handlers-cleaners,0,0,40,39,0
43,Female,White,Divorced,4,160674,HS-grad,Private,Exec-managerial,0,0,40,39,0
33,Male,White,Married-civ-spouse,0,117963,Bachelors,Private,Exec-managerial,0,0,40,39,1
22,Male,White,Married-civ-spouse,0,189888,HS-grad,Private,Sales,0,0,45,39,0
56,Male,White,Married-civ-spouse,0,656036,HS-grad,Other,Other,0,0,25,39,0
61,Male,Asian-Pac-Islander,Married-spouse-absent,1,98350,Preschool,Private,Other-service,0,0,40,3,0
60,Male,Asian-Pac-Islander,Married-civ-spouse,0,141221,Bachelors,Other,Other,0,2163,25,35,0
46,Male,White,Married-civ-spouse,0,163229,7th-8th,Private,Transport-moving,0,0,40,39,0
17,Female,White,Never-married,3,39815,10th,Local-gov,Other-service,0,0,25,39,0
33,Male,White,Never-married,3,117963,Bachelors,Federal-gov,Adm-clerical,0,0,38,39,0
33,Male,White,Married-civ-spouse,0,122672,HS-grad,Private,Farming-fishing,0,0,50,39,0
24,Female,Black,Divorced,4,249101,HS-grad,Local-gov,Protective-serv,0,0,40,39,0
30,Female,White,Separated,4,130369,Assoc-voc,Private,Prof-specialty,0,0,40,39,0
34,Male,White,Married-civ-spouse,0,108837,Some-college,Private,Handlers-cleaners,0,0,40,39,1
22,Male,Asian-Pac-Islander,Never-married,1,129934,Some-college,Private,Adm-clerical,0,0,40,0,0
22,Female,White,Never-married,4,168187,Some-college,Private,Other-service,0,0,50,39,0
30,Male,White,Never-married,1,381153,HS-grad,Private,Craft-repair,0,0,40,39,0
24,Male,White,Never-married,1,373718,Some-college,Private,Farming-fishing,0,0,20,39,0
21,Male,White,Never-married,1,189888,HS-grad,Private,Handlers-cleaners,3325,0,60,39,0
37,Female,Black,Married-spouse-absent,4,269300,Some-college,Local-gov,Adm-clerical,0,0,27,39,0
35,Male,White,Never-married,1,30529,HS-grad,Private,Adm-clerical,0,0,40,39,0
55,Male,White,Married-civ-spouse,0,134120,10th,Private,Craft-repair,99999,0,40,39,1
68,Male,White,Married-civ-spouse,0,197015,HS-grad,Self-emp-not-inc,Farming-fishing,0,0,45,39,0
35,Male,White,Married-civ-spouse,0,54953,HS-grad,Private,Craft-repair,0,0,40,39,0
51,Male,White,Married-civ-spouse,0,237630,HS-grad,Private,Tech-support,7298,0,50,39,1
20,Female,Asian-Pac-Islander,Never-married,3,144685,Some-college,Other,Other,0,1602,40,36,0
19,Male,White,Never-married,3,237848,Some-college,Private,Other-service,0,0,3,39,0
28,Female,White,Divorced,1,250135,Some-college,Private,Exec-managerial,0,0,40,39,0
36,Male,White,Married-civ-spouse,0,278576,HS-grad,Private,Transport-moving,0,0,50,39,0
51,Male,White,Married-civ-spouse,0,311350,Bachelors,Private,Exec-managerial,0,0,40,39,1
54,Male,White,Married-civ-spouse,0,99185,Doctorate,Private,Prof-specialty,15024,0,45,39,1
46,Female,White,Divorced,4,106705,Some-college,State-gov,Prof-specialty,1506,0,50,39,0
28,Female,Asian-Pac-Islander,Married-spouse-absent,1,70240,HS-grad,Private,Other-service,0,0,40,30,0
35,Female,Black,Never-married,1,216129,12th,Self-emp-not-inc,Other-service,0,0,40,38,0
18,Female,White,Never-married,3,98667,11th,Private,Other-service,0,0,16,39,0
20,Male,White,Never-married,1,146879,HS-grad,Private,Other-service,0,2001,40,39,0
41,Female,White,Widowed,1,29115,Some-college,Other,Other,0,0,20,39,0
64,Male,White,Divorced,1,218490,Bachelors,Private,Exec-managerial,27828,0,55,39,1
31,Female,White,Never-married,1,96480,HS-grad,Private,Adm-clerical,0,0,50,39,0
36,Female,Black,Divorced,1,205607,Bachelors,Self-emp-not-inc,Prof-specialty,0,0,40,39,1
51,Male,White,Married-civ-spouse,0,140516,Masters,Federal-gov,Prof-specialty,0,0,40,39,1
48,Male,White,Divorced,4,425199,Some-college,Private,Sales,0,0,45,39,0
23,Male,White,Married-civ-spouse,0,162945,HS-grad,Private,Sales,0,2377,40,39,0
39,Female,Black,Never-married,1,183620,Some-college,Local-gov,Protective-serv,0,0,40,39,1
59,Male,White,Married-civ-spouse,0,168569,HS-grad,Private,Machine-op-inspct,0,1887,40,39,1
40,Male,Black,Married-civ-spouse,0,377322,HS-grad,Private,Craft-repair,0,0,40,39,1
43,Female,White,Married-civ-spouse,5,153160,Some-college,Private,Adm-clerical,0,0,40,39,0
45,Male,White,Married-civ-spouse,0,181970,HS-grad,Federal-gov,Adm-clerical,0,1672,40,39,0
58,Male,White,Divorced,1,316849,Some-college,Private,Other-service,0,0,40,39,0
55,Male,White,Never-married,3,98361,HS-grad,Self-emp-not-inc,Craft-repair,0,0,35,39,0
52,Female,White,Married-spouse-absent,1,204584,Bachelors,Private,Exec-managerial,0,0,42,39,0
21,Female,Black,Never-married,4,206354,HS-grad,Private,Other-service,0,0,35,39,0
22,Female,Black,Widowed,3,311764,11th,Private,Sales,0,0,35,39,0
35,Male,White,Married-civ-spouse,0,183898,Assoc-voc,Private,Exec-managerial,7298,0,50,39,1
70,Male,White,Married-civ-spouse,0,303588,Some-college,Self-emp-not-inc,Tech-support,0,0,20,39,0
41,Male,White,Divorced,1,36699,Some-college,Private,Exec-managerial,4650,0,40,39,0
21,Female,White,Never-married,1,149637,Some-college,Private,Other-service,0,0,40,39,0
37,Male,White,Separated,3,203070,Some-college,Private,Adm-clerical,0,0,62,39,0
23,Male,White,Never-married,4,179413,HS-grad,Private,Craft-repair,0,0,40,39,0
17,Male,White,Never-married,3,61838,10th,Self-emp-inc,Craft-repair,0,0,40,39,0
40,Male,White,Married-civ-spouse,0,330174,Prof-school,Federal-gov,Prof-specialty,7688,0,40,39,1
46,Male,White,Divorced,1,174209,HS-grad,Private,Exec-managerial,0,0,45,39,0
29,Female,White,Married-spouse-absent,1,128509,HS-grad,Private,Machine-op-inspct,0,0,38,8,0
83,Female,White,Widowed,1,251951,HS-grad,Other,Other,0,0,20,39,0
44,Female,White,Widowed,4,38434,Bachelors,Federal-gov,Exec-managerial,0,0,40,39,1
26,Female,White,Married-civ-spouse,5,370727,Bachelors,Other,Other,0,1977,40,39,1
32,Female,White,Married-civ-spouse,5,198452,HS-grad,Private,Farming-fishing,0,0,40,39,0
24,Male,White,Never-married,3,112706,Assoc-voc,Private,Tech-support,0,0,40,39,0
39,Male,White,Married-civ-spouse,0,30916,HS-grad,Private,Craft-repair,0,0,40,39,0
27,Female,White,Never-married,1,46868,Bachelors,Private,Tech-support,0,0,15,39,0
42,Male,White,Married-civ-spouse,0,27661,Bachelors,Self-emp-not-inc,Sales,0,0,45,39,0
21,Female,White,Never-married,3,124242,Assoc-acdm,Private,Other-service,0,0,40,39,0
38,Male,White,Married-civ-spouse,0,109133,Masters,Self-emp-not-inc,Exec-managerial,0,0,70,39,1
25,Male,White,Never-married,3,210278,Bachelors,Self-emp-not-inc,Prof-specialty,0,0,30,39,0
40,Female,White,Married-civ-spouse,5,349405,Assoc-voc,Private,Prof-specialty,0,0,36,39,0
19,Female,White,Never-married,3,47713,Some-college,Other,Other,0,0,40,39,0
28,Male,White,Married-civ-spouse,0,119793,HS-grad,Private,Craft-repair,0,0,40,32,0
70,Male,White,Married-civ-spouse,0,293076,Some-college,Other,Other,0,0,30,39,0
71,Male,White,Married-civ-spouse,0,210673,HS-grad,State-gov,Protective-serv,0,0,28,39,0
36,Female,White,Never-married,2,544686,HS-grad,Private,Adm-clerical,2907,0,40,27,0
24,Female,White,Never-married,1,182163,11th,Private,Adm-clerical,0,0,40,11,0
67,Male,White,Divorced,1,268514,Bachelors,Self-emp-not-inc,Prof-specialty,0,0,40,39,0
35,Female,White,Divorced,4,194690,7th-8th,Private,Tech-support,0,0,40,39,0
24,Female,White,Never-married,3,29810,Some-college,Private,Prof-specialty,0,0,40,39,0
39,Female,White,Never-married,1,209867,Some-college,Private,Adm-clerical,13550,0,45,39,1
23,Male,White,Never-married,1,215395,Assoc-voc,Self-emp-inc,Craft-repair,0,0,50,39,0
36,Female,White,Divorced,1,49837,Some-college,Private,Prof-specialty,0,0,40,39,0
47,Male,White,Married-civ-spouse,0,198223,Some-college,Private,Exec-managerial,0,0,40,39,0
49,Female,Black,Separated,4,213431,HS-grad,Private,Prof-specialty,0,0,40,39,0
36,Female,Asian-Pac-Islander,Divorced,3,205555,Prof-school,State-gov,Prof-specialty,0,0,40,30,0
22,Male,White,Never-married,3,137876,Some-college,Other,Other,0,0,40,39,0
70,Male,White,Married-civ-spouse,0,188260,HS-grad,Self-emp-inc,Exec-managerial,0,0,16,39,0
55,Male,White,Married-civ-spouse,0,125000,HS-grad,Private,Machine-op-inspct,0,0,40,39,1
40,Male,White,Married-civ-spouse,0,121012,Bachelors,Federal-gov,Adm-clerical,7298,0,48,39,1
18,Male,Black,Never-married,3,120691,Some-college,Private,Other-service,0,0,35,0,0
38,Male,White,Never-married,1,172755,HS-grad,Private,Prof-specialty,0,0,40,39,0
20,Male,White,Never-married,2,203003,HS-grad,Private,Transport-moving,0,0,40,39,0
45,Male,White,Married-civ-spouse,0,301802,Bachelors,Private,Transport-moving,0,0,50,39,1
51,Male,White,Married-civ-spouse,0,102615,Masters,Private,Protective-serv,0,1977,40,39,1
32,Male,White,Married-civ-spouse,0,199416,Bachelors,Private,Prof-specialty,0,0,40,39,0
17,Female,White,Never-married,3,114798,11th,Other,Other,0,0,18,39,0
39,Male,White,Divorced,1,215150,9th,Private,Handlers-cleaners,0,0,50,39,0
23,Male,White,Never-married,1,214542,Some-college,Self-emp-inc,Prof-specialty,0,0,50,39,0
27,Female,Asian-Pac-Islander,Never-married,1,74883,Bachelors,Private,Tech-support,0,0,40,30,0
22,Female,White,Never-married,2,349368,HS-grad,Private,Adm-clerical,0,0,40,39,0
37,Male,White,Married-civ-spouse,0,412296,HS-grad,Private,Craft-repair,0,0,35,26,1
43,Female,White,Separated,4,187861,HS-grad,Private,Transport-moving,0,0,44,39,0
54,Male,White,Married-civ-spouse,0,108435,HS-grad,Private,Adm-clerical,0,0,20,39,0
41,Male,White,Married-civ-spouse,0,136419,Assoc-acdm,Private,Tech-support,0,0,75,39,1
38,Male,White,Married-civ-spouse,0,179668,HS-grad,Private,Protective-serv,0,0,40,34,0
28,Male,White,Married-civ-spouse,0,328949,Prof-school,Private,Prof-specialty,0,0,60,39,0
24,Male,White,Never-married,1,321763,HS-grad,Private,Exec-managerial,0,0,38,39,0
33,Female,White,Married-civ-spouse,5,35378,Bachelors,Private,Sales,0,0,45,39,1
31,Male,White,Married-civ-spouse,0,59083,HS-grad,Private,Adm-clerical,0,0,40,39,0
20,Male,White,Never-married,3,140001,Some-college,Private,Adm-clerical,0,0,40,39,0
33,Male,White,Divorced,4,99309,Some-college,Private,Craft-repair,0,0,50,39,0
45,Female,White,Married-civ-spouse,5,178215,9th,Private,Machine-op-inspct,0,0,40,39,1
62,Female,White,Widowed,1,150693,HS-grad,Private,Adm-clerical,0,0,42,39,0
44,Male,Amer-Indian-Eskimo,Married-civ-spouse,0,98989,Bachelors,State-gov,Prof-specialty,0,0,38,39,1
45,Male,White,Married-civ-spouse,0,174533,Some-college,Private,Transport-moving,7298,0,50,39,1
41,Male,White,Married-civ-spouse,0,375574,Some-college,Self-emp-not-inc,Sales,0,0,60,26,1
25,Female,White,Never-married,1,248313,Assoc-voc,Private,Adm-clerical,0,0,40,39,0
27,Female,White,Never-married,4,89598,Some-college,Private,Adm-clerical,0,0,60,39,0
76,Female,White,Widowed,1,329355,HS-grad,Local-gov,Other-service,0,0,13,39,0
64,Female,White,Widowed,1,277657,HS-grad,State-gov,Adm-clerical,0,0,24,39,0
30,Male,White,Married-civ-spouse,0,229772,10th,Private,Craft-repair,0,0,40,39,0
76,Male,White,Married-civ-spouse,0,199949,Bachelors,Private,Adm-clerical,20051,0,50,39,1
30,Female,Black,Never-married,1,355789,HS-grad,Federal-gov,Adm-clerical,0,0,50,39,0
25,Female,White,Married-civ-spouse,5,57635,Assoc-voc,Private,Sales,0,0,42,39,1
27,Female,Black,Divorced,4,212506,Some-college,Private,Adm-clerical,0,0,40,39,0
63,Male,White,Married-civ-spouse,0,83043,Bachelors,Other,Other,0,2179,45,39,0
35,Male,White,Married-civ-spouse,0,60269,HS-grad,Self-emp-not-inc,Exec-managerial,0,0,60,39,0
44,Female,Black,Divorced,3,195545,HS-grad,Private,Machine-op-inspct,0,0,40,39,0
59,Female,White,Divorced,4,96840,HS-grad,Private,Other-service,0,0,40,39,0
33,Female,White,Married-civ-spouse,5,262439,HS-grad,Private,Adm-clerical,0,0,35,39,1
33,Female,White,Divorced,1,184784,10th,Private,Machine-op-inspct,0,0,40,39,0
66,Female,White,Divorced,1,174788,Some-college,Private,Adm-clerical,0,0,20,39,0
55,Male,Asian-Pac-Islander,Widowed,3,56645,Bachelors,Private,Farming-fishing,0,0,40,39,0
33,Female,Black,Separated,3,213308,Assoc-voc,Private,Adm-clerical,0,0,50,39,0
54,Male,White,Married-civ-spouse,0,173050,Masters,Local-gov,Prof-specialty,7688,0,40,39,1
18,Male,White,Never-married,3,346382,11th,Other,Other,0,0,15,39,0
60,Male,White,Married-civ-spouse,0,181953,HS-grad,Private,Transport-moving,0,0,28,39,0
47,Female,White,Divorced,4,171807,HS-grad,Private,Sales,0,0,45,39,0
36,Female,White,Divorced,4,370156,HS-grad,Private,Adm-clerical,0,0,38,39,0
31,Female,White,Never-married,1,87560,Some-college,Private,Machine-op-inspct,0,0,50,39,0
26,Female,White,Never-married,3,292303,HS-grad,Private,Handlers-cleaners,0,0,40,39,0
66,Male,White,Married-civ-spouse,0,140456,Bachelors,Self-emp-not-inc,Sales,0,0,40,39,1
22,Male,White,Never-married,1,174043,HS-grad,Private,Craft-repair,0,0,50,39,0
38,Male,White,Married-civ-spouse,0,121135,HS-grad,Other,Other,0,0,40,39,0
30,Male,Black,Never-married,1,633742,Some-college,Private,Craft-repair,0,0,45,39,0
21,Male,White,Never-married,1,322931,Some-college,Private,Craft-repair,0,0,55,39,0
43,Female,White,Divorced,1,341204,Some-college,Private,Adm-clerical,0,0,40,39,0
42,Female,White,Married-civ-spouse,5,333530,Some-college,State-gov,Exec-managerial,0,0,40,39,1
22,Male,White,Never-married,1,123440,Some-college,Self-emp-not-inc,Craft-repair,0,0,48,39,0
60,Male,White,Married-civ-spouse,0,129379,Some-college,Federal-gov,Tech-support,0,0,40,39,0
41,Male,Other,Married-civ-spouse,0,289886,5th-6th,Private,Other-service,0,1579,40,27,0
38,Male,White,Married-civ-spouse,0,172571,Bachelors,Private,Exec-managerial,0,1848,54,39,1
36,Female,White,Separated,4,27053,HS-grad,Self-emp-not-inc,Other-service,0,0,40,39,0
20,Male,White,Never-married,3,105585,Some-college,Private,Sales,0,0,25,39,0
47,Male,White,Married-civ-spouse,0,168337,HS-grad,Private,Machine-op-inspct,0,0,48,39,1
40,Female,White,Divorced,1,343068,Some-college,Private,Exec-managerial,0,0,40,39,0
37,Female,Black,Married-spouse-absent,4,286146,HS-grad,Self-emp-not-inc,Other-service,0,0,40,39,0
22,Male,White,Never-married,3,205939,Bachelors,Private,Exec-managerial,2202,0,4,39,0
17,Male,White,Never-married,3,566049,10th,Private,Other-service,0,0,8,39,0
17,Male,White,Married-civ-spouse,0,221129,9th,Private,Other-service,0,0,40,39,0
49,Male,White,Married-civ-spouse,0,149337,Bachelors,Private,Exec-managerial,0,0,40,39,1
25,Male,White,Never-married,1,165622,Masters,Private,Sales,0,0,55,39,0
49,Male,White,Married-civ-spouse,0,170871,Masters,Private,Exec-managerial,0,0,45,39,1
19,Female,White,Never-married,2,140399,Some-college,Other,Other,0,0,30,39,0
60,Male,White,Married-civ-spouse,0,117509,9th,Private,Craft-repair,0,0,40,39,0
50,Male,White,Never-married,1,180522,Some-college,Private,Handlers-cleaners,0,0,38,39,0
23,Male,White,Never-married,3,482082,12th,Private,Machine-op-inspct,0,0,21,26,0
31,Female,White,Widowed,4,73796,Some-college,Private,Exec-managerial,0,0,30,39,0
30,Male,White,Married-civ-spouse,0,324120,HS-grad,Private,Handlers-cleaners,0,0,50,39,0
44,Male,Black,Married-civ-spouse,0,223194,HS-grad,Private,Craft-repair,0,1485,40,14,0
26,Male,White,Married-civ-spouse,0,86872,HS-grad,Private,Transport-moving,0,0,40,39,1
39,Male,White,Never-married,3,230467,Bachelors,Private,Sales,0,1092,40,11,0
65,Female,Black,Widowed,4,109351,9th,Private,Priv-house-serv,0,0,24,39,0
19,Male,White,Never-married,3,170720,HS-grad,Private,Sales,0,0,20,39,0
25,Male,White,Married-civ-spouse,0,267426,HS-grad,Private,Handlers-cleaners,0,0,40,39,0
45,Male,White,Married-civ-spouse,0,102096,Bachelors,Private,Exec-managerial,0,0,40,0,1
23,Male,White,Never-married,3,164574,Assoc-acdm,Other,Other,0,0,40,39,0
22,Male,Asian-Pac-Islander,Never-married,3,243190,Some-college,Other,Other,0,0,40,3,0
38,Male,White,Divorced,4,53628,Assoc-voc,Self-emp-not-inc,Exec-managerial,0,0,35,39,0
41,Male,White,Married-civ-spouse,0,55854,Bachelors,Private,Prof-specialty,0,0,56,39,1
24,Male,White,Never-married,1,324637,Some-college,State-gov,Other-service,0,0,40,39,0
50,Male,White,Married-civ-spouse,0,228238,HS-grad,Private,Craft-repair,0,0,40,39,1
44,Female,White,Divorced,4,346594,HS-grad,Private,Other-service,0,0,40,39,0
50,Male,White,Married-civ-spouse,0,401118,HS-grad,Self-emp-not-inc,Craft-repair,99999,0,50,39,1
39,Male,White,Separated,1,1455435,Assoc-acdm,Private,Craft-repair,0,0,40,39,0
44,Male,White,Married-civ-spouse,0,89172,Bachelors,Private,Craft-repair,0,0,50,39,1
20,Male,White,Never-married,3,308924,Some-college,Other,Other,0,0,25,39,0
47,Male,White,Married-civ-spouse,0,214169,HS-grad,Self-emp-inc,Farming-fishing,15024,0,40,39,1
44,Male,Black,Married-civ-spouse,0,124563,HS-grad,Private,Machine-op-inspct,0,0,40,39,0
56,Female,White,Separated,1,83696,Bachelors,State-gov,Prof-specialty,0,0,38,0,0
57,Female,White,Widowed,4,222216,Assoc-voc,Other,Other,0,0,38,39,0
26,Female,White,Married-civ-spouse,5,373553,Some-college,Private,Adm-clerical,0,0,42,39,0
31,Male,White,Married-civ-spouse,0,113838,Bachelors,Private,Prof-specialty,0,0,50,39,0
33,Male,White,Married-civ-spouse,0,130021,HS-grad,Private,Transport-moving,0,0,40,39,0
27,Male,White,Married-civ-spouse,0,164607,Bachelors,Private,Other-service,0,0,40,39,0
36,Male,White,Married-civ-spouse,0,210945,Some-college,Federal-gov,Adm-clerical,0,0,70,39,0
22,Male,White,Never-married,1,142566,HS-grad,Private,Sales,0,0,40,39,0
41,Male,White,Divorced,1,254630,Assoc-voc,Other,Other,0,0,80,39,0
41,Male,White,Married-civ-spouse,0,140886,HS-grad,Private,Farming-fishing,0,0,40,39,0
44,Female,White,Never-married,1,178134,Prof-school,Private,Prof-specialty,0,0,40,39,1
34,Male,White,Married-civ-spouse,0,175761,Bachelors,Self-emp-inc,Prof-specialty,0,0,60,39,1
25,Male,White,Never-married,1,263300,HS-grad,Self-emp-not-inc,Farming-fishing,0,0,50,39,0
25,Female,White,Never-married,3,181666,Assoc-acdm,Private,Tech-support,0,0,40,39,0
72,Female,White,Married-civ-spouse,5,183616,HS-grad,Private,Exec-managerial,0,0,50,9,0
55,Female,White,Widowed,4,308118,Bachelors,Private,Machine-op-inspct,0,0,40,0,0
31,Female,Amer-Indian-Eskimo,Never-married,3,151726,Assoc-acdm,Local-gov,Adm-clerical,0,0,40,39,0
40,Female,White,Divorced,3,53506,Bachelors,Private,Craft-repair,0,0,40,39,0
18,Female,White,Never-married,3,137363,12th,Private,Other-service,0,0,20,39,0
41,Female,White,Divorced,4,170299,Assoc-voc,Private,Prof-specialty,0,0,43,39,0
55,Male,White,Married-civ-spouse,0,174662,HS-grad,Private,Transport-moving,0,0,32,39,0
22,Female,Black,Never-married,3,229456,HS-grad,Private,Adm-clerical,0,0,38,39,0
52,Male,Other,Married-civ-spouse,0,241444,1st-4th,Private,Craft-repair,0,0,50,33,0
45,Male,White,Married-civ-spouse,0,176814,Doctorate,Self-emp-not-inc,Prof-specialty,15024,0,40,39,1
27,Male,White,Never-married,1,168470,Bachelors,Private,Exec-managerial,0,0,40,39,0
19,Female,White,Never-married,3,55284,HS-grad,Private,Sales,0,0,35,39,0
18,Male,White,Never-married,3,437851,Some-college,Other,Other,0,0,40,39,0
18,Female,White,Never-married,1,123343,11th,Private,Sales,0,0,30,39,0
35,Male,White,Married-civ-spouse,2,138992,Masters,Private,Prof-specialty,7298,0,40,39,1
68,Male,White,Married-civ-spouse,0,140852,HS-grad,Self-emp-inc,Sales,0,0,40,39,0
51,Male,White,Married-civ-spouse,0,176813,Assoc-acdm,Local-gov,Prof-specialty,0,0,60,39,0
26,Male,White,Married-spouse-absent,1,160300,HS-grad,Private,Protective-serv,0,0,40,39,0
28,Male,White,Married-civ-spouse,0,535978,Some-college,Private,Craft-repair,0,0,40,39,1
24,Female,White,Never-married,1,175183,HS-grad,Private,Adm-clerical,0,0,40,39,0
34,Male,White,Married-civ-spouse,0,226443,Some-college,Local-gov,Protective-serv,0,0,40,39,1
32,Male,White,Never-married,1,402361,HS-grad,Federal-gov,Adm-clerical,0,0,40,39,0
18,Female,White,Never-married,3,128538,Some-college,Other,Other,0,0,6,39,0
51,Female,Black,Separated,4,99987,10th,Private,Machine-op-inspct,0,0,40,39,0
49,Male,White,Married-civ-spouse,0,181547,Assoc-acdm,Self-emp-not-inc,Craft-repair,0,0,30,4,0
42,Male,White,Married-civ-spouse,0,160369,Masters,State-gov,Prof-specialty,0,0,50,39,1
29,Female,White,Never-married,4,355569,Assoc-voc,Private,Exec-managerial,0,0,50,39,0
45,Male,Black,Divorced,2,242552,12th,Self-emp-not-inc,Craft-repair,0,0,35,39,0
35,Male,White,Married-civ-spouse,0,27408,HS-grad,Private,Sales,0,0,50,39,0
65,Male,White,Married-civ-spouse,0,175202,HS-grad,Self-emp-not-inc,Exec-managerial,0,0,24,39,0
27,Female,White,Never-married,1,159724,Bachelors,Private,Exec-managerial,0,0,40,39,0
23,Male,White,Never-married,3,224954,Some-college,Private,Machine-op-inspct,0,0,25,39,0
17,Male,White,Never-married,3,48610,11th,Private,Farming-fishing,0,0,45,39,0
48,Male,White,Married-civ-spouse,0,330470,Some-college,Private,Handlers-cleaners,0,0,30,39,0
48,Male,White,Divorced,1,345831,HS-grad,Private,Machine-op-inspct,0,0,40,39,0
43,Male,White,Married-civ-spouse,0,55213,HS-grad,Private,Machine-op-inspct,0,1977,52,39,1
25,Female,White,Never-married,3,109419,HS-grad,Private,Adm-clerical,0,0,40,39,0
29,Male,White,Married-civ-spouse,0,53181,Masters,Private,Prof-specialty,0,0,55,39,1
32,Female,White,Never-married,1,398019,7th-8th,Private,Priv-house-serv,0,0,15,26,0
33,Male,White,Divorced,4,184306,HS-grad,Private,Handlers-cleaners,0,0,30,39,0
39,Male,White,Married-civ-spouse,0,102953,Bachelors,Private,Sales,7298,0,55,39,1
43,Female,White,Never-married,1,105936,Assoc-voc,Federal-gov,Prof-specialty,13550,0,40,39,1
58,Female,White,Divorced,1,126104,Masters,Private,Adm-clerical,0,1980,45,39,0
21,Male,White,Never-married,4,307315,Some-college,Private,Adm-clerical,0,0,40,39,0
19,Female,White,Never-married,3,100009,Some-college,Private,Sales,0,0,15,39,0
35,Female,White,Never-married,3,127306,Assoc-voc,Private,Adm-clerical,14344,0,40,39,1
24,Female,White,Never-married,3,155818,Some-college,Private,Sales,0,0,40,39,0
75,Male,White,Never-married,1,36243,Doctorate,Other,Other,0,0,40,39,0
30,Male,Black,Never-married,1,296462,Masters,Private,Prof-specialty,0,0,30,39,0
46,Male,White,Married-civ-spouse,0,377401,HS-grad,Private,Transport-moving,0,1902,70,2,1
24,Male,White,Married-civ-spouse,0,223515,HS-grad,Private,Craft-repair,0,0,45,39,0
37,Female,White,Divorced,4,76855,Some-college,Self-emp-not-inc,Exec-managerial,0,0,40,39,0
41,Female,Other,Divorced,4,179875,11th,Private,Other-service,0,0,40,39,0
25,Female,White,Married-civ-spouse,5,263773,Some-college,Private,Adm-clerical,0,0,40,39,1
62,Male,White,Married-civ-spouse,0,238913,Some-college,Private,Tech-support,2829,0,24,39,0
52,Male,White,Divorced,1,252903,HS-grad,Other,Other,0,0,45,39,1
44,Male,White,Married-civ-spouse,0,165815,HS-grad,Private,Exec-managerial,0,0,60,39,1
36,Male,White,Married-civ-spouse,0,241962,Bachelors,Local-gov,Adm-clerical,0,0,40,39,0
20,Male,Other,Never-married,1,171398,10th,Private,Sales,0,0,40,39,0
46,Male,White,Divorced,4,266337,Assoc-voc,Private,Craft-repair,0,0,40,39,0
60,Male,White,Married-civ-spouse,0,116230,7th-8th,Private,Craft-repair,0,0,40,39,0
27,Female,White,Married-civ-spouse,5,175552,5th-6th,Other,Other,0,0,40,26,0
35,Female,White,Divorced,4,177102,HS-grad,Private,Handlers-cleaners,0,0,40,39,0
21,Male,Black,Never-married,3,255685,Some-college,Private,Other-service,0,0,40,28,0
30,Male,White,Married-civ-spouse,0,243165,HS-grad,Private,Exec-managerial,0,0,40,39,0
45,Male,White,Married-civ-spouse,0,151584,Prof-school,Self-emp-inc,Prof-specialty,0,0,35,39,1
21,Male,White,Never-married,2,129172,Some-college,Private,Other-service,0,0,16,39,0
61,Male,Black,Divorced,1,298400,Bachelors,Private,Sales,4787,0,48,39,1
39,Male,White,Divorced,1,456922,Bachelors,Private,Tech-support,0,0,40,39,0
22,Male,White,Never-married,3,141297,Some-college,Private,Tech-support,0,0,40,39,0
29,Male,White,Married-civ-spouse,0,59231,Some-college,Private,Craft-repair,0,0,42,39,0
23,Female,Black,Never-married,3,141272,Bachelors,Private,Other-service,0,0,30,39,0
32,Male,Asian-Pac-Islander,Married-civ-spouse,0,79586,Bachelors,Private,Prof-specialty,0,0,40,19,0
52,Female,Black,Widowed,4,167527,11th,Private,Other-service,0,0,40,39,0
19,Female,White,Never-married,3,197714,HS-grad,Private,Sales,0,0,35,39,0
33,Female,White,Married-civ-spouse,5,101345,HS-grad,Private,Exec-managerial,0,0,42,2,1
38,Male,White,Never-married,1,107125,Some-college,Private,Sales,0,0,60,39,0
38,Female,White,Never-married,1,99138,Bachelors,Private,Exec-managerial,0,0,38,39,0
46,Female,Black,Widowed,4,160187,Masters,Local-gov,Exec-managerial,0,0,35,39,0
39,Male,White,Married-civ-spouse,0,177154,Bachelors,Private,Sales,15024,0,50,39,1
59,Male,White,Married-civ-spouse,0,146391,Doctorate,Private,Prof-specialty,0,0,50,39,1
21,Male,White,Never-married,3,277700,Some-college,Other,Other,0,0,20,39,0
29,Male,White,Never-married,1,201017,Masters,Private,Prof-specialty,0,0,55,34,0
37,Female,White,Separated,4,356824,HS-grad,Private,Tech-support,0,0,40,39,0
31,Female,White,Never-married,1,194293,Some-college,Private,Adm-clerical,2463,0,38,39,0
21,Male,White,Married-civ-spouse,0,260617,10th,Private,Machine-op-inspct,0,0,36,39,0
42,Female,White,Married-civ-spouse,5,186909,Assoc-acdm,Local-gov,Exec-managerial,0,0,45,39,1
37,Male,White,Divorced,2,248445,HS-grad,Private,Handlers-cleaners,0,0,40,8,0
36,Male,White,Separated,1,271767,Bachelors,Private,Prof-specialty,0,0,40,0,0
30,Male,White,Never-married,3,195576,Some-college,Private,Prof-specialty,3325,0,50,39,0
31,Female,White,Never-married,1,90668,10th,Private,Other-service,0,0,40,39,0
30,Male,White,Never-married,3,35644,HS-grad,Private,Other-service,0,0,10,39,0
19,Male,White,Never-married,1,42750,Some-college,Private,Handlers-cleaners,0,0,55,39,0
44,Female,Black,Separated,4,322391,11th,Private,Other-service,0,0,30,39,0
29,Female,White,Married-civ-spouse,5,83003,HS-grad,Private,Other-service,0,0,40,39,0
54,Male,White,Married-civ-spouse,0,135388,HS-grad,Private,Craft-repair,5178,0,40,39,1
20,Female,Black,Never-married,3,94744,HS-grad,Private,Adm-clerical,0,0,20,39,0
62,Male,White,Married-civ-spouse,0,258124,Masters,Federal-gov,Adm-clerical,0,0,40,22,1
46,Female,White,Separated,1,251786,1st-4th,Private,Other-service,0,0,40,26,0
35,Male,White,Married-civ-spouse,0,112271,Bachelors,Self-emp-not-inc,Exec-managerial,0,0,50,39,1
35,Male,White,Married-civ-spouse,0,89622,Some-college,Self-emp-inc,Sales,0,0,50,39,1
41,Male,White,Married-civ-spouse,0,286970,Bachelors,Private,Adm-clerical,0,0,40,39,0
51,Female,White,Divorced,1,93193,HS-grad,Private,Prof-specialty,0,0,40,39,0
25,Female,White,Never-married,1,181054,Bachelors,Private,Sales,0,0,40,39,0
34,Male,White,Divorced,1,33945,HS-grad,Private,Craft-repair,6849,0,55,39,0
26,Female,Asian-Pac-Islander,Never-married,2,147638,Bachelors,Private,Adm-clerical,0,0,40,17,0
45,Male,White,Married-civ-spouse,0,56841,HS-grad,Local-gov,Craft-repair,0,0,40,39,1
60,Male,White,Married-civ-spouse,0,145995,Bachelors,Private,Sales,0,0,40,39,1
32,Male,White,Married-civ-spouse,0,164243,HS-grad,Private,Tech-support,0,0,60,39,1
90,Male,White,Never-married,3,313986,11th,Private,Handlers-cleaners,0,0,40,39,0
46,Male,Black,Married-civ-spouse,0,403911,HS-grad,Private,Craft-repair,0,1902,40,39,1
22,Male,White,Never-married,4,344176,HS-grad,Private,Sales,0,0,20,39,0
63,Male,White,Married-civ-spouse,0,95680,Some-college,Federal-gov,Tech-support,0,0,18,39,1
43,Female,White,Divorced,1,35523,Assoc-acdm,Other,Other,0,0,35,39,0
41,Male,Black,Married-civ-spouse,0,203943,12th,Private,Protective-serv,0,0,40,0,0
34,Male,White,Never-married,1,183801,Bachelors,Local-gov,Other-service,0,0,14,39,0
40,Male,White,Married-civ-spouse,0,199303,Assoc-acdm,Federal-gov,Prof-specialty,0,0,40,39,1
59,Male,White,Married-civ-spouse,0,178353,HS-grad,Self-emp-not-inc,Exec-managerial,0,0,50,39,1
21,Male,White,Never-married,3,72593,HS-grad,Private,Other-service,0,0,40,39,0
69,Male,White,Married-civ-spouse,0,230417,Doctorate,Private,Prof-specialty,0,0,40,3,1
29,Male,White,Never-married,1,115677,Bachelors,Private,Tech-support,0,0,40,39,0
30,Male,White,Never-married,3,361817,HS-grad,Other,Other,0,0,25,39,0
50,Male,White,Married-civ-spouse,0,283676,Doctorate,Self-emp-inc,Prof-specialty,15024,0,60,39,1
51,Male,White,Separated,1,110458,Bachelors,Private,Prof-specialty,0,0,40,39,0
28,Male,White,Never-married,3,38309,Bachelors,State-gov,Prof-specialty,6849,0,40,39,0
31,Male,White,Married-civ-spouse,0,156743,Masters,Private,Sales,0,0,76,39,1
21,Female,White,Never-married,3,116489,Some-college,Private,Sales,0,0,60,39,0
34,Male,Asian-Pac-Islander,Married-civ-spouse,0,306982,Bachelors,Self-emp-not-inc,Sales,0,0,60,35,0
36,Male,White,Married-civ-spouse,0,186815,Masters,Other,Other,0,0,50,39,0
75,Male,White,Married-civ-spouse,0,104896,HS-grad,Private,Sales,2653,0,20,39,0
30,Male,White,Never-married,1,205152,Bachelors,Private,Sales,0,0,40,39,0
34,Male,White,Married-civ-spouse,0,506858,Assoc-voc,Private,Craft-repair,0,0,32,39,1
28,Male,White,Divorced,1,122540,10th,Private,Handlers-cleaners,0,0,40,39,0
47,Female,White,Separated,1,374580,HS-grad,Private,Sales,0,0,52,39,0
32,Male,White,Married-civ-spouse,0,379412,Assoc-voc,Self-emp-not-inc,Craft-repair,0,0,40,39,0
39,Male,White,Never-married,3,160623,Assoc-acdm,Private,Craft-repair,0,0,40,39,0
59,Female,Black,Widowed,4,381851,9th,Private,Other-service,0,0,40,39,0
45,Male,White,Married-civ-spouse,0,204205,Some-college,Self-emp-inc,Exec-managerial,0,0,50,39,1
22,Female,Other,Married-spouse-absent,3,95566,Some-college,Private,Sales,0,0,22,6,0
43,Male,White,Married-civ-spouse,0,199806,Bachelors,State-gov,Adm-clerical,0,0,40,39,1
37,Female,White,Never-married,1,74163,Bachelors,State-gov,Prof-specialty,0,0,40,39,0
62,Male,White,Married-civ-spouse,0,94318,Bachelors,Private,Prof-specialty,0,0,50,39,1
43,Male,White,Married-civ-spouse,0,113324,Bachelors,Local-gov,Prof-specialty,0,0,40,39,1
55,Female,White,Divorced,1,89690,Bachelors,Private,Prof-specialty,0,0,40,39,1
44,Male,White,Never-married,1,274562,HS-grad,Self-emp-not-inc,Craft-repair,14344,0,40,39,1
43,Male,White,Married-civ-spouse,0,96249,HS-grad,Private,Machine-op-inspct,0,0,42,39,1
18,Female,White,Never-married,3,120283,12th,Private,Sales,0,0,24,39,0
90,Male,White,Married-civ-spouse,0,313986,HS-grad,Other,Other,0,0,40,39,1
61,Male,White,Married-civ-spouse,0,95500,HS-grad,Private,Transport-moving,0,0,40,39,0
47,Female,White,Separated,1,93476,Bachelors,Local-gov,Prof-specialty,0,0,70,39,0
50,Male,White,Divorced,1,176969,HS-grad,Federal-gov,Prof-specialty,0,1590,40,39,0
53,Male,White,Married-civ-spouse,0,127117,HS-grad,Private,Machine-op-inspct,0,0,40,39,0
35,Female,Amer-Indian-Eskimo,Separated,4,85548,Some-college,Local-gov,Adm-clerical,0,0,40,39,0
52,Male,White,Married-civ-spouse,0,208302,HS-grad,Private,Machine-op-inspct,0,0,60,39,0
82,Male,Amer-Indian-Eskimo,Widowed,1,52921,Some-college,Other,Other,0,0,3,39,0
27,Female,White,Never-married,1,51025,HS-grad,Private,Other-service,0,0,40,39,0
30,Male,White,Never-married,3,174201,Some-college,Private,Craft-repair,0,0,40,39,0
55,Male,White,Divorced,4,169133,Bachelors,Federal-gov,Prof-specialty,0,0,40,39,0
24,Female,Black,Never-married,1,192201,Some-college,Private,Exec-managerial,0,0,20,39,0
38,Male,White,Married-civ-spouse,0,185848,Masters,Private,Exec-managerial,99999,0,70,39,1
43,Male,White,Divorced,1,326379,HS-grad,Private,Craft-repair,0,0,40,39,0
67,Male,White,Married-civ-spouse,0,286372,Bachelors,Self-emp-not-inc,Transport-moving,0,0,40,39,0
65,Female,White,Widowed,4,27012,7th-8th,Without-pay,Farming-fishing,0,0,50,39,0
33,Male,White,Married-civ-spouse,0,193285,Bachelors,Private,Prof-specialty,0,0,38,39,1
24,Male,White,Never-married,3,203027,Assoc-acdm,Private,Machine-op-inspct,0,0,40,39,0
39,Female,Black,Divorced,4,150061,Masters,Private,Exec-managerial,15020,0,60,39,1
54,Male,White,Married-civ-spouse,0,326156,Some-college,Private,Craft-repair,0,0,40,39,1
36,Female,White,Never-married,1,47570,Masters,State-gov,Prof-specialty,0,0,40,39,0
44,Male,White,Married-civ-spouse,0,175935,Doctorate,Private,Adm-clerical,0,0,55,39,1
23,Male,White,Married-civ-spouse,0,207546,11th,Private,Machine-op-inspct,0,0,40,39,0
51,Male,White,Married-civ-spouse,0,53833,HS-grad,Private,Prof-specialty,0,0,46,39,1
51,Male,White,Married-civ-spouse,0,249339,HS-grad,Private,Craft-repair,0,0,40,39,0
31,Female,White,Never-married,1,117526,Some-college,Private,Farming-fishing,0,0,45,39,0
52,Male,White,Married-civ-spouse,0,221532,Bachelors,Federal-gov,Protective-serv,0,0,45,39,1
36,Male,White,Married-civ-spouse,0,416745,Bachelors,Private,Prof-specialty,0,0,40,39,0
54,Male,White,Married-civ-spouse,0,165278,Some-college,Private,Exec-managerial,0,0,40,39,1
49,Male,White,Divorced,1,168262,10th,Private,Other-service,0,0,48,39,0
21,Male,White,Married-civ-spouse,0,249271,Some-college,Other,Other,0,0,40,39,0
50,Male,White,Married-civ-spouse,0,27484,HS-grad,Private,Exec-managerial,0,0,50,39,1
28,Male,White,Married-civ-spouse,0,142712,Some-college,Private,Craft-repair,0,0,40,39,0
36,Male,White,Never-married,1,160035,HS-grad,Private,Other-service,0,0,40,39,0
36,Male,White,Divorced,4,33001,HS-grad,Private,Farming-fishing,0,0,50,39,0
54,Female,White,Married-civ-spouse,5,148657,Preschool,Other,Other,0,0,40,26,0
36,Male,White,Never-married,1,272944,HS-grad,Private,Transport-moving,0,0,45,39,0
33,Male,White,Married-spouse-absent,4,136331,HS-grad,Private,Craft-repair,0,0,50,39,0
35,Male,White,Married-civ-spouse,0,188540,9th,Self-emp-not-inc,Craft-repair,0,0,50,39,0
22,Male,White,Married-civ-spouse,0,175374,Some-college,Private,Other-service,0,0,24,39,0
20,Male,White,Never-married,3,451996,HS-grad,Private,Handlers-cleaners,0,0,40,39,0
42,Female,White,Separated,4,185057,HS-grad,Private,Adm-clerical,0,0,35,34,0
37,Male,White,Married-civ-spouse,0,73715,Some-college,Private,Craft-repair,0,0,40,39,1
32,Male,White,Married-civ-spouse,0,132601,Bachelors,Private,Prof-specialty,0,0,50,39,0
44,Male,White,Married-civ-spouse,0,180985,Bachelors,Private,Prof-specialty,0,0,50,0,1
63,Male,White,Divorced,4,96299,HS-grad,Private,Transport-moving,0,0,45,39,1
47,Male,White,Married-civ-spouse,0,159869,HS-grad,Self-emp-not-inc,Farming-fishing,0,0,56,39,1
26,Male,White,Never-married,3,212304,7th-8th,Private,Machine-op-inspct,0,0,48,39,0
61,Female,White,Divorced,1,26254,HS-grad,Private,Exec-managerial,0,0,40,39,0
21,Female,White,Never-married,1,225541,Some-college,Private,Adm-clerical,0,0,40,39,0
31,Male,White,Never-married,1,269654,Bachelors,Private,Sales,0,0,48,39,0
28,Male,White,Married-civ-spouse,0,215955,HS-grad,Private,Craft-repair,0,0,40,39,0
53,Female,White,Divorced,1,133436,7th-8th,Private,Machine-op-inspct,0,0,40,39,0
36,Male,White,Married-civ-spouse,0,405155,5th-6th,Private,Craft-repair,0,0,40,26,0
61,Male,White,Married-civ-spouse,0,171831,HS-grad,Self-emp-inc,Exec-managerial,2829,0,45,39,0
47,Male,White,Married-civ-spouse,0,188386,Bachelors,State-gov,Prof-specialty,0,0,45,39,1
19,Female,White,Divorced,1,415354,10th,Private,Other-service,0,0,40,39,0
46,Male,White,Married-civ-spouse,0,265105,Bachelors,Private,Prof-specialty,0,0,50,39,1
18,Female,White,Never-married,3,160984,11th,Private,Other-service,0,0,15,39,0
33,Female,White,Divorced,4,73054,HS-grad,Private,Sales,0,0,40,39,0
53,Male,Asian-Pac-Islander,Married-civ-spouse,0,97411,5th-6th,Private,Machine-op-inspct,0,0,40,25,0
41,Male,White,Married-civ-spouse,0,425049,HS-grad,Private,Transport-moving,0,0,50,39,1
38,Male,White,Married-civ-spouse,0,188303,Some-college,State-gov,Protective-serv,7688,0,40,39,1
35,Male,White,Divorced,1,110538,HS-grad,Private,Farming-fishing,0,0,70,39,0
25,Male,White,Married-civ-spouse,0,476334,HS-grad,Private,Sales,0,0,48,39,0
31,Male,White,Married-civ-spouse,0,231826,HS-grad,Private,Other-service,0,0,52,26,0
35,Female,Black,Separated,3,142616,HS-grad,Private,Other-service,0,0,30,39,0
53,Female,White,Widowed,1,188772,HS-grad,Local-gov,Other-service,0,0,30,39,0
53,Female,Black,Widowed,4,104413,HS-grad,Private,Other-service,0,0,20,39,0
36,Male,White,Married-civ-spouse,0,220511,Some-college,Private,Craft-repair,0,0,40,39,0
34,Male,White,Married-civ-spouse,0,115040,HS-grad,Private,Craft-repair,0,0,44,39,0
29,Female,White,Never-married,1,290740,Assoc-acdm,Private,Priv-house-serv,0,0,50,39,0
41,Male,White,Married-civ-spouse,0,274363,Some-college,Private,Machine-op-inspct,7298,0,42,39,1
28,Male,White,Never-married,1,129460,9th,Private,Craft-repair,0,0,40,8,0
34,Female,White,Married-civ-spouse,5,164309,11th,Other,Other,0,0,8,39,0
38,Male,Asian-Pac-Islander,Married-civ-spouse,0,354739,Assoc-voc,Private,Prof-specialty,0,0,36,30,1
24,Male,White,Married-civ-spouse,0,176189,HS-grad,Private,Machine-op-inspct,0,0,40,39,0
44,Male,White,Married-civ-spouse,0,89172,Bachelors,Self-emp-not-inc,Prof-specialty,0,0,80,39,0
45,Male,White,Never-married,2,176917,HS-grad,Private,Handlers-cleaners,0,0,40,39,0
24,Male,White,Married-civ-spouse,0,165054,Assoc-voc,Private,Craft-repair,0,0,40,39,0
19,Female,White,Never-married,3,194608,Some-college,Private,Other-service,0,0,20,39,0
18,Male,White,Never-married,1,283637,Some-college,Private,Adm-clerical,0,0,40,39,0
38,Male,White,Married-civ-spouse,0,275223,Bachelors,Self-emp-inc,Sales,7688,0,40,39,1
40,Male,Black,Married-civ-spouse,0,145504,HS-grad,Private,Farming-fishing,0,0,40,39,0
33,Male,White,Married-civ-spouse,0,188246,Masters,Private,Exec-managerial,7298,0,45,39,1
29,Male,White,Married-civ-spouse,0,224858,Some-college,Federal-gov,Protective-serv,0,0,60,39,0
30,Male,White,Married-civ-spouse,0,345122,Prof-school,Private,Prof-specialty,0,0,50,39,0
43,Female,White,Never-married,2,387839,HS-grad,Other,Other,0,0,40,39,0
43,Male,White,Married-civ-spouse,0,128170,Some-college,Private,Sales,7688,0,40,39,1
58,Male,White,Married-civ-spouse,0,206532,HS-grad,Private,Craft-repair,0,0,50,39,0
55,Female,Amer-Indian-Eskimo,Widowed,1,26290,Assoc-voc,State-gov,Exec-managerial,0,0,38,39,0
45,Male,White,Divorced,3,331482,Assoc-acdm,Local-gov,Tech-support,0,0,40,39,0
22,Female,White,Never-married,3,65704,HS-grad,Private,Sales,0,0,40,0,0
36,Male,White,Never-married,1,109133,Some-college,Private,Exec-managerial,0,0,40,39,0
41,Male,White,Married-civ-spouse,0,120277,Bachelors,Self-emp-inc,Exec-managerial,0,0,40,0,0
36,Male,White,Married-civ-spouse,0,99146,Some-college,Private,Machine-op-inspct,0,1887,40,39,1
23,Male,Black,Never-married,3,156513,HS-grad,Private,Handlers-cleaners,0,0,40,39,0
24,Female,White,Never-married,1,215797,Bachelors,State-gov,Tech-support,0,0,40,39,0
24,Female,Asian-Pac-Islander,Never-married,1,162593,Bachelors,Private,Adm-clerical,0,0,40,39,0
48,Female,White,Married-civ-spouse,5,207848,10th,Private,Adm-clerical,0,0,40,39,0
21,Male,White,Never-married,3,414812,7th-8th,Private,Craft-repair,0,0,40,39,0
59,Female,Amer-Indian-Eskimo,Separated,4,205949,HS-grad,Private,Craft-repair,0,0,40,39,0
28,Male,White,Separated,3,194690,7th-8th,Private,Other-service,0,0,60,26,0
29,Male,White,Never-married,3,84560,HS-grad,Private,Handlers-cleaners,0,0,40,39,0
32,Male,White,Never-married,1,171111,Bachelors,State-gov,Adm-clerical,0,0,37,39,0
47,Male,White,Divorced,1,101926,Bachelors,Self-emp-inc,Exec-managerial,0,0,70,39,1
28,Male,White,Never-married,2,398220,5th-6th,Private,Craft-repair,0,0,40,26,0
27,Female,Black,Never-married,3,122660,Bachelors,State-gov,Prof-specialty,0,0,40,39,0
55,Male,White,Married-civ-spouse,0,290124,5th-6th,Private,Machine-op-inspct,0,0,40,26,0
41,Female,White,Married-civ-spouse,5,42563,Bachelors,Private,Tech-support,0,0,25,39,1
22,Female,White,Never-married,1,211361,Bachelors,Private,Exec-managerial,0,0,30,39,0
26,Female,White,Never-married,1,118736,Bachelors,Private,Prof-specialty,0,0,20,39,0
41,Male,White,Married-civ-spouse,0,163287,HS-grad,Private,Prof-specialty,7688,0,43,39,1
23,Female,White,Never-married,3,53513,Bachelors,Private,Exec-managerial,0,0,45,39,0
57,Male,White,Separated,1,132704,Masters,Private,Prof-specialty,10520,0,32,39,1
22,Male,White,Never-married,3,179973,Assoc-voc,Other,Other,0,0,40,39,0
40,Male,White,Married-civ-spouse,0,154374,HS-grad,Private,Machine-op-inspct,0,0,40,39,1
35,Male,White,Married-civ-spouse,0,227571,7th-8th,Private,Handlers-cleaners,0,0,40,26,0
29,Male,Black,Married-civ-spouse,0,663394,HS-grad,Private,Farming-fishing,0,0,40,39,0
30,Male,White,Married-civ-spouse,0,97521,Bachelors,Private,Sales,0,0,50,39,1
67,Male,White,Never-married,1,35015,Masters,Private,Prof-specialty,0,0,99,39,0
58,Male,White,Married-civ-spouse,0,318106,HS-grad,Self-emp-not-inc,Exec-managerial,0,0,40,39,1
24,Female,Black,Never-married,1,147147,Bachelors,State-gov,Adm-clerical,0,0,20,39,0
57,Male,Black,Married-civ-spouse,0,548256,12th,Private,Adm-clerical,0,0,40,39,0
42,Female,White,Divorced,4,56483,Assoc-acdm,Private,Adm-clerical,0,0,40,39,0
59,Male,White,Married-civ-spouse,0,193335,HS-grad,Private,Craft-repair,0,0,40,39,1
71,Female,White,Never-married,1,149040,12th,Private,Other-service,0,0,40,39,0
29,Male,White,Married-civ-spouse,0,70604,HS-grad,Self-emp-not-inc,Farming-fishing,3464,0,40,39,0
33,Male,White,Married-civ-spouse,0,217460,HS-grad,Private,Sales,0,0,60,39,1
29,Male,White,Never-married,3,213692,Some-college,Private,Craft-repair,0,0,45,39,0
59,Male,White,Married-civ-spouse,0,184493,Some-college,Private,Sales,0,0,40,39,1
40,Male,White,Married-civ-spouse,0,76487,HS-grad,Private,Machine-op-inspct,0,0,40,39,0
48,Male,White,Divorced,1,110457,Some-college,Federal-gov,Exec-managerial,0,0,40,39,0
34,Male,White,Divorced,4,422836,HS-grad,Private,Prof-specialty,0,0,40,26,0
32,Male,Black,Married-civ-spouse,0,166634,HS-grad,Private,Machine-op-inspct,0,0,40,39,0
48,Female,White,Divorced,1,180695,Some-college,Private,Exec-managerial,0,0,38,39,0
23,Female,Black,Never-married,3,313573,Bachelors,Private,Sales,0,0,25,39,0
44,Male,White,Married-civ-spouse,0,174189,Some-college,Private,Sales,0,0,60,39,0
31,Male,White,Married-civ-spouse,0,157640,HS-grad,Private,Prof-specialty,0,0,55,39,1
21,Female,Black,Never-married,3,342575,Some-college,Private,Sales,0,0,30,39,0
30,Male,White,Never-married,1,196396,Some-college,Private,Machine-op-inspct,0,0,40,39,0
20,Male,Amer-Indian-Eskimo,Never-married,3,137651,Some-college,Private,Machine-op-inspct,0,0,40,39,0
26,Female,White,Never-married,1,326033,Bachelors,State-gov,Adm-clerical,0,0,80,39,0
65,Male,White,Married-civ-spouse,0,344152,Masters,Private,Prof-specialty,5556,0,50,39,1
54,Female,Black,Married-civ-spouse,5,115602,HS-grad,Private,Other-service,0,0,40,39,0
55,Male,White,Married-civ-spouse,0,136819,HS-grad,State-gov,Protective-serv,0,0,40,39,0
43,Male,White,Never-married,1,194360,Masters,Local-gov,Prof-specialty,0,0,38,39,0
54,Male,White,Married-civ-spouse,0,172898,Prof-school,Self-emp-not-inc,Prof-specialty,5178,0,50,39,1
46,Male,Asian-Pac-Islander,Married-civ-spouse,2,199316,Some-college,Private,Craft-repair,0,0,40,19,0
31,Male,White,Never-married,4,257644,11th,Private,Transport-moving,0,0,40,39,0
37,Female,White,Divorced,1,291251,HS-grad,Private,Machine-op-inspct,0,0,40,39,0
44,Female,White,Married-civ-spouse,5,101967,Masters,Local-gov,Prof-specialty,0,0,40,39,0
44,Female,White,Divorced,4,84535,Some-college,Private,Sales,0,0,48,39,0
41,Male,White,Married-civ-spouse,0,443508,HS-grad,Self-emp-not-inc,Exec-managerial,0,0,50,39,0
54,Male,White,Married-civ-spouse,0,53833,5th-6th,Private,Transport-moving,0,0,40,39,1
90,Male,White,Married-civ-spouse,0,155981,Bachelors,Self-emp-not-inc,Prof-specialty,10566,0,50,39,0
32,Male,White,Married-civ-spouse,0,26803,Some-college,Private,Machine-op-inspct,0,0,84,39,1
36,Male,White,Married-civ-spouse,0,64875,Assoc-voc,Self-emp-not-inc,Tech-support,0,0,60,39,0
60,Male,White,Married-civ-spouse,0,165630,HS-grad,Federal-gov,Tech-support,0,1977,40,39,1
44,Male,White,Married-civ-spouse,0,219591,Some-college,Self-emp-not-inc,Craft-repair,0,0,40,39,0
70,Male,White,Never-married,2,105376,Some-college,Private,Tech-support,0,0,40,39,0
50,Male,White,Married-civ-spouse,0,44368,Some-college,Private,Exec-managerial,0,0,40,39,0
47,Male,White,Married-spouse-absent,1,134671,HS-grad,Self-emp-not-inc,Craft-repair,0,0,40,39,0
38,Male,White,Married-civ-spouse,0,132879,Bachelors,Private,Exec-managerial,0,0,40,39,1
37,Female,White,Widowed,1,174503,Bachelors,Private,Prof-specialty,0,0,50,39,0
51,Male,White,Married-civ-spouse,0,79324,Some-college,Private,Sales,0,0,40,39,0
58,Male,White,Married-civ-spouse,0,200040,HS-grad,Private,Craft-repair,0,0,40,39,0
53,Female,White,Never-married,1,122412,Bachelors,Private,Prof-specialty,0,0,40,39,0
51,Male,White,Married-civ-spouse,0,104651,Bachelors,Private,Craft-repair,0,0,50,39,0
41,Male,White,Married-civ-spouse,0,203761,Bachelors,Private,Prof-specialty,0,0,40,39,1
39,Male,White,Married-civ-spouse,0,372525,Masters,Self-emp-inc,Exec-managerial,0,0,60,39,1
30,Male,White,Married-civ-spouse,0,208043,Bachelors,Private,Sales,0,0,55,39,1
57,Female,White,Divorced,4,278763,HS-grad,Federal-gov,Adm-clerical,0,0,40,39,0
24,Male,White,Never-married,1,258120,Bachelors,Private,Sales,0,0,55,23,0
52,Female,White,Divorced,2,172165,10th,Private,Other-service,0,0,25,39,0
53,Male,White,Married-civ-spouse,0,211654,Some-college,Private,Craft-repair,0,0,50,0,1
58,Male,White,Never-married,1,190541,HS-grad,Self-emp-inc,Sales,0,0,47,39,0
43,Male,White,Married-civ-spouse,0,352005,Bachelors,Private,Sales,15024,0,45,39,1
32,Male,White,Married-civ-spouse,0,244665,HS-grad,Self-emp-inc,Craft-repair,5178,0,45,39,1
24,Male,White,Never-married,3,95552,HS-grad,Private,Tech-support,0,0,40,39,0
42,Female,Black,Never-married,4,134509,Some-college,Private,Transport-moving,0,0,40,39,0
41,Male,White,Married-civ-spouse,0,142725,HS-grad,Self-emp-not-inc,Transport-moving,0,0,45,39,0
54,Male,White,Married-civ-spouse,0,46704,HS-grad,Self-emp-not-inc,Farming-fishing,0,0,60,39,1
45,Male,White,Married-civ-spouse,0,232997,Some-college,Federal-gov,Transport-moving,0,0,65,39,1
56,Male,White,Married-civ-spouse,0,183884,11th,Private,Machine-op-inspct,0,0,40,39,0
36,Female,White,Never-married,1,171676,Bachelors,Private,Sales,0,1741,40,39,0
58,Female,White,Never-married,1,142924,Masters,Private,Adm-clerical,0,0,24,39,1
24,Female,White,Never-married,3,126613,Bachelors,Local-gov,Prof-specialty,0,0,20,39,0
47,Male,White,Married-civ-spouse,0,111994,HS-grad,Private,Other-service,0,0,34,39,0
66,Male,White,Divorced,1,213477,7th-8th,Other,Other,0,0,10,39,0
24,Male,Black,Never-married,4,111450,HS-grad,Private,Transport-moving,0,0,40,39,0
27,Male,White,Divorced,1,300777,HS-grad,Self-emp-not-inc,Transport-moving,0,0,70,39,0
28,Male,White,Never-married,1,35032,Bachelors,Self-emp-not-inc,Exec-managerial,0,0,50,39,0
44,Male,White,Divorced,1,71269,Some-college,Private,Exec-managerial,0,0,50,39,0
39,Female,Black,Divorced,4,114678,HS-grad,Private,Other-service,5455,0,40,39,0
32,Male,Black,Divorced,1,176253,Some-college,Private,Exec-managerial,0,0,40,39,0
38,Male,White,Married-civ-spouse,0,277347,HS-grad,Private,Craft-repair,0,0,50,39,0
37,Female,White,Separated,3,191524,Assoc-voc,Private,Prof-specialty,0,0,38,39,0
49,Male,White,Married-civ-spouse,0,83610,Bachelors,Private,Exec-managerial,7688,0,66,39,1
37,Male,White,Married-civ-spouse,0,264503,HS-grad,Local-gov,Protective-serv,0,0,40,39,0
34,Male,White,Married-civ-spouse,0,152453,12th,Private,Craft-repair,0,0,40,13,0
35,Male,Amer-Indian-Eskimo,Divorced,1,146042,Some-college,Private,Machine-op-inspct,0,0,40,39,0
47,Male,White,Married-civ-spouse,0,102308,Masters,Private,Sales,0,0,40,39,1
23,Male,White,Never-married,3,103588,Some-college,State-gov,Adm-clerical,0,0,25,39,0
47,Male,White,Married-civ-spouse,0,304133,Some-college,Private,Exec-managerial,0,0,45,39,0
34,Female,White,Married-civ-spouse,5,48935,Bachelors,Private,Prof-specialty,0,0,40,39,0
27,Male,Other,Married-civ-spouse,2,153805,Some-college,Self-emp-not-inc,Transport-moving,0,0,50,7,1
52,Male,White,Married-civ-spouse,0,95704,9th,Private,Handlers-cleaners,0,0,40,39,0
18,Female,White,Never-married,3,251923,11th,Private,Sales,0,0,15,39,0
25,Male,White,Never-married,1,146117,Some-college,Private,Machine-op-inspct,0,0,42,39,0
48,Male,White,Separated,4,174533,11th,Other,Other,0,0,40,39,0
44,Male,White,Married-civ-spouse,0,125461,Masters,Private,Exec-managerial,0,0,35,39,1
40,Female,White,Never-married,3,96554,HS-grad,Local-gov,Adm-clerical,0,0,40,39,0
43,Female,White,Divorced,1,459342,HS-grad,Private,Adm-clerical,0,0,40,39,0
55,Female,White,Divorced,1,23789,HS-grad,Private,Exec-managerial,0,0,40,39,0
37,Male,White,Never-married,3,172538,HS-grad,Private,Machine-op-inspct,0,0,40,39,0
18,Female,White,Never-married,3,163788,Some-college,Other,Other,0,0,40,39,0
57,Male,White,Married-civ-spouse,0,138892,11th,Self-emp-not-inc,Sales,0,0,15,39,0
59,Male,White,Married-civ-spouse,0,367984,Bachelors,Other,Other,0,0,40,39,0
71,Female,White,Widowed,4,365996,Bachelors,Local-gov,Prof-specialty,0,0,6,39,0
51,Male,White,Married-civ-spouse,0,168539,Assoc-acdm,Self-emp-not-inc,Exec-managerial,0,0,40,39,0
20,Female,White,Never-married,3,332931,Some-college,Private,Other-service,0,0,40,39,0
30,Male,White,Divorced,4,246439,Some-college,Private,Adm-clerical,0,0,40,39,0
59,Male,White,Married-civ-spouse,0,202682,HS-grad,Private,Craft-repair,0,0,40,39,0
24,Male,White,Never-married,3,195808,Some-college,Private,Machine-op-inspct,0,0,40,39,0
22,Male,White,Never-married,2,148187,11th,Private,Other-service,0,0,40,39,0
44,Male,White,Married-civ-spouse,0,296728,Masters,Private,Exec-managerial,0,0,40,39,1
56,Male,White,Married-civ-spouse,0,70720,12th,Private,Prof-specialty,0,0,40,39,1
38,Male,White,Married-civ-spouse,0,31069,Assoc-voc,Private,Craft-repair,4386,0,40,39,1
51,Male,White,Married-civ-spouse,0,32372,Bachelors,Self-emp-not-inc,Exec-managerial,0,1672,70,39,0
37,Female,White,Never-married,1,238049,9th,Private,Priv-house-serv,0,0,30,8,0
59,Male,Black,Married-civ-spouse,0,200700,Assoc-acdm,Federal-gov,Farming-fishing,0,0,40,39,0
29,Male,White,Married-civ-spouse,0,164040,HS-grad,Private,Other-service,0,0,40,39,0
30,Male,White,Divorced,3,194901,Prof-school,Private,Sales,0,0,55,39,0
37,Male,White,Married-civ-spouse,0,202683,Some-college,Private,Sales,0,0,48,39,1
23,Male,White,Never-married,2,324960,HS-grad,Private,Craft-repair,0,0,40,39,0
46,Male,White,Married-civ-spouse,0,248059,HS-grad,Private,Craft-repair,3464,0,40,39,0
29,Female,Black,Never-married,3,232914,Assoc-voc,Private,Adm-clerical,0,0,40,39,0
40,Male,White,Married-civ-spouse,0,170214,HS-grad,Private,Transport-moving,0,0,40,39,1
32,Male,White,Married-civ-spouse,0,348460,Assoc-voc,Private,Craft-repair,0,0,50,39,0
48,Female,White,Divorced,4,185039,HS-grad,Private,Sales,0,0,30,39,0
46,Female,White,Never-married,4,174386,HS-grad,Private,Other-service,0,0,24,39,0
25,Male,White,Never-married,3,187508,Some-college,State-gov,Handlers-cleaners,0,0,40,39,0
52,Female,White,Divorced,4,150812,Some-college,Private,Adm-clerical,0,0,35,39,0
21,Male,White,Never-married,3,205939,Some-college,Other,Other,0,0,40,39,0
17,Male,White,Never-married,3,241185,12th,Private,Prof-specialty,0,0,20,39,0
42,Male,White,Divorced,1,221172,HS-grad,Self-emp-not-inc,Craft-repair,0,0,40,39,0
61,Male,White,Married-civ-spouse,0,176839,Bachelors,Private,Prof-specialty,15024,0,50,39,1
64,Male,White,Married-civ-spouse,0,254797,Some-college,Private,Exec-managerial,0,0,40,39,0
45,Female,White,Married-civ-spouse,5,86644,Bachelors,Local-gov,Prof-specialty,0,0,55,39,0
22,Male,White,Never-married,3,195179,Some-college,Private,Sales,0,0,24,39,0
46,Male,Black,Married-civ-spouse,0,319163,HS-grad,Private,Craft-repair,0,0,40,39,0
23,Male,White,Never-married,3,260254,HS-grad,Private,Sales,0,0,40,39,0
57,Female,White,Widowed,4,173580,Some-college,Private,Machine-op-inspct,0,0,40,39,0
26,Female,White,Never-married,1,288592,HS-grad,Private,Adm-clerical,0,0,40,39,0
21,Male,White,Married-civ-spouse,0,165475,HS-grad,Private,Machine-op-inspct,0,0,40,39,0
61,Male,White,Married-civ-spouse,0,175032,HS-grad,Other,Other,0,0,40,39,0
38,Female,White,Divorced,1,220783,HS-grad,Private,Other-service,0,0,20,39,0
50,Male,White,Married-civ-spouse,0,87263,HS-grad,Other,Other,0,0,55,39,1
35,Male,White,Married-civ-spouse,0,143058,HS-grad,Private,Machine-op-inspct,0,0,60,39,1
37,Male,White,Married-civ-spouse,0,218955,HS-grad,Private,Other-service,0,0,40,39,0
26,Male,White,Never-married,1,34112,Assoc-voc,Private,Other-service,0,0,40,39,0
33,Male,White,Never-married,1,223046,HS-grad,Self-emp-not-inc,Craft-repair,0,0,40,39,0
37,Female,White,Divorced,4,270059,Some-college,Private,Adm-clerical,25236,0,25,39,1
37,Male,White,Married-civ-spouse,0,202950,HS-grad,Private,Transport-moving,0,0,40,39,1
32,Male,White,Married-civ-spouse,0,193042,Bachelors,Private,Sales,0,0,44,39,0
28,Male,White,Never-married,4,112403,HS-grad,Private,Craft-repair,2354,0,40,39,0
61,Male,White,Married-civ-spouse,0,71467,HS-grad,Other,Other,3103,0,40,39,1
43,Male,White,Never-married,3,211450,HS-grad,Federal-gov,Adm-clerical,0,0,40,39,0
40,Male,White,Married-civ-spouse,0,347890,Bachelors,Private,Prof-specialty,0,0,40,39,1
33,Male,Asian-Pac-Islander,Never-married,1,96635,Some-college,Private,Sales,0,0,26,35,0
34,Female,White,Married-civ-spouse,5,169527,Some-college,Private,Sales,4386,0,20,39,0
45,Female,White,Divorced,1,135044,HS-grad,Private,Machine-op-inspct,0,0,40,39,0
29,Male,Asian-Pac-Islander,Married-civ-spouse,0,190450,HS-grad,Self-emp-inc,Sales,0,0,40,11,0
26,Male,White,Married-civ-spouse,0,208326,HS-grad,Private,Exec-managerial,3942,0,45,39,0
38,Male,White,Married-civ-spouse,0,234962,HS-grad,Private,Handlers-cleaners,2829,0,30,26,0
19,Female,White,Never-married,2,175652,11th,Private,Other-service,0,0,15,39,0
65,Male,White,Divorced,1,213477,Masters,Private,Sales,0,0,28,39,0
52,Male,White,Divorced,4,99736,Masters,Private,Prof-specialty,15020,0,50,39,1
69,Male,White,Married-civ-spouse,0,262352,Some-college,Other,Other,0,0,32,39,0
19,Male,White,Never-married,3,250639,Some-college,Private,Other-service,0,0,24,39,0
62,Male,White,Married-civ-spouse,0,39630,HS-grad,Self-emp-not-inc,Sales,0,0,40,39,0
35,Male,White,Married-civ-spouse,0,125933,Bachelors,Private,Craft-repair,0,0,50,39,1
28,Male,White,Never-married,1,203260,Bachelors,Other,Other,0,0,8,39,0
31,Male,White,Married-civ-spouse,0,73585,Assoc-voc,Private,Prof-specialty,0,0,45,39,0
40,Female,White,Married-civ-spouse,5,223934,Some-college,Private,Adm-clerical,0,0,17,39,1
17,Female,Black,Never-married,3,143791,10th,Private,Other-service,0,0,12,39,0
19,Female,White,Never-married,4,263224,11th,Other,Other,0,0,30,39,0
62,Female,White,Divorced,1,167652,Assoc-voc,Private,Sales,0,0,40,39,0
70,Male,White,Never-married,1,345339,Bachelors,State-gov,Exec-managerial,0,0,40,39,0
30,Female,Amer-Indian-Eskimo,Never-married,3,67187,HS-grad,Private,Handlers-cleaners,0,0,8,39,0
18,Female,White,Never-married,3,189924,HS-grad,Private,Sales,0,0,24,39,0
32,Male,White,Married-civ-spouse,0,309513,HS-grad,Private,Craft-repair,0,0,50,39,0
28,Male,White,Never-married,3,120475,HS-grad,Private,Other-service,0,0,20,39,0
24,Female,White,Never-married,3,134181,Bachelors,Local-gov,Prof-specialty,0,0,50,39,0
51,Male,White,Married-civ-spouse,0,240358,HS-grad,Local-gov,Protective-serv,0,0,40,39,1
20,Female,White,Never-married,3,289944,Some-college,Private,Other-service,0,0,25,39,0
42,Female,White,Married-civ-spouse,5,190543,Some-college,Private,Tech-support,0,0,40,39,1
34,Male,White,Never-married,3,85355,Bachelors,Private,Adm-clerical,0,0,40,39,0
42,Male,White,Never-married,1,162003,Doctorate,Private,Prof-specialty,0,0,36,39,1
18,Male,White,Never-married,3,191117,11th,Other,Other,0,0,25,39,0
35,Male,White,Married-civ-spouse,0,169809,Bachelors,Other,Other,0,0,20,39,0
59,Female,White,Divorced,1,176317,10th,Federal-gov,Other-service,0,0,37,39,0
35,Female,Black,Never-married,4,451940,HS-grad,Other,Other,0,0,40,39,0
31,Male,White,Married-civ-spouse,0,113543,Some-college,Private,Other-service,0,0,40,39,1
63,Female,White,Widowed,4,795830,1st-4th,Self-emp-not-inc,Other-service,0,0,30,8,0
26,Male,White,Never-married,1,242768,Bachelors,Private,Prof-specialty,0,0,38,39,0
42,Male,White,Married-civ-spouse,0,99554,Some-college,Local-gov,Transport-moving,0,0,40,39,0
51,Male,Black,Married-civ-spouse,0,293802,5th-6th,Private,Handlers-cleaners,0,0,52,39,0
54,Male,White,Married-civ-spouse,0,280292,Some-college,Private,Sales,0,0,32,39,0
52,Female,White,Separated,1,192065,Some-college,Federal-gov,Exec-managerial,0,0,40,39,0
34,Female,White,Married-spouse-absent,1,28053,Bachelors,Private,Adm-clerical,0,0,25,39,0
26,Female,White,Never-married,3,183077,Assoc-voc,Private,Adm-clerical,0,0,40,39,0
23,Female,White,Divorced,1,283806,9th,Other,Other,0,0,35,39,0
28,Male,White,Never-married,4,499001,HS-grad,Private,Craft-repair,0,0,40,26,0
53,Male,White,Married-civ-spouse,0,424079,Masters,Private,Exec-managerial,15024,0,55,39,1
43,Male,White,Married-civ-spouse,0,174295,Masters,Private,Prof-specialty,0,0,55,39,0
46,Male,White,Married-civ-spouse,0,162187,Bachelors,Federal-gov,Prof-specialty,0,0,40,39,1
23,Male,Black,Never-married,3,394612,Bachelors,Private,Tech-support,0,0,40,39,0
27,Male,White,Never-married,3,132686,12th,Private,Machine-op-inspct,0,0,50,39,0
56,Male,White,Married-civ-spouse,0,193453,Bachelors,Private,Prof-specialty,0,1902,65,39,1
24,Male,White,Married-civ-spouse,0,454941,HS-grad,Private,Craft-repair,0,0,40,39,0
32,Female,Black,Divorced,4,267161,Bachelors,Self-emp-not-inc,Exec-managerial,0,0,30,39,0
22,Female,White,Never-married,3,103277,Some-college,Private,Adm-clerical,0,0,20,39,0
20,Male,White,Never-married,3,287681,Some-college,Other,Other,0,0,36,39,0
28,Male,White,Divorced,1,227104,Some-college,Private,Sales,0,0,30,39,0
26,Female,White,Never-married,3,359543,Bachelors,Private,Adm-clerical,0,0,40,26,0
59,Male,White,Married-civ-spouse,0,304779,7th-8th,Private,Machine-op-inspct,0,0,40,39,0
30,Male,Black,Separated,2,423064,HS-grad,Federal-gov,Adm-clerical,0,0,35,39,0
34,Female,White,Married-civ-spouse,5,188900,Bachelors,Private,Exec-managerial,0,0,40,39,0
55,Male,White,Married-civ-spouse,0,102058,Bachelors,Private,Exec-managerial,0,0,50,39,1
42,Male,Black,Married-civ-spouse,0,172148,Some-college,Private,Adm-clerical,0,0,40,39,0
33,Female,Black,Never-married,4,221324,Assoc-voc,Private,Machine-op-inspct,0,0,40,39,0
46,Male,Black,Married-civ-spouse,0,563883,HS-grad,Private,Craft-repair,0,0,60,39,1
49,Male,White,Married-civ-spouse,0,242987,Bachelors,Private,Prof-specialty,0,0,40,4,0
43,Female,White,Divorced,4,94937,Bachelors,Federal-gov,Adm-clerical,0,0,40,39,0
21,Female,White,Never-married,3,124242,Some-college,Other,Other,0,0,40,39,0
52,Male,White,Married-civ-spouse,0,159670,Assoc-acdm,Private,Exec-managerial,0,0,40,39,0
47,Female,White,Divorced,4,169092,Masters,Private,Prof-specialty,0,0,50,39,1
42,Male,White,Married-civ-spouse,0,277256,Doctorate,Self-emp-inc,Prof-specialty,0,1977,60,39,1
41,Male,White,Never-married,1,197344,HS-grad,Private,Craft-repair,0,0,54,39,0
45,Male,White,Divorced,1,185397,Assoc-acdm,Private,Craft-repair,0,0,40,39,0
37,Female,White,Never-married,1,324019,Assoc-acdm,Private,Adm-clerical,0,0,40,39,0
23,Female,White,Never-married,1,615367,Bachelors,Private,Sales,0,0,40,39,0
26,Female,White,Never-married,3,357933,Some-college,Private,Adm-clerical,0,0,15,39,0
41,Male,White,Married-civ-spouse,0,134130,HS-grad,Self-emp-not-inc,Farming-fishing,0,0,60,39,0
76,Male,White,Married-civ-spouse,0,152802,Some-college,Other,Other,0,0,8,39,0
62,Female,White,Divorced,1,116812,Some-college,Private,Adm-clerical,0,0,40,39,0
46,Female,White,Never-married,1,27669,HS-grad,Private,Other-service,0,0,28,39,0
31,Female,Black,Never-married,1,231569,Bachelors,Private,Sales,0,0,50,39,0
21,Female,White,Never-married,1,258490,Some-college,State-gov,Prof-specialty,0,0,20,39,0
35,Male,Black,Divorced,1,240458,11th,Private,Craft-repair,0,0,40,39,0
38,Male,Black,Divorced,4,233717,Some-college,Private,Exec-managerial,0,0,60,39,0
29,Male,White,Separated,1,110663,HS-grad,Self-emp-not-inc,Craft-repair,0,0,35,39,0
39,Female,White,Married-civ-spouse,5,219483,Bachelors,Private,Prof-specialty,5013,0,32,39,0
67,Female,White,Widowed,1,183374,HS-grad,Other,Other,2329,0,15,39,0
29,Female,White,Never-married,1,151476,Assoc-voc,Self-emp-not-inc,Adm-clerical,2174,0,40,39,0
19,Female,White,Never-married,2,232392,HS-grad,Private,Other-service,0,0,40,39,0
29,Female,White,Never-married,1,193125,HS-grad,Private,Machine-op-inspct,0,0,40,39,0
52,Male,White,Married-civ-spouse,0,84278,Some-college,Private,Exec-managerial,7688,0,55,0,1
33,Female,Black,Never-married,4,202822,7th-8th,Private,Other-service,0,0,14,38,0
37,Male,White,Married-civ-spouse,0,201531,HS-grad,Private,Farming-fishing,0,0,40,39,0
36,Male,White,Divorced,1,113481,HS-grad,Private,Craft-repair,0,0,40,39,0
37,Male,White,Married-civ-spouse,0,127772,Bachelors,Private,Exec-managerial,0,0,50,39,1
26,Male,White,Divorced,3,393728,Some-college,Federal-gov,Adm-clerical,0,0,24,39,0
27,Female,White,Widowed,4,216481,Some-college,Private,Adm-clerical,0,0,40,39,0
48,Male,White,Married-civ-spouse,0,109275,Some-college,Private,Exec-managerial,0,0,40,39,0
55,Male,White,Married-civ-spouse,0,319733,HS-grad,Self-emp-not-inc,Craft-repair,0,0,40,39,0
25,Male,White,Never-married,1,308144,Bachelors,Private,Craft-repair,0,0,40,26,0
28,Female,White,Never-married,1,376302,HS-grad,Private,Sales,0,0,45,39,0
20,Male,White,Never-married,3,168165,Some-college,Private,Other-service,0,0,30,39,0
45,Male,White,Never-married,1,197332,Bachelors,Local-gov,Exec-managerial,0,0,40,39,0
29,Male,White,Married-civ-spouse,0,114224,Bachelors,Private,Prof-specialty,0,0,40,39,1
25,Female,White,Never-married,3,124111,Bachelors,Private,Adm-clerical,0,0,40,39,0
50,Male,White,Married-civ-spouse,0,176924,10th,Private,Craft-repair,0,0,38,39,0
39,Male,White,Divorced,1,117381,Some-college,Private,Transport-moving,0,0,65,39,0
34,Male,Black,Never-married,3,511361,Some-college,Private,Other-service,0,0,40,39,0
30,Male,White,Married-civ-spouse,2,345705,Some-college,Private,Exec-managerial,0,0,40,39,0
43,Male,White,Married-civ-spouse,0,115562,HS-grad,Federal-gov,Machine-op-inspct,0,0,40,39,0
51,Male,White,Married-civ-spouse,0,306784,HS-grad,Federal-gov,Craft-repair,4386,0,40,39,1
45,Female,White,Divorced,1,99385,HS-grad,Private,Adm-clerical,0,0,40,2,0
25,Female,Black,Never-married,1,404951,Bachelors,Private,Exec-managerial,0,0,38,39,0
32,Female,Black,Divorced,3,105938,HS-grad,Private,Machine-op-inspct,0,0,40,39,0
63,Male,White,Married-civ-spouse,0,147140,7th-8th,Self-emp-not-inc,Farming-fishing,0,0,60,39,1
20,Male,White,Never-married,3,54012,HS-grad,Private,Handlers-cleaners,0,0,40,39,0
52,Male,White,Married-civ-spouse,0,170562,12th,Private,Craft-repair,0,0,40,39,0
27,Female,Asian-Pac-Islander,Never-married,3,288229,Bachelors,Private,Adm-clerical,0,0,50,25,0
54,Male,White,Married-civ-spouse,0,285854,HS-grad,Private,Transport-moving,0,0,40,39,1
49,Female,Black,Never-married,4,48120,HS-grad,Private,Transport-moving,1506,0,40,39,0
32,Male,White,Married-civ-spouse,0,286689,Assoc-acdm,Private,Tech-support,0,0,42,39,1
41,Female,White,Divorced,4,206878,HS-grad,Private,Other-service,0,0,32,39,0
28,Female,White,Separated,3,220754,HS-grad,Local-gov,Transport-moving,0,0,25,39,0
21,Male,White,Never-married,3,143062,HS-grad,Private,Machine-op-inspct,0,0,40,39,0
34,Male,White,Never-married,1,467108,Some-college,Private,Prof-specialty,0,0,50,39,1
34,Male,White,Never-married,3,198103,HS-grad,Private,Transport-moving,0,1980,40,39,0
19,Male,White,Never-married,1,39026,HS-grad,Private,Other-service,0,0,30,39,0
50,Male,White,Married-civ-spouse,0,421132,HS-grad,Private,Craft-repair,0,0,40,39,0
46,Female,White,Divorced,1,154430,Masters,Private,Exec-managerial,0,0,50,39,1
45,Male,White,Married-civ-spouse,0,101977,Some-college,Private,Sales,0,0,45,39,0
64,Female,White,Divorced,1,46087,Bachelors,Private,Exec-managerial,0,0,50,39,0
55,Female,White,Never-married,1,264834,Bachelors,Federal-gov,Prof-specialty,0,0,40,39,0
20,Male,White,Never-married,1,224217,HS-grad,Private,Transport-moving,0,0,40,39,0
24,Male,White,Never-married,1,39615,Bachelors,Private,Sales,0,0,45,39,0
20,Female,White,Never-married,3,167787,Some-college,Private,Sales,0,0,20,39,0
37,Male,White,Married-civ-spouse,0,113750,Bachelors,Private,Handlers-cleaners,0,0,40,39,0
41,Male,White,Married-civ-spouse,0,242089,Masters,Private,Exec-managerial,0,0,45,39,0
37,Male,White,Married-civ-spouse,0,188774,Bachelors,Private,Adm-clerical,0,0,40,39,0
39,Male,White,Married-civ-spouse,0,451059,9th,Private,Handlers-cleaners,0,0,40,39,0
79,Male,White,Married-civ-spouse,0,84979,Assoc-voc,Self-emp-not-inc,Sales,0,0,20,39,1
18,Male,Black,Never-married,1,35065,HS-grad,Private,Transport-moving,0,0,35,39,0
27,Female,White,Never-married,1,347513,Some-college,Private,Adm-clerical,0,0,40,39,0
39,Female,White,Never-married,1,163278,Some-college,Local-gov,Adm-clerical,2202,0,44,39,0
24,Female,White,Never-married,3,176178,Assoc-acdm,Local-gov,Prof-specialty,0,0,2,39,0
23,Female,White,Never-married,1,109430,HS-grad,Private,Other-service,0,0,40,39,0
55,Female,White,Divorced,1,193895,HS-grad,Other,Other,0,0,40,9,0
33,Male,White,Divorced,1,288825,HS-grad,Private,Craft-repair,0,2258,84,39,0
45,Male,White,Married-civ-spouse,0,44489,HS-grad,Private,Transport-moving,0,0,45,39,0
49,Female,White,Divorced,1,144396,11th,Private,Exec-managerial,0,0,38,39,0
41,Male,White,Married-civ-spouse,0,83411,HS-grad,Self-emp-not-inc,Exec-managerial,0,0,40,39,1
30,Male,White,Married-civ-spouse,0,203488,Some-college,Private,Machine-op-inspct,0,0,40,39,1
56,Male,White,Married-civ-spouse,0,105363,Bachelors,Private,Exec-managerial,4508,0,40,39,0
52,Female,White,Divorced,4,253784,11th,Private,Other-service,0,0,20,39,0
56,Male,White,Never-married,1,356067,Masters,Self-emp-not-inc,Sales,0,0,16,39,0
50,Female,White,Married-civ-spouse,5,205100,7th-8th,Private,Other-service,0,0,35,0,0
46,Female,White,Divorced,1,230979,Bachelors,Local-gov,Prof-specialty,4787,0,25,39,1
31,Female,White,Divorced,4,74501,HS-grad,Private,Other-service,0,0,30,39,0
18,Female,White,Never-married,3,198087,HS-grad,Private,Sales,0,0,30,39,0
41,Female,White,Divorced,4,132551,Masters,State-gov,Prof-specialty,0,0,35,39,0
46,Male,White,Never-married,1,155664,Some-college,Private,Handlers-cleaners,0,0,40,39,0
72,Female,White,Widowed,1,237229,Assoc-voc,Other,Other,0,0,30,39,0
35,Male,Black,Never-married,1,273558,Some-college,Other,Other,0,0,30,39,0
34,Male,White,Divorced,4,157446,HS-grad,Private,Craft-repair,0,0,45,39,0
58,Male,White,Married-civ-spouse,0,310085,10th,Local-gov,Transport-moving,0,0,40,39,0
27,Female,White,Divorced,4,277760,HS-grad,Private,Exec-managerial,0,0,40,39,0
40,Male,Black,Married-civ-spouse,0,71305,HS-grad,Private,Other-service,0,0,40,39,0
55,Male,White,Divorced,1,35551,HS-grad,Private,Craft-repair,0,0,40,39,0
61,Male,White,Married-civ-spouse,0,180382,5th-6th,Private,Handlers-cleaners,3411,0,45,39,0
50,Female,White,Married-civ-spouse,2,23686,Some-college,Private,Adm-clerical,0,0,35,39,1
48,Female,Black,Never-married,4,217019,HS-grad,Private,Prof-specialty,0,0,28,39,0
48,Male,White,Married-civ-spouse,0,99127,Assoc-acdm,Private,Transport-moving,0,0,45,39,0
51,Male,White,Married-civ-spouse,0,175246,HS-grad,Private,Transport-moving,0,0,50,39,1
36,Male,White,Married-civ-spouse,0,180686,HS-grad,Private,Craft-repair,0,0,45,39,1
43,Male,White,Divorced,1,191196,HS-grad,Private,Other-service,0,0,40,39,0
17,Male,White,Never-married,3,126771,12th,Private,Prof-specialty,0,0,7,39,0
74,Male,White,Widowed,1,199136,Bachelors,Self-emp-not-inc,Craft-repair,15831,0,8,11,1
39,Male,White,Married-civ-spouse,0,122742,Assoc-acdm,Self-emp-inc,Exec-managerial,15024,0,55,39,1
32,Male,White,Married-civ-spouse,0,127451,Some-college,Private,Prof-specialty,0,0,38,39,1
25,Female,White,Never-married,1,31873,Bachelors,Local-gov,Adm-clerical,0,0,40,39,0
45,Male,White,Married-civ-spouse,0,331482,Bachelors,Private,Prof-specialty,0,0,50,39,0
21,Male,White,Never-married,2,369084,Some-college,Other,Other,0,0,10,39,0
20,Male,Asian-Pac-Islander,Never-married,2,86143,Some-college,Private,Other-service,0,0,30,39,0
31,Male,White,Married-civ-spouse,0,149507,12th,Private,Craft-repair,0,0,43,39,0
23,Male,White,Never-married,3,240063,Bachelors,Private,Machine-op-inspct,0,0,25,39,0
38,Female,White,Divorced,1,166585,Bachelors,Private,Exec-managerial,0,0,55,39,0
28,Male,White,Never-married,1,287268,Some-college,Private,Other-service,0,0,35,39,0
29,Male,White,Never-married,2,240172,Bachelors,Self-emp-not-inc,Exec-managerial,0,0,50,39,0
54,Male,White,Married-civ-spouse,0,383365,Bachelors,Self-emp-inc,Sales,0,0,70,39,1
26,Male,White,Never-married,1,109240,Bachelors,Self-emp-inc,Exec-managerial,0,0,50,39,0
62,Male,White,Married-civ-spouse,0,97017,Some-college,Private,Craft-repair,0,0,45,39,0
23,Male,White,Divorced,1,188535,7th-8th,Never-worked,Other,0,0,35,39,0
65,Female,White,Married-civ-spouse,5,117162,Assoc-voc,Other,Other,0,0,56,39,1
40,Female,Black,Divorced,1,507086,HS-grad,Other,Other,0,0,32,39,0
30,Male,White,Married-civ-spouse,0,87418,Bachelors,Private,Exec-managerial,0,0,45,39,1
66,Male,Black,Separated,1,271567,HS-grad,Private,Machine-op-inspct,0,0,40,39,0
40,Male,White,Never-married,1,209040,HS-grad,Private,Other-service,0,0,40,39,0
47,Male,White,Divorced,1,196707,Prof-school,Private,Adm-clerical,0,0,40,39,0
30,Male,White,Married-civ-spouse,0,199539,HS-grad,State-gov,Adm-clerical,0,1902,40,39,0
23,Male,White,Never-married,1,455361,HS-grad,Private,Other-service,0,0,40,13,0
52,Female,White,Divorced,4,117496,Bachelors,Private,Prof-specialty,0,1755,40,39,1
24,Female,White,Never-married,3,213902,7th-8th,Private,Priv-house-serv,0,0,32,8,0
23,Male,White,Married-civ-spouse,2,200089,Some-college,Private,Craft-repair,0,0,40,8,0
44,Female,Asian-Pac-Islander,Married-civ-spouse,5,159297,HS-grad,Private,Exec-managerial,0,0,40,0,1
26,Male,Black,Married-civ-spouse,0,181597,Some-college,Private,Machine-op-inspct,0,0,40,39,0
44,Male,White,Never-married,1,43711,Bachelors,Private,Other-service,0,0,48,39,0
36,Male,White,Divorced,1,192614,HS-grad,Private,Machine-op-inspct,0,0,56,39,0
38,Male,White,Married-civ-spouse,0,170020,HS-grad,Private,Machine-op-inspct,3137,0,45,39,0
33,Male,White,Married-civ-spouse,0,65278,Bachelors,Private,Exec-managerial,0,0,40,39,1
21,Male,Black,Never-married,3,372636,HS-grad,Private,Sales,0,0,40,39,0
39,Male,White,Never-married,1,65324,Prof-school,Federal-gov,Prof-specialty,0,0,55,39,1
31,Male,White,Married-civ-spouse,0,48588,Some-college,Private,Craft-repair,0,0,40,39,0
33,Male,White,Married-civ-spouse,0,33117,Assoc-acdm,Private,Protective-serv,0,0,40,39,0
30,Male,Black,Married-civ-spouse,0,541343,10th,Private,Other-service,0,0,40,39,0
44,Male,White,Married-civ-spouse,0,115932,Assoc-acdm,Private,Prof-specialty,0,0,40,39,0
24,Female,White,Never-married,3,187717,Bachelors,Private,Adm-clerical,0,0,40,39,0
25,Male,White,Never-married,3,182866,HS-grad,Private,Machine-op-inspct,0,0,40,39,0
24,Male,Asian-Pac-Islander,Never-married,3,162312,HS-grad,Private,Sales,0,0,40,35,0
47,Male,White,Married-civ-spouse,0,187563,HS-grad,Private,Machine-op-inspct,0,0,40,39,0
34,Male,White,Married-civ-spouse,0,204461,Masters,State-gov,Prof-specialty,0,0,50,39,1
33,Male,Black,Never-married,1,252168,Some-college,Private,Other-service,0,0,40,39,0
27,Female,Black,Never-married,2,191782,HS-grad,Private,Other-service,0,0,30,39,0
36,Male,White,Never-married,1,133569,1st-4th,Private,Farming-fishing,0,0,40,26,0
52,Male,Black,Married-civ-spouse,0,416059,Bachelors,Private,Prof-specialty,0,0,40,39,1
45,Male,White,Never-married,1,121124,Prof-school,Self-emp-inc,Craft-repair,0,0,50,39,1
61,Male,White,Married-civ-spouse,0,115023,HS-grad,Local-gov,Other-service,0,0,40,39,0
26,Male,White,Married-civ-spouse,0,247006,HS-grad,Private,Exec-managerial,0,0,52,39,0
65,Female,White,Divorced,1,176796,HS-grad,Private,Adm-clerical,0,0,40,39,0
33,Male,Black,Never-married,1,123157,HS-grad,Private,Other-service,0,0,38,39,0
56,Male,White,Married-civ-spouse,0,143266,Some-college,Private,Exec-managerial,0,0,40,39,1
26,Male,White,Never-married,3,152240,Some-college,Private,Machine-op-inspct,0,0,40,39,0
64,Male,White,Married-civ-spouse,0,391121,7th-8th,Private,Farming-fishing,0,0,40,39,1
39,Male,White,Married-civ-spouse,0,154641,Bachelors,Private,Exec-managerial,0,0,45,39,1
36,Male,White,Never-married,1,150371,HS-grad,Self-emp-not-inc,Craft-repair,0,0,40,39,0
47,Male,White,Married-civ-spouse,0,70943,HS-grad,Private,Machine-op-inspct,5178,0,40,39,1
28,Male,White,Never-married,2,221215,10th,Private,Handlers-cleaners,0,0,40,26,0
24,Female,White,Married-civ-spouse,5,133586,Bachelors,State-gov,Exec-managerial,0,0,40,39,0
46,Male,White,Married-civ-spouse,0,74895,Assoc-acdm,Private,Craft-repair,0,1485,55,39,0
29,Male,White,Married-civ-spouse,0,114801,Some-college,Private,Exec-managerial,0,0,40,39,0
45,Male,White,Married-civ-spouse,0,205424,Some-college,Private,Sales,0,0,65,39,1
42,Male,White,Married-civ-spouse,0,222596,HS-grad,Local-gov,Craft-repair,0,0,40,39,1
18,Male,White,Never-married,3,79990,11th,Other,Other,0,0,35,39,0
19,Male,Amer-Indian-Eskimo,Never-married,3,29798,12th,Private,Handlers-cleaners,0,0,20,39,0
32,Male,Black,Married-civ-spouse,0,447066,Bachelors,Private,Sales,15024,0,50,39,1
52,Male,Amer-Indian-Eskimo,Married-civ-spouse,0,282674,HS-grad,Private,Transport-moving,0,0,40,39,1
47,Male,White,Married-civ-spouse,0,120131,Bachelors,Self-emp-inc,Exec-managerial,0,0,50,5,1
31,Male,White,Married-civ-spouse,0,49923,HS-grad,Private,Transport-moving,0,0,40,39,0
41,Male,White,Married-civ-spouse,0,192779,7th-8th,Private,Other-service,0,0,40,0,0
25,Female,White,Never-married,3,178478,Bachelors,Private,Tech-support,0,0,40,39,0
37,Male,White,Married-civ-spouse,0,212005,Assoc-voc,Local-gov,Exec-managerial,0,0,40,39,1
23,Male,White,Never-married,4,353010,11th,Private,Craft-repair,0,0,35,39,0
30,Male,White,Married-civ-spouse,0,231413,Some-college,Private,Craft-repair,0,0,40,39,1
32,Male,Asian-Pac-Islander,Divorced,4,180303,Bachelors,Self-emp-not-inc,Craft-repair,0,0,47,20,0
49,Male,White,Married-civ-spouse,0,348751,7th-8th,Private,Machine-op-inspct,0,0,40,39,0
34,Female,White,Never-married,1,296724,Some-college,Private,Exec-managerial,0,0,17,39,0
58,Male,White,Married-civ-spouse,0,265086,Bachelors,Private,Exec-managerial,0,0,50,39,1
22,Female,Amer-Indian-Eskimo,Married-civ-spouse,3,31387,Bachelors,Private,Adm-clerical,2885,0,25,39,0
20,Male,Other,Never-married,3,100605,HS-grad,Private,Sales,0,0,40,33,0
41,Male,White,Married-civ-spouse,0,29762,Some-college,Private,Craft-repair,0,0,60,39,0
23,Female,White,Never-married,3,156423,Bachelors,State-gov,Prof-specialty,0,0,20,39,0
37,Male,White,Divorced,4,301070,HS-grad,Private,Farming-fishing,0,0,45,39,0
25,Male,White,Married-civ-spouse,1,404616,Masters,Private,Farming-fishing,0,0,99,39,1
35,Female,White,Married-civ-spouse,5,189916,Bachelors,Private,Sales,0,0,30,39,1
28,Female,White,Never-married,1,96337,Some-college,Private,Adm-clerical,0,0,40,39,0
43,Male,White,Married-civ-spouse,0,238530,HS-grad,Private,Craft-repair,0,0,40,39,0
62,Male,White,Married-civ-spouse,0,144583,HS-grad,Other,Other,0,0,40,39,0
28,Male,White,Never-married,3,211032,Some-college,Private,Adm-clerical,0,0,40,39,0
55,Male,White,Divorced,1,337599,Some-college,State-gov,Adm-clerical,0,0,40,39,0
53,Male,White,Married-civ-spouse,0,203173,Assoc-voc,Private,Exec-managerial,0,0,45,39,0
24,Male,White,Never-married,3,247734,Bachelors,Other,Other,0,0,30,39,0
18,Male,White,Never-married,3,200876,11th,Private,Transport-moving,0,0,16,39,0
59,Male,White,Married-civ-spouse,0,32552,Bachelors,Private,Craft-repair,0,0,4,39,0
25,Male,White,Married-civ-spouse,0,221757,HS-grad,Private,Machine-op-inspct,0,0,40,39,0
34,Male,White,Married-civ-spouse,0,195602,Assoc-acdm,Private,Craft-repair,0,0,44,39,0
54,Male,White,Married-civ-spouse,0,141663,HS-grad,Private,Adm-clerical,0,0,40,39,1
20,Male,White,Never-married,2,164775,5th-6th,Private,Handlers-cleaners,0,0,40,13,0
45,Female,White,Divorced,4,102076,Some-college,Private,Prof-specialty,0,0,32,39,0
42,Male,White,Married-civ-spouse,0,293791,Bachelors,State-gov,Exec-managerial,0,0,50,39,1
45,Male,White,Divorced,4,182541,Some-college,Private,Machine-op-inspct,0,0,48,39,0
20,Male,White,Never-married,3,258298,Some-college,Private,Handlers-cleaners,0,0,20,39,0
34,Male,White,Married-civ-spouse,0,179877,Some-college,Private,Machine-op-inspct,0,0,40,39,1
19,Male,White,Never-married,3,307837,Some-college,Other,Other,0,0,40,39,0
36,Male,Asian-Pac-Islander,Married-civ-spouse,0,98037,Assoc-voc,State-gov,Other-service,0,0,40,39,0
30,Male,White,Never-married,1,206512,Bachelors,Private,Exec-managerial,0,0,44,39,0
35,Male,White,Married-civ-spouse,0,157473,HS-grad,Self-emp-not-inc,Craft-repair,0,0,40,39,0
24,Male,White,Never-married,1,69640,Some-college,Local-gov,Protective-serv,0,0,40,39,0
50,Male,White,Married-civ-spouse,0,279461,Some-college,Private,Transport-moving,0,0,40,39,1
80,Male,White,Never-married,4,26865,7th-8th,Self-emp-not-inc,Farming-fishing,0,0,20,39,0
58,Male,White,Married-civ-spouse,0,205410,HS-grad,Private,Machine-op-inspct,0,0,40,39,0
22,Female,Black,Never-married,3,234474,Some-college,Private,Adm-clerical,0,0,25,39,0
35,Female,White,Married-spouse-absent,4,200426,Assoc-voc,Private,Prof-specialty,0,0,44,39,0
39,Male,Asian-Pac-Islander,Married-civ-spouse,0,80638,Some-college,Private,Other-service,0,0,84,39,1
42,Female,Black,Divorced,1,183384,Some-college,Private,Adm-clerical,0,0,40,39,0
74,Female,White,Widowed,1,180455,Bachelors,Private,Other-service,0,0,8,39,0
26,Female,Asian-Pac-Islander,Never-married,3,150553,Bachelors,Local-gov,Adm-clerical,0,0,50,39,0
17,Female,White,Never-married,3,200199,11th,Private,Sales,0,0,35,39,0
22,Male,White,Never-married,3,157145,Assoc-voc,Private,Craft-repair,0,0,50,39,0
46,Male,White,Married-civ-spouse,0,35969,Bachelors,Private,Exec-managerial,0,0,51,39,0
26,Male,White,Married-civ-spouse,0,102476,Bachelors,Private,Exec-managerial,0,0,40,39,0
52,Female,White,Separated,4,301229,Assoc-voc,Private,Sales,0,0,40,39,0
51,Male,White,Married-civ-spouse,0,154342,Masters,Private,Prof-specialty,7688,0,45,39,1
31,Male,White,Never-married,3,186787,HS-grad,Private,Craft-repair,0,0,42,39,0
33,Male,White,Married-civ-spouse,0,250782,HS-grad,Private,Machine-op-inspct,0,0,48,39,0
31,Female,White,Divorced,1,26401,Masters,State-gov,Adm-clerical,0,0,25,39,0
32,Male,White,Never-married,1,398988,Bachelors,Private,Exec-managerial,0,0,40,39,0
21,Male,White,Never-married,3,214635,Some-college,Other,Other,0,0,24,39,0
25,Male,White,Never-married,2,250038,9th,Private,Farming-fishing,0,0,45,26,0
31,Male,White,Married-civ-spouse,0,246439,Some-college,Private,Craft-repair,0,0,45,39,0
20,Female,Black,Never-married,3,232799,HS-grad,Other,Other,0,0,25,39,0
17,Male,White,Never-married,3,224073,11th,Private,Sales,0,0,20,39,0
63,Male,White,Married-civ-spouse,0,66634,9th,Private,Craft-repair,0,0,16,39,0
39,Male,White,Married-civ-spouse,0,113151,Bachelors,Private,Sales,0,0,55,39,0
25,Male,White,Never-married,3,197036,10th,Private,Craft-repair,0,0,40,39,0
28,Male,Amer-Indian-Eskimo,Married-civ-spouse,0,76313,Some-college,Private,Craft-repair,0,0,60,39,0
40,Male,White,Married-civ-spouse,0,153031,Masters,Local-gov,Prof-specialty,7298,0,35,39,1
28,Male,White,Never-married,3,197484,HS-grad,Private,Handlers-cleaners,0,0,40,39,0
20,Male,Black,Never-married,1,231286,Some-college,Private,Handlers-cleaners,0,0,15,39,0
46,Male,White,Married-civ-spouse,0,328216,HS-grad,Private,Craft-repair,0,0,40,39,1
21,Female,Asian-Pac-Islander,Never-married,2,78374,HS-grad,Other,Other,0,0,24,39,0
29,Male,Black,Never-married,1,142760,HS-grad,Private,Handlers-cleaners,0,0,40,39,0
52,Male,White,Never-married,4,237868,Some-college,Self-emp-not-inc,Adm-clerical,0,0,5,39,0
40,Male,White,Married-civ-spouse,0,212847,Some-college,Private,Machine-op-inspct,0,2179,40,39,0
21,Female,White,Never-married,3,194096,Some-college,Private,Other-service,0,0,40,39,0
22,Male,Black,Never-married,3,130724,Some-college,Private,Sales,0,0,25,39,0
39,Male,White,Married-civ-spouse,0,91711,Masters,Private,Exec-managerial,0,0,40,39,1
41,Female,White,Married-civ-spouse,5,114580,Prof-school,Self-emp-inc,Exec-managerial,0,2415,55,39,1
51,Male,White,Married-civ-spouse,0,162238,Masters,Private,Exec-managerial,0,1887,47,39,1
33,Male,Other,Never-married,1,142383,Assoc-acdm,Private,Sales,0,0,36,39,0
41,Male,White,Married-civ-spouse,0,347653,Prof-school,Private,Prof-specialty,0,1977,50,39,1
17,Male,Amer-Indian-Eskimo,Never-married,3,27415,11th,Private,Handlers-cleaners,0,0,20,39,0
29,Female,White,Divorced,4,168015,HS-grad,Private,Machine-op-inspct,0,0,40,39,0
39,Female,White,Never-married,1,140477,HS-grad,Private,Machine-op-inspct,0,0,10,39,0
41,Male,White,Separated,1,184378,HS-grad,Private,Craft-repair,0,0,40,39,0
20,Female,White,Never-married,3,33221,Some-college,Private,Other-service,0,0,25,39,0
30,Male,White,Married-civ-spouse,0,111415,HS-grad,Private,Other-service,0,0,55,11,0
46,Male,White,Married-civ-spouse,0,224202,Some-college,Private,Sales,0,0,50,39,0
56,Male,White,Married-civ-spouse,0,119891,Some-college,Self-emp-inc,Exec-managerial,0,1672,40,39,0
22,Male,Black,Never-married,3,183970,HS-grad,Private,Handlers-cleaners,0,0,40,39,0
23,Male,White,Never-married,3,229826,HS-grad,Private,Machine-op-inspct,0,0,40,39,0
31,Male,White,Married-civ-spouse,0,196125,11th,Private,Craft-repair,0,0,40,39,0
24,Male,White,Never-married,1,91999,Assoc-acdm,Private,Exec-managerial,0,0,20,39,0
28,Female,White,Never-married,1,138283,Assoc-voc,Private,Other-service,0,0,40,39,0
59,Male,White,Married-civ-spouse,0,147989,Some-college,Private,Tech-support,0,0,50,39,1
44,Female,Black,Divorced,4,404599,HS-grad,Federal-gov,Adm-clerical,0,0,40,39,0
18,Male,White,Never-married,3,334676,HS-grad,Private,Handlers-cleaners,0,0,25,39,0
41,Female,White,Divorced,4,173051,Some-college,Local-gov,Other-service,0,0,45,39,0
48,Male,White,Married-civ-spouse,0,202467,Bachelors,Private,Prof-specialty,0,1485,40,39,1
59,Male,White,Married-civ-spouse,0,197290,9th,Local-gov,Other-service,0,0,40,39,0
38,Male,White,Married-civ-spouse,0,80303,Some-college,Private,Sales,0,0,60,39,1
43,Male,Asian-Pac-Islander,Married-civ-spouse,0,242968,Masters,Private,Exec-managerial,0,0,40,19,1
23,Female,White,Never-married,3,163665,Some-college,Private,Sales,0,0,15,39,0
47,Male,White,Divorced,3,117849,Assoc-acdm,Private,Sales,0,0,44,39,0
19,Female,White,Never-married,1,167087,HS-grad,Private,Adm-clerical,0,0,40,39,0
31,Male,Other,Never-married,3,153078,Assoc-acdm,Private,Craft-repair,0,0,50,39,0
26,Male,White,Never-married,1,456618,HS-grad,Private,Other-service,0,0,40,26,0
62,Male,White,Widowed,4,169204,HS-grad,Private,Craft-repair,0,0,40,39,0
60,Female,White,Widowed,1,121127,10th,Private,Sales,0,0,40,39,0
42,Male,White,Married-civ-spouse,0,154374,HS-grad,Private,Transport-moving,0,0,50,39,1
28,Female,White,Never-married,1,108574,Some-college,Private,Other-service,0,0,40,39,0
36,Female,White,Divorced,1,144154,HS-grad,Private,Exec-managerial,0,0,40,39,0
32,Female,Asian-Pac-Islander,Married-civ-spouse,5,102986,5th-6th,Private,Machine-op-inspct,0,0,40,25,1
50,Male,White,Married-civ-spouse,0,321822,Prof-school,Self-emp-inc,Prof-specialty,0,0,75,39,1
42,Male,Other,Married-civ-spouse,0,66755,7th-8th,Private,Craft-repair,0,0,40,39,0
74,Male,White,Widowed,1,194312,9th,Private,Craft-repair,0,0,10,0,0
66,Male,White,Never-married,1,112871,11th,Other,Other,0,0,30,39,0
43,Male,White,Married-civ-spouse,0,201723,Masters,Private,Exec-managerial,0,1902,40,39,1
61,Male,White,Married-civ-spouse,0,163174,Prof-school,Self-emp-not-inc,Prof-specialty,0,0,35,39,1
24,Female,White,Never-married,1,185452,Bachelors,Private,Tech-support,0,0,50,39,0
30,Male,White,Married-civ-spouse,0,340917,Bachelors,Private,Craft-repair,0,0,40,39,0
30,Male,Black,Never-married,1,144593,HS-grad,Private,Other-service,0,0,40,0,0
48,Male,White,Married-civ-spouse,0,174533,HS-grad,Private,Machine-op-inspct,0,0,40,39,0
27,Female,White,Never-married,3,89813,HS-grad,Private,Handlers-cleaners,0,0,40,39,0
35,Male,White,Married-civ-spouse,0,40135,Some-college,Private,Handlers-cleaners,0,2042,40,39,0
18,Male,White,Never-married,3,245274,Some-college,Other,Other,0,0,16,39,0
22,Female,White,Never-married,3,147655,Some-college,Private,Adm-clerical,0,0,40,39,0
35,Female,White,Married-AF-spouse,5,30565,HS-grad,Private,Other-service,0,0,40,39,1
57,Male,White,Married-civ-spouse,0,372020,Some-college,Private,Sales,5013,0,50,39,0
27,Female,Black,Never-married,1,493689,Bachelors,Private,Tech-support,0,0,40,10,0
54,Male,White,Married-civ-spouse,0,57101,HS-grad,Self-emp-not-inc,Craft-repair,0,0,35,39,0
21,Female,White,Never-married,3,163333,Some-college,Private,Other-service,0,0,35,39,0
19,Female,White,Never-married,3,63434,12th,Private,Farming-fishing,0,0,30,39,0
37,Female,White,Married-civ-spouse,5,199251,Some-college,Private,Other-service,0,0,40,39,0
34,Male,White,Never-married,1,175856,Some-college,Local-gov,Craft-repair,0,0,40,39,0
67,Male,White,Married-civ-spouse,0,247566,HS-grad,Private,Protective-serv,0,0,24,39,0
43,Male,White,Never-married,1,416338,Bachelors,Private,Sales,0,0,50,39,0
31,Male,Black,Married-civ-spouse,0,235237,Some-college,Self-emp-not-inc,Sales,0,0,60,39,1
63,Female,White,Married-civ-spouse,5,236338,HS-grad,Private,Sales,0,0,35,39,0
31,Male,White,Married-civ-spouse,0,182177,Bachelors,Private,Other-service,0,0,40,41,0
42,Female,White,Married-civ-spouse,5,147251,Some-college,Private,Prof-specialty,0,0,36,39,0
18,Male,White,Never-married,3,135924,HS-grad,Private,Adm-clerical,0,0,20,39,0
45,Male,White,Married-civ-spouse,0,249935,Bachelors,Private,Farming-fishing,0,0,60,39,0
33,Male,White,Married-civ-spouse,0,127215,Some-college,Private,Sales,0,0,48,39,1
54,Male,White,Married-civ-spouse,0,103345,Assoc-voc,Private,Exec-managerial,0,0,40,39,1
33,Male,Black,Married-civ-spouse,0,165814,HS-grad,Private,Other-service,0,0,40,39,0
55,Male,White,Married-civ-spouse,0,197399,Masters,Private,Exec-managerial,99999,0,55,39,1
45,Male,White,Never-married,1,235891,Assoc-acdm,Federal-gov,Adm-clerical,0,0,40,4,0
23,Female,White,Never-married,1,52566,HS-grad,Private,Adm-clerical,0,0,40,39,0
26,Female,White,Married-civ-spouse,5,221626,HS-grad,Self-emp-not-inc,Other-service,0,1579,20,39,0
22,Male,White,Never-married,4,64520,12th,Private,Transport-moving,0,0,30,39,0
28,Male,White,Never-married,1,54683,Some-college,Self-emp-not-inc,Craft-repair,0,1590,40,39,0
29,Male,Asian-Pac-Islander,Married-civ-spouse,0,128604,HS-grad,Private,Craft-repair,0,0,40,39,0
50,Male,White,Married-spouse-absent,2,196193,Masters,Private,Prof-specialty,0,0,60,0,0
65,Female,Black,Widowed,1,143732,HS-grad,Other,Other,0,0,40,39,0
54,Female,White,Married-civ-spouse,5,319697,Some-college,Private,Prof-specialty,0,0,40,39,0
50,Female,White,Divorced,4,46155,Assoc-voc,Private,Prof-specialty,0,0,40,39,1
42,Male,White,Married-civ-spouse,0,207392,HS-grad,Self-emp-not-inc,Sales,0,0,12,39,0
30,Male,White,Married-civ-spouse,0,154950,Bachelors,Local-gov,Protective-serv,0,0,72,39,1
20,Female,White,Separated,1,369677,10th,Private,Sales,0,0,36,39,0
33,Female,Black,Never-married,1,362747,Some-college,Private,Other-service,0,0,35,39,0
52,Male,White,Married-civ-spouse,0,246936,11th,Private,Other-service,0,0,40,39,0
33,Male,White,Married-civ-spouse,0,261511,HS-grad,Private,Craft-repair,0,0,40,39,0
40,Female,White,Divorced,1,175304,Some-college,State-gov,Sales,0,0,40,39,0
18,Female,White,Never-married,3,60981,10th,Private,Other-service,0,0,30,39,0
19,Female,White,Never-married,3,166153,Some-college,Private,Other-service,0,0,30,39,0
22,Male,White,Never-married,3,216181,11th,Private,Craft-repair,0,0,45,39,0
23,Female,Black,Never-married,1,189072,Bachelors,Private,Tech-support,0,0,45,39,0
31,Male,White,Never-married,3,172865,5th-6th,Private,Farming-fishing,0,0,25,26,0
60,Male,White,Married-civ-spouse,0,26721,Some-college,Private,Craft-repair,0,0,40,39,0
72,Male,Black,Married-civ-spouse,0,53684,Some-college,Private,Protective-serv,0,0,40,39,0
27,Male,White,Married-civ-spouse,0,210498,Some-college,Private,Exec-managerial,0,0,80,39,0
27,Male,White,Never-married,2,178688,Assoc-voc,Private,Craft-repair,0,0,40,39,0
48,Male,White,Divorced,1,36228,HS-grad,Private,Transport-moving,0,0,44,39,0
21,Female,White,Never-married,3,209483,Some-college,Private,Sales,0,0,20,39,0
40,Male,White,Married-civ-spouse,0,126845,Some-college,Private,Adm-clerical,0,0,40,39,1
49,Female,White,Separated,1,186982,Some-college,Private,Exec-managerial,0,0,45,39,1
57,Male,White,Married-civ-spouse,0,296516,Some-college,Other,Other,0,0,50,39,0
32,Male,Asian-Pac-Islander,Married-civ-spouse,0,101709,Bachelors,Private,Prof-specialty,0,0,40,39,1
38,Male,White,Married-civ-spouse,0,376025,7th-8th,Private,Farming-fishing,0,0,40,39,0
44,Female,White,Never-married,1,162108,Bachelors,Private,Prof-specialty,0,0,45,39,0
42,Male,White,Divorced,4,259757,Bachelors,Private,Prof-specialty,0,653,50,39,1
35,Female,White,Divorced,3,204621,Assoc-acdm,Private,Other-service,0,0,40,39,0
50,Female,White,Divorced,4,269095,Bachelors,Private,Exec-managerial,0,0,40,39,1
56,Male,White,Married-civ-spouse,0,200235,Assoc-voc,Private,Craft-repair,0,0,48,39,1
28,Male,White,Married-civ-spouse,0,213152,Bachelors,Private,Adm-clerical,0,0,40,0,1
44,Female,White,Married-spouse-absent,4,231793,Doctorate,Local-gov,Prof-specialty,0,0,38,39,0
45,Male,White,Married-civ-spouse,0,49595,Some-college,Self-emp-not-inc,Exec-managerial,0,0,80,39,0
18,Female,White,Never-married,3,147612,HS-grad,Self-emp-inc,Farming-fishing,0,0,8,39,0
47,Male,Black,Married-civ-spouse,0,185465,HS-grad,Private,Craft-repair,0,0,40,39,0
18,Male,White,Never-married,3,153663,Some-college,Never-worked,Other,0,0,4,39,0
37,Male,White,Married-civ-spouse,0,254202,Bachelors,Private,Sales,0,0,50,39,0
45,Female,White,Divorced,4,340341,Some-college,Private,Adm-clerical,0,0,40,39,0
32,Male,White,Married-civ-spouse,0,110331,HS-grad,Self-emp-inc,Sales,0,0,65,39,1
17,Male,White,Never-married,3,375657,11th,Private,Handlers-cleaners,0,0,30,39,0
40,Male,White,Married-civ-spouse,0,121874,Assoc-acdm,Private,Sales,7688,0,50,39,1
31,Male,Other,Never-married,4,109020,Bachelors,Private,Prof-specialty,0,0,40,39,0
17,Male,White,Never-married,3,174120,12th,Self-emp-not-inc,Handlers-cleaners,0,0,15,39,0
27,Female,Black,Never-married,1,214385,HS-grad,Federal-gov,Adm-clerical,0,0,40,39,0
27,Female,Black,Divorced,4,254500,Some-college,Private,Adm-clerical,0,0,36,39,0
51,Female,Black,Separated,1,141645,Some-college,Private,Exec-managerial,0,0,40,39,0
51,Male,White,Married-civ-spouse,0,184542,HS-grad,Local-gov,Machine-op-inspct,0,0,40,39,0
46,Male,Amer-Indian-Eskimo,Married-civ-spouse,0,147640,5th-6th,Private,Transport-moving,0,1902,40,39,0
50,Male,White,Married-civ-spouse,0,114117,HS-grad,Self-emp-not-inc,Exec-managerial,0,0,32,39,0
25,Male,White,Married-civ-spouse,0,197871,Some-college,Private,Sales,0,0,44,39,1
58,Female,Black,Divorced,1,201112,Some-college,Private,Adm-clerical,0,0,55,39,1
34,Male,White,Married-civ-spouse,0,342709,Masters,Private,Exec-managerial,0,0,40,39,0
36,Female,White,Never-married,1,181589,Bachelors,Private,Adm-clerical,0,0,32,4,0
27,Female,White,Divorced,1,189399,Some-college,Other,Other,0,0,40,39,0
26,Male,White,Married-civ-spouse,0,115717,Some-college,Private,Adm-clerical,0,2051,40,39,0
31,Male,White,Married-civ-spouse,0,119422,HS-grad,Private,Sales,0,0,40,39,0
38,Male,White,Married-civ-spouse,0,220585,HS-grad,Private,Craft-repair,0,0,40,39,0
54,Male,White,Married-civ-spouse,0,291755,Bachelors,Private,Exec-managerial,0,0,45,39,1
35,Male,White,Married-civ-spouse,0,265662,Bachelors,Private,Sales,0,0,40,39,1
33,Male,White,Married-civ-spouse,0,195891,Some-college,Self-emp-not-inc,Exec-managerial,0,0,45,39,0
52,Female,White,Married-civ-spouse,5,74784,Masters,Local-gov,Prof-specialty,0,0,40,39,1
28,Male,White,Married-civ-spouse,0,53063,Bachelors,Private,Exec-managerial,0,0,45,39,0
32,Male,White,Married-civ-spouse,0,148207,Assoc-voc,Private,Craft-repair,0,0,40,39,0
36,Male,White,Never-married,1,175360,Masters,Private,Adm-clerical,13550,0,50,39,1
18,Male,White,Never-married,3,703067,11th,Private,Sales,0,0,20,39,0
36,Female,White,Divorced,4,382635,Bachelors,Local-gov,Adm-clerical,0,0,35,16,0
65,Male,White,Never-married,1,99359,Prof-school,Self-emp-not-inc,Prof-specialty,1086,0,60,39,0
23,Female,White,Never-married,3,309055,Some-college,State-gov,Adm-clerical,0,0,20,39,0
27,Male,Black,Never-married,1,357283,HS-grad,Self-emp-not-inc,Sales,0,0,40,39,0
49,Female,White,Divorced,1,50567,Some-college,Private,Adm-clerical,0,0,32,39,0
38,Male,White,Married-civ-spouse,0,103751,9th,Private,Craft-repair,0,0,40,39,0
54,Female,White,Widowed,4,124194,HS-grad,Private,Other-service,0,0,40,39,0
38,Male,White,Married-civ-spouse,0,247111,HS-grad,Private,Tech-support,0,0,40,39,1
40,Male,White,Never-married,1,236021,Some-college,Private,Exec-managerial,0,0,50,39,0
53,Male,White,Married-civ-spouse,0,183973,11th,Private,Machine-op-inspct,0,0,48,39,1
19,Female,White,Never-married,3,217769,Some-college,Other,Other,594,0,10,39,0
49,Male,White,Married-civ-spouse,0,297884,HS-grad,Private,Machine-op-inspct,4064,0,50,39,0
25,Female,White,Never-married,4,50103,HS-grad,Private,Sales,0,0,40,39,0
35,Male,White,Married-civ-spouse,0,166549,12th,Private,Machine-op-inspct,0,0,40,39,0
20,Male,White,Never-married,3,347292,HS-grad,Other,Other,0,0,32,39,0
36,Female,White,Never-married,4,167691,Some-college,Self-emp-not-inc,Other-service,0,0,50,39,0
31,Female,White,Married-spouse-absent,1,258932,HS-grad,Private,Other-service,0,0,80,22,0
41,Male,White,Married-civ-spouse,0,130760,Bachelors,Federal-gov,Tech-support,0,0,24,39,0
30,Male,White,Married-civ-spouse,0,117944,HS-grad,Self-emp-not-inc,Prof-specialty,0,0,25,39,0
35,Female,Black,Never-married,1,219902,Assoc-voc,Private,Adm-clerical,0,0,40,39,0
39,Male,Asian-Pac-Islander,Separated,1,67136,Assoc-voc,Private,Adm-clerical,0,0,40,39,0
43,Male,White,Married-civ-spouse,0,111895,Bachelors,Private,Prof-specialty,0,0,50,39,1
28,Female,White,Married-civ-spouse,5,195607,HS-grad,Self-emp-not-inc,Sales,0,0,40,39,0
20,Female,White,Divorced,1,47791,12th,Private,Other-service,0,0,10,39,0
22,Female,White,Never-married,3,279802,Some-college,Self-emp-not-inc,Prof-specialty,0,0,3,39,0
24,Female,White,Never-married,2,249385,Bachelors,State-gov,Adm-clerical,0,0,10,39,0
37,Male,White,Married-civ-spouse,0,219546,Assoc-voc,Private,Craft-repair,4386,0,44,39,1
19,Female,White,Never-married,3,357059,HS-grad,Private,Adm-clerical,0,0,35,39,0
62,Female,White,Married-civ-spouse,5,211035,Bachelors,Private,Adm-clerical,0,0,30,39,1
29,Male,White,Never-married,1,176683,Bachelors,Private,Sales,0,0,50,39,1
46,Male,White,Married-civ-spouse,0,214627,Doctorate,Self-emp-inc,Prof-specialty,0,0,60,39,1
26,Female,Asian-Pac-Islander,Never-married,3,60722,Bachelors,Private,Prof-specialty,0,0,40,39,0
40,Female,Black,Widowed,4,308027,HS-grad,Private,Other-service,0,0,40,39,0
38,Male,White,Divorced,3,172571,Some-college,Private,Craft-repair,0,0,58,31,0
34,Male,White,Married-civ-spouse,0,112139,HS-grad,Private,Craft-repair,0,0,40,39,0
20,Male,White,Never-married,3,312017,Some-college,Private,Protective-serv,0,0,40,11,0
51,Female,White,Divorced,4,76437,Some-college,Other,Other,0,0,40,39,0
51,Female,White,Divorced,4,115066,Some-college,Private,Adm-clerical,0,2547,40,39,1
28,Male,White,Married-civ-spouse,0,38918,Some-college,Private,Craft-repair,0,0,50,11,1
30,Male,White,Married-civ-spouse,0,125762,Some-college,Private,Adm-clerical,0,0,30,39,0
50,Male,White,Married-civ-spouse,0,172511,Some-college,Private,Craft-repair,0,0,40,39,1
19,Female,White,Never-married,2,129620,10th,Private,Other-service,0,0,30,39,0
25,Male,White,Never-married,3,245628,Some-college,Private,Tech-support,0,0,15,26,0
27,Male,White,Never-married,4,367390,Some-college,Private,Craft-repair,0,0,50,39,0
72,Male,White,Never-married,1,225780,Doctorate,Private,Prof-specialty,0,0,30,39,0
54,Female,White,Widowed,1,32778,HS-grad,State-gov,Exec-managerial,0,0,40,39,0
52,Male,White,Married-civ-spouse,0,100506,Some-college,Self-emp-inc,Sales,15024,0,50,39,1
55,Male,Asian-Pac-Islander,Divorced,3,111130,Assoc-acdm,State-gov,Adm-clerical,0,0,40,39,0
25,Male,White,Married-civ-spouse,0,256263,Assoc-acdm,Private,Sales,0,0,40,39,0
43,Female,White,Divorced,1,173321,HS-grad,Private,Adm-clerical,0,0,40,39,0
19,Female,White,Married-civ-spouse,2,292590,HS-grad,Private,Sales,0,0,25,39,0
20,Male,White,Never-married,3,306710,HS-grad,Self-emp-not-inc,Farming-fishing,0,0,40,39,0
55,Male,White,Married-civ-spouse,0,147098,9th,Self-emp-not-inc,Craft-repair,0,0,50,39,0
20,Female,White,Never-married,3,155818,HS-grad,Private,Other-service,0,0,20,39,0
39,Male,White,Married-civ-spouse,0,31670,HS-grad,Private,Farming-fishing,0,0,65,39,0
25,Male,Asian-Pac-Islander,Never-married,3,160261,Some-college,Private,Exec-managerial,0,0,40,3,0
33,Male,White,Separated,4,361817,HS-grad,Self-emp-not-inc,Craft-repair,0,0,50,39,0
28,Male,White,Never-married,1,136077,10th,Private,Handlers-cleaners,0,0,40,39,0
69,Male,White,Married-civ-spouse,0,50468,Prof-school,State-gov,Adm-clerical,0,0,34,39,1
43,Female,White,Divorced,4,143046,Some-college,Local-gov,Other-service,0,0,20,39,0
61,Male,Asian-Pac-Islander,Married-civ-spouse,0,98350,Doctorate,Self-emp-inc,Exec-managerial,0,0,40,36,1
28,Female,White,Married-civ-spouse,5,303674,HS-grad,Other,Other,3103,0,20,39,0
66,Male,White,Married-civ-spouse,0,76212,HS-grad,Self-emp-inc,Transport-moving,0,0,50,39,1
19,Female,White,Never-married,1,121788,Some-college,Private,Sales,0,0,30,39,0
57,Male,White,Married-civ-spouse,0,84888,HS-grad,Private,Transport-moving,0,0,50,39,0
35,Male,White,Married-civ-spouse,0,111387,Some-college,Private,Handlers-cleaners,0,1579,40,39,0
55,Male,White,Widowed,1,41108,Some-college,Private,Farming-fishing,0,2258,62,39,1
40,Male,White,Married-civ-spouse,0,207578,Assoc-acdm,Private,Tech-support,0,1977,60,39,1
21,Female,Black,Never-married,4,25505,Assoc-voc,Private,Adm-clerical,0,0,35,39,0
55,Male,White,Divorced,4,124975,HS-grad,Self-emp-not-inc,Craft-repair,27828,0,55,39,1
42,Male,White,Married-civ-spouse,0,118494,Some-college,Private,Prof-specialty,0,0,44,39,1
27,Female,White,Never-married,1,113545,Bachelors,Local-gov,Prof-specialty,0,0,40,39,0
29,Female,Asian-Pac-Islander,Never-married,4,71592,Some-college,State-gov,Adm-clerical,0,0,40,30,0
24,Female,White,Divorced,1,29810,HS-grad,Private,Sales,0,0,38,39,0
34,Male,White,Never-married,1,213226,Bachelors,Private,Sales,0,0,65,39,1
45,Female,White,Widowed,4,169180,Some-college,Private,Other-service,0,0,45,39,0
45,Male,Black,Married-spouse-absent,2,248993,HS-grad,Private,Farming-fishing,0,0,40,39,0
35,Male,White,Married-civ-spouse,0,119098,Doctorate,Private,Prof-specialty,7298,0,40,39,1
70,Male,White,Married-civ-spouse,0,89787,HS-grad,Private,Prof-specialty,0,0,20,39,0
25,Female,White,Married-civ-spouse,5,216010,Assoc-acdm,Private,Adm-clerical,0,0,40,39,0
47,Male,White,Married-civ-spouse,0,220269,Some-college,Federal-gov,Handlers-cleaners,0,0,40,39,1
33,Female,White,Separated,4,245659,Some-college,Private,Other-service,0,0,38,8,0
32,Male,White,Married-spouse-absent,3,206051,Some-college,State-gov,Farming-fishing,0,0,50,39,0
37,Female,White,Married-civ-spouse,5,32709,Bachelors,Private,Tech-support,0,0,40,39,1
51,Female,Black,Married-civ-spouse,5,125796,Some-college,Private,Adm-clerical,0,0,35,23,0
38,Male,White,Never-married,1,341643,Assoc-acdm,State-gov,Exec-managerial,0,0,60,39,0
47,Female,White,Divorced,1,207140,HS-grad,Private,Adm-clerical,0,0,38,39,0
42,Male,White,Married-civ-spouse,0,83411,HS-grad,State-gov,Exec-managerial,0,0,40,39,1
31,Female,Black,Married-civ-spouse,5,134613,Assoc-voc,Private,Exec-managerial,0,0,43,39,0
20,Female,White,Married-spouse-absent,1,43587,HS-grad,Other,Other,0,0,35,39,0
21,Female,White,Never-married,1,262819,Some-college,Private,Other-service,0,0,20,39,0
35,Female,White,Married-civ-spouse,2,226379,HS-grad,Other,Other,0,0,25,39,0
31,Male,White,Married-civ-spouse,0,356689,Bachelors,Local-gov,Prof-specialty,0,0,40,39,0
33,Female,White,Never-married,1,132832,HS-grad,Private,Adm-clerical,0,0,50,39,0
47,Male,White,Married-civ-spouse,0,352614,Assoc-acdm,Local-gov,Protective-serv,0,0,40,39,1
35,Female,Black,Never-married,1,54595,12th,Private,Sales,0,0,40,39,0
36,Male,White,Married-civ-spouse,0,131239,Bachelors,Private,Prof-specialty,3103,0,45,39,1
21,Female,White,Never-married,1,180339,Assoc-voc,Private,Farming-fishing,0,1602,30,39,0
25,Male,White,Married-civ-spouse,0,334267,Some-college,Local-gov,Exec-managerial,0,0,40,39,1
34,Male,White,Married-civ-spouse,0,203051,Bachelors,Private,Adm-clerical,0,0,27,39,0
56,Male,White,Married-civ-spouse,0,110257,HS-grad,State-gov,Adm-clerical,0,0,40,39,0
36,Male,White,Married-civ-spouse,0,196348,HS-grad,State-gov,Exec-managerial,0,0,60,39,1
26,Female,White,Married-civ-spouse,5,181666,Some-college,Private,Machine-op-inspct,0,0,40,39,0
28,Female,Asian-Pac-Islander,Separated,4,130620,11th,State-gov,Adm-clerical,0,0,40,19,0
31,Male,White,Never-married,1,175509,Bachelors,Private,Prof-specialty,0,0,50,39,0
76,Male,White,Widowed,1,142535,HS-grad,Private,Adm-clerical,0,0,6,39,0
45,Male,Asian-Pac-Islander,Married-civ-spouse,0,216402,Prof-school,Self-emp-not-inc,Prof-specialty,0,0,50,19,1
65,Female,White,Divorced,1,222810,Assoc-voc,Private,Exec-managerial,0,0,40,39,0
57,Female,White,Widowed,4,339163,Some-college,Local-gov,Adm-clerical,0,0,40,26,0
23,Female,Asian-Pac-Islander,Never-married,3,162551,Bachelors,Local-gov,Prof-specialty,0,0,35,3,0
32,Female,White,Never-married,1,189838,HS-grad,Private,Sales,0,0,50,39,0
74,Male,White,Married-civ-spouse,0,292915,Bachelors,Self-emp-not-inc,Exec-managerial,0,1825,12,39,1
28,Male,White,Never-married,3,142443,HS-grad,Private,Craft-repair,0,0,40,39,0
33,Male,White,Never-married,1,167309,Bachelors,Private,Adm-clerical,0,0,40,39,0
53,Male,White,Married-civ-spouse,0,303462,HS-grad,Private,Machine-op-inspct,0,0,30,39,0
18,Male,White,Never-married,3,29582,11th,Self-emp-not-inc,Craft-repair,0,0,40,39,0
41,Male,White,Married-civ-spouse,0,182303,Some-college,Private,Sales,0,0,50,39,1
30,Female,White,Never-married,3,165503,Bachelors,Private,Sales,0,0,65,39,0
41,Male,White,Married-civ-spouse,0,495061,Doctorate,Self-emp-inc,Prof-specialty,99999,0,70,39,1
56,Male,White,Married-civ-spouse,0,125000,Bachelors,Private,Adm-clerical,0,0,40,39,1
30,Male,White,Never-married,1,156464,Masters,Private,Prof-specialty,0,0,45,39,1
37,Male,White,Married-civ-spouse,0,48779,Bachelors,Federal-gov,Prof-specialty,0,0,40,39,0
33,Male,White,Married-civ-spouse,0,179509,Bachelors,Private,Handlers-cleaners,0,0,40,39,0
37,Female,White,Divorced,4,48211,HS-grad,State-gov,Adm-clerical,0,0,35,39,0
26,Male,White,Never-married,1,57512,HS-grad,Private,Transport-moving,0,0,40,39,0
26,Female,White,Never-married,3,262656,HS-grad,Private,Adm-clerical,0,0,40,39,0
27,Female,White,Married-civ-spouse,5,204773,Assoc-acdm,Other,Other,0,0,40,39,0
61,Male,White,Married-civ-spouse,0,111563,Bachelors,Self-emp-not-inc,Farming-fishing,0,0,20,39,1
35,Male,Asian-Pac-Islander,Married-civ-spouse,0,161637,Doctorate,Private,Prof-specialty,0,1902,40,36,1
32,Male,White,Married-civ-spouse,0,348152,Masters,Private,Exec-managerial,0,0,40,39,1
30,Male,White,Married-civ-spouse,0,183284,Bachelors,Private,Exec-managerial,0,0,50,39,1
39,Female,White,Divorced,1,63021,Some-college,Private,Other-service,0,0,20,39,0
33,Male,White,Never-married,3,178107,Bachelors,Private,Craft-repair,0,0,20,39,0
30,Male,White,Never-married,3,169186,HS-grad,Private,Machine-op-inspct,0,0,60,39,0
47,Female,White,Separated,4,140045,HS-grad,Private,Adm-clerical,0,0,40,39,0
47,Male,White,Married-civ-spouse,0,268022,HS-grad,Private,Transport-moving,0,0,55,39,1
44,Female,White,Divorced,4,121130,HS-grad,Private,Other-service,0,0,40,39,0
20,Female,White,Never-married,3,189740,Some-college,Other,Other,0,0,32,39,0
54,Male,White,Married-civ-spouse,0,115912,Some-college,Private,Craft-repair,0,0,40,39,0
34,Male,White,Never-married,1,51543,Some-college,Local-gov,Other-service,0,0,48,39,0
26,Female,White,Never-married,1,269060,HS-grad,Private,Adm-clerical,0,0,40,39,0
20,Male,Other,Never-married,1,369678,12th,Other,Other,0,1602,40,39,0
45,Male,White,Married-civ-spouse,0,145697,Some-college,Self-emp-inc,Sales,0,0,30,39,0
41,Male,White,Married-civ-spouse,0,120277,Bachelors,Private,Prof-specialty,0,0,40,39,1
41,Male,White,Married-civ-spouse,0,196344,1st-4th,Private,Sales,0,0,50,26,0
53,Male,White,Married-civ-spouse,0,288353,Bachelors,Private,Exec-managerial,0,0,40,39,1
18,Male,White,Never-married,1,25837,HS-grad,Private,Other-service,0,0,25,39,0
20,Female,White,Never-married,3,30035,Assoc-acdm,Private,Sales,0,0,40,39,0
17,Female,White,Never-married,3,114420,11th,Private,Sales,0,0,30,39,0
19,Female,White,Never-married,3,63363,Some-college,Private,Sales,0,0,30,39,0
26,Female,Other,Never-married,4,61270,HS-grad,Private,Machine-op-inspct,0,0,40,4,0
27,Male,White,Married-civ-spouse,0,109165,Some-college,Private,Craft-repair,0,0,60,39,0
29,Female,White,Married-civ-spouse,5,112963,Some-college,Other,Other,0,0,40,39,0
42,Male,White,Married-civ-spouse,0,168071,HS-grad,Self-emp-inc,Sales,0,0,43,39,1
19,Male,White,Never-married,3,407759,HS-grad,Private,Adm-clerical,0,0,40,39,0
56,Male,White,Married-civ-spouse,0,233312,Masters,Self-emp-not-inc,Craft-repair,0,0,50,39,1
21,Male,White,Never-married,3,99199,HS-grad,Private,Machine-op-inspct,0,0,32,39,0
63,Male,White,Married-civ-spouse,0,122442,Some-college,Self-emp-not-inc,Other-service,0,0,48,39,0
62,Female,White,Widowed,1,26911,7th-8th,Self-emp-not-inc,Other-service,0,0,66,39,0
30,Female,White,Married-AF-spouse,3,46144,HS-grad,State-gov,Adm-clerical,0,0,38,39,0
50,Male,White,Married-civ-spouse,0,400630,Prof-school,Private,Prof-specialty,0,0,36,39,1
29,Male,White,Married-civ-spouse,0,144556,HS-grad,Private,Machine-op-inspct,0,0,45,39,0
30,Male,White,Married-civ-spouse,0,108386,Assoc-voc,Local-gov,Protective-serv,0,0,40,39,0
25,Male,White,Never-married,3,122175,HS-grad,Private,Handlers-cleaners,0,0,40,39,0
44,Male,White,Married-civ-spouse,0,147206,Some-college,Private,Exec-managerial,0,0,40,39,0
31,Male,White,Divorced,4,119411,Bachelors,Self-emp-not-inc,Exec-managerial,0,0,60,39,1
18,Female,White,Never-married,3,157131,HS-grad,Other,Other,0,0,12,39,0
45,Female,Black,Never-married,3,191703,HS-grad,Private,Adm-clerical,0,0,40,39,0
42,Female,White,Never-married,1,151408,Masters,Private,Exec-managerial,14084,0,50,39,1
55,Female,White,Never-married,1,37869,Doctorate,Local-gov,Prof-specialty,0,0,60,39,0
23,Female,White,Never-married,4,199884,HS-grad,Private,Adm-clerical,0,0,45,39,0
40,Male,White,Married-civ-spouse,0,92036,Bachelors,Self-emp-inc,Craft-repair,0,0,40,39,0
30,Female,Asian-Pac-Islander,Never-married,3,158200,Prof-school,Private,Prof-specialty,0,0,40,0,0
42,Female,White,Divorced,4,147099,HS-grad,Private,Other-service,0,0,30,39,0
32,Female,Black,Never-married,3,261056,Bachelors,Self-emp-not-inc,Prof-specialty,2174,0,60,0,0
61,Male,White,Married-civ-spouse,0,232308,10th,Private,Machine-op-inspct,0,0,40,39,0
35,Male,White,Married-civ-spouse,0,73715,11th,Private,Craft-repair,0,0,40,39,0
36,Male,White,Married-civ-spouse,0,257250,Assoc-voc,Self-emp-not-inc,Farming-fishing,0,0,99,39,0
32,Male,White,Married-civ-spouse,0,184440,Some-college,Private,Machine-op-inspct,3464,0,40,39,0
28,Male,White,Married-civ-spouse,0,51461,Bachelors,Private,Adm-clerical,0,1887,40,39,1
30,Male,White,Married-civ-spouse,0,194740,Bachelors,Local-gov,Protective-serv,0,0,40,39,0
45,Male,White,Divorced,1,168038,Bachelors,Private,Sales,0,0,60,39,1
21,Female,White,Never-married,1,60639,Some-college,Private,Other-service,0,0,37,39,0
24,Male,White,Never-married,3,32921,Some-college,Private,Farming-fishing,0,0,50,39,0
32,Female,White,Married-civ-spouse,5,134886,HS-grad,Other,Other,0,0,2,39,1
30,Male,White,Married-civ-spouse,0,275632,HS-grad,Private,Machine-op-inspct,0,0,45,39,0
24,Female,White,Never-married,3,85088,HS-grad,Private,Sales,0,1762,32,39,0
18,Male,White,Never-married,3,334026,11th,Private,Craft-repair,0,0,25,39,0
35,Male,White,Never-married,1,196491,Bachelors,Private,Sales,0,0,50,39,0
24,Male,White,Married-civ-spouse,0,155913,Bachelors,Private,Prof-specialty,0,0,44,39,0
25,Male,White,Never-married,1,189590,Bachelors,Private,Tech-support,0,0,40,39,0
46,Male,White,Married-civ-spouse,0,328669,Assoc-voc,Private,Craft-repair,0,0,42,39,0
41,Male,White,Divorced,1,184102,11th,Private,Other-service,0,0,40,39,0
43,Male,Black,Divorced,2,313181,HS-grad,Private,Adm-clerical,0,0,38,39,0
34,Male,White,Never-married,1,456399,Assoc-acdm,Private,Prof-specialty,0,0,40,39,0
34,Female,White,Never-married,3,127610,Bachelors,Private,Prof-specialty,0,0,15,39,0
24,Male,White,Married-civ-spouse,0,424494,Bachelors,Private,Prof-specialty,0,0,30,39,0
46,Female,White,Divorced,1,121168,HS-grad,Private,Craft-repair,0,0,40,39,0
29,Male,White,Never-married,3,31360,Some-college,Private,Farming-fishing,0,0,40,39,0
76,Female,White,Widowed,1,278938,Bachelors,Private,Prof-specialty,0,0,20,39,0
23,Female,White,Never-married,3,373628,Bachelors,Private,Other-service,0,0,20,39,0
59,Male,White,Married-civ-spouse,0,136413,7th-8th,Self-emp-not-inc,Farming-fishing,0,0,48,39,0
25,Male,White,Never-married,1,248612,Assoc-acdm,Private,Craft-repair,0,0,30,39,0
41,Male,Black,Married-civ-spouse,0,48997,HS-grad,State-gov,Transport-moving,0,0,40,39,0
61,Male,White,Married-spouse-absent,1,195595,7th-8th,Private,Machine-op-inspct,0,0,40,13,0
37,Male,White,Married-civ-spouse,0,123211,HS-grad,Private,Other-service,0,0,44,39,1
22,Male,White,Never-married,3,34310,Some-college,State-gov,Transport-moving,0,0,25,39,0
31,Female,Black,Never-married,1,197689,HS-grad,Private,Other-service,0,0,38,39,0
45,Male,White,Married-civ-spouse,0,142287,Masters,Private,Exec-managerial,0,0,50,39,1
23,Male,White,Never-married,1,32950,Some-college,Private,Sales,0,0,40,39,0
33,Male,White,Married-civ-spouse,0,62932,HS-grad,Self-emp-not-inc,Craft-repair,0,0,40,39,0
50,Male,White,Married-civ-spouse,0,155594,Assoc-acdm,Private,Machine-op-inspct,0,0,50,39,1
35,Male,White,Married-spouse-absent,1,407068,1st-4th,Private,Other-service,0,0,40,13,0
38,Male,White,Married-civ-spouse,0,314310,Masters,Private,Prof-specialty,0,0,45,39,0
46,Male,White,Never-married,3,102542,7th-8th,Private,Other-service,0,0,52,39,0
40,Male,White,Separated,3,254167,10th,Private,Transport-moving,0,0,35,39,0
22,Female,White,Never-married,4,213902,HS-grad,Private,Adm-clerical,0,0,40,26,0
17,Female,White,Never-married,3,121037,12th,Private,Sales,0,0,15,39,0
67,Male,White,Married-civ-spouse,0,336163,HS-grad,Private,Handlers-cleaners,0,0,24,39,0
33,Female,Black,Never-married,4,190027,HS-grad,Other,Other,0,0,20,39,0
33,Male,White,Married-civ-spouse,0,181091,Some-college,Private,Prof-specialty,0,0,40,39,0
47,Male,White,Married-civ-spouse,0,84726,Some-college,Private,Machine-op-inspct,0,0,40,39,0
30,Male,White,Married-civ-spouse,0,186269,Bachelors,Private,Tech-support,0,0,40,39,0
59,Female,White,Divorced,1,157303,Some-college,Private,Prof-specialty,0,0,48,39,0
24,Male,White,Married-civ-spouse,0,32732,HS-grad,Private,Craft-repair,0,0,50,39,0
50,Male,White,Married-civ-spouse,0,194186,HS-grad,Other,Other,0,0,60,39,0
49,Female,White,Married-civ-spouse,5,255559,Some-college,Private,Adm-clerical,0,0,40,39,1
28,Male,White,Married-civ-spouse,0,263614,Bachelors,Private,Exec-managerial,0,0,40,39,1
28,Female,Amer-Indian-Eskimo,Never-married,4,44216,HS-grad,Private,Protective-serv,0,0,40,39,0
27,Male,White,Never-married,1,472070,Assoc-voc,Private,Machine-op-inspct,0,0,40,39,0
62,Male,White,Married-civ-spouse,0,218009,HS-grad,Private,Transport-moving,0,1977,60,39,1
58,Male,White,Married-civ-spouse,0,430005,10th,Private,Transport-moving,0,0,50,39,1
18,Male,White,Never-married,3,338836,HS-grad,Private,Other-service,0,0,20,39,0
18,Male,White,Never-married,3,159032,7th-8th,Local-gov,Farming-fishing,0,0,40,39,0
57,Male,Black,Married-civ-spouse,0,236944,HS-grad,Private,Machine-op-inspct,0,0,40,39,1
22,Female,White,Never-married,3,107882,HS-grad,Private,Prof-specialty,0,0,20,39,0
48,Female,White,Divorced,1,177775,HS-grad,Private,Exec-managerial,0,0,40,39,0
34,Male,Black,Divorced,1,103408,Some-college,Private,Prof-specialty,0,0,40,11,1
37,Male,White,Married-civ-spouse,0,151835,Prof-school,Private,Sales,0,0,45,39,1
45,Male,White,Married-civ-spouse,0,162187,Bachelors,Private,Sales,0,0,52,39,1
52,Male,Black,Married-civ-spouse,0,278522,Some-college,Local-gov,Transport-moving,0,0,40,39,0
57,Male,Black,Divorced,1,62020,Prof-school,Federal-gov,Exec-managerial,0,0,55,39,1
29,Male,Asian-Pac-Islander,Never-married,4,82393,HS-grad,Local-gov,Handlers-cleaners,0,1590,45,39,0
42,Male,White,Married-civ-spouse,0,303388,Some-college,Private,Exec-managerial,0,0,65,39,0
40,Female,White,Widowed,3,83859,HS-grad,Private,Machine-op-inspct,0,0,30,39,0
19,Male,Black,Never-married,3,120691,HS-grad,Private,Sales,0,0,25,39,0
23,Male,White,Married-civ-spouse,0,133061,HS-grad,Private,Sales,0,0,80,39,0
35,Male,Asian-Pac-Islander,Married-civ-spouse,0,356250,Prof-school,Private,Sales,0,0,35,3,0
44,Female,White,Never-married,2,42476,HS-grad,Private,Adm-clerical,0,0,30,39,0
33,Male,White,Married-civ-spouse,0,529104,11th,Private,Handlers-cleaners,0,0,50,39,0
31,Female,White,Married-civ-spouse,5,110554,HS-grad,Private,Machine-op-inspct,4386,0,40,39,1
23,Female,White,Married-civ-spouse,5,184255,HS-grad,Private,Sales,0,0,40,39,0
19,Female,Black,Married-civ-spouse,5,69927,HS-grad,Private,Other-service,0,0,16,39,0
51,Male,White,Married-civ-spouse,0,167065,HS-grad,State-gov,Exec-managerial,0,0,40,39,0
39,Female,White,Married-civ-spouse,5,375452,Prof-school,Private,Exec-managerial,15024,0,48,39,1
30,Male,White,Married-civ-spouse,0,54929,HS-grad,Private,Sales,0,0,55,39,0
44,Male,White,Married-civ-spouse,0,203761,Some-college,Private,Exec-managerial,0,0,45,39,1
37,Male,White,Married-civ-spouse,0,115289,Some-college,Private,Exec-managerial,0,0,40,39,0
17,Male,White,Never-married,3,46402,7th-8th,Private,Sales,0,0,8,39,0
27,Male,Black,Never-married,3,297457,HS-grad,Private,Adm-clerical,0,0,40,39,0
42,Male,White,Married-civ-spouse,0,356934,Masters,Private,Exec-managerial,0,0,40,39,1
32,Male,White,Married-civ-spouse,0,103860,Bachelors,Private,Exec-managerial,0,0,50,39,1
45,Male,White,Married-civ-spouse,0,295046,HS-grad,Private,Sales,0,0,60,39,1
30,Male,White,Never-married,3,58597,HS-grad,Private,Machine-op-inspct,0,0,44,39,0
44,Male,White,Married-civ-spouse,0,33658,Masters,State-gov,Prof-specialty,7688,0,50,39,1
46,Female,White,Married-civ-spouse,5,267107,5th-6th,Private,Craft-repair,0,0,45,22,0
51,Male,White,Married-civ-spouse,0,199688,Bachelors,Local-gov,Protective-serv,0,0,40,39,1
24,Female,White,Divorced,4,381895,11th,Private,Machine-op-inspct,0,0,40,39,0
33,Female,White,Never-married,1,254221,Doctorate,Private,Prof-specialty,0,0,60,39,1
47,Female,Black,Married-civ-spouse,5,111961,HS-grad,Private,Other-service,0,0,30,39,0
64,Female,White,Widowed,1,216208,Some-college,Private,Sales,0,0,40,39,0
35,Male,White,Married-civ-spouse,0,381931,HS-grad,Self-emp-not-inc,Farming-fishing,0,0,55,39,0
26,Female,White,Never-married,1,299810,HS-grad,Private,Sales,0,0,50,39,0
61,Female,Black,Never-married,1,151459,10th,State-gov,Other-service,0,0,38,39,0
37,Female,White,Divorced,4,95855,HS-grad,Private,Protective-serv,0,0,40,39,0
30,Male,White,Never-married,3,194901,11th,Private,Handlers-cleaners,0,0,40,39,0
17,Female,White,Never-married,3,206010,12th,Private,Other-service,0,0,8,39,0
42,Female,White,Never-married,1,107276,Some-college,Private,Exec-managerial,0,2444,40,39,1
50,Female,White,Married-spouse-absent,4,240612,HS-grad,Private,Exec-managerial,0,0,10,39,0
21,Female,White,Never-married,3,303588,Some-college,Other,Other,0,0,30,39,0
42,Female,White,Never-married,1,109912,Some-college,Private,Tech-support,0,0,40,39,1
53,Female,White,Widowed,4,233369,Some-college,Private,Exec-managerial,0,0,40,39,0
33,Female,Black,Never-married,1,83671,Bachelors,Local-gov,Prof-specialty,0,0,50,39,0
36,Male,White,Married-civ-spouse,0,29702,HS-grad,Private,Sales,7688,0,40,39,1
21,Female,White,Never-married,4,119704,Some-college,Private,Sales,0,0,35,39,0
44,Male,White,Married-civ-spouse,0,112507,5th-6th,Self-emp-not-inc,Craft-repair,0,0,40,39,0
29,Male,White,Married-civ-spouse,0,370509,Bachelors,Private,Exec-managerial,0,0,50,10,1
25,Female,White,Never-married,3,178478,Bachelors,Private,Adm-clerical,0,0,40,39,0
27,Male,Black,Never-married,3,229803,HS-grad,Private,Craft-repair,0,0,40,39,0
41,Male,White,Married-civ-spouse,0,99870,Bachelors,Private,Sales,0,0,55,39,0
51,Female,White,Divorced,4,88528,Assoc-acdm,Self-emp-not-inc,Exec-managerial,0,0,99,39,0
44,Male,White,Married-civ-spouse,0,115562,Some-college,Private,Tech-support,0,0,40,39,0
24,Male,White,Married-civ-spouse,0,142404,Bachelors,Self-emp-inc,Exec-managerial,0,0,40,39,1
30,Male,White,Married-civ-spouse,0,182926,Some-college,Local-gov,Protective-serv,15024,0,40,39,1
34,Female,Black,Never-married,2,176673,Some-college,Private,Sales,0,0,35,39,0
71,Female,White,Never-married,1,157909,Some-college,Private,Other-service,2964,0,60,39,0
36,Female,White,Married-civ-spouse,5,187167,Assoc-acdm,Private,Sales,0,0,40,39,0
58,Male,White,Married-civ-spouse,0,87510,10th,Self-emp-not-inc,Craft-repair,0,0,40,39,0
34,Male,White,Never-married,3,303867,9th,Local-gov,Other-service,0,0,40,39,0
31,Male,Asian-Pac-Islander,Married-civ-spouse,0,309620,Masters,Private,Prof-specialty,0,0,6,35,0
67,Male,White,Married-civ-spouse,0,132626,Some-college,Other,Other,0,0,6,39,0
51,Male,White,Married-civ-spouse,0,25932,HS-grad,Self-emp-not-inc,Farming-fishing,0,0,60,39,0
17,Male,White,Never-married,3,36218,11th,Self-emp-not-inc,Farming-fishing,0,0,20,39,0
46,Female,White,Divorced,1,169180,Assoc-voc,Private,Adm-clerical,0,0,40,39,0
18,Male,White,Never-married,1,116528,Some-college,Private,Craft-repair,0,0,30,39,0
52,Male,White,Widowed,1,312477,HS-grad,Private,Transport-moving,0,0,40,39,0
58,Male,White,Married-civ-spouse,0,208640,Bachelors,Federal-gov,Exec-managerial,0,0,40,39,1
20,Female,White,Never-married,1,142233,HS-grad,Private,Sales,0,0,35,39,0
23,Female,White,Married-civ-spouse,3,222925,HS-grad,Private,Machine-op-inspct,2105,0,40,39,0
55,Female,White,Divorced,1,231738,HS-grad,Private,Sales,0,0,40,9,0
24,Female,White,Never-married,3,122166,Some-college,Private,Adm-clerical,0,0,40,20,0
30,Male,White,Married-civ-spouse,0,167832,HS-grad,Private,Machine-op-inspct,0,0,40,39,0
30,Male,White,Married-civ-spouse,0,161599,HS-grad,Private,Handlers-cleaners,0,0,40,39,1
26,Female,White,Married-civ-spouse,5,391349,Bachelors,Private,Adm-clerical,0,0,40,39,1
58,Male,White,Married-civ-spouse,0,104613,Assoc-acdm,Private,Exec-managerial,0,0,50,39,1
57,Female,Black,Widowed,1,190942,1st-4th,Private,Priv-house-serv,0,0,30,39,0
37,Male,White,Married-civ-spouse,0,203828,HS-grad,Self-emp-not-inc,Sales,0,0,45,39,0
29,Female,Black,Never-married,1,119052,HS-grad,Private,Handlers-cleaners,0,0,40,39,0
62,Female,Black,Widowed,4,199198,Assoc-voc,State-gov,Exec-managerial,0,0,40,39,0
20,Male,White,Married-civ-spouse,0,115824,11th,Private,Handlers-cleaners,0,1573,40,39,0
28,Male,White,Divorced,1,282398,HS-grad,Self-emp-not-inc,Craft-repair,0,0,35,39,0
28,Female,White,Never-married,1,277635,Some-college,State-gov,Adm-clerical,0,0,50,39,0
27,Male,White,Never-married,1,115705,Some-college,Self-emp-not-inc,Sales,0,0,50,39,0
54,Male,White,Married-civ-spouse,0,138847,HS-grad,Private,Machine-op-inspct,0,0,45,39,1
52,Male,White,Married-civ-spouse,0,284329,Assoc-voc,Private,Prof-specialty,15024,0,40,39,1
52,Male,Black,Married-civ-spouse,0,222405,HS-grad,Private,Sales,0,2377,40,39,0
62,Male,White,Married-civ-spouse,0,182998,7th-8th,Self-emp-not-inc,Craft-repair,0,0,10,39,0
26,Male,White,Married-civ-spouse,0,94477,Some-college,Private,Transport-moving,7298,0,55,39,1
42,Male,White,Divorced,4,29320,Prof-school,Self-emp-not-inc,Prof-specialty,0,0,60,39,1
24,Female,White,Never-married,1,200973,Some-college,Private,Adm-clerical,0,0,40,39,0
33,Female,White,Married-civ-spouse,5,58702,Assoc-voc,Self-emp-not-inc,Prof-specialty,3103,0,50,39,1
49,Male,White,Married-civ-spouse,0,179048,HS-grad,Self-emp-not-inc,Sales,0,0,60,12,0
56,Female,White,Divorced,1,129762,Some-college,Local-gov,Adm-clerical,0,0,35,39,0
53,Male,White,Married-civ-spouse,0,48413,HS-grad,Private,Craft-repair,0,0,40,39,0
48,Male,Asian-Pac-Islander,Married-civ-spouse,0,143098,Doctorate,Private,Prof-specialty,0,1902,40,3,1
17,Male,White,Never-married,3,215743,11th,Other,Other,0,0,40,39,0
51,Male,White,Married-civ-spouse,0,249741,Some-college,Private,Sales,0,0,40,39,0
25,Female,White,Married-civ-spouse,5,303431,HS-grad,Private,Adm-clerical,0,0,40,39,0
45,Male,White,Married-civ-spouse,0,90758,Bachelors,Private,Exec-managerial,0,0,55,39,1
53,Male,White,Married-civ-spouse,0,34973,Some-college,Self-emp-not-inc,Farming-fishing,0,0,45,39,0
84,Male,White,Never-married,1,241065,Masters,Private,Prof-specialty,0,0,66,39,0
20,Female,Black,Never-married,4,59948,9th,Private,Adm-clerical,114,0,20,39,0
39,Female,White,Divorced,4,49436,Assoc-acdm,Private,Prof-specialty,0,1380,40,39,0
51,Male,White,Married-civ-spouse,0,99185,Bachelors,Private,Exec-managerial,0,0,60,39,1
40,Male,White,Never-married,1,34987,Bachelors,Private,Sales,0,0,53,39,0
42,Male,White,Married-civ-spouse,0,94600,HS-grad,Private,Craft-repair,5178,0,40,39,1
26,Female,White,Never-married,1,201481,Bachelors,Private,Exec-managerial,0,0,40,39,0
35,Female,White,Never-married,1,509462,Bachelors,Private,Exec-managerial,0,0,45,39,0
45,Female,White,Divorced,2,130206,HS-grad,State-gov,Adm-clerical,0,0,40,39,0
32,Female,White,Never-married,1,182975,Some-college,Private,Tech-support,0,0,20,39,0
57,Female,White,Divorced,1,365683,HS-grad,Private,Machine-op-inspct,0,0,40,39,1
52,Female,White,Divorced,1,512103,Some-college,Local-gov,Transport-moving,0,0,40,39,0
54,Female,White,Never-married,1,365049,Some-college,Local-gov,Prof-specialty,0,0,40,26,0
24,Male,White,Married-civ-spouse,0,141113,7th-8th,Private,Sales,2580,0,40,39,0
21,Female,White,Never-married,3,270043,Some-college,Private,Other-service,0,0,16,39,0
62,Male,White,Married-civ-spouse,0,185503,Bachelors,Private,Prof-specialty,0,0,50,39,1
37,Male,White,Married-civ-spouse,0,324947,Bachelors,Private,Handlers-cleaners,0,0,40,39,0
35,Male,White,Married-civ-spouse,0,46385,HS-grad,Private,Transport-moving,5178,0,90,39,1
31,Male,White,Married-civ-spouse,0,137290,Bachelors,Private,Exec-managerial,0,0,55,39,1
24,Male,White,Never-married,2,216867,10th,Private,Other-service,0,0,30,26,0
36,Female,White,Married-civ-spouse,5,215392,Assoc-voc,Private,Prof-specialty,0,0,40,39,1
64,Male,White,Married-civ-spouse,0,165667,Doctorate,Self-emp-inc,Prof-specialty,7688,0,60,2,1
26,Male,Asian-Pac-Islander,Never-married,1,285004,Bachelors,Private,Exec-managerial,0,0,35,35,0
18,Female,White,Never-married,3,97963,HS-grad,Private,Other-service,0,0,30,39,0
70,Male,White,Never-married,1,207938,Some-college,Self-emp-inc,Exec-managerial,0,0,5,39,0
31,Male,Asian-Pac-Islander,Married-civ-spouse,0,298871,Doctorate,Private,Prof-specialty,0,0,40,3,0
58,Female,White,Never-married,1,283635,Bachelors,Local-gov,Prof-specialty,0,0,40,39,0
31,Female,White,Married-civ-spouse,5,181824,Bachelors,State-gov,Prof-specialty,0,1902,35,39,1
38,Male,White,Divorced,1,258761,HS-grad,Private,Exec-managerial,0,0,50,39,0
39,Male,White,Married-civ-spouse,0,257942,Bachelors,Private,Sales,0,0,60,39,1
19,Female,White,Never-married,3,201743,Some-college,Private,Other-service,0,0,26,39,0
59,Male,White,Married-civ-spouse,0,174056,Bachelors,Self-emp-not-inc,Sales,15024,0,40,39,1
18,Male,White,Never-married,3,51789,Some-college,Private,Other-service,0,0,8,39,0
45,Male,White,Married-civ-spouse,0,285858,Bachelors,Private,Transport-moving,0,0,40,39,1
31,Female,Black,Never-married,4,227886,Some-college,Private,Adm-clerical,0,0,35,39,0
28,Female,White,Never-married,1,177119,Masters,Private,Exec-managerial,0,0,80,0,0
17,Female,White,Never-married,3,140027,11th,Private,Other-service,0,0,25,39,0
29,Male,White,Married-civ-spouse,0,439263,HS-grad,Private,Protective-serv,0,0,35,29,0
46,Male,White,Married-civ-spouse,0,102771,Masters,Private,Tech-support,0,1977,40,39,1
43,Male,White,Married-civ-spouse,0,227065,Masters,Private,Exec-managerial,0,0,43,39,1
18,Female,White,Never-married,3,279593,11th,Private,Prof-specialty,0,0,2,39,0
28,Male,Black,Married-civ-spouse,0,201186,HS-grad,Self-emp-inc,Sales,99999,0,40,39,1
48,Male,White,Married-civ-spouse,0,200471,Bachelors,Private,Transport-moving,0,0,45,39,1
29,Female,White,Never-married,1,178469,HS-grad,Private,Sales,0,0,40,39,0
34,Female,White,Divorced,4,39609,Assoc-voc,Private,Adm-clerical,0,0,40,39,0
31,Male,White,Divorced,1,189843,HS-grad,Local-gov,Protective-serv,0,0,47,39,1
23,Male,White,Never-married,1,289909,Some-college,Private,Adm-clerical,0,0,45,39,0
18,Female,White,Never-married,3,352640,HS-grad,Private,Adm-clerical,0,0,40,39,0
34,Female,White,Never-married,2,203357,Some-college,Private,Adm-clerical,0,0,40,39,0
56,Male,White,Divorced,1,124137,HS-grad,Private,Adm-clerical,0,0,41,39,0
38,Female,White,Married-civ-spouse,5,189916,Some-college,Private,Sales,0,0,40,39,0
51,Male,White,Married-civ-spouse,0,182314,Masters,Private,Tech-support,0,0,40,39,1
52,Female,White,Divorced,1,286342,HS-grad,Private,Machine-op-inspct,0,0,38,39,0
32,Male,White,Married-civ-spouse,0,42596,HS-grad,Private,Craft-repair,0,0,48,39,0
22,Female,White,Never-married,3,74631,Some-college,Private,Handlers-cleaners,0,0,13,39,0
27,Male,White,Married-civ-spouse,0,181659,HS-grad,Private,Machine-op-inspct,0,0,40,39,0
50,Female,Black,Never-married,1,166419,11th,Federal-gov,Sales,3674,0,40,39,0
37,Female,White,Divorced,4,179137,Some-college,Private,Adm-clerical,0,0,39,39,0
18,Male,White,Never-married,3,231193,12th,Private,Machine-op-inspct,0,0,30,39,0
39,Male,White,Married-civ-spouse,0,188069,Assoc-voc,Self-emp-inc,Exec-managerial,0,0,60,39,1
53,Male,White,Married-civ-spouse,0,158746,Some-college,Private,Tech-support,0,0,40,39,0
29,Male,White,Married-civ-spouse,0,303446,Bachelors,State-gov,Prof-specialty,0,0,25,27,0
37,Male,White,Married-civ-spouse,0,171150,HS-grad,Private,Exec-managerial,0,1887,50,39,1
44,Male,Asian-Pac-Islander,Married-civ-spouse,0,107218,Bachelors,Private,Exec-managerial,0,0,40,39,0
40,Male,White,Married-civ-spouse,0,241895,HS-grad,Federal-gov,Adm-clerical,0,0,40,39,0
36,Female,White,Never-married,1,127306,HS-grad,Private,Adm-clerical,0,0,47,39,0
48,Female,Black,Separated,4,398843,Some-college,Private,Sales,0,0,35,39,0
29,Male,White,Married-civ-spouse,0,120359,HS-grad,Private,Adm-clerical,0,0,40,39,0
30,Female,White,Never-married,1,323069,Bachelors,Private,Sales,0,0,40,39,0
39,Female,White,Married-civ-spouse,5,146091,Bachelors,Private,Prof-specialty,0,0,20,39,1
43,Male,White,Married-civ-spouse,0,129298,Masters,State-gov,Exec-managerial,0,0,40,39,1
47,Female,Asian-Pac-Islander,Widowed,4,171968,Bachelors,Self-emp-not-inc,Exec-managerial,0,0,60,37,0
23,Male,White,Never-married,3,280134,HS-grad,Other,Other,0,0,40,39,0
59,Female,Black,Separated,1,151977,10th,Private,Priv-house-serv,0,0,30,39,0
51,Female,White,Never-married,4,355551,HS-grad,Private,Craft-repair,0,0,45,26,0
44,Male,White,Married-civ-spouse,0,213416,5th-6th,Private,Machine-op-inspct,0,0,40,26,0
54,Male,White,Married-civ-spouse,0,109413,Bachelors,Self-emp-not-inc,Farming-fishing,0,0,50,39,0
41,Female,White,Divorced,4,52037,Some-college,Local-gov,Adm-clerical,0,0,40,39,0
39,Male,White,Married-civ-spouse,0,194004,HS-grad,Self-emp-not-inc,Sales,0,0,70,39,0
20,Female,White,Never-married,1,238685,Some-college,Private,Sales,0,0,30,39,0
34,Male,White,Divorced,1,114955,Assoc-acdm,Private,Machine-op-inspct,0,0,40,39,0
58,Female,White,Married-civ-spouse,5,51662,10th,Private,Other-service,0,0,8,39,0
19,Male,White,Never-married,3,38619,Some-college,Private,Farming-fishing,0,0,66,39,0
20,Female,White,Never-married,3,211968,Assoc-voc,Private,Other-service,0,0,20,39,0
30,Female,White,Never-married,1,48014,Masters,Private,Adm-clerical,0,0,40,10,0
33,Male,White,Married-civ-spouse,0,202153,Masters,Self-emp-inc,Craft-repair,0,0,40,39,0
54,Male,White,Widowed,4,466502,7th-8th,Private,Other-service,0,0,30,39,0
25,Male,White,Never-married,3,122999,HS-grad,Private,Craft-repair,0,0,40,39,0
61,Male,White,Married-civ-spouse,0,119986,Masters,Private,Prof-specialty,0,0,40,0,1
37,Male,White,Divorced,1,160035,Some-college,Private,Machine-op-inspct,0,0,40,39,0
38,Male,White,Married-civ-spouse,0,152621,Bachelors,Self-emp-not-inc,Farming-fishing,0,0,99,39,0
35,Male,White,Never-married,1,216256,Assoc-voc,Private,Other-service,0,0,60,39,0
44,Female,Black,Divorced,1,139161,Assoc-acdm,Federal-gov,Adm-clerical,0,1741,40,39,0
53,Female,White,Married-civ-spouse,5,208570,HS-grad,Private,Sales,0,0,26,39,0
32,Female,White,Divorced,1,104509,HS-grad,State-gov,Other-service,0,0,25,39,0
42,Male,White,Married-civ-spouse,0,121998,Some-college,Local-gov,Exec-managerial,15024,0,40,39,1
29,Female,White,Never-married,2,255817,5th-6th,Private,Other-service,0,0,40,8,0
34,Male,White,Never-married,3,220362,Bachelors,Private,Exec-managerial,0,0,40,39,0
23,Male,White,Married-civ-spouse,0,120068,Assoc-voc,Private,Handlers-cleaners,0,0,40,39,0
23,Female,White,Never-married,1,122048,HS-grad,Private,Machine-op-inspct,0,0,40,39,0
36,Female,Black,Never-married,4,118909,Assoc-acdm,Private,Adm-clerical,0,0,40,23,0
27,Female,Asian-Pac-Islander,Never-married,4,164170,Bachelors,Private,Tech-support,0,0,20,30,0
59,Male,White,Married-civ-spouse,0,322691,Masters,Private,Prof-specialty,0,0,50,39,1
60,Male,White,Married-civ-spouse,0,204486,Bachelors,Other,Other,0,0,8,39,1
39,Female,Black,Married-civ-spouse,5,144688,HS-grad,Private,Adm-clerical,0,0,50,39,0
21,Male,White,Married-civ-spouse,0,377931,Some-college,Private,Exec-managerial,0,2377,48,39,0
48,Male,White,Married-civ-spouse,0,207120,Some-college,Private,Prof-specialty,0,0,40,39,0
43,Male,Asian-Pac-Islander,Married-civ-spouse,0,154210,HS-grad,Private,Other-service,2829,0,60,3,0
29,Male,White,Married-civ-spouse,0,233421,Bachelors,Private,Craft-repair,3411,0,45,39,0
27,Male,White,Never-married,3,194690,9th,Private,Other-service,0,0,50,26,0
19,Male,White,Never-married,3,86860,Some-college,Private,Exec-managerial,0,0,15,39,0
55,Male,Black,Divorced,4,282753,5th-6th,Private,Other-service,0,0,25,39,0
69,Female,White,Divorced,1,370888,Assoc-acdm,Private,Adm-clerical,2964,0,6,11,0
36,Male,White,Never-married,1,137314,Assoc-voc,Private,Tech-support,0,0,45,39,0
23,Male,Black,Married-civ-spouse,0,203078,Some-college,Local-gov,Protective-serv,0,0,40,39,0
56,Male,White,Married-civ-spouse,0,95763,HS-grad,Self-emp-not-inc,Craft-repair,0,0,55,39,0
29,Female,White,Never-married,1,276345,HS-grad,Private,Prof-specialty,0,0,50,39,0
26,Female,White,Divorced,1,229613,HS-grad,Private,Machine-op-inspct,0,0,40,39,0
38,Male,White,Married-civ-spouse,0,334999,HS-grad,Private,Sales,0,0,45,39,0
46,Male,White,Married-civ-spouse,0,165953,Bachelors,Private,Adm-clerical,0,0,45,39,1
59,Male,White,Married-civ-spouse,0,182460,HS-grad,Private,Exec-managerial,0,0,30,39,1
52,Male,White,Married-civ-spouse,0,178983,11th,Private,Other-service,0,0,40,39,0
38,Male,White,Married-spouse-absent,1,337130,1st-4th,Private,Craft-repair,0,0,40,26,0
32,Female,White,Never-married,4,268147,Assoc-voc,Private,Tech-support,0,0,60,39,0
26,Female,Black,Never-married,3,272986,Assoc-acdm,State-gov,Adm-clerical,0,0,8,39,0
64,Female,White,Widowed,1,170483,HS-grad,Private,Other-service,0,0,38,39,0
56,Female,White,Divorced,1,198388,HS-grad,Private,Adm-clerical,0,0,40,39,0
35,Male,White,Married-civ-spouse,0,297574,Assoc-acdm,Private,Exec-managerial,0,0,99,39,1
37,Male,White,Married-civ-spouse,0,230035,HS-grad,Private,Craft-repair,0,0,46,39,1
33,Female,White,Married-civ-spouse,5,235847,Prof-school,Private,Exec-managerial,0,0,40,39,1
48,Female,White,Divorced,4,254809,10th,Private,Machine-op-inspct,0,1594,32,39,0
34,Male,White,Married-civ-spouse,0,173730,Masters,State-gov,Exec-managerial,0,0,38,39,0
36,Male,White,Divorced,1,112497,Bachelors,State-gov,Prof-specialty,0,1876,44,39,0
50,Male,White,Married-civ-spouse,0,99307,HS-grad,Private,Craft-repair,5013,0,45,39,0
48,Male,White,Divorced,2,125892,Bachelors,Private,Exec-managerial,0,0,40,39,0
43,Female,White,Divorced,4,289669,Masters,Private,Prof-specialty,0,2547,40,39,1
47,Female,White,Divorced,1,238185,Bachelors,Private,Adm-clerical,0,0,40,39,0
30,Female,White,Divorced,4,224498,HS-grad,Self-emp-inc,Adm-clerical,0,0,40,39,0
40,Male,White,Married-civ-spouse,0,71738,Masters,Private,Exec-managerial,0,0,46,39,1
35,Male,White,Married-civ-spouse,0,54159,HS-grad,Private,Craft-repair,0,0,38,39,0
41,Male,White,Married-civ-spouse,0,204662,Masters,Private,Exec-managerial,0,0,45,39,1
27,Male,White,Married-civ-spouse,0,243569,HS-grad,Self-emp-not-inc,Sales,0,0,40,39,0
27,Male,White,Never-married,2,177072,Some-college,Local-gov,Prof-specialty,0,0,16,39,0
19,Male,White,Never-married,3,187570,HS-grad,Private,Craft-repair,0,0,20,39,0
55,Female,Black,Divorced,4,81865,Assoc-voc,Private,Adm-clerical,0,0,40,39,0
35,Male,White,Married-civ-spouse,0,204277,Bachelors,Local-gov,Prof-specialty,0,0,40,39,0
25,Female,White,Divorced,4,1484705,Some-college,Private,Exec-managerial,0,0,25,39,0
40,Male,White,Married-civ-spouse,0,124915,HS-grad,Private,Machine-op-inspct,0,0,40,39,0
18,Female,White,Never-married,3,210574,HS-grad,Private,Sales,0,0,20,39,0
48,Male,White,Married-civ-spouse,0,85384,Some-college,State-gov,Craft-repair,0,0,40,39,1
43,Male,White,Married-civ-spouse,0,149909,HS-grad,Private,Craft-repair,0,0,42,39,1
24,Female,White,Never-married,4,187937,Bachelors,Private,Prof-specialty,0,0,40,39,0
51,Male,White,Married-civ-spouse,0,96678,Masters,Local-gov,Prof-specialty,0,0,60,39,0
30,Female,Amer-Indian-Eskimo,Divorced,4,99502,Assoc-voc,Local-gov,Protective-serv,0,0,40,39,0
29,Male,White,Married-civ-spouse,0,133937,Bachelors,Private,Prof-specialty,0,0,40,39,1
22,Female,White,Married-civ-spouse,3,228480,HS-grad,Other,Other,0,0,20,39,0
29,Male,White,Married-civ-spouse,0,228860,Some-college,Private,Exec-managerial,0,1887,50,39,1
59,Male,White,Divorced,1,110820,HS-grad,Private,Craft-repair,0,0,38,39,1
41,Male,White,Married-civ-spouse,0,32533,Assoc-voc,Self-emp-not-inc,Farming-fishing,0,0,45,39,0
30,Female,White,Never-married,4,123397,HS-grad,Private,Handlers-cleaners,0,0,40,39,0
40,Male,White,Married-civ-spouse,3,365986,Bachelors,Private,Handlers-cleaners,0,0,40,39,1
46,Female,White,Married-civ-spouse,5,167381,HS-grad,Federal-gov,Adm-clerical,0,0,40,39,1
47,Female,White,Divorced,4,107682,HS-grad,Private,Adm-clerical,0,0,48,39,0
38,Male,White,Married-civ-spouse,0,144860,HS-grad,Private,Craft-repair,0,0,65,39,0
37,Female,White,Married-civ-spouse,5,89559,HS-grad,Private,Adm-clerical,0,0,40,39,0
42,Male,Black,Married-civ-spouse,0,126320,Some-college,Federal-gov,Transport-moving,0,0,40,39,0
26,Female,Black,Married-spouse-absent,2,211265,Some-college,Private,Craft-repair,0,0,35,6,0
32,Male,White,Married-civ-spouse,0,215047,7th-8th,Private,Machine-op-inspct,0,0,40,39,0
18,Female,White,Never-married,3,110142,HS-grad,Private,Sales,0,0,40,39,0
39,Male,White,Married-civ-spouse,0,29814,HS-grad,Private,Craft-repair,0,0,40,39,0
62,Male,White,Married-civ-spouse,0,39610,Some-college,Self-emp-not-inc,Farming-fishing,0,0,80,39,0
36,Male,White,Married-civ-spouse,0,283122,HS-grad,Self-emp-not-inc,Farming-fishing,0,1902,60,39,1
46,Female,White,Married-civ-spouse,5,116338,Masters,Self-emp-inc,Exec-managerial,0,0,50,39,1
44,Female,Black,Separated,4,129100,11th,Private,Other-service,0,0,60,39,0
50,Male,White,Married-civ-spouse,0,767403,HS-grad,Private,Machine-op-inspct,3103,0,40,39,1
22,Male,White,Never-married,3,153516,Some-college,Self-emp-inc,Craft-repair,0,0,35,39,0
22,Female,White,Never-married,3,267945,Some-college,Private,Sales,0,0,16,39,0
31,Male,White,Never-married,1,255004,Bachelors,Private,Exec-managerial,0,1741,38,39,0
42,Male,Asian-Pac-Islander,Married-civ-spouse,0,108183,Masters,Federal-gov,Prof-specialty,0,1902,40,35,1
44,Male,White,Married-civ-spouse,0,165492,Some-college,Private,Sales,0,0,40,39,1
20,Male,White,Never-married,3,38620,Some-college,Private,Other-service,0,0,20,39,0
37,Male,White,Married-civ-spouse,0,326400,HS-grad,Self-emp-not-inc,Transport-moving,0,0,30,39,0
33,Male,White,Married-civ-spouse,0,103596,Assoc-voc,Private,Transport-moving,0,0,40,39,0
24,Male,White,Married-civ-spouse,0,437666,HS-grad,Private,Craft-repair,2885,0,50,39,0
33,Male,White,Married-civ-spouse,0,37274,Bachelors,Private,Prof-specialty,0,0,65,39,0
44,Female,White,Never-married,1,54507,HS-grad,Private,Machine-op-inspct,0,0,40,39,0
24,Male,White,Never-married,3,143062,HS-grad,Self-emp-not-inc,Other-service,0,0,30,39,0
28,Male,White,Married-civ-spouse,0,192384,Bachelors,Private,Sales,0,0,40,39,1
63,Male,White,Married-civ-spouse,0,221592,HS-grad,Other,Other,0,0,40,39,1
37,Male,White,Married-civ-spouse,0,117683,HS-grad,Local-gov,Protective-serv,0,0,40,39,0
29,Male,White,Never-married,1,393264,Bachelors,Private,Prof-specialty,0,0,40,39,0
41,Female,Black,Never-married,3,349221,HS-grad,Private,Craft-repair,0,0,35,39,0
42,Female,White,Married-civ-spouse,5,39586,Masters,State-gov,Prof-specialty,0,0,20,39,1
61,Male,White,Married-civ-spouse,0,187124,HS-grad,Self-emp-inc,Exec-managerial,0,0,20,39,1
55,Female,White,Divorced,2,170350,HS-grad,Self-emp-not-inc,Other-service,0,0,40,39,0
18,Male,Asian-Pac-Islander,Never-married,3,152246,Some-college,Private,Other-service,0,0,16,39,0
36,Female,White,Divorced,1,233571,Some-college,Private,Exec-managerial,0,0,4,39,0
35,Male,White,Married-civ-spouse,0,129573,HS-grad,Private,Transport-moving,0,0,65,39,0
28,Male,White,Married-civ-spouse,0,141957,Bachelors,Private,Prof-specialty,0,0,50,39,0
55,Male,White,Married-civ-spouse,0,115457,HS-grad,Local-gov,Other-service,0,0,40,39,0
37,Female,White,Never-married,1,114765,Some-college,Private,Machine-op-inspct,0,0,40,39,0
51,Male,White,Never-married,3,106819,7th-8th,Private,Handlers-cleaners,0,0,19,39,0
23,Male,White,Never-married,1,60331,Some-college,Private,Craft-repair,0,0,40,39,0
27,Male,White,Never-married,2,347153,Some-college,Private,Transport-moving,0,0,40,39,0
54,Female,White,Widowed,4,139347,HS-grad,Private,Adm-clerical,0,0,40,39,0
60,Male,White,Married-civ-spouse,0,90915,11th,Self-emp-inc,Transport-moving,0,0,40,39,1
37,Male,White,Divorced,4,175232,Masters,Private,Exec-managerial,0,0,60,39,1
64,Male,White,Married-civ-spouse,0,352712,Assoc-voc,Self-emp-not-inc,Farming-fishing,0,0,55,39,0
55,Male,White,Married-civ-spouse,0,80445,Bachelors,Private,Craft-repair,0,0,40,39,0
34,Male,White,Divorced,1,509364,HS-grad,Private,Machine-op-inspct,0,0,30,39,0
18,Male,White,Never-married,3,111476,11th,Private,Handlers-cleaners,0,0,40,39,0
20,Male,White,Never-married,3,180052,Some-college,Private,Sales,0,0,20,39,0
53,Male,White,Married-civ-spouse,0,218630,HS-grad,Private,Machine-op-inspct,0,0,40,39,1
51,Female,White,Divorced,4,102904,HS-grad,Private,Sales,0,0,43,39,0
39,Male,White,Married-civ-spouse,0,204501,Masters,Private,Exec-managerial,0,0,50,39,1
28,Male,White,Separated,1,419146,7th-8th,Private,Handlers-cleaners,0,0,40,26,0
44,Female,White,Married-civ-spouse,5,151985,Masters,Private,Exec-managerial,0,0,24,39,1
66,Female,White,Widowed,1,189834,7th-8th,Local-gov,Other-service,0,0,20,39,0
36,Female,White,Never-married,1,321760,Bachelors,Private,Adm-clerical,0,0,17,39,0
32,Male,White,Never-married,1,188557,HS-grad,Private,Machine-op-inspct,0,0,40,39,0
20,Female,White,Never-married,2,137300,HS-grad,Other,Other,0,0,35,39,0
22,Male,White,Never-married,3,309178,HS-grad,Private,Transport-moving,0,0,40,39,0
37,Female,White,Divorced,1,299090,HS-grad,Other,Other,0,0,30,39,0
45,Male,White,Married-civ-spouse,0,265097,HS-grad,Private,Other-service,0,1902,40,39,1
45,Female,White,Never-married,1,240841,Masters,Private,Prof-specialty,0,0,40,39,0
17,Female,White,Never-married,3,159299,11th,Private,Other-service,0,0,20,39,0
46,Female,White,Married-civ-spouse,5,146919,HS-grad,Private,Adm-clerical,0,0,40,39,1
43,Male,White,Married-civ-spouse,0,226902,HS-grad,Private,Sales,0,0,80,39,1
28,Male,White,Married-civ-spouse,0,38309,Assoc-voc,Private,Adm-clerical,2407,0,40,39,0
74,Male,White,Widowed,1,43599,HS-grad,Self-emp-not-inc,Other-service,0,0,20,39,0
21,Female,White,Never-married,3,115895,Some-college,Private,Sales,0,0,20,39,0
27,Male,White,Married-civ-spouse,0,188941,Some-college,Private,Tech-support,3908,0,40,39,0
32,Male,White,Married-civ-spouse,0,19302,Assoc-acdm,Local-gov,Protective-serv,0,0,56,9,1
30,Female,White,Never-married,3,166961,Bachelors,Private,Prof-specialty,0,0,37,39,0
27,Male,White,Never-married,1,192355,Bachelors,State-gov,Prof-specialty,0,0,50,39,0
46,Female,White,Divorced,4,353219,9th,Private,Other-service,0,0,40,39,0
43,Female,White,Divorced,4,118261,Masters,Self-emp-not-inc,Other-service,0,0,30,39,0
29,Female,White,Never-married,1,184723,Some-college,Federal-gov,Other-service,0,0,40,39,1
37,Female,Amer-Indian-Eskimo,Married-civ-spouse,5,102541,Assoc-voc,Other,Other,0,0,40,39,0
20,Female,Black,Never-married,3,213719,HS-grad,Private,Sales,0,0,20,39,0
33,Male,Asian-Pac-Islander,Married-civ-spouse,0,139057,HS-grad,Self-emp-inc,Exec-managerial,0,0,84,36,1
27,Male,White,Never-married,1,167737,Some-college,Private,Handlers-cleaners,0,0,48,39,0
32,Male,White,Married-civ-spouse,0,144949,HS-grad,Local-gov,Protective-serv,0,0,40,39,0
36,Male,White,Married-civ-spouse,0,113337,Some-college,Local-gov,Tech-support,0,0,42,39,1
39,Male,White,Married-civ-spouse,0,232036,Some-college,Federal-gov,Adm-clerical,0,0,40,39,1
34,Male,White,Married-civ-spouse,0,209317,Some-college,State-gov,Protective-serv,0,0,40,39,0
26,Male,White,Married-civ-spouse,0,165673,HS-grad,Private,Sales,0,0,40,39,0
50,Female,White,Divorced,1,208630,Masters,Private,Sales,0,0,50,39,1
34,Male,White,Married-civ-spouse,0,158800,Bachelors,Private,Exec-managerial,0,0,50,39,1
29,Male,White,Married-civ-spouse,0,130856,Some-college,Private,Craft-repair,0,0,60,39,0
43,Female,White,Separated,4,106982,Bachelors,Local-gov,Prof-specialty,0,0,40,39,0
39,Female,White,Divorced,4,262158,Bachelors,Private,Exec-managerial,0,0,45,39,0
23,Male,White,Never-married,1,174714,10th,Self-emp-not-inc,Craft-repair,0,0,60,39,0
50,Female,Black,Never-married,1,125417,Prof-school,Local-gov,Exec-managerial,0,0,52,39,1
38,Female,White,Divorced,2,130813,HS-grad,Private,Machine-op-inspct,0,0,40,39,0
19,Male,White,Never-married,3,167428,Some-college,Other,Other,0,0,40,39,0
17,Male,Other,Never-married,3,289405,11th,Private,Machine-op-inspct,0,0,12,39,0
51,Male,White,Married-civ-spouse,0,127149,11th,Self-emp-not-inc,Farming-fishing,0,0,45,39,1
72,Female,White,Widowed,1,96867,5th-6th,Other,Other,0,0,40,39,0
44,Male,White,Married-civ-spouse,0,45093,HS-grad,Private,Farming-fishing,0,0,70,39,0
34,Male,White,Married-civ-spouse,0,164190,Bachelors,Private,Exec-managerial,0,0,40,39,0
32,Male,White,Never-married,3,379412,Some-college,Private,Craft-repair,0,0,40,39,0
51,Male,White,Married-civ-spouse,0,26832,HS-grad,Local-gov,Craft-repair,0,0,40,39,1
48,Male,White,Married-civ-spouse,0,191277,Assoc-voc,Self-emp-inc,Exec-managerial,0,0,50,39,1
47,Female,White,Divorced,1,161950,Bachelors,Private,Other-service,0,0,25,11,0
25,Male,White,Never-married,1,261979,HS-grad,State-gov,Prof-specialty,0,0,40,39,0
37,Female,White,Married-civ-spouse,5,103925,Bachelors,Self-emp-not-inc,Sales,0,0,50,39,0
41,Male,White,Married-civ-spouse,0,144928,Bachelors,State-gov,Prof-specialty,0,0,40,39,1
26,Male,White,Never-married,1,155213,Bachelors,Private,Prof-specialty,0,0,48,39,0
25,Male,White,Never-married,1,177147,Some-college,Private,Handlers-cleaners,0,0,40,39,0
27,Male,Black,Separated,4,109004,HS-grad,Private,Craft-repair,0,0,40,39,0
32,Male,White,Never-married,1,513416,Masters,State-gov,Prof-specialty,0,0,10,39,0
19,Female,White,Never-married,3,220517,Some-college,Other,Other,0,0,35,39,0
39,Male,White,Married-civ-spouse,0,301614,Assoc-voc,Local-gov,Protective-serv,0,0,48,39,1
21,Male,White,Never-married,3,304602,Assoc-voc,Self-emp-not-inc,Farming-fishing,0,0,98,39,0
31,Female,White,Never-married,1,171871,Masters,Private,Prof-specialty,0,0,46,39,0
59,Male,White,Married-civ-spouse,0,128105,HS-grad,Self-emp-not-inc,Farming-fishing,0,0,35,39,0
56,Female,White,Divorced,1,34626,Some-college,Private,Exec-managerial,0,1980,40,39,0
75,Male,White,Married-civ-spouse,0,92792,HS-grad,Self-emp-not-inc,Sales,0,0,35,39,0
54,Female,White,Divorced,1,136224,Masters,Self-emp-not-inc,Prof-specialty,0,0,30,39,0
27,Male,White,Never-married,3,213921,HS-grad,Private,Other-service,0,0,40,26,0
64,Male,White,Married-civ-spouse,0,31826,HS-grad,Self-emp-not-inc,Exec-managerial,0,0,45,39,1
28,Male,White,Married-civ-spouse,0,595088,Some-college,Private,Craft-repair,0,0,63,39,0
52,Male,White,Married-civ-spouse,0,127315,Masters,Private,Prof-specialty,0,0,40,39,1
33,Female,White,Divorced,1,198452,Assoc-acdm,Private,Sales,0,0,45,39,0
32,Male,White,Married-civ-spouse,0,186824,Bachelors,Private,Craft-repair,0,0,40,39,1
24,Male,White,Married-civ-spouse,0,22966,Bachelors,Private,Sales,0,0,45,39,0
45,Female,Black,Divorced,4,326064,Some-college,Local-gov,Adm-clerical,6497,0,35,39,0
29,Male,Black,Separated,1,275110,Some-college,Private,Handlers-cleaners,0,0,42,39,0
32,Male,White,Married-civ-spouse,0,340940,Bachelors,Private,Exec-managerial,0,0,40,39,0
32,Male,White,Married-civ-spouse,0,372692,HS-grad,Private,Craft-repair,0,0,40,39,0
38,Male,White,Married-civ-spouse,0,32916,Some-college,Private,Exec-managerial,0,0,45,39,0
25,Female,White,Divorced,4,35829,Some-college,Other,Other,0,0,50,39,0
49,Male,Asian-Pac-Islander,Never-married,1,97411,7th-8th,Private,Machine-op-inspct,0,0,45,25,0
26,Male,White,Never-married,3,163189,HS-grad,Self-emp-not-inc,Sales,0,0,40,39,0
45,Male,White,Married-civ-spouse,0,107787,Assoc-voc,Private,Craft-repair,0,0,40,2,0
50,Male,White,Married-civ-spouse,0,254148,Some-college,Local-gov,Farming-fishing,0,0,40,26,0
23,Female,Asian-Pac-Islander,Never-married,1,162551,Bachelors,Private,Adm-clerical,0,0,20,39,0
36,Male,White,Married-civ-spouse,0,166416,HS-grad,Private,Handlers-cleaners,0,0,40,39,0
47,Male,White,Married-civ-spouse,0,172034,HS-grad,Self-emp-not-inc,Sales,0,0,75,39,1
28,Male,Black,Never-married,1,182344,HS-grad,Private,Other-service,0,0,40,39,0
30,Male,White,Never-married,1,19302,Some-college,Private,Adm-clerical,0,0,48,39,0
27,Male,White,Married-civ-spouse,0,250314,9th,Private,Protective-serv,0,0,40,13,0
41,Female,White,Never-married,1,88368,HS-grad,Private,Sales,0,0,50,39,0
33,Male,White,Married-civ-spouse,0,125762,HS-grad,Private,Sales,0,0,44,39,1
22,Female,White,Never-married,3,113550,HS-grad,Private,Adm-clerical,0,0,40,39,0
63,Male,White,Married-civ-spouse,0,272425,Assoc-voc,Self-emp-inc,Exec-managerial,0,0,40,39,1
23,Female,White,Never-married,1,265077,Assoc-voc,Private,Other-service,0,0,40,39,0
30,Male,White,Married-civ-spouse,0,185027,Bachelors,Private,Prof-specialty,0,0,40,39,1
30,Female,Black,Divorced,4,185336,Some-college,Private,Adm-clerical,0,0,37,39,0
42,Male,White,Never-married,3,212847,HS-grad,Self-emp-not-inc,Farming-fishing,0,0,85,39,0
56,Male,White,Married-civ-spouse,0,205601,Doctorate,Self-emp-inc,Prof-specialty,99999,0,70,39,1
31,Female,White,Never-married,1,315128,Some-college,Private,Adm-clerical,0,0,52,39,0
21,Female,White,Never-married,1,30619,Some-college,Private,Exec-managerial,0,0,38,39,0
45,Male,White,Married-civ-spouse,0,738812,HS-grad,Private,Craft-repair,0,0,46,39,0
36,Female,White,Separated,1,127573,HS-grad,Private,Adm-clerical,0,0,38,39,0
19,Male,White,Never-married,3,143867,Some-college,Other,Other,0,0,40,39,0
25,Female,White,Divorced,3,52536,Assoc-acdm,Private,Tech-support,0,1594,25,39,0
57,Male,Black,Married-civ-spouse,0,136107,9th,Private,Craft-repair,0,0,40,39,1
64,Male,Black,Married-civ-spouse,0,63676,10th,Private,Other-service,0,0,40,39,0
45,Male,White,Married-civ-spouse,0,236586,Masters,Local-gov,Prof-specialty,7688,0,55,39,1
32,Male,White,Divorced,4,262153,HS-grad,Private,Craft-repair,0,0,35,39,0
61,Male,White,Married-civ-spouse,0,204908,9th,Private,Craft-repair,0,0,40,39,0
40,Male,White,Never-married,1,183765,Assoc-acdm,Local-gov,Prof-specialty,0,0,40,39,1
55,Male,White,Married-civ-spouse,0,282023,Bachelors,Private,Sales,15024,0,50,39,1
30,Male,White,Never-married,1,288566,Bachelors,Private,Other-service,0,0,40,39,0
51,Female,White,Married-civ-spouse,5,47415,Assoc-acdm,Local-gov,Adm-clerical,0,1628,30,39,0
48,Female,White,Married-civ-spouse,5,73434,HS-grad,Private,Adm-clerical,0,0,40,11,1
47,Female,White,Married-spouse-absent,4,216096,Some-college,Private,Exec-managerial,0,0,35,33,0
48,Male,White,Never-married,1,267912,Bachelors,Private,Other-service,0,0,50,26,1
70,Male,White,Married-civ-spouse,0,177199,HS-grad,Self-emp-not-inc,Exec-managerial,0,0,3,39,0
37,Male,White,Divorced,3,168496,HS-grad,Self-emp-not-inc,Handlers-cleaners,0,0,10,39,0
26,Male,White,Married-civ-spouse,0,118497,HS-grad,Private,Transport-moving,0,0,50,39,0
38,Male,White,Divorced,1,86551,Bachelors,Private,Sales,0,0,48,39,1
60,Male,White,Married-civ-spouse,0,143932,Masters,Self-emp-not-inc,Exec-managerial,0,0,40,39,0
32,Male,White,Never-married,1,96016,Bachelors,Private,Prof-specialty,0,0,45,39,0
26,Male,White,Married-civ-spouse,0,336404,HS-grad,Private,Protective-serv,0,0,40,39,0
38,Male,White,Married-civ-spouse,0,241998,12th,Private,Craft-repair,7688,0,40,39,1
47,Male,White,Never-married,3,105779,Bachelors,Self-emp-inc,Sales,0,0,40,39,1
25,Female,White,Never-married,1,28520,HS-grad,Private,Other-service,0,0,40,39,0
57,Male,White,Widowed,4,34269,HS-grad,Private,Transport-moving,0,653,42,39,1
42,Male,White,Married-civ-spouse,0,188615,Bachelors,Self-emp-inc,Sales,0,0,60,39,1
25,Female,White,Married-civ-spouse,5,90752,Bachelors,Private,Adm-clerical,0,0,40,39,0
23,Male,Asian-Pac-Islander,Never-married,1,190650,Bachelors,Other,Other,0,0,35,39,0
43,Male,White,Married-civ-spouse,0,35236,Some-college,Self-emp-not-inc,Farming-fishing,0,0,84,39,0
58,Female,White,Never-married,1,181974,Doctorate,Self-emp-inc,Prof-specialty,0,0,99,0,0
22,Male,White,Never-married,3,24008,Some-college,Other,Other,0,0,72,39,0
31,Male,White,Divorced,1,184307,Some-college,Private,Craft-repair,0,0,40,39,0
30,Female,White,Divorced,1,178587,Assoc-voc,Private,Adm-clerical,0,0,38,39,0
52,Male,White,Married-civ-spouse,0,152373,Some-college,Private,Sales,0,0,40,39,0
33,Male,Asian-Pac-Islander,Married-civ-spouse,0,256211,HS-grad,Private,Machine-op-inspct,0,0,40,35,0
28,Female,White,Never-married,1,301654,Bachelors,Private,Prof-specialty,0,0,40,39,0
39,Female,White,Married-civ-spouse,5,113253,Bachelors,Local-gov,Prof-specialty,0,0,50,39,1
35,Male,White,Married-civ-spouse,0,335704,Assoc-acdm,Private,Sales,0,0,60,39,0
31,Female,White,Never-married,1,178841,HS-grad,Private,Adm-clerical,0,0,40,39,0
53,Male,White,Married-civ-spouse,0,96062,Bachelors,Private,Exec-managerial,0,0,40,12,0
21,Male,Black,Never-married,2,202570,12th,Private,Adm-clerical,0,0,48,0,0
46,Female,Amer-Indian-Eskimo,Divorced,1,199725,Assoc-voc,Federal-gov,Craft-repair,0,0,60,39,0
56,Male,White,Married-civ-spouse,0,169133,HS-grad,Private,Other-service,0,0,50,41,0
53,Male,White,Married-civ-spouse,0,33304,Prof-school,Self-emp-not-inc,Prof-specialty,0,0,38,39,1
39,Male,White,Married-civ-spouse,0,278187,HS-grad,Private,Machine-op-inspct,0,0,40,39,0
56,Male,White,Married-civ-spouse,0,170217,HS-grad,Local-gov,Craft-repair,0,0,40,39,0
31,Female,White,Divorced,4,164309,Some-college,Private,Adm-clerical,0,0,38,39,0
32,Female,Black,Never-married,1,117927,Some-college,State-gov,Adm-clerical,0,0,40,39,0
44,Male,White,Divorced,4,102238,HS-grad,Federal-gov,Craft-repair,0,0,40,39,0
44,Male,White,Married-civ-spouse,0,151089,Bachelors,Private,Prof-specialty,0,1902,50,39,1
25,Male,White,Never-married,1,308144,Bachelors,Private,Craft-repair,0,0,40,26,0
29,Female,White,Never-married,1,106179,Bachelors,Private,Adm-clerical,0,0,35,2,0
72,Male,White,Married-civ-spouse,0,303588,HS-grad,Other,Other,0,0,20,39,0
18,Male,White,Never-married,3,466325,11th,Local-gov,Adm-clerical,0,0,12,39,0
33,Male,White,Divorced,1,226525,HS-grad,Private,Exec-managerial,0,0,60,39,0
48,Female,White,Divorced,1,154033,HS-grad,Private,Sales,0,0,52,39,0
30,Female,Black,Never-married,4,312767,HS-grad,State-gov,Sales,0,0,40,39,0
59,Male,White,Married-civ-spouse,0,375049,HS-grad,Other,Other,0,0,41,39,1
59,Female,White,Divorced,4,296253,Masters,Local-gov,Prof-specialty,8614,0,60,39,1
39,Female,White,Divorced,1,101146,HS-grad,Private,Prof-specialty,4650,0,40,39,0
32,Male,White,Married-civ-spouse,0,174789,Bachelors,Self-emp-not-inc,Prof-specialty,0,0,50,39,1
43,Male,White,Married-civ-spouse,0,101383,HS-grad,State-gov,Craft-repair,0,0,40,39,1
21,Female,White,Never-married,3,176356,Assoc-acdm,Private,Adm-clerical,0,0,20,39,0
66,Male,White,Married-civ-spouse,0,192504,Masters,Private,Sales,0,0,40,39,0
18,Female,White,Never-married,3,31008,Some-college,Other,Other,0,0,30,39,0
20,Female,White,Never-married,1,39477,Some-college,Private,Farming-fishing,0,0,40,39,0
31,Female,White,Divorced,4,208657,Some-college,Private,Adm-clerical,0,0,40,39,0
30,Male,White,Married-civ-spouse,0,342709,HS-grad,Private,Tech-support,0,0,40,39,0
42,Female,White,Never-married,1,213019,Masters,Local-gov,Prof-specialty,0,0,40,39,1
32,Male,White,Married-civ-spouse,0,218322,HS-grad,Private,Craft-repair,0,0,40,39,0
25,Female,White,Never-married,1,236242,Prof-school,Private,Prof-specialty,0,0,30,39,0
40,Female,White,Separated,4,297396,Some-college,Private,Exec-managerial,0,0,60,39,0
24,Female,White,Never-married,1,210029,HS-grad,Private,Adm-clerical,0,2001,37,39,0
23,Female,White,Never-married,1,242375,HS-grad,Private,Other-service,0,0,30,39,0
42,Male,White,Married-civ-spouse,0,24763,Doctorate,Self-emp-not-inc,Prof-specialty,15024,0,40,39,1
28,Male,White,Married-civ-spouse,0,584790,Assoc-voc,Private,Other-service,0,0,40,39,1
35,Male,White,Married-civ-spouse,0,102938,HS-grad,Local-gov,Other-service,0,0,40,39,0
46,Male,White,Married-civ-spouse,0,164733,Masters,Private,Prof-specialty,0,0,41,39,0
37,Male,White,Married-civ-spouse,0,175643,HS-grad,Private,Farming-fishing,0,0,30,39,0
41,Male,White,Married-civ-spouse,0,197176,Bachelors,Self-emp-not-inc,Farming-fishing,0,0,75,39,1
34,Male,Black,Married-civ-spouse,0,209449,Some-college,Private,Tech-support,0,0,40,39,1
64,Male,White,Married-civ-spouse,0,65991,HS-grad,Self-emp-not-inc,Farming-fishing,7298,0,45,39,1
40,Male,White,Married-civ-spouse,0,323790,Some-college,Private,Other-service,0,0,40,39,0
18,Female,White,Never-married,3,271935,HS-grad,Private,Machine-op-inspct,0,0,40,39,0
59,Male,White,Married-civ-spouse,0,384246,Doctorate,Private,Prof-specialty,0,0,50,39,0
17,Male,White,Never-married,3,245918,11th,Private,Other-service,0,0,12,39,0
43,Male,White,Married-civ-spouse,0,241895,Bachelors,Private,Exec-managerial,0,0,50,39,1
37,Male,White,Divorced,1,83375,HS-grad,Private,Farming-fishing,0,0,40,39,0
18,Female,White,Never-married,3,203301,HS-grad,Private,Adm-clerical,0,0,40,39,0
26,Male,White,Never-married,3,211695,Bachelors,Private,Prof-specialty,0,0,40,39,0
47,Male,White,Married-civ-spouse,0,109421,Bachelors,Self-emp-not-inc,Exec-managerial,0,0,50,39,0
40,Female,Black,Never-married,4,195520,Some-college,State-gov,Adm-clerical,0,0,49,39,0
51,Male,Other,Married-civ-spouse,0,120781,Prof-school,Self-emp-not-inc,Prof-specialty,99999,0,70,19,1
18,Female,White,Never-married,3,78181,11th,Private,Other-service,0,0,30,39,0
39,Female,Black,Married-civ-spouse,2,143445,HS-grad,Private,Other-service,0,0,40,39,0
58,Female,White,Widowed,4,272902,Bachelors,Private,Exec-managerial,0,0,40,39,0
69,Male,White,Married-civ-spouse,0,128206,HS-grad,Self-emp-not-inc,Tech-support,0,0,30,39,0
28,Female,White,Never-married,3,265628,Assoc-voc,Private,Handlers-cleaners,0,0,40,39,0
80,Male,White,Married-civ-spouse,0,174995,HS-grad,Other,Other,0,0,8,2,0
37,Male,White,Never-married,3,29814,HS-grad,Self-emp-not-inc,Farming-fishing,0,0,85,39,0
77,Male,Black,Married-civ-spouse,0,232894,9th,Other,Other,0,0,40,39,0
50,Male,White,Married-civ-spouse,0,124963,Bachelors,Private,Exec-managerial,99999,0,55,39,1
26,Male,White,Married-civ-spouse,0,280093,5th-6th,Private,Craft-repair,0,1628,50,39,0
47,Male,White,Married-civ-spouse,0,109832,HS-grad,Other,Other,5178,0,30,2,1
38,Male,White,Divorced,4,141584,HS-grad,Self-emp-inc,Sales,0,0,55,39,0
36,Female,White,Married-civ-spouse,5,380614,Bachelors,Local-gov,Adm-clerical,0,0,35,11,1
65,Female,White,Widowed,4,153522,HS-grad,Private,Other-service,0,0,17,39,0
30,Male,White,Divorced,1,172403,HS-grad,Private,Craft-repair,0,0,30,39,0
46,Female,White,Divorced,1,345911,Some-college,Local-gov,Transport-moving,0,0,40,39,0
21,Male,White,Never-married,3,185251,HS-grad,Private,Sales,0,0,40,39,0
22,Female,White,Never-married,3,412156,Some-college,Private,Adm-clerical,0,0,40,39,0
54,Female,White,Divorced,1,54377,Masters,Local-gov,Prof-specialty,0,0,40,39,0
23,Female,White,Never-married,3,69911,Preschool,Private,Other-service,0,0,15,39,0
22,Female,White,Never-married,3,39236,Some-college,Local-gov,Prof-specialty,594,0,25,39,0
29,Male,White,Married-civ-spouse,0,168138,Bachelors,Private,Protective-serv,0,0,40,39,1
30,Male,White,Married-civ-spouse,0,173005,HS-grad,Private,Adm-clerical,0,0,44,39,0
30,Male,White,Never-married,1,104052,HS-grad,Private,Machine-op-inspct,0,1741,42,39,0
68,Male,White,Married-civ-spouse,0,69249,HS-grad,Self-emp-not-inc,Farming-fishing,0,0,50,39,1
30,Male,White,Divorced,4,156890,10th,Other,Other,0,0,40,39,0
52,Female,Asian-Pac-Islander,Widowed,4,168381,HS-grad,Private,Other-service,0,0,40,19,1
60,Male,White,Married-civ-spouse,0,163665,Some-college,Private,Protective-serv,0,0,16,39,1
34,Male,White,Married-civ-spouse,0,230420,Bachelors,Local-gov,Prof-specialty,0,0,40,39,1
49,Male,White,Never-married,1,188694,Bachelors,Private,Exec-managerial,0,0,40,39,1
52,Male,White,Married-civ-spouse,0,165278,Assoc-voc,Self-emp-not-inc,Exec-managerial,0,0,40,39,0
20,Male,White,Never-married,1,224059,HS-grad,Private,Other-service,0,0,40,39,0
34,Male,White,Married-civ-spouse,0,213887,Some-college,Private,Craft-repair,0,0,40,39,0
46,Male,White,Never-married,1,353824,Assoc-acdm,Private,Adm-clerical,0,0,40,39,0
19,Male,White,Never-married,3,235849,HS-grad,Private,Transport-moving,0,0,35,39,0
32,Male,White,Married-civ-spouse,0,116508,Some-college,Self-emp-not-inc,Farming-fishing,0,0,50,39,1
26,Female,White,Divorced,3,352768,HS-grad,Federal-gov,Adm-clerical,0,0,40,39,0
45,Male,Black,Married-civ-spouse,0,186272,9th,Private,Adm-clerical,5178,0,40,39,1
55,Male,White,Married-civ-spouse,0,144071,11th,Private,Exec-managerial,0,0,45,39,0
28,Female,White,Married-civ-spouse,5,445824,Masters,State-gov,Prof-specialty,0,0,50,39,1
26,Female,White,Divorced,1,106812,Assoc-voc,State-gov,Exec-managerial,0,0,38,39,0
34,Male,Black,Never-married,4,331126,HS-grad,Private,Other-service,0,0,30,39,0
59,Female,Black,Never-married,1,261584,Bachelors,State-gov,Exec-managerial,0,0,40,28,0
24,Male,White,Never-married,3,315476,Assoc-acdm,Private,Craft-repair,0,0,40,39,0
20,Male,White,Never-married,3,58740,Some-college,Other,Other,0,0,15,39,0
17,Male,White,Never-married,3,340557,11th,Private,Other-service,0,0,25,39,0
25,Male,White,Married-civ-spouse,0,156334,10th,Private,Machine-op-inspct,0,0,40,39,0
44,Female,Black,Never-married,4,91949,HS-grad,Other,Other,0,0,40,39,0
34,Male,White,Never-married,1,221966,Bachelors,State-gov,Prof-specialty,0,0,45,39,0
17,Male,White,Never-married,3,195262,11th,Private,Craft-repair,0,0,17,39,0
33,Male,White,Married-civ-spouse,0,157568,HS-grad,Private,Machine-op-inspct,0,0,40,39,0
60,Male,White,Married-civ-spouse,0,85413,HS-grad,Private,Transport-moving,0,0,44,39,1
22,Male,White,Never-married,3,200593,Some-college,Private,Sales,0,0,40,39,0
20,Male,Black,Never-married,3,138107,HS-grad,Private,Handlers-cleaners,0,0,35,39,0
36,Male,White,Never-married,3,182074,HS-grad,Private,Handlers-cleaners,0,0,40,39,0
46,Female,White,Divorced,4,109227,Some-college,Private,Exec-managerial,0,0,70,39,0
49,Male,White,Married-civ-spouse,0,60751,HS-grad,Private,Protective-serv,0,0,40,39,0
20,Female,White,Never-married,1,299047,Some-college,Private,Other-service,0,0,20,39,0
55,Male,White,Married-civ-spouse,0,121912,Some-college,Private,Transport-moving,0,0,24,39,1
31,Female,Black,Never-married,1,387116,Some-college,Private,Adm-clerical,0,0,36,23,0
21,Male,White,Never-married,3,27255,Some-college,Private,Adm-clerical,0,0,40,0,0
43,Female,White,Divorced,4,197810,Masters,Private,Other-service,0,0,40,39,0
47,Male,White,Married-civ-spouse,0,285060,Masters,Local-gov,Exec-managerial,0,1977,41,39,1
53,Female,White,Never-married,1,221722,Masters,Local-gov,Exec-managerial,14344,0,50,39,1
47,Female,Black,Married-civ-spouse,5,239439,11th,Private,Machine-op-inspct,0,0,40,39,0
50,Male,Black,Married-civ-spouse,0,211116,10th,Private,Other-service,0,0,40,39,0
44,Male,Black,Never-married,1,268098,12th,Private,Transport-moving,0,0,36,39,0
53,Male,White,Married-civ-spouse,0,311020,10th,Self-emp-not-inc,Farming-fishing,0,0,60,39,0
28,Male,Amer-Indian-Eskimo,Married-civ-spouse,0,314649,Some-college,Private,Sales,0,0,60,39,0
44,Male,White,Married-civ-spouse,0,165108,Masters,State-gov,Prof-specialty,0,0,40,39,1
38,Male,White,Married-civ-spouse,0,192337,12th,Private,Craft-repair,0,0,40,39,1
40,Female,White,Never-married,1,105717,Masters,Local-gov,Adm-clerical,0,1876,35,39,0
32,Male,White,Married-civ-spouse,0,183304,Assoc-voc,Private,Transport-moving,0,0,99,39,1
21,Female,White,Never-married,3,27162,Some-college,Private,Other-service,0,0,16,39,0
33,Male,White,Never-married,3,38223,HS-grad,Self-emp-not-inc,Farming-fishing,0,0,70,39,0
27,Female,White,Never-married,3,147340,Some-college,Private,Exec-managerial,0,0,40,39,0
33,Female,White,Married-civ-spouse,5,293550,Some-college,Federal-gov,Tech-support,4064,0,40,39,0
17,Female,White,Never-married,3,65368,11th,Private,Sales,0,0,12,39,0
48,Male,White,Married-civ-spouse,0,185143,Masters,Private,Exec-managerial,0,0,40,39,0
39,Male,White,Married-civ-spouse,0,108419,Some-college,Private,Craft-repair,0,0,40,39,0
60,Male,White,Married-civ-spouse,0,152369,Assoc-voc,Private,Craft-repair,0,0,60,39,0
41,Male,White,Married-civ-spouse,0,247752,HS-grad,Private,Sales,0,0,40,39,0
61,Male,White,Married-civ-spouse,0,84409,Doctorate,Self-emp-not-inc,Prof-specialty,0,0,40,39,1
59,Male,White,Married-civ-spouse,0,314149,Assoc-voc,Private,Sales,0,1740,50,39,0
19,Female,White,Never-married,1,99246,11th,Private,Machine-op-inspct,0,0,25,39,0
20,Female,White,Never-married,3,174063,Some-college,Private,Other-service,0,0,40,39,0
50,Male,White,Married-civ-spouse,0,271262,HS-grad,Private,Transport-moving,0,0,40,39,1
57,Female,White,Separated,1,39380,HS-grad,State-gov,Other-service,0,0,35,39,0
30,Female,White,Never-married,3,195488,HS-grad,Private,Priv-house-serv,0,0,40,13,0
26,Female,White,Never-married,1,174592,Some-college,Private,Adm-clerical,0,0,40,39,0
37,Male,White,Married-civ-spouse,0,243409,HS-grad,Private,Transport-moving,0,0,50,39,0
28,Male,Black,Never-married,3,335357,HS-grad,Private,Handlers-cleaners,0,0,40,39,0
54,Male,White,Separated,1,257869,Some-college,Private,Other-service,0,0,28,4,0
50,Male,White,Married-spouse-absent,4,193374,1st-4th,Private,Craft-repair,0,0,40,39,0
59,Male,White,Married-civ-spouse,0,107833,10th,Private,Transport-moving,0,1485,40,39,1
28,Male,Other,Never-married,1,191342,Some-college,Private,Sales,0,0,40,19,0
34,Male,White,Married-civ-spouse,0,226443,Prof-school,Private,Prof-specialty,0,0,55,39,1
32,Male,Black,Never-married,3,249409,HS-grad,Federal-gov,Other-service,0,0,40,39,0
29,Male,White,Divorced,1,247445,HS-grad,Private,Sales,0,0,45,39,0
22,Male,White,Never-married,1,197838,Bachelors,Private,Exec-managerial,0,0,40,39,0
28,Female,White,Married-spouse-absent,3,98010,Some-college,Private,Adm-clerical,0,0,40,39,0
36,Male,White,Married-civ-spouse,0,219814,9th,Private,Craft-repair,0,0,35,13,0
48,Male,White,Separated,1,78529,Masters,State-gov,Prof-specialty,0,0,60,39,0
71,Female,White,Divorced,3,269708,Bachelors,Private,Tech-support,2329,0,16,39,0
22,Male,White,Married-civ-spouse,0,269583,7th-8th,Self-emp-inc,Craft-repair,2580,0,40,39,0
50,Male,White,Married-civ-spouse,0,238959,Some-college,Private,Adm-clerical,0,0,45,39,1
49,Male,White,Married-civ-spouse,0,237920,Doctorate,Private,Sales,0,0,60,39,0
31,Female,White,Divorced,1,82473,9th,Other,Other,0,0,25,39,0
32,Male,White,Married-spouse-absent,1,198211,Assoc-voc,Local-gov,Craft-repair,0,0,40,39,0
25,Female,Amer-Indian-Eskimo,Divorced,1,44216,HS-grad,Local-gov,Adm-clerical,0,0,35,39,0
73,Male,White,Married-civ-spouse,0,143833,12th,Self-emp-not-inc,Farming-fishing,0,0,18,39,0
36,Male,Black,Never-married,3,312785,Bachelors,Local-gov,Prof-specialty,0,0,35,39,0
60,Male,White,Married-civ-spouse,0,204062,Masters,Local-gov,Prof-specialty,0,0,48,39,1
33,Female,White,Never-married,1,618191,HS-grad,Private,Exec-managerial,0,0,40,39,0
32,Female,White,Never-married,2,207172,Some-college,Private,Sales,0,0,40,39,0
24,Male,Asian-Pac-Islander,Never-married,1,375313,Some-college,Self-emp-not-inc,Prof-specialty,0,0,40,39,0
36,Male,White,Married-civ-spouse,0,135874,Bachelors,State-gov,Sales,0,0,40,39,0
19,Male,White,Never-married,3,39460,HS-grad,Other,Other,0,0,60,39,0
30,Male,White,Never-married,1,193598,Preschool,Private,Farming-fishing,0,0,40,26,0
20,Male,Asian-Pac-Islander,Never-married,3,112847,HS-grad,Private,Farming-fishing,0,0,40,39,0
36,Male,White,Married-civ-spouse,0,203482,Assoc-acdm,Private,Prof-specialty,0,0,40,39,1
49,Male,White,Divorced,1,353824,Some-college,Private,Prof-specialty,0,0,45,39,1
51,Female,Black,Widowed,1,154949,HS-grad,Private,Machine-op-inspct,0,0,40,39,0
49,Female,White,Widowed,1,102945,7th-8th,Private,Machine-op-inspct,0,0,40,39,0
62,Male,White,Married-civ-spouse,0,270092,Masters,Private,Prof-specialty,0,0,40,39,1
42,Female,White,Married-civ-spouse,5,204033,Bachelors,Self-emp-inc,Adm-clerical,0,0,35,0,0
37,Male,Black,Married-civ-spouse,0,280464,Some-college,Private,Exec-managerial,0,0,80,39,1
34,Female,White,Divorced,1,203463,Some-college,Private,Sales,0,0,40,39,0
29,Female,White,Married-civ-spouse,5,122112,Bachelors,Private,Sales,0,0,50,39,0
44,Male,White,Married-civ-spouse,0,124692,HS-grad,Self-emp-not-inc,Prof-specialty,0,1902,40,39,1
60,Female,Black,Married-spouse-absent,4,41517,11th,Other,Other,0,0,20,39,0
35,Female,Black,Never-married,3,230754,Masters,Local-gov,Prof-specialty,0,0,40,39,0
45,Male,Asian-Pac-Islander,Married-civ-spouse,0,191098,Bachelors,Private,Prof-specialty,0,0,40,3,0
46,Male,White,Married-civ-spouse,0,185041,HS-grad,Private,Craft-repair,0,0,75,39,1
49,Male,White,Married-civ-spouse,0,586657,Bachelors,Federal-gov,Exec-managerial,7298,0,40,39,1
18,Female,White,Never-married,3,94196,HS-grad,Private,Handlers-cleaners,0,0,25,39,0
25,Female,White,Divorced,3,240676,Some-college,Private,Tech-support,0,0,40,39,0
21,Male,White,Never-married,3,190968,HS-grad,Private,Machine-op-inspct,0,0,40,39,0
35,Male,White,Divorced,1,164866,10th,Other,Other,0,0,99,39,0
28,Male,Black,Separated,1,102533,Some-college,Private,Handlers-cleaners,0,0,40,39,0
46,Male,White,Married-civ-spouse,0,285750,HS-grad,Private,Farming-fishing,4064,0,55,39,0
56,Female,White,Divorced,1,117881,11th,Private,Machine-op-inspct,0,0,40,39,0
37,Male,Amer-Indian-Eskimo,Never-married,1,149297,HS-grad,Private,Handlers-cleaners,0,0,30,39,0
24,Male,Black,Married-civ-spouse,0,387108,Some-college,Local-gov,Protective-serv,0,0,40,39,0
22,Male,Black,Never-married,3,219233,HS-grad,Other,Other,0,1602,30,39,0
19,Female,White,Separated,4,207173,HS-grad,Private,Adm-clerical,0,0,30,39,0
52,Male,White,Never-married,4,158746,HS-grad,Private,Other-service,0,0,40,39,0
23,Male,White,Married-civ-spouse,0,176724,11th,Private,Machine-op-inspct,0,0,40,33,0
49,Male,White,Married-civ-spouse,0,305657,7th-8th,Private,Machine-op-inspct,0,0,40,39,0
30,Male,White,Married-civ-spouse,0,94245,Some-college,Private,Handlers-cleaners,0,0,40,39,0
34,Male,White,Married-civ-spouse,0,158615,Some-college,Private,Handlers-cleaners,0,0,40,39,0
19,Female,White,Never-married,1,44797,Some-college,Private,Farming-fishing,0,0,15,39,0
22,Female,White,Never-married,1,193586,HS-grad,Private,Sales,0,0,25,39,0
63,Male,White,Married-civ-spouse,0,222289,HS-grad,Self-emp-inc,Exec-managerial,0,0,40,39,1
26,Male,White,Never-married,3,318644,Prof-school,Self-emp-not-inc,Prof-specialty,0,0,20,39,0
20,Male,Black,Never-married,1,34706,Some-college,Private,Exec-managerial,0,0,47,39,0
34,Male,White,Married-civ-spouse,0,226296,11th,Private,Handlers-cleaners,0,0,40,39,0
33,Male,White,Married-civ-spouse,0,280923,7th-8th,Private,Handlers-cleaners,0,0,40,26,0
20,Female,White,Never-married,3,168863,Some-college,Other,Other,0,0,20,39,0
40,Male,White,Married-civ-spouse,0,29762,Some-college,Self-emp-not-inc,Craft-repair,0,0,60,39,0
44,Male,Asian-Pac-Islander,Married-civ-spouse,0,148138,Doctorate,Private,Exec-managerial,15024,0,40,24,1
48,Male,White,Married-civ-spouse,0,141511,10th,Private,Exec-managerial,0,0,45,39,1
24,Female,White,Never-married,3,127139,Some-college,Private,Adm-clerical,0,0,40,39,0
64,Female,White,Divorced,1,78866,HS-grad,Local-gov,Adm-clerical,0,0,40,39,0
38,Male,White,Married-civ-spouse,0,229015,Bachelors,Private,Exec-managerial,0,0,50,39,1
18,Female,White,Never-married,3,42293,10th,Other,Other,0,0,30,39,0
37,Male,White,Married-civ-spouse,0,204277,HS-grad,Private,Machine-op-inspct,0,1848,48,39,1
34,Male,White,Married-civ-spouse,0,29254,Some-college,Self-emp-inc,Craft-repair,0,0,70,39,0
37,Male,White,Married-civ-spouse,0,184498,HS-grad,Private,Transport-moving,0,0,40,39,0
33,Male,Black,Married-civ-spouse,0,177945,HS-grad,Federal-gov,Adm-clerical,0,0,40,39,0
28,Female,White,Never-married,1,199903,Bachelors,Private,Adm-clerical,0,0,20,39,0
29,Female,White,Never-married,1,106972,Masters,State-gov,Prof-specialty,0,0,35,39,0
21,Female,White,Never-married,3,411068,Some-college,Private,Adm-clerical,0,0,35,39,0
62,Female,White,Never-married,1,141308,Some-college,Private,Adm-clerical,0,0,40,39,0
33,Male,White,Married-civ-spouse,0,24504,Some-college,Self-emp-not-inc,Craft-repair,0,0,60,39,0
77,Male,White,Married-civ-spouse,0,192230,Some-college,Self-emp-inc,Exec-managerial,0,0,40,39,0
46,Male,Black,Married-civ-spouse,0,342907,HS-grad,Self-emp-not-inc,Sales,0,0,60,39,1
49,Male,White,Married-civ-spouse,0,229376,HS-grad,Federal-gov,Adm-clerical,0,0,40,39,1
52,Female,White,Divorced,1,361875,Some-college,Private,Exec-managerial,0,0,50,39,0
24,Male,White,Never-married,3,108495,Some-college,Private,Adm-clerical,0,0,40,19,0
52,Male,White,Married-civ-spouse,0,209642,HS-grad,Self-emp-not-inc,Exec-managerial,0,0,45,39,1
20,Male,White,Never-married,3,214387,HS-grad,Private,Machine-op-inspct,0,0,40,39,0
29,Male,White,Married-civ-spouse,0,209301,Bachelors,Private,Craft-repair,0,0,40,2,0
59,Male,White,Married-civ-spouse,0,340591,10th,Private,Handlers-cleaners,3942,0,40,39,0
51,Female,Black,Divorced,4,138514,Assoc-voc,Private,Tech-support,0,0,48,39,0
18,Female,Amer-Indian-Eskimo,Never-married,3,301867,HS-grad,Private,Sales,0,0,20,39,0
25,Female,White,Never-married,4,104662,HS-grad,Private,Other-service,0,0,22,39,0
48,Male,White,Never-married,1,96854,Some-college,Federal-gov,Adm-clerical,0,0,30,39,0
49,Male,White,Married-civ-spouse,0,168216,7th-8th,Private,Machine-op-inspct,0,0,48,39,0
24,Female,White,Never-married,1,103277,HS-grad,Private,Adm-clerical,2597,0,40,39,0
19,Female,White,Never-married,1,25429,Some-college,Private,Sales,0,0,25,39,0
31,Male,White,Married-civ-spouse,0,505438,HS-grad,Other,Other,0,0,30,26,0
36,Male,White,Married-civ-spouse,0,272944,Assoc-voc,Private,Exec-managerial,0,0,60,39,1
56,Female,White,Married-civ-spouse,5,357118,Masters,Private,Prof-specialty,0,0,40,39,1
22,Male,White,Married-civ-spouse,0,99199,HS-grad,Private,Exec-managerial,0,0,48,39,0
29,Male,White,Married-civ-spouse,0,357781,7th-8th,Private,Farming-fishing,0,0,40,39,0
61,Male,White,Married-civ-spouse,0,66614,HS-grad,Self-emp-inc,Craft-repair,0,0,40,39,0
42,Male,White,Married-civ-spouse,0,173590,Some-college,Private,Adm-clerical,0,1628,40,39,0
55,Male,White,Married-civ-spouse,0,189664,HS-grad,Private,Prof-specialty,0,0,40,39,1
31,Male,Amer-Indian-Eskimo,Married-civ-spouse,0,112627,HS-grad,Private,Transport-moving,0,0,40,39,0
59,Male,White,Never-married,4,66356,7th-8th,Private,Farming-fishing,4865,0,40,39,0
59,Male,Black,Married-civ-spouse,0,200700,Bachelors,Private,Craft-repair,0,0,48,39,1
40,Male,White,Married-civ-spouse,0,130760,Assoc-voc,Private,Exec-managerial,0,0,50,39,1
41,Male,White,Married-civ-spouse,0,116391,Some-college,Private,Craft-repair,0,0,40,39,0
42,Female,White,Divorced,1,344572,HS-grad,Private,Exec-managerial,0,0,40,39,1
19,Female,White,Never-married,2,257750,Some-college,Private,Sales,0,0,25,39,0
25,Female,Asian-Pac-Islander,Never-married,1,125491,Some-college,Private,Other-service,0,0,34,39,0
31,Female,White,Separated,1,186420,Masters,Self-emp-not-inc,Tech-support,0,0,25,39,0
55,Male,White,Married-civ-spouse,0,189933,Some-college,Private,Transport-moving,0,0,84,39,0
19,Female,White,Never-married,3,291429,HS-grad,Private,Other-service,0,0,25,39,0
44,Male,White,Married-civ-spouse,0,224658,HS-grad,Private,Craft-repair,0,0,45,39,1
58,Male,White,Married-civ-spouse,0,292379,Bachelors,Local-gov,Exec-managerial,0,0,40,39,0
19,Female,White,Never-married,3,188815,HS-grad,Private,Other-service,34095,0,20,39,0
45,Male,Black,Divorced,1,195418,Masters,Local-gov,Prof-specialty,0,0,40,39,0
32,Male,White,Never-married,3,377017,Assoc-acdm,Other,Other,0,0,40,39,0
22,Male,White,Never-married,1,147227,Bachelors,Private,Other-service,0,0,30,39,0
51,Male,White,Married-civ-spouse,0,155963,Some-college,Self-emp-not-inc,Craft-repair,0,0,55,39,0
39,Female,White,Divorced,4,279490,Some-college,Private,Exec-managerial,0,0,40,26,0
39,Female,White,Divorced,1,187089,Some-college,Private,Sales,0,0,40,39,0
64,Male,White,Married-civ-spouse,0,103021,7th-8th,Private,Craft-repair,0,0,40,39,0
22,Male,White,Never-married,2,164775,5th-6th,Local-gov,Handlers-cleaners,0,0,40,13,1
27,Female,White,Never-married,1,29732,Bachelors,Private,Prof-specialty,4865,0,36,39,0
28,Female,White,Never-married,2,104617,7th-8th,Self-emp-not-inc,Other-service,0,0,99,26,0
35,Male,White,Never-married,1,589809,Some-college,Private,Exec-managerial,13550,0,60,39,1
81,Female,White,Widowed,1,132204,1st-4th,State-gov,Other-service,0,0,20,39,0
43,Male,White,Married-civ-spouse,0,54611,HS-grad,Private,Machine-op-inspct,0,0,40,39,0
39,Male,Asian-Pac-Islander,Never-married,2,160120,Some-college,Private,Machine-op-inspct,0,0,40,30,0
38,Male,White,Never-married,1,150057,HS-grad,Private,Handlers-cleaners,0,0,40,39,0
28,Male,White,Never-married,3,163942,Some-college,Local-gov,Protective-serv,0,0,40,39,0
27,Male,White,Married-civ-spouse,0,442612,HS-grad,Self-emp-not-inc,Sales,0,0,65,39,1
37,Male,White,Never-married,1,61778,Bachelors,Private,Farming-fishing,0,0,30,39,0
42,Female,White,Divorced,4,404573,Prof-school,State-gov,Prof-specialty,0,0,40,39,0
33,Male,White,Married-civ-spouse,0,147654,Assoc-voc,Local-gov,Prof-specialty,0,0,60,39,0
64,Male,White,Married-civ-spouse,0,550848,10th,State-gov,Exec-managerial,0,0,40,39,1
47,Male,White,Divorced,4,148171,Doctorate,State-gov,Prof-specialty,0,0,50,10,1
44,Male,White,Married-civ-spouse,0,157217,Assoc-acdm,Private,Prof-specialty,0,0,40,39,1
61,Male,White,Married-civ-spouse,0,115023,Some-college,Private,Prof-specialty,0,0,50,39,1
24,Male,White,Never-married,1,166851,Masters,State-gov,Prof-specialty,0,0,13,39,0
46,Male,White,Separated,1,231347,Some-college,Self-emp-not-inc,Prof-specialty,0,0,20,39,0
47,Female,Black,Widowed,4,105273,Bachelors,Private,Craft-repair,6497,0,40,39,0
22,Male,White,Never-married,3,139883,Some-college,Other,Other,0,0,40,39,0
43,Male,White,Married-civ-spouse,0,52849,Bachelors,State-gov,Prof-specialty,0,0,40,39,0
44,Male,White,Married-civ-spouse,0,151089,HS-grad,Self-emp-inc,Exec-managerial,0,1887,70,39,1
44,Male,White,Married-civ-spouse,0,387844,12th,Local-gov,Handlers-cleaners,0,0,40,39,0
61,Male,White,Divorced,1,95929,9th,Private,Other-service,0,0,40,39,0
32,Male,White,Married-civ-spouse,0,420895,HS-grad,Private,Transport-moving,0,0,40,39,0
54,Female,Black,Divorced,1,118365,10th,Self-emp-not-inc,Other-service,0,0,10,39,0
56,Male,White,Married-civ-spouse,0,174744,HS-grad,Private,Other-service,0,0,40,39,0
42,Female,White,Divorced,1,57600,HS-grad,Private,Prof-specialty,0,0,45,39,0
45,Male,Asian-Pac-Islander,Married-civ-spouse,0,350440,HS-grad,Private,Exec-managerial,0,0,40,39,1
76,Female,Black,Widowed,4,97077,10th,Private,Sales,0,0,12,39,0
26,Female,White,Married-spouse-absent,1,197530,Masters,Local-gov,Prof-specialty,0,0,40,39,0
32,Male,White,Married-civ-spouse,0,45796,HS-grad,Self-emp-inc,Exec-managerial,0,0,45,39,0
52,Male,White,Married-civ-spouse,0,334273,Bachelors,Self-emp-not-inc,Prof-specialty,0,0,60,39,1
31,Male,White,Never-married,3,126501,Assoc-voc,Federal-gov,Prof-specialty,0,0,40,39,0
60,Male,White,Married-civ-spouse,0,83850,HS-grad,Private,Sales,0,0,40,39,0
52,Male,White,Married-civ-spouse,0,194791,Some-college,Self-emp-not-inc,Craft-repair,0,0,40,39,0
42,Male,Asian-Pac-Islander,Married-civ-spouse,0,79586,Bachelors,Private,Adm-clerical,0,0,40,39,1
40,Male,White,Divorced,1,182302,HS-grad,Private,Transport-moving,0,0,40,39,0
46,Female,White,Married-civ-spouse,5,117502,HS-grad,Private,Adm-clerical,0,0,40,39,0
21,Male,White,Never-married,1,40767,Some-college,Private,Handlers-cleaners,0,0,40,39,0
37,Male,White,Married-civ-spouse,0,199265,Some-college,Self-emp-inc,Exec-managerial,0,0,50,39,0
27,Male,White,Never-married,3,387776,Some-college,Private,Other-service,0,0,40,39,0
33,Male,White,Married-civ-spouse,0,220939,HS-grad,Private,Sales,7298,0,45,39,1
19,Male,White,Never-married,3,129586,Some-college,Other,Other,0,0,40,39,0
24,Female,White,Never-married,1,117167,Some-college,Private,Other-service,0,0,53,39,0
65,Male,White,Married-civ-spouse,0,115880,Doctorate,Private,Exec-managerial,0,0,40,39,1
32,Male,White,Never-married,1,251701,Assoc-acdm,Private,Prof-specialty,0,0,40,0,0
54,Female,White,Never-married,1,187221,7th-8th,Other,Other,0,0,25,39,0
59,Male,White,Married-civ-spouse,0,135617,11th,Private,Craft-repair,0,0,40,39,0
39,Male,White,Married-civ-spouse,0,77005,Masters,Private,Prof-specialty,99999,0,40,39,1
54,Male,White,Married-civ-spouse,0,511668,Doctorate,Private,Exec-managerial,0,1977,43,39,1
45,Male,White,Married-civ-spouse,0,28119,HS-grad,Private,Adm-clerical,0,0,7,39,0
26,Male,White,Never-married,1,126829,Some-college,Private,Sales,0,0,40,39,0
45,Male,White,Married-civ-spouse,0,20534,Some-college,Private,Machine-op-inspct,0,0,84,39,1
72,Male,White,Married-civ-spouse,0,473748,Some-college,Self-emp-inc,Exec-managerial,0,0,25,39,1
40,Male,White,Divorced,1,212760,HS-grad,Private,Craft-repair,0,0,40,39,0
41,Male,Black,Married-civ-spouse,0,114967,Assoc-voc,Self-emp-inc,Exec-managerial,0,0,40,39,1
31,Female,Amer-Indian-Eskimo,Never-married,3,50442,Some-college,Local-gov,Adm-clerical,0,0,25,39,0
38,Male,White,Married-civ-spouse,0,257735,9th,Private,Handlers-cleaners,0,0,40,39,0
19,Male,White,Never-married,1,113546,11th,Private,Craft-repair,0,0,56,39,0
25,Male,White,Married-civ-spouse,0,148888,HS-grad,Self-emp-inc,Exec-managerial,0,0,60,39,1
59,Male,White,Married-civ-spouse,0,132925,Masters,Self-emp-not-inc,Craft-repair,0,0,40,39,1
27,Male,White,Never-married,3,133495,HS-grad,Local-gov,Prof-specialty,0,0,40,39,0
19,Male,White,Never-married,4,85690,HS-grad,Private,Machine-op-inspct,0,0,30,39,0
53,Male,White,Divorced,4,49715,HS-grad,Private,Transport-moving,0,0,40,39,0
31,Male,White,Married-civ-spouse,0,207201,Some-college,Private,Craft-repair,0,0,40,39,1
38,Male,White,Married-civ-spouse,0,172538,Bachelors,Private,Exec-managerial,15024,0,50,39,1
41,Male,White,Married-civ-spouse,0,233130,HS-grad,Self-emp-not-inc,Exec-managerial,0,0,45,26,0
90,Female,White,Never-married,3,313749,Bachelors,Private,Prof-specialty,0,0,10,39,0
45,Female,White,Divorced,1,135776,Masters,Local-gov,Prof-specialty,0,0,30,39,0
46,Female,White,Divorced,4,171807,Some-college,Private,Sales,0,0,40,39,0
17,Male,White,Never-married,3,144114,10th,Other,Other,0,0,40,39,0
26,Male,White,Married-civ-spouse,0,266912,HS-grad,Private,Sales,0,0,50,39,1
36,Male,White,Married-civ-spouse,0,58343,Bachelors,Private,Tech-support,3103,0,42,39,1
22,Female,White,Never-married,1,184779,HS-grad,Private,Prof-specialty,0,0,40,39,0
19,Female,White,Never-married,3,188618,Some-college,Other,Other,0,0,25,39,0
40,Male,White,Married-civ-spouse,0,244172,HS-grad,Private,Handlers-cleaners,0,0,40,39,0
61,Male,White,Married-civ-spouse,0,162678,5th-6th,State-gov,Transport-moving,0,0,40,39,0
29,Male,White,Married-civ-spouse,0,204984,HS-grad,Private,Craft-repair,0,0,50,39,0
46,Male,White,Divorced,4,118419,HS-grad,Private,Machine-op-inspct,0,0,38,39,0
32,Male,Black,Never-married,2,162604,HS-grad,Private,Machine-op-inspct,0,0,40,39,0
32,Male,White,Married-civ-spouse,0,187560,Prof-school,Private,Prof-specialty,3908,0,40,39,0
24,Male,White,Never-married,1,113466,HS-grad,Private,Sales,0,0,40,39,0
64,Male,White,Married-civ-spouse,0,213574,HS-grad,Self-emp-inc,Craft-repair,2635,0,10,39,0
28,Male,White,Separated,1,111696,HS-grad,Private,Craft-repair,0,1974,40,39,0
69,Male,White,Married-civ-spouse,0,167826,Bachelors,Other,Other,0,0,40,39,0
27,Male,Black,Never-married,1,21856,Some-college,Private,Craft-repair,0,0,40,39,0
41,Male,White,Married-civ-spouse,0,170331,Bachelors,Private,Prof-specialty,0,0,60,39,0
53,Male,White,Never-married,1,104461,Bachelors,Private,Other-service,8614,0,50,22,1
47,Female,White,Married-spouse-absent,1,99911,12th,Private,Exec-managerial,0,0,55,39,0
51,Male,White,Married-civ-spouse,0,305673,Assoc-voc,Private,Craft-repair,0,0,40,2,1
35,Male,White,Never-married,1,136343,HS-grad,Private,Sales,0,0,40,39,0
31,Male,Black,Separated,4,77143,12th,Private,Transport-moving,0,0,40,39,0
27,Female,White,Never-married,1,47907,Bachelors,Private,Prof-specialty,0,0,48,39,0
28,Male,White,Married-civ-spouse,0,200515,Some-college,Self-emp-not-inc,Craft-repair,0,0,40,39,0
34,Male,White,Separated,1,353213,Assoc-acdm,Private,Craft-repair,0,0,60,39,0
64,Female,White,Divorced,4,257790,HS-grad,Other,Other,0,0,38,39,0
43,Female,Asian-Pac-Islander,Married-civ-spouse,3,82488,Bachelors,Self-emp-inc,Sales,0,0,40,30,1
20,Male,White,Never-married,3,117767,Some-college,Private,Handlers-cleaners,0,0,40,39,0
33,Male,White,Married-civ-spouse,0,183612,HS-grad,Private,Machine-op-inspct,0,0,40,39,1
30,Male,White,Never-married,2,194901,HS-grad,Private,Sales,0,0,40,39,0
25,Female,White,Never-married,1,58441,Bachelors,Local-gov,Prof-specialty,0,0,40,39,0
51,Male,White,Married-civ-spouse,0,210940,HS-grad,Private,Sales,0,2002,45,39,0
47,Male,White,Married-civ-spouse,0,278900,HS-grad,Private,Craft-repair,0,0,40,39,0
24,Male,White,Never-married,3,137591,Some-college,Private,Sales,0,1762,40,39,0
44,Male,White,Married-civ-spouse,0,214838,HS-grad,Private,Machine-op-inspct,0,0,45,39,1
26,Female,White,Separated,4,171114,Assoc-voc,Private,Adm-clerical,0,0,35,39,0
26,Female,White,Never-married,1,324854,Bachelors,Private,Prof-specialty,0,0,40,39,1
18,Female,White,Never-married,3,184693,Some-college,Private,Other-service,0,0,20,26,0
30,Male,White,Married-civ-spouse,0,229504,HS-grad,Private,Craft-repair,0,0,50,39,0
34,Male,Black,Married-civ-spouse,0,199934,Some-college,Private,Machine-op-inspct,7298,0,40,39,1
30,Female,White,Divorced,4,229895,10th,Private,Other-service,0,0,40,39,0
32,Female,White,Divorced,4,235109,Some-college,Private,Adm-clerical,0,0,40,39,0
34,Female,White,Married-civ-spouse,5,166545,Some-college,Other,Other,7688,0,6,39,1
66,Male,White,Widowed,1,170617,Masters,Other,Other,0,0,6,39,0
35,Male,White,Never-married,3,116541,Masters,Private,Prof-specialty,0,0,44,39,1
53,Female,Black,Widowed,4,295520,9th,Private,Sales,0,0,25,39,0
50,Female,Black,Divorced,4,96657,Bachelors,Federal-gov,Prof-specialty,0,0,40,39,0
20,Female,White,Never-married,3,224640,Some-college,Private,Adm-clerical,0,0,40,39,0
18,Female,Black,Never-married,3,172214,HS-grad,Other,Other,0,0,20,39,0
18,Male,White,Never-married,3,181712,11th,Private,Handlers-cleaners,0,0,12,39,0
31,Male,White,Never-married,1,204752,Bachelors,Private,Exec-managerial,0,0,50,39,0
28,Male,White,Never-married,1,183639,Bachelors,Private,Adm-clerical,0,0,21,39,0
56,Female,White,Widowed,1,398067,HS-grad,Private,Adm-clerical,0,0,40,39,0
45,Male,White,Married-civ-spouse,0,145290,HS-grad,Self-emp-inc,Other-service,0,0,40,39,1
19,Male,White,Never-married,3,183041,11th,Private,Handlers-cleaners,0,0,24,39,0
27,Female,White,Never-married,1,332187,Bachelors,Private,Adm-clerical,0,0,65,39,0
30,Male,White,Married-civ-spouse,0,78530,HS-grad,Self-emp-inc,Exec-managerial,0,0,65,2,1
44,Male,White,Never-married,1,174051,Some-college,Private,Other-service,0,0,35,39,0
69,Female,White,Widowed,1,269499,HS-grad,Private,Handlers-cleaners,0,0,8,39,0
63,Male,White,Married-civ-spouse,0,187919,11th,Private,Other-service,0,0,30,39,0
25,Male,White,Never-married,3,144478,Some-college,Private,Other-service,0,0,40,31,0
44,Female,Black,Never-married,4,201599,11th,Private,Machine-op-inspct,0,0,40,39,0
38,Female,Black,Divorced,4,238721,Assoc-acdm,Private,Exec-managerial,0,0,40,39,0
52,Female,White,Widowed,1,129177,Bachelors,Private,Other-service,0,2824,20,39,1
34,Male,White,Married-civ-spouse,0,343789,Bachelors,Self-emp-inc,Exec-managerial,7688,0,55,39,1
62,Male,White,Married-civ-spouse,0,134768,Doctorate,Private,Prof-specialty,7688,0,40,0,1
34,Female,White,Never-married,1,118551,Bachelors,Private,Other-service,0,0,35,39,0
26,Male,White,Never-married,2,179633,HS-grad,Private,Tech-support,0,0,40,39,0
35,Male,White,Married-civ-spouse,0,374524,Prof-school,Private,Prof-specialty,0,0,75,39,1
19,Male,White,Never-married,3,183532,Some-college,Private,Handlers-cleaners,0,0,25,39,0
18,Female,White,Never-married,3,45316,11th,Private,Other-service,0,0,20,39,0
58,Male,White,Married-civ-spouse,0,212534,HS-grad,Private,Craft-repair,0,0,40,39,0
23,Male,White,Never-married,3,239663,Some-college,Private,Handlers-cleaners,2597,0,50,39,0
30,Male,White,Never-married,3,149427,HS-grad,Private,Craft-repair,0,0,35,39,0
56,Male,White,Never-married,1,198277,12th,Local-gov,Handlers-cleaners,0,0,40,39,0
35,Male,White,Married-civ-spouse,0,224512,Masters,Private,Sales,0,0,55,39,1
57,Female,White,Widowed,1,217886,HS-grad,Private,Adm-clerical,0,0,36,39,0
30,Female,Asian-Pac-Islander,Married-civ-spouse,3,63910,HS-grad,Private,Sales,0,0,40,39,0
38,Male,White,Married-civ-spouse,0,29702,Bachelors,Private,Exec-managerial,0,0,45,39,1
29,Female,White,Never-married,3,124950,Bachelors,Self-emp-inc,Sales,0,0,40,39,0
61,Male,White,Married-civ-spouse,0,197286,7th-8th,Private,Machine-op-inspct,0,0,40,39,0
60,Male,White,Married-civ-spouse,0,131852,5th-6th,Other,Other,0,0,30,39,1
48,Male,White,Married-civ-spouse,0,315423,5th-6th,Private,Transport-moving,0,0,40,39,0
32,Male,White,Married-civ-spouse,0,243988,5th-6th,Private,Other-service,0,0,40,26,0
30,Female,White,Never-married,1,162623,Bachelors,Private,Prof-specialty,0,0,40,39,0
31,Female,White,Never-married,1,236391,Some-college,Private,Sales,0,0,40,39,0
27,Female,White,Never-married,1,69757,Some-college,Private,Adm-clerical,0,0,60,39,0
33,Male,White,Married-civ-spouse,0,182971,Some-college,Local-gov,Protective-serv,0,1887,40,39,1
21,Male,White,Never-married,3,305466,Some-college,Other,Other,0,0,70,39,0
59,Male,White,Married-civ-spouse,0,118358,HS-grad,Private,Craft-repair,0,0,40,39,1
32,Male,Black,Married-civ-spouse,0,216361,Some-college,Private,Protective-serv,0,0,16,39,0
53,Female,White,Divorced,1,99476,HS-grad,Private,Other-service,0,0,38,39,0
52,Female,White,Divorced,1,200853,Masters,Private,Prof-specialty,6849,0,60,39,0
48,Female,Black,Divorced,4,176140,11th,Private,Other-service,0,0,40,39,0
23,Male,White,Never-married,1,240137,5th-6th,Private,Handlers-cleaners,0,0,55,26,0
39,Female,White,Never-married,1,111499,Bachelors,Private,Exec-managerial,0,0,40,39,0
27,Female,White,Divorced,1,106316,Prof-school,Private,Prof-specialty,0,0,12,39,0
28,Female,Asian-Pac-Islander,Never-married,1,91299,Assoc-voc,Private,Adm-clerical,0,0,45,39,0
49,Male,White,Divorced,1,187563,Some-college,Private,Other-service,0,0,40,39,0
29,Male,White,Married-civ-spouse,0,187450,Bachelors,Self-emp-inc,Sales,0,0,50,39,1
47,Male,White,Married-civ-spouse,0,303637,HS-grad,Private,Exec-managerial,0,0,49,39,1
34,Male,Black,Separated,4,231238,9th,Private,Farming-fishing,0,0,40,39,0
29,Male,White,Married-civ-spouse,0,208577,HS-grad,Private,Prof-specialty,0,0,40,39,1
19,Female,White,Never-married,3,220819,HS-grad,Private,Farming-fishing,0,0,40,39,0
18,Female,White,Never-married,3,137363,HS-grad,Private,Adm-clerical,0,0,40,39,0
43,Female,White,Married-civ-spouse,5,174090,HS-grad,Self-emp-not-inc,Adm-clerical,0,0,20,39,1
54,Male,White,Married-civ-spouse,0,97778,7th-8th,Private,Craft-repair,0,0,40,39,0
19,Male,White,Never-married,3,386378,Some-college,Private,Other-service,0,0,20,39,0
19,Male,White,Never-married,3,73190,Some-college,Private,Handlers-cleaners,0,0,20,39,0
18,Female,White,Never-married,3,97474,HS-grad,Other,Other,0,0,20,39,0
25,Male,White,Never-married,1,169905,Assoc-voc,Private,Sales,27828,0,40,39,1
24,Male,White,Never-married,1,278130,Assoc-acdm,Private,Adm-clerical,0,0,40,39,0
19,Male,Black,Never-married,3,140590,12th,Other,Other,0,0,30,39,0
46,Female,White,Divorced,1,251243,Some-college,Private,Exec-managerial,0,0,40,39,0
34,Male,Black,Never-married,1,281852,HS-grad,Private,Transport-moving,0,0,80,39,0
73,Male,White,Married-civ-spouse,0,139978,11th,Private,Machine-op-inspct,0,0,40,39,0
49,Male,White,Married-civ-spouse,0,171540,Some-college,Self-emp-not-inc,Farming-fishing,0,0,60,39,0
18,Female,White,Never-married,2,200603,HS-grad,Private,Adm-clerical,0,0,30,39,0
40,Female,White,Never-married,1,262872,Bachelors,Private,Adm-clerical,0,0,40,39,0
61,Male,Black,Married-civ-spouse,0,243493,HS-grad,Self-emp-not-inc,Other-service,0,0,12,39,0
24,Male,Black,Never-married,3,206008,Assoc-acdm,Private,Prof-specialty,0,0,20,39,0
18,Female,White,Never-married,3,130849,11th,Private,Other-service,0,0,8,39,0
39,Male,White,Divorced,1,86551,HS-grad,Local-gov,Craft-repair,0,1876,40,39,0
20,Male,Black,Never-married,3,122215,HS-grad,Private,Other-service,0,0,52,39,0
33,Male,White,Married-civ-spouse,0,159888,HS-grad,Private,Transport-moving,0,0,40,39,0
34,Male,White,Married-civ-spouse,0,226296,Bachelors,Local-gov,Protective-serv,0,0,40,39,1
49,Male,White,Married-civ-spouse,0,249585,11th,Self-emp-not-inc,Exec-managerial,0,0,65,39,0
44,Male,White,Married-civ-spouse,0,193524,Some-college,Private,Prof-specialty,0,0,40,39,0
46,Male,White,Divorced,4,55237,Some-college,Federal-gov,Machine-op-inspct,0,0,40,39,0
43,Male,White,Divorced,1,263502,HS-grad,Federal-gov,Adm-clerical,0,0,40,39,0
48,Female,White,Divorced,1,99096,Some-college,Private,Adm-clerical,0,1590,38,39,0
20,Female,White,Never-married,3,205895,Some-college,Private,Sales,0,0,20,39,0
17,Female,White,Never-married,3,271122,12th,Private,Other-service,0,0,16,39,0
45,Female,White,Divorced,4,110311,Masters,State-gov,Exec-managerial,0,0,40,39,0
25,Male,White,Married-civ-spouse,0,456604,11th,Private,Machine-op-inspct,0,0,40,39,0
31,Male,White,Married-civ-spouse,0,215297,HS-grad,Private,Craft-repair,0,0,45,39,0
36,Male,White,Married-civ-spouse,0,206521,Bachelors,Private,Sales,0,0,60,39,1
45,Male,White,Married-civ-spouse,0,217654,Some-college,Private,Handlers-cleaners,0,0,40,11,1
19,Female,White,Never-married,1,125591,11th,Private,Other-service,0,0,40,39,0
51,Female,Black,Divorced,1,217647,Some-college,Federal-gov,Prof-specialty,0,0,40,39,0
47,Male,White,Married-civ-spouse,0,158286,Masters,Private,Exec-managerial,0,0,50,39,1
78,Female,White,Widowed,1,363134,HS-grad,Other,Other,0,0,1,39,0
22,Female,White,Married-civ-spouse,5,349368,Some-college,Private,Adm-clerical,0,0,40,39,0
28,Male,White,Never-married,4,375655,Bachelors,Private,Sales,0,0,50,39,0
48,Male,White,Married-civ-spouse,0,40666,11th,Private,Handlers-cleaners,0,0,60,39,0
27,Male,White,Never-married,3,251905,Assoc-voc,Private,Exec-managerial,0,0,50,39,0
21,Male,White,Never-married,1,313873,5th-6th,Private,Handlers-cleaners,0,0,40,26,0
35,Female,White,Never-married,1,190194,HS-grad,Private,Adm-clerical,0,0,40,39,0
47,Male,White,Married-civ-spouse,0,140644,HS-grad,Private,Exec-managerial,0,0,40,39,1
36,Male,White,Married-civ-spouse,0,308945,HS-grad,Private,Machine-op-inspct,0,0,40,39,0
42,Female,White,Divorced,1,178470,HS-grad,Federal-gov,Adm-clerical,0,0,40,39,0
48,Male,Asian-Pac-Islander,Married-civ-spouse,0,160724,Bachelors,Self-emp-not-inc,Exec-managerial,0,0,40,24,0
43,Male,White,Divorced,1,233130,HS-grad,Private,Sales,0,0,20,39,0
34,Male,White,Married-civ-spouse,0,302770,Some-college,Private,Sales,0,0,60,39,0
25,Female,White,Never-married,3,137301,Assoc-acdm,Private,Prof-specialty,0,0,40,39,0
36,Male,White,Married-civ-spouse,0,342719,Doctorate,Self-emp-not-inc,Prof-specialty,0,0,45,0,1
62,Male,White,Married-civ-spouse,0,123170,Some-college,Self-emp-not-inc,Exec-managerial,0,0,10,39,0
46,Male,White,Separated,4,199281,Bachelors,Local-gov,Prof-specialty,0,0,40,39,0
74,Male,White,Married-spouse-absent,1,173929,Doctorate,Self-emp-not-inc,Prof-specialty,0,0,25,39,1
36,Male,White,Separated,1,162651,HS-grad,Private,Adm-clerical,0,0,40,4,0
26,Male,White,Married-civ-spouse,0,118497,HS-grad,Private,Craft-repair,0,0,60,39,0
34,Male,Black,Married-civ-spouse,0,234960,Bachelors,Self-emp-not-inc,Prof-specialty,0,1887,48,39,1
41,Female,White,Widowed,4,343944,11th,Private,Other-service,0,0,40,39,0
24,Female,White,Divorced,3,276851,HS-grad,Private,Protective-serv,0,1762,40,39,0
39,Male,White,Married-civ-spouse,0,218184,9th,Self-emp-inc,Exec-managerial,0,1651,40,26,0
43,Male,White,Married-civ-spouse,0,483450,9th,Private,Exec-managerial,0,0,40,26,0
46,Male,White,Married-civ-spouse,0,219962,Bachelors,Self-emp-inc,Machine-op-inspct,7298,0,40,0,1
60,Female,Black,Never-married,1,67320,HS-grad,Federal-gov,Adm-clerical,0,0,40,39,0
57,Female,Black,Divorced,1,47619,Assoc-acdm,Private,Prof-specialty,0,0,40,39,0
39,Male,White,Married-civ-spouse,0,348521,Some-college,Private,Farming-fishing,0,2415,99,39,1
19,Male,White,Never-married,3,251579,Some-college,Private,Other-service,0,0,14,39,0
36,Female,White,Divorced,3,353524,HS-grad,Private,Exec-managerial,1831,0,40,39,0
36,Male,White,Married-civ-spouse,0,84306,Bachelors,Private,Exec-managerial,5013,0,50,39,0
34,Male,Black,Never-married,1,156292,HS-grad,State-gov,Handlers-cleaners,0,0,40,39,0
37,Male,White,Never-married,3,29054,Assoc-voc,Self-emp-not-inc,Farming-fishing,0,0,84,39,0
26,Male,White,Never-married,2,262617,HS-grad,Private,Craft-repair,2597,0,40,39,0
33,Male,White,Divorced,1,180859,HS-grad,Private,Exec-managerial,0,0,40,39,0
90,Male,Asian-Pac-Islander,Never-married,1,52386,Some-college,Private,Other-service,0,0,35,39,0
56,Male,White,Married-civ-spouse,0,258752,Bachelors,Self-emp-not-inc,Exec-managerial,0,0,60,39,0
27,Male,White,Married-civ-spouse,0,196386,Assoc-acdm,Federal-gov,Adm-clerical,4064,0,40,8,0
19,Female,White,Never-married,1,100009,HS-grad,Private,Craft-repair,0,0,40,39,0
76,Female,White,Widowed,4,312500,5th-6th,Other,Other,0,0,40,39,0
23,Male,White,Married-civ-spouse,0,35633,HS-grad,Private,Handlers-cleaners,0,0,40,39,0
39,Male,Asian-Pac-Islander,Married-civ-spouse,0,163392,HS-grad,Private,Sales,0,0,26,0,0
23,Male,Amer-Indian-Eskimo,Never-married,3,131275,HS-grad,Private,Craft-repair,0,0,40,39,0
29,Female,White,Never-married,3,190330,Some-college,Local-gov,Other-service,0,0,10,39,0
35,Male,White,Married-civ-spouse,0,282461,HS-grad,Private,Transport-moving,0,0,50,39,0
28,Male,White,Never-married,1,204984,Bachelors,Self-emp-not-inc,Tech-support,0,0,45,39,0
47,Male,White,Married-civ-spouse,0,163814,10th,Private,Craft-repair,0,0,40,39,0
56,Female,White,Never-married,1,266091,Bachelors,Private,Prof-specialty,2907,0,52,5,0
42,Male,White,Married-civ-spouse,0,230684,Bachelors,Private,Prof-specialty,5013,0,40,39,0
44,Male,White,Divorced,1,206553,Assoc-voc,Federal-gov,Tech-support,0,0,40,39,0
46,Male,White,Married-civ-spouse,0,54985,HS-grad,Private,Machine-op-inspct,0,1887,40,39,1
27,Male,Black,Never-married,3,60726,HS-grad,Other,Other,0,0,40,39,0
41,Male,White,Married-civ-spouse,0,157686,Some-college,Self-emp-not-inc,Exec-managerial,0,0,40,39,1
49,Male,White,Married-civ-spouse,0,225454,Assoc-acdm,Private,Prof-specialty,0,0,45,39,1
55,Female,White,Widowed,4,198385,7th-8th,Private,Other-service,0,0,20,0,0
71,Male,White,Married-civ-spouse,0,205011,Some-college,Other,Other,0,0,10,39,0
31,Male,White,Married-civ-spouse,0,312055,HS-grad,Self-emp-not-inc,Exec-managerial,0,0,70,39,0
54,Male,Black,Married-civ-spouse,0,118108,HS-grad,Private,Craft-repair,0,0,40,39,0
32,Male,Black,Never-married,1,239150,Some-college,Private,Craft-repair,0,0,40,39,0
33,Male,White,Married-civ-spouse,0,392812,Bachelors,Private,Exec-managerial,0,0,45,39,1
58,Male,White,Married-civ-spouse,0,43221,Some-college,Self-emp-not-inc,Farming-fishing,0,2415,40,39,1
23,Female,White,Never-married,3,149704,HS-grad,Private,Adm-clerical,0,0,40,39,0
20,Male,White,Never-married,3,47541,Some-college,Private,Sales,0,0,30,39,0
31,Female,White,Never-married,4,83425,Some-college,Private,Adm-clerical,0,0,40,39,0
37,Male,White,Married-civ-spouse,0,102953,HS-grad,Private,Craft-repair,0,0,40,39,0
45,Male,White,Married-civ-spouse,0,197731,HS-grad,Private,Machine-op-inspct,0,0,40,39,0
45,Male,Asian-Pac-Islander,Married-civ-spouse,0,77085,Bachelors,Private,Craft-repair,0,0,40,24,1
26,Female,Black,Never-married,3,139116,Some-college,Private,Other-service,0,0,50,39,0
67,Female,White,Never-married,1,165082,HS-grad,Private,Adm-clerical,0,0,38,39,0
45,Female,White,Married-civ-spouse,5,45857,11th,Private,Other-service,0,0,36,39,0
32,Female,White,Never-married,4,549430,HS-grad,Private,Priv-house-serv,0,0,40,26,0
32,Female,White,Never-married,1,252257,Assoc-acdm,Private,Adm-clerical,0,0,45,39,0
29,Male,White,Married-civ-spouse,0,161444,HS-grad,Private,Exec-managerial,0,0,40,4,0
24,Female,White,Never-married,3,185821,Some-college,Private,Sales,0,0,40,39,0
46,Female,White,Divorced,4,183168,Bachelors,Local-gov,Prof-specialty,0,0,43,39,0
37,Female,White,Married-civ-spouse,5,140673,Some-college,Private,Sales,0,0,40,39,1
31,Male,White,Married-civ-spouse,0,344200,HS-grad,Private,Exec-managerial,0,0,40,39,1
50,Male,White,Married-civ-spouse,0,196193,Bachelors,Private,Craft-repair,0,0,40,0,0
30,Female,White,Never-married,1,198183,Assoc-voc,Private,Prof-specialty,0,0,40,39,0
69,Male,White,Married-civ-spouse,0,36956,Some-college,Private,Exec-managerial,20051,0,50,39,1
60,Female,White,Separated,1,205934,HS-grad,Private,Other-service,0,0,25,39,0
50,Male,White,Married-civ-spouse,0,124793,HS-grad,Self-emp-not-inc,Craft-repair,0,0,30,39,0
44,Male,White,Married-civ-spouse,0,208528,Assoc-acdm,Local-gov,Farming-fishing,0,0,30,39,0
42,Female,White,Never-married,1,143046,Bachelors,Private,Prof-specialty,0,1564,38,39,1
22,Male,White,Never-married,3,424494,Some-college,Other,Other,0,0,25,39,0
41,Male,White,Married-civ-spouse,0,151089,Some-college,Self-emp-inc,Exec-managerial,0,0,50,39,0
38,Male,White,Married-civ-spouse,0,338320,Bachelors,Private,Prof-specialty,0,0,40,2,0
45,Male,White,Married-civ-spouse,0,195554,HS-grad,Private,Machine-op-inspct,0,0,45,39,1
50,Male,White,Married-civ-spouse,0,305319,7th-8th,Private,Craft-repair,0,0,40,39,0
36,Female,Black,Never-married,4,177285,Assoc-voc,Private,Prof-specialty,0,0,38,39,0
69,Male,White,Married-civ-spouse,0,104003,7th-8th,Self-emp-not-inc,Sales,0,0,55,39,0
70,Male,White,Married-civ-spouse,0,26990,HS-grad,Other,Other,0,0,60,39,0
33,Male,White,Married-civ-spouse,0,232475,HS-grad,Private,Craft-repair,0,0,40,39,1
28,Male,White,Never-married,1,204516,10th,Private,Transport-moving,0,0,45,39,0
40,Male,White,Married-civ-spouse,0,63503,Bachelors,Private,Exec-managerial,0,0,40,39,1
44,Male,White,Married-civ-spouse,0,103643,HS-grad,Self-emp-inc,Exec-managerial,5013,0,60,12,0
33,Male,White,Married-civ-spouse,0,96245,Assoc-acdm,Private,Prof-specialty,0,0,50,39,0
45,Male,White,Married-civ-spouse,0,102308,Masters,Private,Exec-managerial,15024,0,60,39,1
19,Male,White,Never-married,1,159313,HS-grad,Private,Handlers-cleaners,0,0,40,39,0
36,Female,White,Married-civ-spouse,5,184112,Prof-school,Private,Prof-specialty,15024,0,45,39,1
57,Male,White,Married-civ-spouse,0,225913,Some-college,Self-emp-not-inc,Transport-moving,0,0,45,39,1
33,Male,White,Never-married,3,391114,HS-grad,Private,Handlers-cleaners,0,0,40,39,0
19,Female,White,Never-married,3,187161,Some-college,Private,Sales,0,0,25,39,0
25,Male,White,Married-civ-spouse,0,120238,HS-grad,Private,Sales,0,0,40,39,0
33,Male,Black,Never-married,4,333701,Assoc-voc,Private,Other-service,0,0,40,39,0
40,Male,White,Never-married,1,201734,Some-college,Private,Handlers-cleaners,0,0,48,39,0
43,Male,White,Married-civ-spouse,0,102180,Masters,Private,Prof-specialty,0,0,40,39,1
26,Male,White,Married-civ-spouse,0,222539,Some-college,Private,Craft-repair,0,0,40,39,1
30,Male,White,Married-civ-spouse,0,202051,Bachelors,Private,Exec-managerial,0,0,42,39,1
21,Female,White,Never-married,3,122322,Some-college,Private,Other-service,0,0,60,39,0
53,Female,White,Married-civ-spouse,5,58985,Some-college,Private,Prof-specialty,0,0,24,39,0
27,Male,Black,Never-married,3,72208,Some-college,Private,Adm-clerical,0,0,40,39,0
67,Male,White,Married-civ-spouse,0,106143,Doctorate,Self-emp-not-inc,Sales,20051,0,40,39,1
39,Male,White,Married-civ-spouse,0,176101,Bachelors,Private,Craft-repair,0,0,40,39,0
30,Female,White,Divorced,1,46712,HS-grad,Private,Other-service,0,0,40,39,0
45,Female,White,Divorced,4,317360,Bachelors,Private,Prof-specialty,0,0,50,39,0
32,Female,White,Separated,4,100662,9th,Private,Machine-op-inspct,0,0,40,4,0
34,Male,White,Never-married,1,398988,Bachelors,Private,Sales,0,0,40,39,0
36,Female,White,Married-civ-spouse,5,110964,Bachelors,State-gov,Prof-specialty,0,1672,38,39,0
29,Male,White,Married-civ-spouse,0,232666,HS-grad,Private,Craft-repair,0,0,40,39,0
24,Male,White,Married-civ-spouse,0,183751,11th,Private,Craft-repair,0,0,65,39,0
31,Male,White,Married-civ-spouse,0,170983,Bachelors,Private,Exec-managerial,0,0,60,39,1
37,Male,White,Married-civ-spouse,0,241962,11th,Private,Craft-repair,0,0,50,39,0
41,Male,White,Married-civ-spouse,0,185145,HS-grad,Private,Tech-support,0,0,45,0,1
21,Female,Black,Separated,4,353628,10th,Private,Sales,0,0,38,39,0
53,Male,White,Married-civ-spouse,0,139671,Bachelors,Private,Prof-specialty,0,1902,40,39,1
20,Female,Asian-Pac-Islander,Never-married,1,227491,HS-grad,Private,Sales,0,0,25,39,0
55,Female,White,Widowed,1,103654,HS-grad,Other,Other,0,0,20,39,0
23,Female,White,Never-married,3,276568,Some-college,Private,Sales,0,0,40,39,0
58,Female,White,Divorced,4,33350,HS-grad,Private,Other-service,0,0,35,39,0
53,Male,White,Married-civ-spouse,0,43952,Masters,State-gov,Exec-managerial,15024,0,38,39,1
36,Male,White,Married-civ-spouse,0,126569,Some-college,Local-gov,Protective-serv,0,0,40,39,1
45,Male,White,Married-civ-spouse,0,37306,Bachelors,Local-gov,Prof-specialty,0,0,45,39,1
38,Female,Black,Never-married,4,354591,HS-grad,State-gov,Other-service,114,0,38,39,0
18,Female,White,Never-married,3,280603,11th,Private,Sales,0,0,30,39,0
32,Female,White,Married-civ-spouse,5,186784,Bachelors,Local-gov,Prof-specialty,5013,0,45,39,0
54,Female,White,Never-married,1,282680,Bachelors,Private,Prof-specialty,0,0,50,39,0
29,Female,Black,Never-married,1,144784,HS-grad,Private,Other-service,0,0,40,39,0
17,Female,White,Never-married,3,170320,11th,Other,Other,0,0,8,39,0
35,Male,White,Married-civ-spouse,0,334291,Some-college,Private,Craft-repair,0,0,50,39,0
20,Male,White,Never-married,3,39478,Some-college,State-gov,Exec-managerial,0,0,54,39,0
29,Male,White,Married-civ-spouse,0,181280,HS-grad,Private,Machine-op-inspct,0,0,40,39,0
50,Male,White,Married-civ-spouse,0,112873,Bachelors,Private,Sales,0,0,40,39,0
48,Male,White,Married-civ-spouse,0,219565,HS-grad,Private,Craft-repair,0,0,40,39,0
32,Male,Black,Separated,4,234755,HS-grad,Private,Craft-repair,0,0,40,39,0
30,Male,White,Never-married,3,109282,Some-college,Private,Sales,0,0,20,39,0
36,Male,White,Never-married,1,200360,Some-college,Private,Craft-repair,0,0,40,39,0
45,Male,White,Married-civ-spouse,0,120131,7th-8th,Self-emp-inc,Exec-managerial,0,0,52,0,0
52,Male,White,Divorced,1,95128,Some-college,Private,Sales,0,0,50,39,0
44,Female,Black,Divorced,1,154176,Some-college,State-gov,Adm-clerical,0,1590,40,39,0
43,Male,White,Married-civ-spouse,0,37937,Assoc-acdm,Local-gov,Tech-support,0,0,43,39,0
18,Male,White,Never-married,3,300379,12th,Private,Adm-clerical,0,0,12,39,0
26,Male,White,Married-civ-spouse,0,164488,Masters,Private,Prof-specialty,0,1887,40,39,1
31,Male,Asian-Pac-Islander,Married-civ-spouse,1,133770,Assoc-acdm,Private,Craft-repair,0,0,50,39,1
60,Male,White,Married-civ-spouse,0,109530,Assoc-voc,Private,Tech-support,7298,0,40,39,1
40,Female,White,Married-civ-spouse,5,237293,Prof-school,Self-emp-not-inc,Prof-specialty,15024,0,40,39,1
50,Male,White,Married-civ-spouse,0,339905,Some-college,Federal-gov,Exec-managerial,0,0,40,39,1
33,Male,White,Married-civ-spouse,0,342730,Some-college,Private,Sales,0,0,52,39,0
49,Male,White,Married-civ-spouse,0,271346,Bachelors,Other,Other,15024,0,60,39,1
21,Female,White,Never-married,3,212114,Some-college,Private,Prof-specialty,0,0,8,39,0
31,Male,White,Never-married,4,241885,HS-grad,Private,Farming-fishing,0,0,45,39,0
27,Male,Asian-Pac-Islander,Married-civ-spouse,0,32519,Some-college,Private,Sales,0,0,55,35,0
32,Female,Asian-Pac-Islander,Divorced,3,63910,HS-grad,Private,Adm-clerical,0,0,40,39,0
31,Male,White,Separated,1,330715,HS-grad,Private,Other-service,0,0,40,39,0
28,Male,Black,Never-married,2,278073,HS-grad,Self-emp-not-inc,Machine-op-inspct,0,0,30,39,0
41,Male,White,Married-civ-spouse,0,197372,HS-grad,Private,Craft-repair,0,0,60,39,1
53,Male,White,Married-civ-spouse,0,187356,Some-college,Private,Craft-repair,0,0,66,39,0
29,Male,White,Never-married,1,302422,Assoc-voc,Local-gov,Protective-serv,0,1564,56,39,1
34,Male,Black,Never-married,1,591711,Some-college,Private,Handlers-cleaners,0,0,48,0,0
41,Female,White,Divorced,4,165798,5th-6th,Private,Other-service,0,0,40,33,0
40,Male,White,Married-civ-spouse,0,327573,Assoc-voc,Private,Craft-repair,0,0,40,39,0
34,Male,Other,Never-married,1,79586,Bachelors,Self-emp-inc,Prof-specialty,0,0,60,39,0
31,Male,White,Married-civ-spouse,0,288419,10th,Private,Machine-op-inspct,0,0,40,39,0
25,Female,White,Never-married,3,148300,Some-college,Private,Other-service,0,0,35,39,0
52,Female,White,Married-civ-spouse,5,379682,Assoc-voc,Private,Other-service,0,0,20,39,1
22,Male,White,Never-married,3,230574,10th,Private,Transport-moving,0,0,25,39,0
53,Male,White,Married-civ-spouse,0,158284,HS-grad,Self-emp-not-inc,Sales,0,0,70,39,0
20,Female,White,Never-married,3,243986,Some-college,State-gov,Prof-specialty,0,0,20,39,0
59,Female,Black,Separated,4,120617,HS-grad,Local-gov,Protective-serv,0,0,40,39,0
20,Male,White,Never-married,3,122971,Some-college,Private,Sales,0,0,35,39,0
42,Female,Black,Married-civ-spouse,5,254773,Bachelors,Private,Exec-managerial,0,0,50,39,1
27,Female,White,Never-married,3,200492,Bachelors,Local-gov,Prof-specialty,0,0,40,39,0
18,Female,White,Never-married,3,92864,12th,Private,Other-service,0,0,20,39,0
46,Male,White,Married-civ-spouse,0,155659,11th,Private,Craft-repair,0,1902,40,39,1
31,Female,White,Never-married,4,283268,Bachelors,Private,Prof-specialty,0,0,36,39,0
41,Male,White,Divorced,1,29591,HS-grad,Private,Sales,0,0,30,39,0
41,Male,White,Married-civ-spouse,0,145441,Assoc-voc,Self-emp-not-inc,Craft-repair,0,0,40,41,0
52,Male,White,Married-civ-spouse,0,134854,HS-grad,Self-emp-inc,Exec-managerial,0,0,40,39,1
19,Male,White,Never-married,3,233779,Some-college,Other,Other,0,0,60,39,0
22,Female,White,Never-married,3,73203,HS-grad,Private,Adm-clerical,0,0,40,39,0
42,Male,White,Separated,4,126094,HS-grad,State-gov,Adm-clerical,0,0,39,39,0
67,Female,White,Widowed,1,44774,Bachelors,Federal-gov,Adm-clerical,0,0,40,39,0
38,Female,White,Divorced,4,198216,Some-college,Private,Exec-managerial,0,0,40,39,0
86,Female,White,Never-married,1,149912,Masters,Private,Adm-clerical,0,0,40,39,0
22,Female,Black,Never-married,2,509048,HS-grad,Private,Sales,0,0,37,39,0
34,Female,White,Married-civ-spouse,5,56964,Doctorate,State-gov,Prof-specialty,0,0,50,39,1
37,Male,White,Married-civ-spouse,0,179671,9th,Private,Handlers-cleaners,0,0,50,39,0
21,Female,Asian-Pac-Islander,Never-married,3,154422,Some-college,Private,Adm-clerical,0,0,40,39,0
22,Female,Black,Never-married,2,254547,Some-college,Private,Adm-clerical,0,0,30,23,0
63,Male,White,Married-civ-spouse,0,33487,7th-8th,Self-emp-not-inc,Craft-repair,0,0,40,39,0
17,Male,White,Never-married,3,169155,12th,Private,Other-service,0,0,35,39,0
36,Male,White,Married-civ-spouse,0,162164,HS-grad,Private,Craft-repair,0,0,44,39,0
25,Male,White,Married-civ-spouse,0,404616,Bachelors,Private,Exec-managerial,0,0,40,39,1
36,Female,White,Married-civ-spouse,5,163396,Assoc-voc,Private,Prof-specialty,0,0,40,39,1
30,Female,Black,Married-civ-spouse,5,267161,Some-college,Private,Tech-support,0,0,45,39,0
24,Male,Other,Never-married,3,100605,Some-college,Private,Machine-op-inspct,0,0,14,39,0
28,Female,White,Married-civ-spouse,5,51331,Assoc-acdm,Private,Exec-managerial,0,0,16,39,1
61,Male,White,Married-civ-spouse,0,183355,HS-grad,Private,Adm-clerical,0,0,40,39,1
19,Female,Black,Never-married,3,860348,Some-college,Other,Other,0,0,25,39,0
22,Male,White,Never-married,1,370548,Assoc-voc,Private,Craft-repair,0,0,30,39,0
23,Male,White,Never-married,4,315065,10th,Private,Other-service,0,0,60,26,0
27,Female,White,Never-married,3,150296,HS-grad,Private,Other-service,0,0,32,39,0
42,Male,White,Divorced,4,363591,HS-grad,Private,Craft-repair,0,0,40,39,0
59,Male,Asian-Pac-Islander,Never-married,1,77884,Assoc-voc,Private,Craft-repair,0,0,40,39,0
27,Female,White,Never-married,2,129629,Assoc-voc,Private,Tech-support,0,0,36,39,0
40,Male,White,Separated,1,200496,Bachelors,Private,Sales,0,0,40,39,0
44,Male,White,Married-civ-spouse,0,379919,Assoc-acdm,Private,Farming-fishing,0,0,60,39,1
19,Male,White,Never-married,3,170653,HS-grad,Other,Other,0,0,40,22,0
40,Female,White,Widowed,1,291192,HS-grad,Private,Sales,0,0,40,39,0
34,Male,White,Never-married,1,286689,Masters,Other,Other,4650,0,30,39,0
51,Female,White,Never-married,1,172493,Some-college,Private,Exec-managerial,0,0,12,39,0
28,Male,White,Married-civ-spouse,0,210295,11th,Self-emp-inc,Craft-repair,0,0,50,39,1
24,Male,Black,Never-married,3,67804,HS-grad,Private,Other-service,0,0,40,39,0
44,Male,White,Married-civ-spouse,0,167725,HS-grad,Private,Craft-repair,0,0,40,39,0
42,Male,White,Married-civ-spouse,0,76487,HS-grad,Private,Adm-clerical,0,0,45,39,0
52,Male,White,Married-civ-spouse,0,313243,HS-grad,Self-emp-not-inc,Craft-repair,0,0,55,39,1
28,Male,Black,Married-civ-spouse,0,99478,HS-grad,Private,Adm-clerical,0,0,40,39,0
46,Female,White,Divorced,2,318259,Assoc-voc,Private,Tech-support,0,0,36,39,0
45,Female,Asian-Pac-Islander,Married-civ-spouse,5,81853,Some-college,State-gov,Adm-clerical,0,0,40,39,1
61,Female,White,Married-civ-spouse,5,170262,HS-grad,Private,Exec-managerial,15024,0,38,39,1
40,Male,White,Married-civ-spouse,0,240504,Bachelors,Private,Sales,0,0,45,39,1
64,Male,White,Never-married,1,177825,HS-grad,Self-emp-not-inc,Other-service,1055,0,40,39,0
34,Male,White,Married-civ-spouse,0,180284,Some-college,Private,Farming-fishing,0,0,40,39,1
26,Male,White,Never-married,1,215384,Bachelors,Private,Exec-managerial,0,1974,55,39,0
43,Male,White,Married-civ-spouse,0,187778,HS-grad,Self-emp-not-inc,Craft-repair,0,0,20,39,0
26,Female,White,Married-civ-spouse,3,181666,Assoc-acdm,Private,Adm-clerical,0,0,40,0,0
68,Male,White,Married-civ-spouse,0,76371,HS-grad,Other,Other,0,0,35,39,0
65,Male,White,Married-civ-spouse,0,105491,Bachelors,Private,Exec-managerial,99999,0,40,39,1
29,Female,White,Never-married,3,179681,HS-grad,Local-gov,Transport-moving,0,0,37,39,0
60,Male,White,Married-civ-spouse,0,135285,Masters,Self-emp-not-inc,Prof-specialty,0,0,40,39,0
35,Male,White,Married-civ-spouse,0,149347,Some-college,Private,Craft-repair,0,0,45,39,0
20,Male,White,Never-married,1,194630,HS-grad,Private,Sales,0,0,40,39,0
27,Male,White,Never-married,1,138917,Bachelors,Local-gov,Prof-specialty,0,0,35,39,0
48,Female,White,Divorced,3,172695,Assoc-voc,Private,Other-service,0,0,40,39,0
61,Male,Black,Widowed,1,191417,9th,Private,Exec-managerial,0,0,65,39,0
47,Male,White,Married-civ-spouse,0,80282,Bachelors,Local-gov,Prof-specialty,3137,0,40,39,0
21,Male,White,Never-married,1,306114,HS-grad,Private,Other-service,0,0,35,39,0
18,Female,White,Never-married,1,27620,HS-grad,Private,Adm-clerical,0,0,25,39,0
47,Male,White,Married-civ-spouse,0,80914,Masters,State-gov,Exec-managerial,0,0,47,39,1
43,Female,White,Divorced,4,115603,Some-college,Local-gov,Adm-clerical,0,0,40,39,0
38,Male,White,Married-civ-spouse,0,98360,Masters,Private,Prof-specialty,0,0,40,39,1
27,Male,White,Never-married,1,212041,Bachelors,Self-emp-not-inc,Sales,0,0,50,39,0
38,Male,White,Married-civ-spouse,0,212245,Some-college,Private,Craft-repair,0,0,40,39,0
35,Female,White,Married-civ-spouse,5,209214,HS-grad,Private,Adm-clerical,4386,0,35,39,1
34,Male,White,Married-civ-spouse,0,204470,Masters,Private,Exec-managerial,0,0,50,39,1
47,Male,White,Married-civ-spouse,0,181307,Some-college,Private,Sales,99999,0,60,39,1
39,Male,White,Married-civ-spouse,0,206951,Bachelors,Private,Prof-specialty,0,0,40,39,1
27,Male,White,Never-married,1,204074,HS-grad,Other,Other,0,0,40,39,0
44,Male,White,Never-married,1,344060,Bachelors,Private,Other-service,0,0,40,39,1
77,Male,White,Married-spouse-absent,1,72931,7th-8th,Self-emp-not-inc,Adm-clerical,0,0,20,22,1
64,Female,White,Widowed,1,211360,HS-grad,Other,Other,0,0,30,39,0
30,Female,Black,Never-married,4,191777,Some-college,Private,Adm-clerical,0,0,40,0,0
31,Male,White,Married-civ-spouse,0,209448,10th,Private,Farming-fishing,2105,0,40,26,0
51,Male,White,Married-spouse-absent,2,210736,10th,Private,Craft-repair,0,0,40,39,0
48,Male,White,Married-civ-spouse,0,234504,HS-grad,Private,Exec-managerial,0,0,50,39,0
41,Male,White,Married-civ-spouse,0,277488,7th-8th,Private,Farming-fishing,0,0,36,39,0
75,Male,Black,Widowed,4,95985,5th-6th,Private,Other-service,0,0,10,39,0
37,Female,Black,Never-married,4,249720,Bachelors,Private,Adm-clerical,0,0,27,39,0
26,Male,White,Married-civ-spouse,0,378322,11th,Private,Craft-repair,0,0,40,39,0
26,Female,Black,Never-married,4,142506,Bachelors,Private,Prof-specialty,0,0,35,39,0
22,Male,White,Never-married,3,188274,Assoc-acdm,Private,Handlers-cleaners,0,0,40,39,0
27,Male,White,Married-civ-spouse,0,501172,Some-college,Other,Other,0,419,20,26,0
50,Male,White,Married-civ-spouse,0,145419,Masters,Self-emp-not-inc,Sales,7688,0,45,39,1
75,Male,White,Married-civ-spouse,0,36325,HS-grad,Self-emp-not-inc,Farming-fishing,0,0,30,39,0
20,Female,White,Never-married,3,200967,Some-college,Other,Other,0,0,12,39,0
49,Male,White,Divorced,1,184428,Bachelors,Private,Adm-clerical,0,0,40,39,0
51,Female,White,Divorced,1,306785,HS-grad,Private,Adm-clerical,0,0,40,39,0
26,Male,Asian-Pac-Islander,Never-married,1,162312,Some-college,Private,Adm-clerical,0,0,20,30,0
38,Male,White,Married-civ-spouse,0,193026,HS-grad,Local-gov,Craft-repair,0,0,50,39,1
50,Female,White,Never-married,1,198103,Bachelors,State-gov,Exec-managerial,0,0,40,39,0
41,Male,Black,Married-civ-spouse,0,282948,Some-college,Private,Tech-support,3137,0,40,39,0
23,Male,White,Never-married,1,435835,HS-grad,Private,Sales,0,1669,55,39,0
32,Female,Black,Never-married,3,127895,Some-college,Private,Adm-clerical,0,0,40,39,0
55,Male,White,Married-civ-spouse,0,387569,HS-grad,Private,Craft-repair,4386,0,40,39,1
25,Male,White,Married-civ-spouse,0,120238,11th,Private,Transport-moving,5178,0,40,31,1
42,Female,White,Divorced,4,282964,Bachelors,Private,Exec-managerial,0,0,40,39,0
29,Male,White,Never-married,1,214702,HS-grad,Private,Craft-repair,0,1974,35,39,0
31,Male,White,Married-civ-spouse,0,345497,10th,Other,Other,0,0,40,39,0
31,Female,White,Never-married,1,158162,Bachelors,Private,Exec-managerial,13550,0,50,39,1
33,Male,White,Married-civ-spouse,3,102884,Bachelors,Self-emp-not-inc,Sales,0,0,20,39,0
48,Female,White,Married-spouse-absent,4,121253,Bachelors,Private,Sales,0,2472,70,39,1
35,Male,White,Married-civ-spouse,0,113481,Doctorate,Private,Prof-specialty,0,0,60,39,0
45,Male,White,Married-civ-spouse,0,194698,Some-college,Private,Craft-repair,0,0,40,39,1
32,Male,White,Married-civ-spouse,0,309513,Assoc-acdm,Private,Craft-repair,0,0,40,39,0
46,Male,White,Married-civ-spouse,0,165484,Assoc-acdm,Local-gov,Exec-managerial,0,0,44,39,1
46,Female,Black,Separated,1,169324,HS-grad,Private,Other-service,0,0,45,23,0
53,Female,White,Divorced,1,311269,HS-grad,Private,Other-service,0,0,40,39,0
40,Female,White,Never-married,1,170525,Some-college,State-gov,Adm-clerical,0,0,38,39,0
17,Male,White,Never-married,3,206998,11th,Private,Handlers-cleaners,0,0,10,39,0
26,Male,White,Never-married,2,341353,Bachelors,Private,Other-service,0,0,15,39,0
34,Male,White,Married-civ-spouse,0,153326,Bachelors,Private,Prof-specialty,0,0,40,39,1
25,Male,White,Never-married,2,212522,HS-grad,Private,Craft-repair,0,0,40,39,0
73,Male,White,Married-civ-spouse,0,205580,5th-6th,Local-gov,Prof-specialty,0,0,6,39,0
30,Male,White,Never-married,1,68330,Bachelors,Federal-gov,Prof-specialty,0,0,40,39,1
32,Female,White,Widowed,1,158784,7th-8th,Other,Other,0,0,40,39,0
22,Female,White,Never-married,3,169188,HS-grad,Private,Exec-managerial,0,0,20,39,0
69,Male,White,Married-civ-spouse,0,286983,Some-college,Local-gov,Other-service,0,0,40,39,0
17,Male,White,Never-married,3,268276,12th,Private,Other-service,0,0,12,39,0
30,Male,Black,Never-married,4,261677,9th,Private,Handlers-cleaners,0,0,40,39,0
21,Female,White,Never-married,3,27049,Some-college,Private,Adm-clerical,0,0,12,39,0
41,Female,Black,Divorced,1,152880,HS-grad,Other,Other,0,0,28,39,0
53,Male,Black,Divorced,1,221791,HS-grad,Federal-gov,Craft-repair,0,0,40,39,0
26,Male,Black,Never-married,2,227489,HS-grad,Private,Tech-support,0,0,40,0,0
46,Male,White,Married-civ-spouse,0,109209,Some-college,Private,Adm-clerical,0,0,40,39,1
17,Female,White,Never-married,3,111332,11th,Private,Sales,0,0,20,39,0
36,Male,White,Never-married,1,37019,HS-grad,Self-emp-inc,Farming-fishing,0,0,50,39,0
53,Male,Black,Married-civ-spouse,0,196328,HS-grad,Self-emp-not-inc,Exec-managerial,0,0,45,39,1
26,Female,White,Never-married,3,147821,Bachelors,Private,Sales,0,0,45,0,0
42,Male,White,Never-married,1,144236,Some-college,Self-emp-inc,Sales,0,0,60,39,0
28,Female,White,Never-married,1,96020,Bachelors,Private,Exec-managerial,0,0,40,39,0
28,Female,White,Married-civ-spouse,5,224634,Bachelors,Private,Prof-specialty,0,0,45,39,1
25,Male,White,Married-civ-spouse,0,209286,Some-college,Private,Craft-repair,0,0,40,39,0
29,Male,Black,Never-married,1,211299,Assoc-voc,Private,Sales,0,0,45,39,0
53,Male,Black,Married-civ-spouse,0,271544,HS-grad,Federal-gov,Adm-clerical,0,1977,40,39,1
18,Female,White,Never-married,1,115839,12th,Private,Adm-clerical,0,0,30,39,0
45,Female,White,Divorced,4,160647,Bachelors,Private,Adm-clerical,4687,0,35,39,1
32,Male,White,Married-civ-spouse,0,36302,Some-college,Private,Adm-clerical,0,0,50,39,0
34,Male,White,Separated,1,344073,HS-grad,Private,Adm-clerical,0,0,40,39,1
67,Male,White,Married-civ-spouse,0,163726,5th-6th,Other,Other,0,0,49,39,0
40,Female,White,Never-married,1,118686,Bachelors,Federal-gov,Prof-specialty,0,0,45,39,0
63,Male,Black,Separated,1,321403,9th,Other,Other,0,0,40,39,0
37,Male,White,Divorced,1,137229,Assoc-voc,Private,Sales,0,0,45,39,1
40,Female,White,Divorced,3,65545,Masters,Other,Other,0,0,55,39,0
41,Male,White,Married-civ-spouse,0,204410,HS-grad,Private,Craft-repair,0,1485,44,39,1
50,Female,Asian-Pac-Islander,Separated,4,169646,Bachelors,Private,Prof-specialty,0,0,40,30,0
30,Female,White,Separated,4,168443,HS-grad,Private,Other-service,0,0,30,39,0
24,Male,White,Never-married,3,308205,Some-college,Private,Exec-managerial,0,0,40,39,0
34,Female,White,Separated,4,355700,HS-grad,State-gov,Adm-clerical,0,0,20,39,0
47,Male,White,Married-civ-spouse,0,370119,Prof-school,Private,Prof-specialty,0,0,50,39,1
20,Female,White,Never-married,3,432154,HS-grad,Private,Sales,0,0,8,26,0
62,Female,White,Separated,4,221558,Masters,State-gov,Prof-specialty,0,0,24,0,0
74,Female,White,Never-married,2,88638,Doctorate,State-gov,Prof-specialty,0,3683,20,39,1
30,Female,White,Never-married,4,177596,Some-college,Private,Other-service,0,0,36,39,0
39,Female,Amer-Indian-Eskimo,Divorced,4,106183,HS-grad,Private,Other-service,6849,0,40,39,0
21,Male,White,Never-married,3,194861,HS-grad,Private,Machine-op-inspct,0,0,40,39,0
20,Female,White,Never-married,3,190457,HS-grad,Private,Other-service,0,0,30,39,0
28,Male,Asian-Pac-Islander,Married-civ-spouse,3,123983,Some-college,Self-emp-not-inc,Sales,0,0,63,35,0
29,Male,White,Married-civ-spouse,0,199116,HS-grad,Private,Machine-op-inspct,0,0,40,33,0
56,Female,White,Divorced,1,155657,7th-8th,Private,Machine-op-inspct,0,0,20,41,0
50,Male,White,Married-civ-spouse,0,148953,HS-grad,Private,Transport-moving,0,0,50,39,1
18,Female,White,Never-married,3,238401,Some-college,Private,Sales,0,0,25,39,0
18,Female,White,Never-married,3,192409,Some-college,Private,Sales,0,0,20,39,0
36,Male,White,Divorced,1,33887,Some-college,Private,Prof-specialty,0,0,40,39,0
47,Male,White,Married-civ-spouse,0,147236,HS-grad,Private,Craft-repair,0,0,40,39,1
31,Male,White,Married-civ-spouse,0,144949,Bachelors,Private,Prof-specialty,0,0,40,39,1
41,Male,White,Separated,1,355918,Bachelors,Self-emp-not-inc,Craft-repair,0,0,35,39,0
27,Female,White,Never-married,1,173611,Assoc-acdm,Private,Sales,0,0,40,39,0
31,Male,White,Married-civ-spouse,0,364657,Some-college,Private,Exec-managerial,0,0,50,11,1
29,Female,Other,Divorced,1,31166,HS-grad,Private,Prof-specialty,0,0,30,11,0
39,Male,Black,Separated,1,339442,HS-grad,Private,Machine-op-inspct,2176,0,40,39,0
38,Female,White,Married-AF-spouse,5,226311,HS-grad,Private,Other-service,0,0,25,39,0
40,Female,White,Divorced,1,289309,Some-college,Private,Other-service,0,0,48,39,0
30,Female,White,Never-married,1,203258,HS-grad,Private,Other-service,0,0,35,39,0
49,Male,White,Married-civ-spouse,0,127111,HS-grad,Self-emp-inc,Exec-managerial,0,0,50,39,0
60,Male,White,Married-civ-spouse,0,232242,HS-grad,Private,Sales,0,0,40,39,0
21,Female,White,Never-married,1,230248,HS-grad,Private,Adm-clerical,0,0,25,39,0
34,Male,White,Married-civ-spouse,0,202498,12th,Private,Other-service,0,0,40,6,0
36,Female,White,Married-civ-spouse,5,128640,Some-college,Other,Other,0,0,25,39,0
52,Male,White,Married-civ-spouse,0,159755,Bachelors,Private,Exec-managerial,0,1887,40,39,1
42,Female,White,Divorced,4,54102,Assoc-voc,Private,Adm-clerical,0,0,40,39,0
30,Male,White,Married-spouse-absent,3,176185,Some-college,Self-emp-not-inc,Craft-repair,0,0,60,39,1
68,Female,Black,Separated,1,177596,10th,Local-gov,Other-service,0,0,90,39,0
36,Male,White,Married-civ-spouse,0,199739,HS-grad,Private,Transport-moving,7298,0,60,39,1
41,Male,Black,Separated,1,299505,HS-grad,Private,Craft-repair,0,0,40,39,0
55,Female,White,Married-civ-spouse,5,41938,Bachelors,Self-emp-not-inc,Prof-specialty,0,0,8,39,0
47,Male,White,Married-civ-spouse,0,54887,Doctorate,State-gov,Prof-specialty,0,0,40,39,1
28,Male,White,Divorced,1,54243,HS-grad,Private,Transport-moving,0,0,60,39,0
44,Male,White,Married-civ-spouse,0,267717,Masters,Private,Craft-repair,15024,0,45,39,1
31,Male,White,Never-married,1,193565,Masters,State-gov,Tech-support,0,0,40,39,0
61,Male,White,Married-civ-spouse,0,221943,Some-college,Federal-gov,Adm-clerical,9386,0,40,39,1
29,Female,Black,Separated,4,212102,HS-grad,Private,Other-service,0,0,30,39,0
71,Male,White,Widowed,1,303860,Masters,Local-gov,Exec-managerial,2050,0,20,39,0
38,Female,White,Married-civ-spouse,5,95654,HS-grad,Private,Adm-clerical,0,0,60,39,0
29,Male,Black,Never-married,4,255949,Bachelors,Private,Sales,0,0,40,39,0
24,Female,White,Married-civ-spouse,5,97212,Assoc-acdm,Private,Adm-clerical,0,0,40,39,0
36,Male,White,Never-married,4,224947,Bachelors,Local-gov,Prof-specialty,0,0,40,39,0
57,Male,White,Married-civ-spouse,0,95280,Some-college,Self-emp-not-inc,Sales,99999,0,45,39,1
30,Female,White,Separated,1,159442,HS-grad,Private,Adm-clerical,0,0,40,39,0
20,Female,Black,Never-married,1,180497,HS-grad,Private,Other-service,0,0,40,39,0
40,Male,White,Married-civ-spouse,0,316820,7th-8th,Private,Sales,4064,0,40,39,0
31,Female,Black,Never-married,1,118149,Some-college,Private,Exec-managerial,0,0,40,39,0
42,Female,White,Divorced,4,318255,HS-grad,Private,Adm-clerical,0,0,40,39,0
28,Female,White,Never-married,1,116531,HS-grad,Private,Adm-clerical,0,0,40,39,0
30,Male,White,Married-civ-spouse,0,47085,10th,Local-gov,Craft-repair,0,0,40,39,0
34,Male,White,Married-civ-spouse,0,161018,Some-college,Private,Sales,0,0,55,39,1
39,Male,White,Married-civ-spouse,0,186183,Masters,Private,Prof-specialty,0,0,40,39,1
36,Female,White,Never-married,1,173804,Some-college,Private,Sales,0,0,35,39,0
66,Male,White,Married-civ-spouse,0,234743,Some-college,Private,Exec-managerial,0,0,50,39,0
19,Male,White,Never-married,3,280146,Some-college,Private,Handlers-cleaners,0,0,20,39,0
39,Female,White,Married-civ-spouse,5,99065,Bachelors,Private,Handlers-cleaners,0,0,40,31,1
55,Male,White,Married-civ-spouse,0,247552,Some-college,Private,Sales,0,0,56,39,0
21,Male,White,Never-married,3,215039,HS-grad,Private,Craft-repair,0,0,13,0,0
26,Male,White,Never-married,1,158333,5th-6th,Private,Transport-moving,0,0,40,4,0
32,Male,White,Married-civ-spouse,0,154087,HS-grad,Private,Exec-managerial,0,0,40,39,0
56,Male,White,Married-civ-spouse,0,318450,Masters,Private,Adm-clerical,0,0,80,39,1
35,Male,White,Divorced,1,36270,HS-grad,Private,Craft-repair,0,0,60,39,0
41,Male,White,Married-civ-spouse,0,116797,HS-grad,Private,Sales,7298,0,50,39,1
20,Female,White,Never-married,1,349365,HS-grad,State-gov,Other-service,0,0,40,39,0
27,Male,White,Never-married,1,197380,Assoc-acdm,Private,Prof-specialty,0,0,40,39,0
39,Male,White,Married-civ-spouse,0,33975,HS-grad,Self-emp-inc,Craft-repair,0,0,50,39,0
33,Male,White,Married-civ-spouse,0,172664,Some-college,Private,Exec-managerial,0,0,70,39,1
52,Female,White,Divorced,4,174421,Assoc-acdm,Private,Prof-specialty,0,0,32,39,0
56,Male,White,Never-married,1,219426,10th,Private,Handlers-cleaners,0,0,40,39,0
48,Male,White,Married-civ-spouse,0,107231,Bachelors,Self-emp-not-inc,Exec-managerial,99999,0,50,39,1
25,Female,White,Never-married,3,77071,Bachelors,Private,Prof-specialty,0,2339,35,39,0
27,Male,White,Never-married,3,175262,Bachelors,Private,Exec-managerial,0,0,40,39,0
27,Male,White,Married-civ-spouse,0,190525,Bachelors,Private,Exec-managerial,7298,0,55,39,1
39,Male,White,Married-civ-spouse,0,280570,Bachelors,Private,Exec-managerial,0,0,45,39,0
90,Male,White,Married-civ-spouse,0,175491,HS-grad,Private,Craft-repair,9386,0,50,7,1
38,Male,White,Married-civ-spouse,0,31964,9th,Private,Adm-clerical,0,0,40,39,0
23,Female,White,Never-married,1,250630,Masters,Private,Prof-specialty,0,0,30,39,0
39,Male,White,Never-married,1,48093,HS-grad,Private,Handlers-cleaners,0,0,40,39,0
19,Male,White,Never-married,3,141868,HS-grad,Private,Transport-moving,0,0,40,39,0
35,Female,White,Divorced,4,65706,HS-grad,Private,Other-service,0,0,40,39,0
40,Male,White,Married-civ-spouse,0,242082,Bachelors,Self-emp-not-inc,Prof-specialty,0,0,45,39,1
41,Female,Black,Divorced,3,216461,Some-college,Private,Adm-clerical,0,0,40,39,0
34,Female,Black,Never-married,3,144182,Preschool,Local-gov,Adm-clerical,0,0,25,39,0
35,Male,White,Widowed,1,226916,Bachelors,Federal-gov,Adm-clerical,0,0,40,39,1
20,Male,White,Never-married,3,234663,HS-grad,Private,Handlers-cleaners,0,0,30,39,0
21,Female,White,Never-married,1,202214,Assoc-acdm,Private,Adm-clerical,0,0,10,39,0
47,Female,White,Married-civ-spouse,5,175990,HS-grad,Private,Other-service,0,0,30,39,1
45,Female,White,Never-married,1,255559,HS-grad,Local-gov,Adm-clerical,0,0,40,39,0
50,Male,White,Married-civ-spouse,0,175339,HS-grad,Self-emp-inc,Craft-repair,0,1672,60,39,0
28,Male,Black,Never-married,1,201175,11th,Private,Machine-op-inspct,0,0,40,39,0
18,Male,White,Never-married,3,237646,Some-college,Private,Adm-clerical,0,0,30,39,0
39,Male,White,Married-civ-spouse,0,379350,10th,Private,Craft-repair,0,0,40,39,0
52,Male,White,Married-civ-spouse,0,195462,HS-grad,Self-emp-not-inc,Farming-fishing,0,0,98,39,1
50,Male,White,Married-civ-spouse,0,320510,Bachelors,Private,Exec-managerial,0,1902,40,39,1
27,Female,White,Never-married,3,289484,Some-college,Private,Adm-clerical,0,0,40,39,0
35,Male,White,Married-civ-spouse,2,112497,HS-grad,Self-emp-not-inc,Craft-repair,0,0,35,21,0
45,Male,White,Married-civ-spouse,0,234652,5th-6th,Private,Machine-op-inspct,0,0,40,26,0
33,Male,White,Married-civ-spouse,0,132601,HS-grad,Self-emp-inc,Craft-repair,0,0,40,39,1
65,Male,White,Married-civ-spouse,0,174056,7th-8th,Private,Machine-op-inspct,0,0,40,39,0
39,Female,White,Married-civ-spouse,5,361838,Bachelors,Other,Other,0,0,6,39,1
56,Male,White,Divorced,1,346033,9th,Private,Adm-clerical,0,0,40,39,0
32,Male,White,Never-married,1,153471,HS-grad,Private,Farming-fishing,0,0,35,39,0
20,Male,White,Never-married,4,235691,HS-grad,Private,Sales,0,0,40,39,0
37,Female,White,Divorced,1,215392,Bachelors,Private,Prof-specialty,0,0,40,39,0
22,Male,White,Never-married,3,130356,Some-college,Private,Machine-op-inspct,0,0,48,39,0
75,Female,Black,Married-civ-spouse,2,191446,1st-4th,Private,Other-service,0,0,16,39,0
23,Male,White,Never-married,1,61743,5th-6th,State-gov,Transport-moving,0,0,35,39,0
44,Male,White,Married-civ-spouse,0,195124,HS-grad,Self-emp-inc,Transport-moving,0,0,60,0,0
54,Male,White,Married-civ-spouse,0,37237,Bachelors,Private,Prof-specialty,0,0,40,39,1
44,Male,White,Married-civ-spouse,0,167005,Some-college,Private,Craft-repair,4386,0,55,39,0
42,Male,White,Married-civ-spouse,0,198096,Some-college,Private,Other-service,0,0,40,39,1
30,Male,White,Divorced,3,112650,HS-grad,Private,Craft-repair,0,0,40,39,0
25,Male,White,Never-married,1,112835,Bachelors,Private,Prof-specialty,0,0,40,39,0
39,Male,Black,Widowed,1,382802,10th,Private,Machine-op-inspct,0,1590,40,39,0
22,Female,White,Never-married,1,71379,Some-college,Private,Prof-specialty,0,0,35,39,0
48,Male,White,Married-civ-spouse,0,162816,Assoc-acdm,Private,Transport-moving,0,0,45,39,0
33,Male,White,Married-civ-spouse,0,116539,HS-grad,Self-emp-not-inc,Craft-repair,0,0,40,39,0
33,Male,White,Married-civ-spouse,0,111985,Some-college,Private,Craft-repair,0,0,58,39,0
40,Female,White,Separated,1,111020,HS-grad,Private,Machine-op-inspct,0,0,40,39,0
30,Male,White,Married-civ-spouse,0,226535,7th-8th,Self-emp-not-inc,Farming-fishing,0,0,40,26,0
31,Male,White,Never-married,3,156493,HS-grad,Private,Prof-specialty,0,0,40,39,0
32,Female,White,Married-civ-spouse,5,168443,Masters,Private,Exec-managerial,0,0,40,39,0
36,Female,White,Separated,3,170861,HS-grad,State-gov,Other-service,0,0,32,39,0
19,Female,Black,Never-married,4,376683,Some-college,Private,Other-service,2036,0,30,39,0
33,Male,Asian-Pac-Islander,Married-civ-spouse,0,72338,Prof-school,Private,Exec-managerial,0,0,65,24,1
20,Female,Black,Never-married,1,91939,HS-grad,Private,Adm-clerical,0,1721,30,39,0
25,Male,White,Never-married,3,109390,HS-grad,Private,Transport-moving,0,0,70,39,0
51,Male,White,Married-civ-spouse,0,115851,HS-grad,Private,Craft-repair,0,0,40,39,0
34,Male,White,Married-civ-spouse,0,264651,HS-grad,Private,Machine-op-inspct,0,0,40,39,1
30,Female,White,Divorced,1,393965,Assoc-acdm,Private,Adm-clerical,0,0,25,39,0
60,Male,White,Married-civ-spouse,0,325971,HS-grad,Private,Machine-op-inspct,7688,0,40,39,1
39,Female,Asian-Pac-Islander,Widowed,4,214284,Bachelors,Local-gov,Prof-specialty,0,0,10,24,0
45,Female,White,Divorced,1,1366120,Assoc-voc,Private,Other-service,0,0,8,39,0
24,Male,White,Never-married,3,143766,Some-college,Private,Machine-op-inspct,0,0,55,39,0
18,Female,Black,Never-married,3,404868,11th,Private,Sales,0,1602,20,39,0
24,Male,White,Married-civ-spouse,0,155775,HS-grad,State-gov,Tech-support,0,0,40,39,0
43,Female,White,Divorced,4,143939,HS-grad,State-gov,Adm-clerical,0,0,50,39,1
67,Male,White,Married-civ-spouse,0,397831,Some-college,Private,Exec-managerial,0,1539,40,39,0
34,Male,White,Married-civ-spouse,0,180871,Bachelors,State-gov,Adm-clerical,0,0,55,39,0
37,Female,Black,Divorced,4,118909,HS-grad,Local-gov,Adm-clerical,0,0,35,39,0
21,Male,White,Never-married,3,129232,Some-college,Private,Craft-repair,0,0,40,39,0
33,Female,White,Never-married,1,272411,Bachelors,Private,Exec-managerial,0,0,40,39,0
29,Male,White,Married-civ-spouse,0,40295,HS-grad,Private,Prof-specialty,0,0,40,39,0
45,Male,White,Married-civ-spouse,0,56904,Bachelors,Federal-gov,Adm-clerical,5013,0,45,39,0
39,Female,White,Never-married,1,190728,HS-grad,Private,Adm-clerical,0,0,40,39,0
19,Female,White,Never-married,1,46400,Some-college,Other,Other,0,0,32,39,0
32,Male,White,Married-civ-spouse,0,509350,Some-college,Private,Handlers-cleaners,0,0,50,2,1
59,Female,White,Divorced,1,556688,9th,Other,Other,0,0,12,39,0
46,Male,White,Married-civ-spouse,0,149949,Some-college,Private,Craft-repair,0,0,40,39,0
53,Female,Black,Divorced,4,191565,1st-4th,Private,Other-service,0,0,40,6,0
43,Male,White,Married-civ-spouse,0,99220,Bachelors,Self-emp-not-inc,Sales,0,0,40,39,1
50,Male,White,Married-civ-spouse,0,175804,HS-grad,Private,Sales,0,0,48,39,0
47,Female,White,Married-civ-spouse,5,98012,Masters,Private,Prof-specialty,7688,0,40,39,1
43,Male,White,Married-civ-spouse,0,33331,Prof-school,State-gov,Prof-specialty,0,1977,70,39,1
23,Female,White,Separated,4,33884,Some-college,Private,Sales,0,0,40,39,0
58,Male,White,Married-civ-spouse,0,48433,HS-grad,State-gov,Exec-managerial,0,0,40,39,0
35,Male,White,Married-civ-spouse,0,77146,Bachelors,Private,Sales,0,0,45,39,1
35,Male,White,Married-civ-spouse,0,63509,Assoc-voc,Private,Craft-repair,0,0,50,39,0
45,Female,Black,Divorced,4,36032,HS-grad,State-gov,Protective-serv,0,0,40,39,0
56,Female,Black,Widowed,4,156052,HS-grad,Private,Other-service,594,0,20,39,0
48,Male,White,Married-civ-spouse,0,109832,Masters,Private,Prof-specialty,0,1902,40,39,1
32,Male,White,Married-civ-spouse,0,316589,Bachelors,Private,Exec-managerial,0,0,40,39,1
46,Male,White,Married-civ-spouse,0,125487,Assoc-voc,Private,Tech-support,0,0,40,39,0
23,Male,White,Never-married,3,231160,Some-college,Private,Other-service,0,0,25,39,0
71,Female,White,Widowed,1,124959,HS-grad,Private,Adm-clerical,0,0,40,39,0
25,Female,Black,Never-married,3,137296,Assoc-acdm,Local-gov,Adm-clerical,0,0,38,39,0
35,Male,White,Married-civ-spouse,0,152909,Bachelors,Private,Exec-managerial,0,1887,45,39,1
47,Male,White,Never-married,1,94100,Bachelors,Self-emp-not-inc,Farming-fishing,0,0,65,39,0
54,Male,White,Married-civ-spouse,0,197189,Bachelors,Private,Transport-moving,0,0,40,39,0
51,Female,White,Married-civ-spouse,5,46401,Some-college,Self-emp-not-inc,Prof-specialty,0,0,40,39,1
39,Male,White,Never-married,1,243872,Assoc-acdm,Federal-gov,Prof-specialty,0,0,40,39,1
44,Female,White,Married-civ-spouse,5,103459,HS-grad,Private,Sales,0,0,40,39,1
54,Male,White,Married-civ-spouse,0,123011,Some-college,Private,Craft-repair,0,0,40,39,1
38,Male,White,Never-married,1,149419,Assoc-voc,Private,Tech-support,0,0,50,39,0
50,Male,White,Married-civ-spouse,0,132716,Some-college,Self-emp-inc,Exec-managerial,0,0,50,11,1
36,Male,White,Married-civ-spouse,0,33394,Bachelors,Private,Sales,0,1887,35,39,1
49,Male,White,Married-civ-spouse,0,133669,Some-college,Private,Adm-clerical,0,0,40,39,1
20,Female,White,Never-married,3,196745,Some-college,Private,Other-service,594,0,16,39,0
23,Male,Asian-Pac-Islander,Never-married,3,135138,Bachelors,Private,Sales,0,0,40,39,0
39,Female,Black,Never-married,4,315291,HS-grad,Private,Adm-clerical,0,0,40,39,0
49,Female,Black,Widowed,1,189885,HS-grad,Other,Other,0,0,40,39,0
39,Male,White,Married-civ-spouse,0,318452,11th,Private,Prof-specialty,0,0,60,39,0
44,Male,White,Divorced,3,456236,Some-college,Self-emp-inc,Sales,0,0,45,39,1
30,Male,White,Never-married,3,109117,Assoc-voc,Private,Handlers-cleaners,0,0,45,39,0
49,Male,White,Married-civ-spouse,0,268234,7th-8th,Private,Handlers-cleaners,0,0,40,39,0
19,Female,White,Never-married,3,206599,HS-grad,Private,Sales,0,0,40,39,0
22,Male,White,Never-married,3,137510,HS-grad,Local-gov,Farming-fishing,0,0,40,39,0
43,Male,White,Divorced,4,180407,Bachelors,Local-gov,Exec-managerial,0,0,42,11,0
19,Male,White,Never-married,3,320014,Some-college,Private,Other-service,0,0,25,39,0
23,Female,White,Never-married,4,227915,HS-grad,Private,Craft-repair,0,0,33,39,0
42,Female,White,Divorced,1,219553,Masters,State-gov,Prof-specialty,0,0,38,39,0
21,Male,White,Never-married,3,90935,Assoc-voc,Private,Transport-moving,0,0,40,39,0
28,Male,Black,Never-married,1,227890,Bachelors,Self-emp-not-inc,Prof-specialty,0,0,50,39,1
50,Female,White,Widowed,4,183638,HS-grad,Private,Sales,0,0,40,39,0
25,Male,White,Married-civ-spouse,0,163620,HS-grad,Private,Exec-managerial,7298,0,84,39,1
58,Female,White,Married-civ-spouse,5,29928,Some-college,Private,Sales,0,0,36,39,0
33,Female,White,Married-civ-spouse,5,34748,HS-grad,Private,Adm-clerical,0,1887,20,39,1
22,Female,Asian-Pac-Islander,Never-married,1,304710,Bachelors,Private,Adm-clerical,0,0,10,40,0
25,Female,White,Never-married,3,104193,HS-grad,Private,Other-service,114,0,40,39,0
26,Female,Black,Never-married,1,491862,Assoc-voc,Private,Exec-managerial,0,0,40,39,0
79,Male,White,Widowed,1,62176,Doctorate,Federal-gov,Exec-managerial,0,0,6,39,1
36,Male,Other,Married-civ-spouse,0,52327,Masters,Private,Prof-specialty,0,0,40,20,1
26,Male,White,Married-civ-spouse,0,197967,HS-grad,Private,Sales,0,0,65,39,0
46,Male,White,Married-civ-spouse,0,270565,Assoc-voc,Private,Prof-specialty,0,0,60,39,0
35,Male,White,Married-civ-spouse,0,139086,HS-grad,Private,Handlers-cleaners,0,0,40,39,0
35,Male,White,Married-civ-spouse,0,255191,Bachelors,Private,Prof-specialty,0,0,45,39,1
63,Male,White,Married-civ-spouse,0,186809,Bachelors,Other,Other,0,0,30,39,1
46,Male,White,Never-married,3,256522,1st-4th,Private,Machine-op-inspct,0,0,40,33,0
44,Male,White,Married-civ-spouse,2,317535,1st-4th,Private,Protective-serv,0,0,40,26,0
30,Female,Amer-Indian-Eskimo,Married-civ-spouse,3,60426,HS-grad,Private,Adm-clerical,0,0,40,39,0
29,Male,Black,Divorced,1,176037,Assoc-voc,Private,Tech-support,14344,0,40,39,1
59,Male,White,Never-married,4,167963,HS-grad,Private,Adm-clerical,0,0,40,39,0
22,Female,White,Never-married,3,217421,Some-college,Other,Other,0,0,30,39,0
42,Male,White,Divorced,1,340885,HS-grad,Private,Farming-fishing,0,0,44,39,0
69,Male,White,Married-civ-spouse,0,240562,Prof-school,Self-emp-not-inc,Prof-specialty,99999,0,40,39,1
22,Female,White,Never-married,1,291386,Some-college,Private,Adm-clerical,0,0,40,39,0
39,Male,White,Married-civ-spouse,0,211440,Bachelors,Private,Sales,0,0,50,39,1
26,Female,White,Never-married,1,131686,Bachelors,Private,Prof-specialty,0,0,40,39,0
58,Male,Asian-Pac-Islander,Married-civ-spouse,0,110517,Doctorate,State-gov,Prof-specialty,4064,0,40,19,0
25,Male,White,Married-civ-spouse,0,257562,7th-8th,Private,Craft-repair,0,0,40,26,0
24,Female,White,Divorced,1,161708,HS-grad,Private,Exec-managerial,0,0,45,39,1
61,Male,White,Married-civ-spouse,0,352448,Bachelors,Self-emp-not-inc,Transport-moving,0,0,60,39,0
41,Female,White,Married-civ-spouse,5,196001,HS-grad,Self-emp-not-inc,Other-service,0,0,20,39,0
22,Male,White,Never-married,3,219122,Some-college,Other,Other,0,0,40,39,0
54,Male,White,Married-civ-spouse,0,138852,Some-college,Self-emp-inc,Sales,0,0,45,39,1
51,Female,White,Divorced,1,179010,Some-college,Private,Sales,0,0,60,39,0
40,Female,Black,Divorced,1,195892,Some-college,Private,Transport-moving,0,0,40,39,0
45,Female,Black,Widowed,4,140581,Some-college,Private,Other-service,0,0,40,39,0
24,Female,White,Never-married,3,29302,Some-college,Private,Other-service,0,0,40,0,0
46,Male,White,Married-civ-spouse,0,394860,HS-grad,Private,Other-service,0,0,40,39,0
34,Male,White,Married-civ-spouse,0,207668,Some-college,Private,Handlers-cleaners,0,1887,40,39,1
56,Male,White,Married-civ-spouse,0,131608,Some-college,Private,Sales,0,0,40,39,1
20,Female,White,Never-married,3,199268,Some-college,Private,Other-service,0,0,20,39,0
37,Male,White,Married-civ-spouse,0,294292,Prof-school,Private,Exec-managerial,0,0,40,39,0
29,Male,White,Never-married,4,289991,HS-grad,Private,Transport-moving,0,0,55,39,0
45,Male,White,Married-civ-spouse,0,238567,Bachelors,Private,Exec-managerial,0,0,40,9,1
68,Female,White,Married-civ-spouse,5,186266,HS-grad,Other,Other,0,0,8,39,0
40,Female,White,Never-married,1,151408,Masters,Private,Prof-specialty,0,0,40,39,0
37,Female,White,Married-civ-spouse,5,45937,Assoc-acdm,Federal-gov,Exec-managerial,0,0,40,39,1
33,Male,Black,Divorced,1,389932,HS-grad,Private,Transport-moving,0,0,55,39,0
31,Male,White,Married-civ-spouse,0,354464,HS-grad,Private,Other-service,0,0,40,39,0
44,Female,Black,Married-civ-spouse,5,189956,Bachelors,Local-gov,Protective-serv,15024,0,40,39,1
33,Male,White,Married-civ-spouse,0,219838,10th,Private,Farming-fishing,0,0,40,39,0
36,Male,White,Married-civ-spouse,0,199439,Masters,Private,Exec-managerial,0,0,45,39,1
37,Female,White,Married-civ-spouse,5,238959,HS-grad,Private,Adm-clerical,0,0,40,39,0
31,Female,White,Divorced,4,57781,HS-grad,Private,Adm-clerical,0,0,50,39,0
41,Male,Black,Married-spouse-absent,1,197069,Some-college,Federal-gov,Adm-clerical,4650,0,40,39,0
27,Female,White,Married-civ-spouse,5,100168,7th-8th,Private,Other-service,0,0,40,39,0
19,Male,White,Never-married,3,172582,Some-college,Private,Sales,0,0,30,39,0
44,Male,White,Married-civ-spouse,0,357679,Bachelors,Self-emp-inc,Farming-fishing,15024,0,65,39,1
52,Male,Other,Married-civ-spouse,0,230657,HS-grad,Private,Machine-op-inspct,3781,0,40,4,0
34,Male,White,Separated,1,203034,Bachelors,Private,Sales,0,2824,50,39,1
48,Female,White,Never-married,3,184682,HS-grad,Other,Other,0,0,18,39,0
32,Male,Black,Divorced,1,155232,Bachelors,Private,Protective-serv,0,0,60,39,1
40,Male,White,Married-civ-spouse,0,86912,Doctorate,State-gov,Prof-specialty,0,0,50,39,1
40,Male,White,Married-civ-spouse,0,150755,Bachelors,Local-gov,Prof-specialty,99999,0,75,39,1
38,Female,Black,Divorced,3,191479,Some-college,Private,Exec-managerial,0,0,40,39,0
51,Male,White,Married-civ-spouse,0,22211,Masters,Private,Prof-specialty,0,1902,60,39,1
57,Female,White,Widowed,1,24384,7th-8th,Private,Other-service,0,0,10,39,0
22,Male,White,Never-married,1,105592,Assoc-acdm,Private,Transport-moving,0,0,45,39,0
36,Male,White,Married-civ-spouse,0,173542,Bachelors,Private,Prof-specialty,0,0,40,39,1
25,Male,White,Never-married,1,111058,Some-college,Private,Adm-clerical,0,1980,40,39,0
22,Male,Asian-Pac-Islander,Never-married,3,182771,Assoc-voc,Other,Other,0,0,20,39,0
32,Male,White,Married-civ-spouse,0,212276,Bachelors,Private,Prof-specialty,0,0,60,39,1
19,Female,Other,Married-spouse-absent,3,247298,12th,Private,Other-service,0,0,20,39,0
36,Male,White,Married-civ-spouse,0,213008,Assoc-acdm,Self-emp-inc,Exec-managerial,0,0,40,39,1
57,Female,Black,Never-married,2,185072,Some-college,Private,Adm-clerical,0,0,40,23,0
52,Male,White,Never-married,1,109413,HS-grad,Private,Sales,0,0,40,39,0
37,Female,White,Married-civ-spouse,5,182675,Some-college,Private,Exec-managerial,0,0,45,39,1
28,Female,White,Never-married,3,186720,Some-college,Private,Other-service,0,0,50,39,0
57,Male,White,Married-civ-spouse,0,301514,HS-grad,Private,Sales,0,0,40,39,0
39,Male,White,Married-civ-spouse,0,89508,Bachelors,Private,Sales,0,0,40,39,0
55,Male,White,Married-civ-spouse,0,98361,Bachelors,Private,Exec-managerial,15024,0,55,39,1
41,Male,White,Separated,1,227065,Some-college,Self-emp-not-inc,Craft-repair,0,0,40,39,0
24,Male,Asian-Pac-Islander,Never-married,4,154571,Assoc-voc,Private,Sales,0,0,50,35,0
37,Male,White,Married-civ-spouse,0,26698,Some-college,Self-emp-inc,Sales,0,1485,44,39,1
55,Male,White,Married-civ-spouse,0,193130,Bachelors,Private,Prof-specialty,0,0,40,39,1
36,Male,White,Married-civ-spouse,0,138940,Bachelors,Self-emp-not-inc,Exec-managerial,4386,0,50,39,1
33,Male,White,Never-married,1,176711,Assoc-acdm,Private,Adm-clerical,0,0,50,39,0
74,Male,Black,Married-civ-spouse,0,292627,1st-4th,Other,Other,0,0,40,39,0
38,Male,White,Married-civ-spouse,0,207202,HS-grad,Private,Machine-op-inspct,0,0,48,39,1
20,Male,White,Never-married,3,162688,Assoc-voc,Private,Other-service,0,0,40,39,0
65,Male,White,Married-civ-spouse,0,262446,11th,Private,Other-service,0,0,20,39,0
25,Male,White,Never-married,3,190107,HS-grad,Local-gov,Farming-fishing,0,1719,16,39,0
29,Male,Amer-Indian-Eskimo,Married-civ-spouse,0,22641,HS-grad,Private,Machine-op-inspct,0,0,45,39,0
19,Female,White,Never-married,3,198943,Some-college,Private,Other-service,0,0,35,39,0
52,Male,White,Married-civ-spouse,0,260938,Masters,Private,Sales,0,0,40,39,0
37,Male,White,Married-civ-spouse,0,397877,Bachelors,Local-gov,Adm-clerical,0,0,40,39,1
56,Female,White,Never-married,1,179641,HS-grad,Private,Prof-specialty,0,0,45,39,0
53,Male,White,Married-civ-spouse,0,101432,HS-grad,Self-emp-not-inc,Sales,0,0,50,39,0
43,Female,Asian-Pac-Islander,Divorced,4,82077,Some-college,Other,Other,0,0,40,39,0
21,Female,White,Never-married,3,110946,HS-grad,State-gov,Adm-clerical,0,0,43,39,0
67,Female,Black,Never-married,1,200862,10th,Other,Other,0,0,35,39,0
38,Male,White,Divorced,3,272671,Bachelors,Private,Sales,0,0,50,39,0
22,Male,White,Never-married,3,88126,Bachelors,Private,Exec-managerial,0,0,40,39,0
38,Female,White,Married-civ-spouse,5,177273,HS-grad,Other,Other,0,0,35,39,0
39,Female,White,Never-married,4,142897,Assoc-voc,State-gov,Exec-managerial,0,0,50,39,0
43,Male,White,Married-civ-spouse,0,277488,HS-grad,Self-emp-not-inc,Farming-fishing,0,0,30,39,0
24,Female,Asian-Pac-Islander,Never-married,1,73514,Some-college,Private,Sales,0,0,50,30,0
23,Male,White,Never-married,1,209955,HS-grad,Private,Craft-repair,0,0,40,39,0
31,Male,White,Never-married,1,215047,Bachelors,Private,Adm-clerical,0,0,50,39,0
63,Male,White,Married-civ-spouse,0,147589,Bachelors,Self-emp-not-inc,Sales,0,0,30,39,1
21,Female,White,Never-married,1,212661,10th,Private,Adm-clerical,0,0,39,39,0
31,Male,White,Married-civ-spouse,0,209101,Prof-school,Private,Prof-specialty,0,0,25,39,1
25,Male,White,Married-civ-spouse,0,117827,Some-college,Private,Adm-clerical,0,0,40,39,0
33,Male,White,Married-civ-spouse,0,196385,Masters,Private,Prof-specialty,0,0,37,39,1
69,Male,White,Married-civ-spouse,0,170458,HS-grad,State-gov,Other-service,0,0,20,39,0
32,Male,White,Married-civ-spouse,0,123253,Assoc-acdm,Private,Craft-repair,0,0,42,39,0
49,Female,White,Married-civ-spouse,5,147322,Assoc-voc,Private,Machine-op-inspct,0,0,40,29,0
19,Male,White,Never-married,1,60890,HS-grad,Private,Craft-repair,0,0,49,39,0
49,Male,White,Married-civ-spouse,0,148549,Bachelors,Private,Exec-managerial,0,1902,50,39,1
41,Female,White,Divorced,4,283116,HS-grad,Private,Craft-repair,1506,0,50,39,0
43,Male,Asian-Pac-Islander,Married-civ-spouse,0,506329,Bachelors,State-gov,Prof-specialty,15024,0,40,0,1
58,Male,White,Married-civ-spouse,0,266707,1st-4th,Self-emp-not-inc,Transport-moving,0,2179,18,39,0
59,Male,White,Married-civ-spouse,0,192258,Doctorate,State-gov,Prof-specialty,0,0,40,39,1
29,Male,White,Married-civ-spouse,0,107458,HS-grad,Private,Transport-moving,0,0,40,39,0
48,Male,White,Married-civ-spouse,0,131826,Some-college,Private,Adm-clerical,0,0,40,39,1
35,Male,Asian-Pac-Islander,Never-married,1,35309,Bachelors,Federal-gov,Tech-support,0,0,28,0,0
31,Male,White,Married-civ-spouse,0,381153,Some-college,Local-gov,Protective-serv,15024,0,56,39,1
31,Male,Black,Never-married,3,145935,HS-grad,Private,Exec-managerial,0,0,40,39,0
17,Male,White,Never-married,3,365613,10th,Private,Other-service,0,0,10,2,0
30,Male,White,Married-civ-spouse,0,39054,HS-grad,Private,Sales,0,0,40,39,0
38,Male,White,Married-civ-spouse,0,242080,Some-college,Private,Sales,0,0,55,39,1
50,Male,White,Married-civ-spouse,0,159650,Some-college,Private,Tech-support,0,0,60,39,1
41,Male,White,Married-civ-spouse,0,156566,Bachelors,Private,Exec-managerial,4386,0,50,39,1
51,Male,White,Married-civ-spouse,0,257337,HS-grad,Private,Transport-moving,0,0,50,39,0
30,Male,White,Never-married,3,224462,HS-grad,Private,Handlers-cleaners,0,0,40,39,0
29,Male,Black,Never-married,1,238680,Some-college,Private,Sales,0,0,55,28,0
20,Female,White,Never-married,1,122166,Some-college,Private,Adm-clerical,0,0,40,39,0
43,Male,Other,Married-civ-spouse,0,245487,HS-grad,Private,Craft-repair,0,0,40,26,0
22,Female,White,Never-married,3,196280,Some-college,Other,Other,0,0,20,39,0
43,Female,White,Divorced,4,177083,Some-college,Private,Tech-support,0,0,30,39,0
33,Male,White,Married-civ-spouse,0,122116,HS-grad,Private,Sales,0,0,45,39,0
41,Female,White,Divorced,4,170230,Bachelors,Private,Exec-managerial,0,0,45,39,0
59,Male,White,Married-civ-spouse,0,286967,HS-grad,Local-gov,Transport-moving,0,0,45,39,0
28,Male,White,Never-married,1,55191,Assoc-acdm,Private,Handlers-cleaners,0,0,45,39,0
46,Male,White,Married-civ-spouse,0,57914,HS-grad,Private,Protective-serv,0,0,40,39,0
40,Male,White,Married-civ-spouse,0,303212,Bachelors,Local-gov,Prof-specialty,0,0,40,39,1
47,Male,White,Married-civ-spouse,0,294913,Prof-school,Private,Exec-managerial,99999,0,40,39,1
31,Female,Black,Never-married,1,348491,Bachelors,Private,Exec-managerial,0,0,40,39,0
31,Male,White,Married-civ-spouse,0,263561,Masters,Private,Exec-managerial,0,0,40,39,1
55,Male,White,Married-civ-spouse,0,138594,HS-grad,Self-emp-inc,Exec-managerial,0,1977,45,39,1
55,Male,White,Married-civ-spouse,0,236520,Assoc-voc,Private,Craft-repair,0,0,40,39,1
44,Male,Black,Married-civ-spouse,0,128485,Assoc-voc,Private,Craft-repair,0,0,40,39,0
42,Male,Amer-Indian-Eskimo,Married-civ-spouse,0,74334,Masters,State-gov,Adm-clerical,0,0,40,39,1
45,Female,White,Divorced,4,112761,HS-grad,Private,Machine-op-inspct,0,0,40,39,0
34,Male,White,Never-married,1,154874,HS-grad,Private,Machine-op-inspct,4416,0,30,39,0
20,Male,White,Never-married,3,382153,Some-college,Private,Sales,0,0,25,39,0
25,Male,White,Never-married,3,69739,10th,Private,Machine-op-inspct,0,0,40,39,0
46,Male,White,Married-civ-spouse,0,113434,Bachelors,Self-emp-not-inc,Craft-repair,0,0,40,39,0
37,Male,Black,Divorced,1,359796,Some-college,Private,Sales,0,0,40,39,0
31,Male,White,Married-civ-spouse,0,162572,Bachelors,Private,Exec-managerial,0,0,40,39,0
41,Male,White,Divorced,1,98061,HS-grad,Private,Transport-moving,0,0,40,39,0
46,Female,White,Never-married,1,110794,Some-college,Private,Adm-clerical,0,0,40,39,0
24,Male,White,Never-married,3,200997,HS-grad,Private,Handlers-cleaners,0,0,45,39,0
41,Male,Black,Separated,1,223062,Some-college,Private,Other-service,0,0,40,39,0
31,Male,White,Married-civ-spouse,0,217460,HS-grad,Private,Transport-moving,0,0,45,39,1
20,Female,White,Never-married,3,165201,Some-college,Private,Adm-clerical,0,0,4,39,0
38,Male,White,Never-married,1,129573,Masters,Self-emp-not-inc,Prof-specialty,0,0,40,39,1
45,Male,Asian-Pac-Islander,Married-civ-spouse,0,133969,HS-grad,Self-emp-not-inc,Sales,0,0,50,35,1
41,Female,White,Divorced,1,38397,HS-grad,Private,Other-service,0,0,40,39,0
30,Male,White,Married-civ-spouse,0,188569,9th,Federal-gov,Tech-support,0,0,40,39,0
29,Female,White,Never-married,1,423158,Some-college,Private,Tech-support,0,0,40,39,0
35,Female,Black,Never-married,1,166235,Some-college,Private,Machine-op-inspct,0,0,30,39,0
18,Male,White,Never-married,3,212936,Some-college,Private,Other-service,0,0,15,39,0
57,Male,White,Married-civ-spouse,0,118481,Bachelors,Local-gov,Prof-specialty,0,1902,40,39,1
61,Female,White,Divorced,1,203849,Some-college,Other,Other,0,0,40,39,0
23,Male,White,Never-married,3,183789,HS-grad,Private,Sales,0,0,40,39,0
19,Female,White,Never-married,3,218471,HS-grad,Other,Other,0,1602,30,39,0
47,Male,White,Married-civ-spouse,0,52795,Some-college,Private,Machine-op-inspct,0,0,46,39,0
49,Female,White,Divorced,1,46537,HS-grad,Local-gov,Adm-clerical,594,0,10,39,0
32,Male,White,Married-civ-spouse,0,107843,HS-grad,Private,Machine-op-inspct,5178,0,50,39,1
34,Male,White,Divorced,1,234386,Assoc-acdm,Private,Craft-repair,0,0,50,39,0
33,Male,White,Married-civ-spouse,0,159888,11th,Private,Craft-repair,0,0,40,39,0
42,Female,Black,Separated,2,141459,HS-grad,Federal-gov,Other-service,0,0,40,39,0
37,Female,Asian-Pac-Islander,Divorced,4,81853,HS-grad,Federal-gov,Prof-specialty,0,0,40,0,0
23,Female,White,Married-civ-spouse,5,193586,HS-grad,Private,Adm-clerical,3908,0,40,39,0
35,Male,White,Married-civ-spouse,0,112158,10th,Private,Craft-repair,0,0,40,39,0
34,Male,Black,Never-married,1,405386,Some-college,Private,Craft-repair,0,0,28,39,0
46,Male,White,Married-civ-spouse,0,165138,Assoc-voc,Private,Craft-repair,0,0,40,39,0
38,Male,White,Divorced,1,169469,HS-grad,Private,Sales,0,0,80,39,0
18,Female,White,Never-married,3,345285,11th,Private,Sales,0,0,20,39,0
54,Female,White,Never-married,4,100933,HS-grad,Private,Adm-clerical,0,0,40,39,0
31,Female,White,Separated,4,327825,HS-grad,Private,Machine-op-inspct,0,2238,40,39,0
56,Male,White,Married-civ-spouse,0,179781,HS-grad,Private,Exec-managerial,0,0,40,39,1
37,Male,White,Married-civ-spouse,0,105266,Some-college,Local-gov,Transport-moving,0,0,40,39,0
25,Male,Other,Married-civ-spouse,3,112847,HS-grad,Private,Transport-moving,0,0,40,39,0
32,Male,White,Married-civ-spouse,0,154950,Some-college,Self-emp-not-inc,Craft-repair,0,0,30,39,0
34,Male,White,Married-civ-spouse,0,113530,Bachelors,Private,Exec-managerial,0,0,40,39,0
21,Female,White,Never-married,3,45607,Some-college,Private,Other-service,0,0,40,39,0
53,Female,White,Married-civ-spouse,5,169846,HS-grad,Private,Adm-clerical,0,0,40,39,1
54,Female,White,Widowed,4,221915,Some-college,Private,Craft-repair,0,0,50,39,0
30,Female,White,Never-married,1,272451,Bachelors,Private,Adm-clerical,0,0,40,39,0
33,Female,White,Divorced,4,112900,HS-grad,Private,Other-service,0,0,40,39,0
36,Male,White,Married-civ-spouse,0,105021,Some-college,Self-emp-not-inc,Exec-managerial,0,0,55,39,1
58,Male,White,Married-civ-spouse,0,187487,HS-grad,Private,Machine-op-inspct,0,0,40,39,0
30,Female,White,Never-married,1,174215,Doctorate,Private,Prof-specialty,0,0,15,39,0
21,Male,White,Never-married,3,212619,Assoc-voc,Private,Machine-op-inspct,0,0,40,39,0
33,Male,White,Married-civ-spouse,0,309350,HS-grad,Private,Adm-clerical,0,0,40,39,0
27,Male,White,Married-civ-spouse,0,104917,Assoc-voc,Private,Craft-repair,0,0,40,39,0
40,Male,Black,Divorced,1,98985,HS-grad,Self-emp-not-inc,Exec-managerial,0,0,50,39,0
21,Male,White,Never-married,1,188535,HS-grad,Private,Machine-op-inspct,0,0,44,39,0
63,Male,White,Married-civ-spouse,0,41161,HS-grad,Local-gov,Exec-managerial,0,0,55,39,0
47,Male,White,Divorced,1,81654,Some-college,Local-gov,Exec-managerial,0,0,56,39,1
38,Male,White,Married-civ-spouse,0,103323,HS-grad,Private,Exec-managerial,0,0,40,39,0
32,Male,White,Married-civ-spouse,0,156464,HS-grad,Private,Sales,0,1902,50,39,1
17,Female,White,Never-married,3,140117,10th,Private,Sales,0,0,12,39,0
32,Female,White,Separated,4,120426,HS-grad,Private,Adm-clerical,0,0,40,39,0
32,Male,White,Married-spouse-absent,2,157289,HS-grad,Private,Handlers-cleaners,0,0,40,39,0
34,Male,Asian-Pac-Islander,Never-married,3,324654,HS-grad,Private,Machine-op-inspct,0,0,40,3,0
31,Female,Black,Separated,4,446512,Some-college,Private,Other-service,0,0,40,39,0
35,Male,White,Divorced,1,115618,HS-grad,Self-emp-not-inc,Sales,0,0,50,39,1
36,Male,White,Married-civ-spouse,0,447346,HS-grad,Private,Sales,0,0,50,39,1
22,Male,White,Never-married,1,215395,HS-grad,Private,Transport-moving,0,0,37,39,0
48,Male,White,Married-civ-spouse,0,181307,HS-grad,Self-emp-inc,Craft-repair,0,0,60,39,1
28,Male,White,Never-married,3,246595,HS-grad,Private,Craft-repair,0,0,70,39,0
38,Male,White,Married-civ-spouse,0,203836,HS-grad,Private,Sales,3464,0,40,4,0
25,Male,White,Divorced,1,285367,HS-grad,Private,Other-service,0,0,50,39,0
19,Female,White,Never-married,3,475028,HS-grad,Private,Sales,0,0,20,39,0
20,Male,White,Never-married,1,114357,Some-college,Other,Other,0,0,40,39,0
44,Male,White,Married-civ-spouse,0,167955,HS-grad,Private,Craft-repair,0,0,40,31,0
36,Male,White,Never-married,1,176335,Some-college,Private,Transport-moving,0,0,40,39,0
46,Male,White,Never-married,4,130364,HS-grad,Private,Craft-repair,0,0,40,39,0
27,Male,White,Married-civ-spouse,2,214858,10th,Private,Craft-repair,0,0,55,39,0
46,Male,White,Married-civ-spouse,0,123075,HS-grad,Self-emp-inc,Protective-serv,0,0,70,39,0
42,Male,White,Divorced,1,139126,HS-grad,Private,Transport-moving,0,0,40,39,0
40,Male,White,Married-civ-spouse,0,33331,Some-college,Private,Transport-moving,0,0,50,39,0
43,Male,White,Married-civ-spouse,0,186144,HS-grad,Private,Craft-repair,0,0,40,39,1
19,Female,Asian-Pac-Islander,Never-married,3,148955,Some-college,Self-emp-inc,Other-service,0,0,35,35,0
40,Male,White,Never-married,1,175696,HS-grad,Self-emp-inc,Sales,0,0,51,39,0
28,Male,White,Never-married,1,339372,Some-college,Private,Sales,0,0,40,39,0
47,Male,White,Married-civ-spouse,0,110243,11th,Private,Other-service,0,0,40,39,0
26,Female,White,Never-married,1,214303,Bachelors,Private,Prof-specialty,0,0,50,39,0
42,Male,White,Never-married,1,100800,HS-grad,Private,Craft-repair,0,0,40,39,0
26,Male,White,Never-married,3,108019,HS-grad,Private,Craft-repair,3325,0,40,39,0
42,Male,White,Married-civ-spouse,0,226902,Bachelors,Private,Tech-support,0,0,45,39,1
23,Male,White,Never-married,3,182117,Some-college,Private,Adm-clerical,0,0,40,39,0
75,Male,White,Married-civ-spouse,0,173064,Bachelors,Other,Other,0,0,6,39,0
26,Male,White,Married-civ-spouse,0,213412,11th,Private,Craft-repair,0,0,40,39,0
42,Male,White,Divorced,4,384508,11th,Private,Sales,1506,0,50,26,0
26,Female,Black,Never-married,1,265230,Bachelors,Local-gov,Prof-specialty,0,0,40,39,0
48,Male,White,Married-civ-spouse,0,320421,HS-grad,Private,Sales,0,0,50,39,0
38,Male,White,Married-civ-spouse,0,187411,HS-grad,Self-emp-inc,Exec-managerial,0,0,40,39,1
32,Female,White,Married-civ-spouse,5,116834,HS-grad,Self-emp-not-inc,Other-service,0,0,5,0,0
22,Male,White,Married-civ-spouse,0,190625,Bachelors,State-gov,Exec-managerial,0,0,20,39,0
19,Female,White,Never-married,3,321817,11th,Private,Other-service,0,0,40,39,0
24,Male,Asian-Pac-Islander,Never-married,1,219510,Bachelors,Private,Other-service,0,0,32,39,0
40,Male,White,Divorced,1,67852,HS-grad,Private,Transport-moving,0,0,35,39,0
40,Male,White,Never-married,1,120277,Some-college,Private,Sales,0,0,40,39,0
26,Female,Black,Never-married,4,55743,HS-grad,Private,Adm-clerical,0,0,30,39,0
57,Male,White,Married-civ-spouse,0,200316,Some-college,Private,Craft-repair,0,0,40,39,1
52,Male,White,Married-civ-spouse,0,30118,Some-college,Local-gov,Protective-serv,3137,0,42,39,0
24,Female,White,Never-married,3,196678,Preschool,Private,Machine-op-inspct,0,0,30,39,0
35,Male,White,Married-spouse-absent,3,100375,Some-college,Private,Farming-fishing,0,0,40,39,0
48,Female,White,Married-civ-spouse,5,55863,Doctorate,State-gov,Prof-specialty,0,1902,46,39,1
76,Female,White,Widowed,1,169133,Some-college,Local-gov,Adm-clerical,0,0,30,39,0
30,Female,White,Divorced,4,59496,Some-college,Private,Prof-specialty,0,0,40,39,0
39,Male,White,Married-civ-spouse,0,89040,Assoc-voc,Private,Other-service,0,0,40,39,0
29,Male,Black,Divorced,3,188675,Some-college,Other,Other,0,0,40,39,0
30,Male,White,Married-civ-spouse,0,154950,Some-college,Private,Exec-managerial,15024,0,60,39,1
69,Female,White,Widowed,1,145656,Some-college,Private,Adm-clerical,0,0,24,39,0
27,Male,White,Married-civ-spouse,0,37302,11th,Self-emp-not-inc,Exec-managerial,0,0,50,39,0
20,Female,White,Never-married,3,227411,Some-college,Private,Other-service,0,0,20,39,0
39,Female,White,Divorced,4,294183,HS-grad,Private,Exec-managerial,0,0,40,39,0
38,Female,White,Divorced,4,69306,Some-college,Private,Craft-repair,0,0,40,39,0
35,Female,Black,Married-civ-spouse,5,153926,HS-grad,Other,Other,0,0,40,39,0
17,Male,White,Never-married,3,138507,10th,Other,Other,0,0,20,39,0
21,Female,White,Never-married,3,211013,9th,Private,Other-service,0,0,50,26,0
24,Male,White,Never-married,3,113936,Bachelors,Private,Prof-specialty,0,0,40,39,0
19,Female,White,Never-married,2,119964,HS-grad,Private,Craft-repair,0,0,15,39,0
30,Male,White,Married-civ-spouse,0,117963,Bachelors,Private,Adm-clerical,0,0,40,39,1
27,Female,White,Never-married,3,179915,Bachelors,Private,Exec-managerial,0,0,99,39,0
20,Male,White,Never-married,1,49179,Some-college,Private,Prof-specialty,0,0,35,39,0
38,Female,White,Married-civ-spouse,5,338212,Some-college,Other,Other,0,0,20,39,0
46,Female,White,Widowed,1,108699,Some-college,Private,Adm-clerical,0,0,60,39,0
30,Female,White,Never-married,4,36340,HS-grad,Private,Adm-clerical,0,0,24,39,0
24,Male,White,Married-civ-spouse,0,291578,HS-grad,Private,Sales,0,0,50,39,0
38,Male,White,Married-spouse-absent,3,171344,11th,Private,Transport-moving,0,0,36,26,0
59,Male,White,Married-civ-spouse,0,122390,Some-college,Self-emp-inc,Exec-managerial,0,1977,48,39,1
25,Female,Black,Never-married,4,190350,HS-grad,Private,Adm-clerical,0,0,40,39,0
32,Male,White,Married-civ-spouse,0,226883,HS-grad,Private,Craft-repair,0,0,40,11,0
35,Female,White,Never-married,1,198202,HS-grad,Private,Exec-managerial,0,0,54,39,0
17,Male,Black,Never-married,3,225211,9th,Private,Other-service,0,0,35,39,0
67,Female,Black,Widowed,1,105907,1st-4th,Self-emp-not-inc,Other-service,0,0,20,39,0
48,Male,White,Married-civ-spouse,0,174386,Masters,Private,Prof-specialty,0,0,40,8,1
28,Male,White,Married-civ-spouse,1,410216,11th,Private,Craft-repair,0,0,60,39,1
22,Female,White,Never-married,1,51136,Some-college,Private,Tech-support,0,0,60,39,0
19,Female,White,Never-married,3,25429,12th,Private,Other-service,0,0,20,39,0
29,Male,White,Married-civ-spouse,0,144592,Prof-school,Private,Prof-specialty,0,0,50,39,1
50,Male,White,Married-civ-spouse,0,312477,HS-grad,Self-emp-not-inc,Exec-managerial,0,1887,40,39,1
18,Male,White,Never-married,3,54440,Some-college,Private,Other-service,0,0,30,39,0
57,Male,White,Married-civ-spouse,0,200453,HS-grad,Private,Craft-repair,15024,0,40,39,1
53,Female,White,Divorced,4,182855,10th,Private,Adm-clerical,0,0,48,39,0
39,Male,White,Married-civ-spouse,0,65382,Some-college,Private,Exec-managerial,0,0,40,39,0
22,Male,White,Never-married,1,67234,HS-grad,Private,Sales,0,0,60,39,0
35,Male,White,Married-civ-spouse,0,193241,Some-college,Private,Adm-clerical,0,0,38,39,0
28,Male,White,Married-civ-spouse,0,147560,Some-college,Private,Sales,0,1902,55,39,1
54,Female,White,Widowed,3,133963,HS-grad,Other,Other,0,0,40,39,0
40,Male,White,Married-civ-spouse,0,97688,Some-college,Private,Tech-support,0,0,48,39,1
33,Male,White,Never-married,1,209101,HS-grad,Private,Adm-clerical,0,0,40,39,0
51,Male,White,Married-civ-spouse,0,53197,HS-grad,Private,Craft-repair,0,0,40,39,0
33,Male,White,Married-civ-spouse,0,169879,Bachelors,Private,Prof-specialty,3103,0,47,39,1
50,Male,White,Married-civ-spouse,0,48358,HS-grad,Private,Craft-repair,7688,0,40,39,1
57,Male,White,Separated,4,158827,HS-grad,Private,Craft-repair,0,0,40,39,0
28,Male,White,Never-married,1,95725,Assoc-voc,Private,Handlers-cleaners,0,0,45,39,0
43,Male,White,Married-civ-spouse,0,117158,Bachelors,Self-emp-inc,Sales,15024,0,60,39,1
36,Male,White,Married-civ-spouse,0,155537,HS-grad,Private,Craft-repair,0,0,40,39,0
63,Male,White,Married-civ-spouse,0,99823,Some-college,State-gov,Protective-serv,0,0,32,39,0
49,Male,White,Married-civ-spouse,0,199058,HS-grad,Private,Adm-clerical,0,0,38,39,0
65,Male,White,Married-civ-spouse,0,240166,11th,Local-gov,Transport-moving,0,0,35,39,0
41,Male,White,Married-civ-spouse,0,106900,Bachelors,Private,Tech-support,0,0,38,39,0
29,Male,White,Never-married,3,183523,10th,Private,Other-service,0,0,40,39,0
33,Male,Asian-Pac-Islander,Married-civ-spouse,0,93206,5th-6th,Private,Farming-fishing,0,0,40,30,0
33,Male,Black,Married-civ-spouse,0,357691,Masters,State-gov,Protective-serv,0,0,40,39,0
42,Male,White,Married-civ-spouse,0,98211,Bachelors,Private,Exec-managerial,15024,0,45,39,1
52,Male,White,Married-civ-spouse,0,89054,HS-grad,Private,Craft-repair,0,0,40,39,0
50,Male,White,Married-civ-spouse,0,240374,Masters,Self-emp-inc,Sales,0,0,40,39,1
36,Female,White,Married-civ-spouse,5,166988,Bachelors,Private,Prof-specialty,0,0,40,39,1
59,Male,White,Married-spouse-absent,4,69884,Prof-school,Private,Prof-specialty,0,0,50,39,0
20,Female,Black,Never-married,3,195411,HS-grad,Private,Sales,0,0,20,39,0
31,Male,White,Married-civ-spouse,0,162160,HS-grad,Private,Craft-repair,0,0,47,39,0
45,Female,White,Divorced,1,72844,HS-grad,Private,Exec-managerial,0,0,46,39,0
36,Male,White,Married-civ-spouse,0,185405,HS-grad,Private,Adm-clerical,0,0,50,39,1
46,Male,Black,Married-civ-spouse,0,241935,11th,Private,Other-service,7688,0,40,39,1
67,Male,White,Married-civ-spouse,0,226092,Some-college,Self-emp-not-inc,Farming-fishing,0,0,44,39,0
51,Female,Black,Divorced,4,136836,Assoc-acdm,Self-emp-not-inc,Transport-moving,0,0,30,39,0
43,Male,Black,Married-civ-spouse,0,174325,7th-8th,Private,Transport-moving,0,0,40,39,0
32,Male,White,Married-civ-spouse,0,420895,Bachelors,Self-emp-not-inc,Sales,0,0,47,39,0
20,Female,White,Never-married,3,293136,Some-college,Other,Other,0,0,35,39,0
51,Female,Black,Separated,1,108233,Assoc-acdm,Private,Other-service,0,0,40,39,0
42,Male,White,Married-civ-spouse,0,169995,HS-grad,Private,Sales,0,0,48,39,0
34,Male,White,Married-civ-spouse,0,229732,Assoc-voc,Private,Craft-repair,0,0,40,39,0
50,Male,White,Never-married,1,183611,Some-college,Federal-gov,Adm-clerical,0,0,40,39,0
25,Female,White,Never-married,3,202091,Masters,Private,Prof-specialty,0,0,60,39,0
66,Male,Black,Married-civ-spouse,0,108185,9th,Other,Other,0,0,40,39,0
43,Male,Asian-Pac-Islander,Married-civ-spouse,0,156996,Prof-school,Federal-gov,Prof-specialty,0,2415,55,0,1
40,Female,Black,Separated,4,145649,HS-grad,Private,Sales,0,0,25,39,0
33,Female,White,Separated,1,169973,Assoc-voc,Private,Protective-serv,0,0,40,39,0
27,Male,Black,Never-married,1,191628,HS-grad,Private,Transport-moving,2174,0,40,39,0
27,Female,White,Never-married,1,334132,Assoc-acdm,Self-emp-not-inc,Prof-specialty,0,0,78,39,0
73,Female,White,Widowed,4,92886,10th,Self-emp-inc,Sales,0,0,40,2,0
31,Male,White,Never-married,4,98639,HS-grad,Private,Craft-repair,0,0,40,39,0
17,Female,White,Never-married,3,193830,11th,Private,Sales,0,0,20,39,0
26,Male,White,Never-married,1,213799,10th,Private,Handlers-cleaners,0,0,40,39,0
24,Male,White,Married-civ-spouse,0,230475,HS-grad,Private,Craft-repair,0,0,44,39,0
36,Male,White,Never-married,1,224531,Some-college,Private,Other-service,0,0,40,39,0
33,Male,Black,Never-married,1,206280,HS-grad,Private,Adm-clerical,0,0,40,39,0
61,Male,White,Married-civ-spouse,0,226297,Bachelors,Private,Exec-managerial,0,0,40,39,0
21,Male,White,Never-married,1,44793,Some-college,Private,Adm-clerical,0,0,65,39,0
65,Female,White,Widowed,2,143175,Some-college,Private,Sales,0,0,45,39,0
21,Male,White,Never-married,2,170302,HS-grad,Private,Farming-fishing,0,0,50,39,0
44,Male,White,Married-civ-spouse,0,144778,Bachelors,Local-gov,Prof-specialty,0,0,40,39,1
40,Male,White,Married-civ-spouse,0,73883,Some-college,Federal-gov,Tech-support,0,0,40,39,1
38,Male,Black,Married-civ-spouse,0,160808,HS-grad,Private,Craft-repair,4386,0,48,39,0
57,Female,White,Widowed,1,98926,Some-college,Private,Tech-support,0,0,16,39,0
65,Male,White,Married-civ-spouse,0,195733,Some-college,Other,Other,0,0,30,39,1
36,Male,Black,Married-civ-spouse,0,226013,HS-grad,Private,Machine-op-inspct,5178,0,40,39,1
28,Male,White,Never-married,3,337664,HS-grad,Private,Machine-op-inspct,0,0,40,39,0
40,Male,White,Married-civ-spouse,0,130760,Doctorate,Private,Prof-specialty,0,0,45,39,0
26,Female,White,Never-married,1,117833,Bachelors,Private,Exec-managerial,0,1669,50,39,0
19,Female,White,Never-married,3,560804,Some-college,Private,Adm-clerical,0,0,30,39,0
36,Male,White,Divorced,4,203717,HS-grad,Private,Craft-repair,0,0,40,39,0
18,Male,White,Never-married,3,115815,HS-grad,Private,Machine-op-inspct,0,0,20,39,0
49,Male,Other,Married-civ-spouse,0,133969,Doctorate,Private,Prof-specialty,0,0,50,39,1
27,Male,White,Married-civ-spouse,0,168827,HS-grad,Private,Machine-op-inspct,0,0,40,39,0
34,Female,White,Never-married,1,144798,Some-college,Private,Adm-clerical,0,0,40,39,0
30,Female,White,Married-civ-spouse,5,159303,Bachelors,Other,Other,0,0,4,39,0
35,Male,White,Married-civ-spouse,0,103605,11th,Private,Farming-fishing,0,0,40,39,0
22,Male,White,Never-married,2,232985,HS-grad,Private,Handlers-cleaners,0,0,20,39,0
20,Male,Asian-Pac-Islander,Never-married,3,116666,Some-college,Private,Sales,0,0,8,19,0
32,Male,White,Never-married,1,144064,Bachelors,Private,Tech-support,0,0,40,39,0
38,Male,Asian-Pac-Islander,Married-civ-spouse,0,169104,Bachelors,Local-gov,Protective-serv,0,0,40,30,1
49,Male,White,Married-civ-spouse,0,330874,Some-college,Self-emp-inc,Sales,0,0,70,39,1
37,Female,White,Never-married,1,178100,Masters,Private,Exec-managerial,0,0,40,39,1
21,Male,White,Never-married,3,197918,HS-grad,Private,Transport-moving,0,0,40,39,0
48,Male,White,Separated,1,51620,Bachelors,Self-emp-not-inc,Craft-repair,0,0,50,39,0
57,Male,Black,Married-civ-spouse,0,141570,Masters,Private,Exec-managerial,0,1977,40,39,1
38,Male,White,Married-civ-spouse,0,269318,Bachelors,Private,Adm-clerical,5178,0,50,39,1
19,Female,White,Never-married,3,109005,Some-college,Private,Prof-specialty,0,0,40,39,0
21,Male,White,Married-civ-spouse,0,238068,HS-grad,Private,Machine-op-inspct,0,0,40,39,0
18,Female,White,Never-married,3,184277,HS-grad,Private,Sales,0,0,25,39,0
56,Male,White,Married-civ-spouse,0,323639,Masters,Self-emp-not-inc,Exec-managerial,0,0,25,39,0
28,Male,White,Married-civ-spouse,0,30912,HS-grad,Private,Adm-clerical,0,0,40,39,0
64,Male,White,Married-civ-spouse,0,237379,HS-grad,Local-gov,Handlers-cleaners,3471,0,40,39,0
57,Female,White,Never-married,1,145189,Some-college,Private,Adm-clerical,0,0,40,39,0
49,Female,White,Divorced,1,107682,Some-college,Private,Adm-clerical,0,0,38,39,0
42,Male,White,Married-civ-spouse,0,34218,Bachelors,Federal-gov,Exec-managerial,7298,0,50,39,1
17,Female,White,Never-married,3,123335,10th,Private,Sales,0,0,20,39,0
38,Male,White,Married-civ-spouse,0,33001,Bachelors,Private,Exec-managerial,0,0,55,39,1
18,Male,White,Never-married,3,71076,HS-grad,Other,Other,0,0,40,39,0
49,Male,White,Married-civ-spouse,0,116789,HS-grad,Private,Farming-fishing,0,0,40,39,0
25,Male,White,Never-married,3,176756,Bachelors,Private,Craft-repair,0,0,40,39,0
54,Male,White,Married-civ-spouse,0,156800,Bachelors,Self-emp-not-inc,Craft-repair,0,0,50,39,0
35,Male,White,Divorced,1,261241,HS-grad,Private,Transport-moving,0,1741,60,39,0
38,Male,White,Never-married,4,216845,HS-grad,Private,Sales,0,0,42,39,0
20,Female,White,Never-married,3,123901,HS-grad,Private,Craft-repair,0,0,40,39,0
35,Male,White,Married-civ-spouse,0,119098,Masters,Private,Exec-managerial,0,0,40,39,0
35,Male,White,Married-civ-spouse,0,331395,Assoc-voc,Local-gov,Protective-serv,0,0,42,39,0
24,Female,Black,Never-married,3,187551,Some-college,Private,Adm-clerical,0,0,20,39,0
24,Female,White,Never-married,1,146706,Some-college,Private,Other-service,0,0,30,39,0
39,Male,White,Married-civ-spouse,0,269323,Some-college,Private,Exec-managerial,0,0,40,39,1
52,Female,Black,Divorced,3,91048,HS-grad,Private,Machine-op-inspct,0,0,35,39,0
76,Male,White,Widowed,1,208843,7th-8th,Private,Protective-serv,0,0,30,39,0
40,Male,Black,Married-civ-spouse,0,289403,7th-8th,Local-gov,Craft-repair,0,1887,40,0,1
47,Male,White,Married-civ-spouse,0,207120,Assoc-voc,State-gov,Exec-managerial,0,0,38,39,1
20,Female,White,Never-married,3,232022,Some-college,Other,Other,0,0,40,39,0
75,Male,White,Married-civ-spouse,0,125784,Some-college,Other,Other,0,0,8,39,0
40,Male,White,Married-civ-spouse,0,163434,Some-college,Private,Handlers-cleaners,0,0,40,39,0
51,Male,Black,Married-civ-spouse,0,319054,HS-grad,Local-gov,Transport-moving,0,0,60,39,0
43,Female,White,Divorced,1,211128,Masters,Private,Exec-managerial,0,0,50,39,1
19,Female,White,Never-married,1,451951,HS-grad,Private,Sales,0,0,40,39,0
40,Male,Black,Separated,1,329924,HS-grad,Private,Handlers-cleaners,0,0,30,39,0
20,Male,Other,Never-married,2,147280,HS-grad,State-gov,Other-service,0,0,40,39,0
46,Female,Black,Separated,4,126513,HS-grad,Private,Craft-repair,0,0,40,0,0
31,Male,White,Married-civ-spouse,0,291702,HS-grad,Private,Craft-repair,0,0,40,39,0
36,Female,White,Married-civ-spouse,5,115834,Assoc-voc,Private,Exec-managerial,7298,0,55,39,1
28,Male,White,Married-civ-spouse,0,66095,HS-grad,Private,Sales,0,0,40,39,0
52,Male,White,Married-civ-spouse,0,89705,Masters,Local-gov,Prof-specialty,0,0,40,39,1
32,Male,White,Married-civ-spouse,0,205390,HS-grad,Private,Sales,0,0,49,39,0
30,Male,White,Never-married,3,27051,Some-college,Local-gov,Handlers-cleaners,0,0,40,39,0
33,Female,Black,Married-spouse-absent,4,288840,HS-grad,Private,Other-service,0,0,38,39,0
34,Male,White,Divorced,1,173495,HS-grad,Private,Transport-moving,0,0,40,39,0
44,Male,White,Divorced,1,85604,HS-grad,Private,Craft-repair,0,0,40,39,1
26,Female,White,Never-married,1,152046,11th,Other,Other,0,0,35,11,0
28,Male,White,Married-civ-spouse,0,209205,Some-college,Self-emp-not-inc,Craft-repair,7298,0,40,39,1
46,Male,White,Divorced,1,57929,HS-grad,Private,Other-service,0,0,25,39,0
18,Female,White,Never-married,3,133654,HS-grad,Private,Adm-clerical,0,0,40,39,0
40,Male,White,Divorced,4,235371,Assoc-voc,Private,Prof-specialty,0,0,40,39,0
37,Male,White,Married-civ-spouse,0,327164,Some-college,Self-emp-not-inc,Craft-repair,0,0,70,0,0
27,Female,White,Married-civ-spouse,5,116613,Some-college,Self-emp-not-inc,Other-service,0,0,50,39,0
37,Male,White,Married-civ-spouse,0,314963,Some-college,Private,Machine-op-inspct,0,0,40,39,0
46,Male,Black,Divorced,1,226871,Bachelors,Local-gov,Protective-serv,0,0,50,39,1
26,Male,Other,Separated,1,176146,5th-6th,Private,Craft-repair,0,0,35,26,0
36,Male,White,Married-civ-spouse,0,326886,HS-grad,Private,Craft-repair,0,0,40,39,1
41,Male,White,Married-civ-spouse,0,355918,Some-college,Private,Transport-moving,0,0,65,39,1
45,Male,Black,Married-civ-spouse,0,231672,HS-grad,Private,Machine-op-inspct,0,0,40,39,0
54,Male,White,Married-civ-spouse,0,31588,HS-grad,Other,Other,2635,0,40,39,0
45,Female,White,Divorced,1,45857,HS-grad,Private,Adm-clerical,0,0,28,39,0
47,Female,Black,Divorced,4,145868,11th,Private,Other-service,0,0,40,39,0
24,Male,White,Never-married,3,234663,Bachelors,Self-emp-inc,Exec-managerial,0,0,40,39,0
42,Male,White,Married-civ-spouse,0,130126,Bachelors,Self-emp-inc,Prof-specialty,0,1977,40,39,1
49,Male,White,Married-civ-spouse,0,195554,HS-grad,Private,Transport-moving,0,0,44,39,0
45,Male,White,Married-civ-spouse,0,201127,HS-grad,Private,Machine-op-inspct,0,0,40,39,0
47,Male,White,Married-civ-spouse,0,115613,HS-grad,Private,Craft-repair,0,0,50,39,1
29,Female,White,Married-civ-spouse,5,219906,Bachelors,Local-gov,Prof-specialty,0,0,25,39,1
51,Male,White,Married-civ-spouse,0,96586,Some-college,Private,Tech-support,0,0,40,39,1
22,Female,White,Never-married,3,223019,HS-grad,Private,Adm-clerical,0,0,20,39,0
21,Male,Asian-Pac-Islander,Never-married,3,131473,Some-college,Private,Sales,0,0,20,40,0
54,Male,White,Divorced,1,153486,HS-grad,Private,Transport-moving,0,0,56,39,1
61,Male,White,Married-civ-spouse,0,85194,Some-college,Private,Tech-support,0,0,25,39,0
23,Male,White,Never-married,3,87867,HS-grad,Private,Sales,0,0,35,39,0
52,Male,Asian-Pac-Islander,Married-civ-spouse,0,135339,Some-college,Self-emp-not-inc,Craft-repair,0,0,40,0,1
38,Male,White,Married-civ-spouse,0,203836,Some-college,Private,Sales,0,0,50,39,1
18,Male,White,Never-married,3,225859,Some-college,Private,Transport-moving,2907,0,30,39,0
46,Male,Amer-Indian-Eskimo,Divorced,1,133969,Masters,Local-gov,Prof-specialty,0,0,40,39,0
26,Male,Asian-Pac-Islander,Never-married,4,122575,Bachelors,Private,Exec-managerial,0,0,60,40,0
38,Male,White,Married-civ-spouse,0,374524,Bachelors,Private,Prof-specialty,0,0,40,39,1
38,Female,White,Divorced,4,172342,Some-college,Self-emp-not-inc,Other-service,0,0,40,39,0
38,Male,White,Separated,3,99156,HS-grad,Private,Other-service,0,0,35,39,0
29,Male,Black,Never-married,1,227890,Bachelors,Self-emp-not-inc,Prof-specialty,0,0,40,39,0
28,Male,White,Married-civ-spouse,0,132686,Some-college,Private,Exec-managerial,0,0,40,39,1
25,Male,Black,Never-married,3,198870,Bachelors,Private,Adm-clerical,0,0,35,39,0
17,Male,White,Never-married,3,32763,10th,Private,Other-service,0,0,15,39,0
55,Female,White,Divorced,1,327589,HS-grad,Private,Machine-op-inspct,0,0,40,39,0
47,Female,White,Married-civ-spouse,5,171095,Assoc-acdm,Local-gov,Adm-clerical,0,0,35,39,1
43,Male,White,Married-civ-spouse,0,130126,Bachelors,Private,Exec-managerial,15024,0,50,39,1
40,Male,White,Married-civ-spouse,0,370502,Some-college,Local-gov,Handlers-cleaners,0,0,40,26,0
23,Male,White,Married-civ-spouse,0,235853,HS-grad,Private,Sales,0,0,45,39,0
25,Female,White,Never-married,3,197303,Bachelors,Private,Prof-specialty,0,0,40,39,0
52,Female,White,Married-civ-spouse,5,287927,HS-grad,Self-emp-inc,Exec-managerial,15024,0,40,39,1
30,Male,White,Never-married,1,339773,HS-grad,Private,Machine-op-inspct,0,0,45,39,0
47,Male,White,Married-civ-spouse,0,398652,HS-grad,Private,Sales,0,0,50,39,1
26,Female,White,Never-married,1,287420,Bachelors,State-gov,Prof-specialty,0,0,60,39,0
26,Male,White,Never-married,3,280093,Some-college,Private,Handlers-cleaners,0,0,40,39,0
31,Male,White,Married-civ-spouse,0,379798,Some-college,Private,Sales,0,0,40,39,1
51,Male,White,Married-civ-spouse,0,195844,Some-college,Local-gov,Protective-serv,0,0,40,39,1
37,Male,White,Married-civ-spouse,0,82521,Bachelors,Private,Exec-managerial,15024,0,40,39,1
42,Male,White,Married-civ-spouse,0,385591,HS-grad,Private,Exec-managerial,0,0,50,39,1
60,Male,White,Married-civ-spouse,0,532845,1st-4th,Private,Craft-repair,0,0,40,26,1
23,Female,White,Never-married,4,218445,5th-6th,Private,Priv-house-serv,0,0,12,26,0
28,Male,White,Married-civ-spouse,0,66473,HS-grad,Private,Machine-op-inspct,0,0,40,39,0
34,Female,White,Divorced,4,128063,HS-grad,Private,Other-service,0,0,36,39,0
60,Male,White,Married-civ-spouse,0,31577,HS-grad,Private,Transport-moving,0,0,60,39,1
44,Male,White,Married-civ-spouse,0,197558,Prof-school,Self-emp-not-inc,Prof-specialty,0,0,70,39,1
46,Male,White,Divorced,1,80914,Masters,Self-emp-not-inc,Exec-managerial,0,0,30,39,0
28,Female,Black,Divorced,4,212563,Some-college,Private,Machine-op-inspct,0,0,25,39,0
47,Male,White,Married-civ-spouse,0,213668,Prof-school,Self-emp-not-inc,Prof-specialty,0,1977,50,39,1
46,Male,White,Married-civ-spouse,0,201699,HS-grad,Private,Craft-repair,0,0,40,39,1
58,Male,White,Divorced,1,201393,Assoc-acdm,Private,Adm-clerical,0,1876,40,39,0
43,Male,White,Married-civ-spouse,0,266439,Bachelors,Private,Machine-op-inspct,0,1887,40,39,1
43,Female,White,Divorced,4,336763,Some-college,Self-emp-not-inc,Sales,0,880,42,39,0
32,Male,White,Divorced,4,213887,Some-college,Private,Machine-op-inspct,0,0,45,39,0
37,Male,White,Married-civ-spouse,0,215503,HS-grad,Private,Exec-managerial,4386,0,45,39,1
65,Female,White,Widowed,1,180869,Some-college,Local-gov,Adm-clerical,0,0,35,39,0
34,Female,Black,Divorced,4,289984,HS-grad,Private,Priv-house-serv,0,0,30,39,0
62,Female,White,Divorced,4,209844,Some-college,Private,Adm-clerical,0,0,30,39,0
28,Female,White,Never-married,1,125321,HS-grad,Private,Machine-op-inspct,0,0,40,39,0
51,Female,White,Divorced,4,237729,Some-college,Private,Adm-clerical,0,0,40,39,0
21,Female,White,Never-married,1,102942,Some-college,Local-gov,Other-service,0,2001,40,39,0
47,Male,White,Married-spouse-absent,1,44257,Bachelors,Federal-gov,Exec-managerial,0,0,60,39,1
21,Female,White,Never-married,1,26842,Some-college,Private,Sales,0,0,20,39,0
37,Male,White,Never-married,3,167482,HS-grad,Private,Machine-op-inspct,0,0,40,39,0
36,Male,White,Married-civ-spouse,0,214604,Bachelors,Private,Sales,0,0,42,39,1
32,Male,White,Married-civ-spouse,0,167990,HS-grad,Private,Exec-managerial,0,0,40,21,0
34,Male,White,Never-married,1,173806,Masters,Private,Prof-specialty,4865,0,60,39,0
17,Male,White,Never-married,3,186067,10th,Private,Tech-support,0,0,10,39,0
51,Male,White,Widowed,4,254211,Masters,Federal-gov,Sales,0,0,50,8,1
38,Male,White,Married-civ-spouse,0,187870,Prof-school,Private,Prof-specialty,0,2415,90,39,1
50,Male,White,Separated,1,183390,Bachelors,Local-gov,Prof-specialty,0,0,40,39,1
18,Female,White,Never-married,3,78817,HS-grad,Private,Adm-clerical,0,0,20,39,0
56,Female,White,Never-married,1,266091,Bachelors,Private,Prof-specialty,0,0,45,26,0
37,Male,White,Separated,1,255621,HS-grad,Private,Craft-repair,0,0,50,39,0
47,Male,White,Married-civ-spouse,0,159726,HS-grad,Private,Transport-moving,0,0,85,39,1
35,Male,White,Never-married,1,194404,Assoc-acdm,Self-emp-not-inc,Farming-fishing,0,0,40,39,0
26,Female,White,Never-married,1,152035,HS-grad,Private,Adm-clerical,0,0,40,39,0
44,Male,White,Married-civ-spouse,0,136546,Doctorate,State-gov,Prof-specialty,0,1902,40,39,1
53,Male,Asian-Pac-Islander,Married-civ-spouse,0,70387,Masters,Private,Prof-specialty,4386,0,40,19,1
22,Female,White,Never-married,3,194031,Some-college,Private,Other-service,0,0,15,39,0
55,Male,White,Married-civ-spouse,0,181220,HS-grad,Private,Exec-managerial,0,0,50,39,0
29,Male,White,Married-AF-spouse,0,95423,HS-grad,Private,Transport-moving,0,0,80,39,0
61,Male,White,Married-civ-spouse,0,30475,7th-8th,Other,Other,0,0,40,39,1
27,Female,White,Married-civ-spouse,5,221436,Bachelors,Private,Adm-clerical,0,0,40,5,1
47,Male,White,Married-civ-spouse,0,193047,Doctorate,Private,Exec-managerial,99999,0,50,39,1
29,Female,White,Never-married,1,71067,Prof-school,Private,Prof-specialty,0,0,55,39,0
33,Female,White,Never-married,1,199046,Bachelors,Private,Sales,0,0,40,39,0
31,Male,White,Married-civ-spouse,0,340880,Prof-school,Private,Prof-specialty,0,0,60,39,1
51,Male,White,Married-civ-spouse,0,140035,HS-grad,Federal-gov,Adm-clerical,0,0,40,39,1
45,Male,White,Married-civ-spouse,0,201699,Doctorate,Self-emp-inc,Prof-specialty,0,0,60,39,1
29,Female,White,Never-married,1,124680,Bachelors,Private,Sales,13550,0,35,39,1
21,Female,White,Never-married,3,206891,7th-8th,Private,Farming-fishing,0,0,38,39,0
33,Male,White,Never-married,1,190290,Assoc-voc,Local-gov,Protective-serv,0,0,56,39,0
40,Female,White,Divorced,4,141657,HS-grad,Private,Adm-clerical,0,0,40,39,0
62,Male,Black,Married-civ-spouse,0,148113,10th,Private,Craft-repair,0,0,40,39,0
33,Male,White,Married-civ-spouse,0,144949,Bachelors,Self-emp-inc,Sales,0,0,65,39,0
20,Female,White,Never-married,3,314422,HS-grad,Private,Sales,0,0,30,39,0
66,Male,White,Married-civ-spouse,0,132055,HS-grad,State-gov,Exec-managerial,0,1825,40,39,1
29,Male,White,Married-civ-spouse,0,49087,Assoc-voc,Private,Handlers-cleaners,0,0,40,39,0
32,Female,Black,Married-civ-spouse,5,194987,HS-grad,Private,Adm-clerical,0,0,40,39,0
25,Male,White,Never-married,1,257310,HS-grad,Private,Machine-op-inspct,0,0,40,39,0
49,Female,Black,Married-civ-spouse,5,169818,HS-grad,Private,Other-service,0,0,40,39,1
38,Male,White,Never-married,3,186191,Bachelors,Private,Prof-specialty,0,0,40,39,0
46,Male,White,Married-civ-spouse,0,102569,Masters,Private,Exec-managerial,15024,0,65,39,1
54,Female,White,Divorced,3,225307,11th,Private,Craft-repair,0,0,50,39,1
38,Male,White,Married-civ-spouse,0,34378,HS-grad,Private,Sales,0,0,55,39,0
42,Male,White,Never-married,1,397346,HS-grad,Private,Craft-repair,3325,0,40,39,0
36,Male,White,Married-civ-spouse,0,143486,Bachelors,Private,Sales,0,0,40,39,1
23,Male,White,Never-married,3,217961,Some-college,Private,Handlers-cleaners,0,0,15,39,0
38,Male,Amer-Indian-Eskimo,Never-married,1,41591,Bachelors,Self-emp-not-inc,Craft-repair,0,0,30,39,0
23,Female,White,Separated,4,119704,Some-college,Private,Sales,0,0,40,39,0
23,Female,White,Never-married,4,35448,Some-college,Private,Other-service,0,0,25,39,0
25,Male,White,Never-married,3,108542,Bachelors,Private,Exec-managerial,0,0,35,39,0
53,Male,White,Married-civ-spouse,0,312446,Bachelors,Private,Exec-managerial,0,0,60,39,1
32,Male,White,Married-civ-spouse,0,112115,Bachelors,Self-emp-not-inc,Prof-specialty,7688,0,40,39,1
55,Male,White,Widowed,1,258648,10th,Self-emp-inc,Transport-moving,0,0,40,39,0
36,Male,White,Married-civ-spouse,3,186808,Bachelors,Private,Craft-repair,0,0,40,39,1
50,Male,White,Married-civ-spouse,0,195690,HS-grad,Private,Handlers-cleaners,0,0,45,39,0
25,Female,White,Divorced,4,132749,11th,Private,Other-service,0,0,12,39,0
48,Male,White,Married-civ-spouse,0,75104,Bachelors,Private,Prof-specialty,0,0,50,39,0
32,Female,White,Never-married,4,199046,Assoc-voc,Other,Other,0,0,2,39,0
25,Female,White,Never-married,3,197130,HS-grad,Private,Sales,0,0,30,39,0
17,Male,White,Never-married,3,57324,10th,Private,Other-service,0,0,30,39,0
55,Male,White,Married-civ-spouse,0,86505,HS-grad,Private,Tech-support,0,0,20,39,0
19,Male,White,Married-civ-spouse,0,187352,HS-grad,Private,Craft-repair,0,0,40,39,0
25,Male,White,Never-married,1,76144,HS-grad,Private,Exec-managerial,0,0,50,39,0
39,Male,White,Married-civ-spouse,0,165743,Some-college,Private,Craft-repair,0,0,45,39,1
26,Male,White,Never-married,1,76900,Bachelors,Federal-gov,Tech-support,0,0,40,39,0
36,Male,White,Married-civ-spouse,0,190023,HS-grad,Private,Transport-moving,0,0,60,39,1
36,Female,White,Never-married,1,81896,Bachelors,Private,Prof-specialty,0,0,45,39,0
38,Male,White,Married-civ-spouse,0,115076,Masters,Local-gov,Exec-managerial,0,0,70,39,1
24,Female,White,Divorced,1,138938,Some-college,Private,Adm-clerical,0,0,40,39,0
33,Female,White,Married-civ-spouse,5,69748,HS-grad,Private,Exec-managerial,0,0,40,39,0
35,Female,White,Never-married,4,172845,Assoc-voc,Private,Other-service,0,0,30,39,0
50,Male,White,Married-civ-spouse,0,95469,HS-grad,Private,Adm-clerical,7298,0,45,39,1
45,Female,White,Divorced,4,93535,Masters,Local-gov,Prof-specialty,0,0,40,39,0
51,Male,White,Married-civ-spouse,0,233149,Assoc-acdm,Private,Exec-managerial,0,0,45,39,1
45,Male,White,Married-civ-spouse,0,368561,HS-grad,Private,Exec-managerial,0,0,55,39,1
25,Female,White,Never-married,3,34803,Bachelors,Private,Exec-managerial,0,0,20,39,0
19,Female,White,Never-married,3,57206,HS-grad,Private,Sales,0,0,20,39,0
25,Male,White,Married-civ-spouse,0,330695,Some-college,Private,Sales,0,0,50,39,0
28,Female,White,Never-married,1,50512,Bachelors,Local-gov,Prof-specialty,2202,0,50,39,0
34,Male,White,Married-civ-spouse,0,276221,10th,Self-emp-not-inc,Farming-fishing,0,0,40,39,0
46,Female,White,Divorced,4,33373,Bachelors,Local-gov,Prof-specialty,0,0,40,39,0
54,Female,White,Divorced,4,197481,Some-college,Private,Adm-clerical,0,0,40,39,0
29,Female,White,Married-civ-spouse,5,47429,HS-grad,Private,Adm-clerical,0,0,40,39,1
60,Male,White,Married-civ-spouse,0,159049,Prof-school,Private,Prof-specialty,0,0,70,11,1
27,Male,White,Never-married,3,168827,Bachelors,Private,Sales,0,0,2,39,0
32,Male,White,Married-civ-spouse,0,337696,Some-college,Self-emp-not-inc,Sales,0,0,50,39,0
39,Male,White,Married-civ-spouse,0,147258,10th,Private,Craft-repair,0,0,40,39,0
42,Male,White,Married-civ-spouse,0,97688,Some-college,Local-gov,Craft-repair,5178,0,40,39,1
25,Female,White,Married-civ-spouse,5,158662,HS-grad,Private,Adm-clerical,0,0,50,39,1
53,Male,White,Married-civ-spouse,0,278114,7th-8th,Private,Exec-managerial,0,0,40,39,1
23,Female,White,Never-married,1,179423,Bachelors,Private,Adm-clerical,0,0,5,39,0
29,Male,White,Married-civ-spouse,0,115305,Assoc-voc,Local-gov,Protective-serv,7688,0,40,39,1
41,Male,White,Married-civ-spouse,0,220821,Bachelors,Self-emp-inc,Exec-managerial,7688,0,40,39,1
67,Female,White,Widowed,1,244122,Assoc-voc,Other,Other,0,0,1,39,0
63,Female,Black,Widowed,2,188914,HS-grad,Private,Machine-op-inspct,0,0,40,14,0
66,Male,White,Married-civ-spouse,0,117778,11th,Other,Other,0,0,40,39,0
45,Male,White,Married-civ-spouse,0,151518,HS-grad,Private,Exec-managerial,0,0,45,39,0
19,Male,White,Never-married,1,208366,HS-grad,Private,Handlers-cleaners,0,0,40,39,0
40,Male,White,Married-civ-spouse,0,119225,Assoc-voc,Private,Prof-specialty,0,0,40,39,0
76,Female,White,Widowed,1,70697,7th-8th,Private,Other-service,0,0,25,39,0
31,Male,White,Married-civ-spouse,0,169122,Some-college,Private,Prof-specialty,0,0,50,39,0
49,Male,White,Widowed,4,122493,HS-grad,Private,Tech-support,0,0,40,39,0
27,Female,White,Never-married,1,157612,Bachelors,Private,Prof-specialty,0,0,55,39,0
19,Female,White,Never-married,2,61855,HS-grad,Other,Other,0,0,30,39,0
22,Female,White,Never-married,1,271274,11th,Private,Sales,0,0,40,39,0
56,Male,White,Married-civ-spouse,0,146326,HS-grad,Private,Transport-moving,0,0,50,39,0
24,Male,White,Married-civ-spouse,2,427686,1st-4th,Private,Handlers-cleaners,0,0,40,26,0
51,Male,White,Married-civ-spouse,0,161838,Assoc-voc,Private,Craft-repair,0,0,57,39,0
45,Male,Other,Married-civ-spouse,0,217953,HS-grad,Private,Craft-repair,0,0,40,26,0
33,Male,White,Married-civ-spouse,0,136331,HS-grad,Private,Craft-repair,0,0,40,39,0
66,Male,White,Married-civ-spouse,0,212759,Bachelors,Other,Other,6767,0,20,39,0
72,Male,White,Married-civ-spouse,0,203289,Some-college,Self-emp-not-inc,Craft-repair,0,0,35,39,0
68,Female,White,Widowed,1,166149,HS-grad,Private,Adm-clerical,0,2206,30,39,0
20,Female,White,Never-married,3,386643,Some-college,Private,Other-service,0,0,40,39,0
32,Male,White,Divorced,1,130040,HS-grad,Private,Handlers-cleaners,0,0,40,39,0
63,Male,White,Married-civ-spouse,0,203821,HS-grad,Other,Other,0,0,40,39,0
27,Female,White,Never-married,4,68848,Bachelors,Private,Adm-clerical,0,0,35,39,0
37,Male,White,Married-civ-spouse,0,167396,HS-grad,Private,Other-service,0,0,40,13,0
39,Male,White,Married-civ-spouse,0,150057,Some-college,Private,Craft-repair,0,0,55,39,1
39,Male,White,Married-civ-spouse,0,180667,Some-college,Private,Machine-op-inspct,0,0,40,39,0
32,Male,White,Never-married,4,174789,HS-grad,Private,Machine-op-inspct,0,0,40,39,0
29,Male,White,Married-civ-spouse,0,210498,HS-grad,Private,Craft-repair,0,0,40,39,0
18,Male,White,Never-married,3,318190,11th,Private,Other-service,0,0,15,39,0
44,Male,White,Married-civ-spouse,0,172032,Assoc-voc,Private,Adm-clerical,7298,0,51,39,1
31,Male,White,Married-civ-spouse,0,206541,Some-college,Private,Adm-clerical,0,0,40,39,0
17,Female,White,Never-married,3,228786,10th,Self-emp-not-inc,Other-service,0,0,24,39,0
25,Male,White,Married-civ-spouse,0,259688,11th,Private,Craft-repair,0,0,50,39,0
42,Female,White,Married-civ-spouse,5,340148,Some-college,Local-gov,Adm-clerical,0,0,40,39,0
33,Male,Black,Separated,3,295589,Some-college,State-gov,Adm-clerical,0,0,35,39,0
59,Male,White,Married-civ-spouse,0,192130,HS-grad,Other,Other,0,0,16,39,0
22,Female,White,Never-married,3,210781,Bachelors,Private,Adm-clerical,0,0,40,39,0
41,Male,White,Married-civ-spouse,0,309056,Doctorate,State-gov,Prof-specialty,0,0,50,39,1
45,Female,White,Never-married,1,51744,Bachelors,Private,Exec-managerial,0,0,42,39,0
22,Male,White,Never-married,3,203715,Some-college,Private,Adm-clerical,0,0,40,39,0
31,Male,White,Never-married,1,265706,Bachelors,Private,Sales,0,0,40,39,0
24,Female,White,Never-married,1,142227,Bachelors,Private,Adm-clerical,0,0,30,39,0
27,Male,White,Married-civ-spouse,0,135001,HS-grad,Private,Craft-repair,0,0,40,39,0
24,Male,White,Never-married,4,300584,HS-grad,Private,Handlers-cleaners,0,0,40,39,0
48,Male,White,Married-civ-spouse,0,128460,HS-grad,Private,Craft-repair,0,0,42,39,1
44,Male,White,Married-civ-spouse,0,187584,HS-grad,Private,Protective-serv,0,0,40,2,0
37,Male,White,Married-civ-spouse,0,61299,Some-college,Private,Craft-repair,0,0,45,39,0
59,Male,White,Married-civ-spouse,0,254765,Some-college,Other,Other,0,0,40,39,1
48,Male,White,Divorced,1,192779,Some-college,Private,Craft-repair,0,0,40,39,0
40,Male,White,Married-civ-spouse,0,176286,HS-grad,Private,Craft-repair,0,0,40,39,0
35,Male,White,Married-civ-spouse,0,475324,Bachelors,Federal-gov,Exec-managerial,0,0,40,39,1
46,Female,White,Married-civ-spouse,5,184169,Masters,Private,Prof-specialty,7688,0,35,39,1
37,Male,White,Married-civ-spouse,0,99146,Bachelors,Private,Exec-managerial,0,1977,50,39,1
20,Female,White,Never-married,3,116375,9th,Private,Sales,0,0,40,39,0
23,Male,White,Never-married,1,268525,Bachelors,Private,Prof-specialty,0,0,50,39,0
27,Male,White,Never-married,3,210867,7th-8th,Private,Farming-fishing,0,0,50,0,0
18,Female,White,Never-married,3,234953,Some-college,Private,Adm-clerical,0,0,25,39,0
33,Male,White,Separated,1,208785,Some-college,State-gov,Prof-specialty,10520,0,40,39,1
47,Female,White,Divorced,1,139145,Some-college,Private,Adm-clerical,0,0,60,39,0
24,Female,White,Never-married,1,112854,Some-college,Private,Tech-support,0,0,16,39,0
25,Male,White,Never-married,1,133373,Bachelors,Self-emp-inc,Sales,0,0,80,39,0
57,Male,White,Widowed,4,250201,HS-grad,Private,Transport-moving,0,0,50,39,0
30,Male,White,Married-civ-spouse,0,203277,HS-grad,Private,Protective-serv,0,0,60,39,1
28,Female,White,Never-married,1,54042,Assoc-voc,Private,Other-service,2463,0,35,39,0
33,Female,White,Never-married,1,184833,HS-grad,Private,Other-service,0,0,35,39,0
17,Male,White,Never-married,3,179715,10th,Other,Other,0,0,40,39,0
68,Male,White,Married-civ-spouse,0,339168,Bachelors,Private,Transport-moving,0,0,30,39,0
48,Female,White,Divorced,4,181758,Some-college,Private,Adm-clerical,0,0,40,39,0
54,Male,White,Married-civ-spouse,0,210736,HS-grad,Private,Craft-repair,0,0,40,39,1
30,Female,White,Never-married,3,270886,Some-college,Private,Other-service,0,0,40,39,0
50,Female,Black,Divorced,1,238187,Bachelors,State-gov,Adm-clerical,0,0,37,39,0
41,Male,White,Never-married,1,151736,10th,Private,Machine-op-inspct,0,0,40,39,0
28,Female,White,Married-spouse-absent,4,33374,11th,Private,Other-service,0,0,35,39,0
28,Female,White,Never-married,1,304960,Assoc-acdm,Local-gov,Adm-clerical,0,1980,40,39,0
35,Female,White,Separated,4,208378,12th,Private,Machine-op-inspct,0,0,40,39,0
33,Male,White,Married-civ-spouse,0,111363,Bachelors,Private,Craft-repair,0,0,45,39,0
39,Male,White,Married-civ-spouse,0,111275,HS-grad,Private,Craft-repair,0,0,40,39,0
22,Male,White,Never-married,3,125905,Some-college,Other,Other,0,0,40,39,0
53,Male,White,Married-civ-spouse,0,84278,Bachelors,Federal-gov,Exec-managerial,0,0,48,39,1
43,Male,White,Married-civ-spouse,0,273230,Some-college,Private,Exec-managerial,0,0,50,39,1
29,Male,White,Married-civ-spouse,0,116207,HS-grad,Self-emp-not-inc,Prof-specialty,0,0,65,39,1
42,Male,White,Married-civ-spouse,0,70055,11th,Private,Transport-moving,0,0,45,39,0
23,Female,White,Never-married,3,203353,Bachelors,Local-gov,Exec-managerial,0,0,12,39,0
22,Female,White,Never-married,4,167615,HS-grad,Private,Sales,0,0,40,39,0
24,Male,White,Never-married,2,44738,HS-grad,Private,Handlers-cleaners,0,0,40,39,0
52,Male,White,Married-civ-spouse,0,147629,HS-grad,Private,Transport-moving,0,0,60,39,1
45,Male,White,Never-married,3,40690,Some-college,Self-emp-not-inc,Farming-fishing,0,0,75,39,0
20,Male,White,Married-civ-spouse,0,250165,HS-grad,Private,Sales,0,0,40,39,0
47,Female,White,Married-civ-spouse,5,454989,HS-grad,Private,Exec-managerial,0,0,40,39,1
20,Male,White,Never-married,3,133061,9th,Other,Other,0,0,40,39,0
36,Male,White,Married-civ-spouse,0,35945,7th-8th,Self-emp-not-inc,Machine-op-inspct,7298,0,45,39,1
33,Female,White,Married-civ-spouse,5,369386,Some-college,Other,Other,5178,0,40,39,1
55,Male,White,Married-civ-spouse,0,49737,Some-college,Private,Sales,0,0,50,39,0
50,Female,White,Divorced,1,348099,10th,Self-emp-not-inc,Sales,0,0,50,39,0
29,Female,White,Divorced,1,195284,Doctorate,Private,Prof-specialty,0,0,60,39,1
41,Female,White,Married-civ-spouse,5,238184,HS-grad,Self-emp-not-inc,Farming-fishing,0,0,40,39,0
19,Female,White,Never-married,2,43937,Some-college,Private,Other-service,0,0,20,39,0
43,Female,White,Married-civ-spouse,5,396758,Bachelors,Self-emp-not-inc,Prof-specialty,0,1887,70,39,1
44,Female,White,Divorced,4,267521,Bachelors,Private,Adm-clerical,0,0,40,39,0
33,Male,White,Married-civ-spouse,0,125279,Some-college,Self-emp-not-inc,Sales,0,0,60,39,0
23,Male,White,Never-married,1,32950,Bachelors,Private,Sales,0,0,40,39,0
35,Male,White,Married-civ-spouse,0,201328,HS-grad,Private,Transport-moving,0,0,50,39,0
29,Male,White,Married-civ-spouse,0,58115,Bachelors,Private,Sales,0,0,41,39,0
29,Male,White,Never-married,1,106334,Masters,State-gov,Exec-managerial,0,0,40,0,0
18,Female,White,Never-married,3,322999,Some-college,Private,Other-service,0,0,20,39,0
42,Female,White,Never-married,1,341757,Some-college,Private,Machine-op-inspct,0,0,40,39,0
24,Female,Asian-Pac-Islander,Never-married,3,154422,Bachelors,Private,Exec-managerial,0,0,40,30,0
42,Male,White,Married-civ-spouse,0,187795,Some-college,Private,Exec-managerial,99999,0,55,39,1
59,Male,White,Divorced,1,208395,Masters,Private,Prof-specialty,0,0,50,39,0
24,Male,White,Divorced,1,201603,HS-grad,Private,Handlers-cleaners,0,0,30,39,0
46,Male,White,Married-civ-spouse,0,191978,Masters,Self-emp-inc,Exec-managerial,0,2392,50,39,1
26,Male,White,Never-married,1,39640,Some-college,Other,Other,0,0,60,39,0
42,Male,White,Married-civ-spouse,0,252518,Prof-school,Private,Exec-managerial,15024,0,40,39,1
24,Male,White,Never-married,1,196816,Some-college,Local-gov,Protective-serv,0,0,50,39,0
27,Male,Black,Married-civ-spouse,0,275110,HS-grad,Private,Handlers-cleaners,0,0,80,39,1
59,Male,White,Married-civ-spouse,0,159937,HS-grad,Private,Sales,0,0,48,39,0
48,Male,White,Married-civ-spouse,0,197702,Some-college,Self-emp-not-inc,Transport-moving,0,0,40,39,0
41,Female,White,Never-married,1,108945,HS-grad,State-gov,Transport-moving,14344,0,40,39,1
30,Female,White,Never-married,1,32008,Bachelors,Private,Tech-support,0,0,72,39,0
57,Male,White,Married-civ-spouse,0,50248,Some-college,Other,Other,0,0,40,39,0
51,Male,White,Widowed,1,213296,Bachelors,State-gov,Adm-clerical,0,0,40,39,0
58,Male,White,Married-civ-spouse,0,266792,Some-college,Other,Other,99999,0,40,39,1
40,Male,White,Married-civ-spouse,0,175674,Bachelors,Private,Sales,0,0,50,39,1
23,Male,White,Married-civ-spouse,0,91189,Some-college,Private,Tech-support,0,0,40,39,0
24,Male,White,Married-civ-spouse,0,223811,Some-college,Private,Craft-repair,0,0,40,39,0
30,Male,White,Never-married,4,57651,HS-grad,Private,Adm-clerical,0,2001,42,39,0
37,Female,Asian-Pac-Islander,Divorced,1,352882,HS-grad,Self-emp-not-inc,Exec-managerial,0,0,70,35,1
33,Female,White,Separated,4,295649,HS-grad,Private,Other-service,0,0,40,3,0
48,Male,White,Married-civ-spouse,0,200825,Some-college,Self-emp-not-inc,Exec-managerial,0,0,30,39,1
61,Female,White,Widowed,4,101265,HS-grad,Local-gov,Adm-clerical,1471,0,35,39,0
59,Male,White,Married-civ-spouse,0,148626,10th,Self-emp-not-inc,Farming-fishing,0,0,40,39,0
34,Female,White,Never-married,1,174215,Masters,Self-emp-inc,Exec-managerial,4787,0,45,10,1
18,Male,White,Never-married,3,426895,12th,Private,Farming-fishing,0,0,55,39,0
31,Female,White,Never-married,1,45781,Masters,Private,Prof-specialty,14084,0,50,39,1
74,Female,Black,Widowed,1,145463,1st-4th,Private,Priv-house-serv,0,0,15,39,0
36,Female,White,Married-civ-spouse,5,20333,HS-grad,Self-emp-not-inc,Sales,7688,0,40,39,1
43,Male,White,Divorced,1,237670,Assoc-voc,Self-emp-not-inc,Exec-managerial,0,0,25,39,0
35,Male,White,Married-civ-spouse,0,189922,HS-grad,Private,Craft-repair,0,0,40,39,0
55,Male,White,Married-civ-spouse,0,197114,Some-college,Private,Transport-moving,0,0,6,39,1
33,Male,White,Married-civ-spouse,0,231413,Bachelors,Private,Prof-specialty,0,0,40,39,0
42,Male,White,Married-civ-spouse,0,154374,Bachelors,Private,Sales,0,0,40,39,1
31,Female,White,Married-civ-spouse,5,120857,HS-grad,Private,Sales,0,0,18,39,0
43,Female,White,Divorced,1,315971,Bachelors,Private,Exec-managerial,0,0,45,39,1
22,Male,White,Never-married,3,129172,Some-college,Private,Other-service,0,0,16,39,0
49,Male,White,Married-civ-spouse,0,87928,HS-grad,Private,Adm-clerical,0,0,40,39,1
26,Female,White,Never-married,1,48280,Bachelors,Private,Prof-specialty,0,0,40,39,0
20,Male,Asian-Pac-Islander,Never-married,3,298635,Some-college,Private,Sales,0,0,30,30,0
34,Male,Black,Married-civ-spouse,0,189809,Some-college,Private,Exec-managerial,0,0,52,23,0
29,Male,White,Married-civ-spouse,0,57889,Bachelors,Private,Sales,0,0,45,39,1
44,Male,White,Married-civ-spouse,0,311357,Prof-school,Self-emp-inc,Prof-specialty,0,0,50,39,1
48,Male,Asian-Pac-Islander,Married-civ-spouse,0,164966,Bachelors,Private,Exec-managerial,0,0,40,19,1
48,Male,White,Married-civ-spouse,0,121124,Some-college,Private,Other-service,0,0,40,39,1
57,Male,White,Married-civ-spouse,0,24127,Bachelors,Other,Other,0,0,8,39,0
29,Female,Black,Never-married,2,358124,HS-grad,Private,Other-service,0,0,52,39,0
41,Male,Black,Never-married,1,140590,Some-college,Private,Sales,0,0,33,39,0
28,Male,White,Never-married,2,271572,9th,Private,Other-service,0,0,52,39,0
34,Male,White,Married-civ-spouse,0,56964,HS-grad,Self-emp-not-inc,Transport-moving,0,0,35,39,0
26,Female,White,Never-married,1,174921,Bachelors,Private,Sales,0,0,40,39,0
59,Male,White,Married-civ-spouse,0,349910,Assoc-acdm,Self-emp-inc,Craft-repair,0,0,40,39,0
33,Male,Asian-Pac-Islander,Never-married,3,86143,Some-college,Private,Exec-managerial,0,0,40,30,0
41,Male,White,Separated,1,174189,9th,Private,Other-service,0,0,40,39,0
29,Male,White,Married-civ-spouse,0,108775,HS-grad,Other,Other,0,0,40,6,0
25,Female,White,Never-married,3,130513,Assoc-acdm,Private,Sales,0,0,40,29,0
65,Male,White,Married-civ-spouse,0,167414,HS-grad,Self-emp-not-inc,Exec-managerial,0,0,59,39,1
46,Male,White,Married-civ-spouse,0,188386,Doctorate,Private,Exec-managerial,15024,0,60,39,1
30,Female,White,Divorced,4,123397,Some-college,Self-emp-not-inc,Other-service,0,0,30,39,0
51,Male,White,Married-civ-spouse,0,123429,Masters,Private,Exec-managerial,0,0,50,39,1
28,Male,White,Married-civ-spouse,0,271466,HS-grad,Private,Exec-managerial,0,0,45,39,1
48,Male,White,Married-civ-spouse,0,152953,7th-8th,Private,Craft-repair,0,0,32,6,0
22,Female,White,Never-married,1,205940,Bachelors,Private,Exec-managerial,0,0,40,39,0
45,Female,Asian-Pac-Islander,Never-married,4,106910,HS-grad,Federal-gov,Transport-moving,0,0,40,39,0
34,Male,White,Divorced,1,345705,HS-grad,Private,Craft-repair,0,1408,38,39,0
25,Male,White,Never-married,3,349190,Assoc-acdm,Private,Handlers-cleaners,0,0,20,39,0
27,Female,White,Never-married,1,29904,Bachelors,Private,Tech-support,0,0,40,39,0
53,Male,White,Married-spouse-absent,1,151159,10th,Self-emp-not-inc,Transport-moving,0,0,99,39,0
26,Male,White,Married-civ-spouse,0,53833,Some-college,Private,Exec-managerial,0,0,42,39,0
32,Male,White,Never-married,2,250354,10th,Private,Craft-repair,0,0,45,39,0
50,Female,White,Divorced,1,77905,Bachelors,Private,Adm-clerical,0,0,8,39,0
60,Male,White,Married-spouse-absent,1,139391,Some-college,Private,Machine-op-inspct,0,0,50,39,1
53,Male,White,Married-civ-spouse,0,29231,7th-8th,Other,Other,0,0,35,39,0
32,Male,Black,Never-married,1,205019,Assoc-acdm,Private,Sales,0,0,50,39,0
39,Male,White,Married-civ-spouse,0,86551,12th,Other,Other,0,0,40,39,0
31,Female,White,Divorced,1,143392,Some-college,Local-gov,Adm-clerical,0,0,35,39,0
28,Male,White,Married-civ-spouse,0,273929,HS-grad,Private,Sales,0,1628,60,39,0
31,Female,White,Married-civ-spouse,5,47296,Some-college,Private,Adm-clerical,0,1740,20,39,0
22,Female,Asian-Pac-Islander,Never-married,3,148955,Some-college,Other,Other,0,0,15,35,0
41,Male,Asian-Pac-Islander,Married-civ-spouse,0,173858,7th-8th,Private,Craft-repair,0,0,40,3,0
41,Male,White,Married-civ-spouse,0,325786,HS-grad,Private,Machine-op-inspct,0,0,40,39,0
32,Male,White,Married-civ-spouse,0,29933,Bachelors,Private,Handlers-cleaners,0,0,50,39,1
60,Male,White,Divorced,1,101198,Assoc-voc,Private,Other-service,0,0,20,39,0
38,Female,White,Divorced,1,241765,11th,Private,Handlers-cleaners,0,0,60,39,0
23,Male,White,Married-civ-spouse,0,173851,Some-college,Private,Handlers-cleaners,0,0,40,39,0
26,Male,White,Never-married,1,177929,Bachelors,Private,Sales,0,0,48,39,0
50,Male,Asian-Pac-Islander,Married-civ-spouse,0,297906,Some-college,Private,Sales,0,0,50,39,1
37,Male,White,Married-civ-spouse,0,126569,Masters,Private,Tech-support,0,0,60,39,1
26,Male,Black,Married-civ-spouse,0,155752,Some-college,Private,Machine-op-inspct,0,0,40,39,0
17,Male,White,Never-married,3,136363,10th,Private,Other-service,0,0,20,39,0
27,Male,White,Never-married,1,389713,Some-college,Private,Sales,0,0,40,39,0
38,Male,White,Married-civ-spouse,0,65382,Some-college,Private,Craft-repair,0,0,40,39,1
49,Male,White,Divorced,1,148995,HS-grad,Private,Adm-clerical,0,0,40,39,0
41,Male,White,Married-civ-spouse,0,153031,Some-college,Private,Sales,0,0,65,39,1
54,Male,White,Married-civ-spouse,0,230919,HS-grad,Private,Craft-repair,0,0,40,39,0
19,Female,White,Never-married,3,159796,Some-college,Private,Other-service,0,0,12,39,0
81,Male,White,Married-civ-spouse,0,100675,1st-4th,Private,Prof-specialty,0,0,15,31,0
48,Male,White,Married-civ-spouse,0,115585,Bachelors,Private,Sales,0,0,40,39,0
25,Female,Other,Never-married,1,163396,Some-college,Private,Tech-support,0,0,40,39,0
45,Male,Black,Never-married,1,242552,Some-college,Private,Sales,0,0,40,39,0
28,Female,Other,Married-civ-spouse,5,118861,10th,Private,Craft-repair,0,0,48,13,0
30,Male,White,Never-married,1,115932,HS-grad,Self-emp-not-inc,Craft-repair,99999,0,50,39,1
30,Male,Black,Never-married,1,154935,Assoc-acdm,Local-gov,Protective-serv,0,0,40,39,0
59,Male,White,Married-civ-spouse,0,116878,HS-grad,Self-emp-not-inc,Exec-managerial,0,0,60,12,0
20,Female,White,Never-married,3,194096,Some-college,Other,Other,0,0,40,39,0
29,Male,White,Married-civ-spouse,0,273051,Bachelors,Private,Exec-managerial,0,0,52,41,1
49,Male,White,Married-civ-spouse,0,111959,Bachelors,Self-emp-not-inc,Exec-managerial,0,0,60,34,1
22,Female,White,Never-married,1,263970,Some-college,Other,Other,0,0,28,39,0
28,Male,White,Married-civ-spouse,0,175343,Bachelors,Private,Sales,0,0,40,39,0
41,Male,White,Married-civ-spouse,0,32878,Bachelors,Private,Prof-specialty,0,0,45,39,1
42,Male,White,Married-civ-spouse,0,367292,Some-college,State-gov,Protective-serv,0,0,40,39,1
33,Female,White,Never-married,1,166961,Some-college,Private,Adm-clerical,0,0,38,39,0
17,Male,White,Never-married,3,342752,11th,Private,Handlers-cleaners,0,0,20,39,0
50,Female,Asian-Pac-Islander,Divorced,2,221336,HS-grad,Private,Adm-clerical,0,0,40,30,0
20,Female,White,Never-married,3,177787,Some-college,State-gov,Other-service,0,0,20,39,0
25,Male,White,Never-married,1,289980,HS-grad,Private,Handlers-cleaners,0,0,35,39,0
48,Male,White,Married-civ-spouse,0,115971,HS-grad,Self-emp-not-inc,Sales,0,0,50,39,0
33,Male,White,Married-civ-spouse,0,164748,Bachelors,Private,Transport-moving,0,0,40,39,0
42,Male,White,Divorced,1,97688,HS-grad,Private,Sales,0,0,47,39,0
55,Male,White,Married-civ-spouse,0,160662,Doctorate,Private,Exec-managerial,0,0,80,39,1
31,Male,White,Married-civ-spouse,0,114937,Bachelors,Self-emp-inc,Exec-managerial,0,0,55,39,1
25,Female,White,Married-civ-spouse,5,258379,Bachelors,Private,Prof-specialty,0,0,32,39,0
31,Male,White,Married-civ-spouse,0,213643,HS-grad,Private,Sales,3908,0,40,39,0
20,Female,White,Never-married,2,225395,7th-8th,Private,Machine-op-inspct,0,0,60,26,0
24,Male,White,Never-married,1,438839,Bachelors,Private,Sales,0,0,40,39,0
21,Male,White,Never-married,1,62339,10th,Private,Handlers-cleaners,0,0,40,39,0
51,Male,White,Married-civ-spouse,0,208003,HS-grad,Self-emp-not-inc,Sales,0,0,40,39,0
36,Male,White,Never-married,1,58602,5th-6th,Private,Other-service,0,0,35,39,0
18,Male,White,Never-married,4,206008,Some-college,Private,Sales,2176,0,40,39,0
43,Female,White,Divorced,1,170525,Bachelors,Private,Prof-specialty,14344,0,40,39,1
52,Male,Black,Divorced,1,146567,HS-grad,Private,Machine-op-inspct,14344,0,40,39,1
35,Male,White,Never-married,1,352188,HS-grad,Private,Tech-support,0,0,40,39,0
58,Male,White,Married-civ-spouse,0,310014,Bachelors,Self-emp-not-inc,Farming-fishing,0,0,25,39,0
40,Male,Asian-Pac-Islander,Married-civ-spouse,0,220977,Doctorate,Private,Exec-managerial,3103,0,40,19,1
22,Female,White,Never-married,1,203894,Some-college,Private,Transport-moving,0,0,24,39,0
46,Male,White,Married-civ-spouse,0,250821,Prof-school,State-gov,Exec-managerial,15024,0,40,39,1
71,Male,White,Widowed,1,163385,Some-college,Private,Sales,0,0,35,39,1
50,Female,White,Married-civ-spouse,5,217083,HS-grad,Private,Adm-clerical,0,0,40,39,1
42,Female,White,Divorced,4,202872,Some-college,Private,Adm-clerical,0,0,12,39,0
61,Male,White,Married-civ-spouse,0,130684,Some-college,Private,Prof-specialty,0,0,42,39,0
50,Female,Black,Never-married,1,164127,HS-grad,Local-gov,Other-service,0,0,40,39,0
43,Female,Black,Separated,1,241928,HS-grad,Private,Adm-clerical,0,0,32,39,0
26,Male,White,Married-civ-spouse,0,168403,HS-grad,Private,Handlers-cleaners,0,0,40,39,0
19,Male,White,Never-married,3,151801,10th,Private,Handlers-cleaners,0,0,39,39,0
40,Male,Amer-Indian-Eskimo,Never-married,1,34113,HS-grad,Private,Exec-managerial,6849,0,43,39,0
49,Male,Black,Married-civ-spouse,0,149210,Bachelors,Local-gov,Protective-serv,15024,0,40,39,1
22,Female,White,Never-married,1,255575,Assoc-acdm,State-gov,Prof-specialty,0,0,15,39,0
78,Male,White,Married-civ-spouse,0,292019,7th-8th,Other,Other,0,0,20,39,0
23,Male,White,Married-civ-spouse,0,373550,Assoc-voc,Private,Craft-repair,0,0,40,39,0
42,Male,Black,Divorced,1,317078,HS-grad,Private,Machine-op-inspct,0,0,40,39,0
56,Male,White,Married-civ-spouse,0,75214,Prof-school,Self-emp-inc,Prof-specialty,0,0,32,39,1
37,Male,White,Married-civ-spouse,0,86551,Bachelors,Private,Exec-managerial,0,0,45,39,1
43,Male,White,Married-civ-spouse,0,220776,Masters,Private,Exec-managerial,0,0,35,39,1
50,Male,White,Married-civ-spouse,0,213296,Some-college,Private,Craft-repair,0,0,48,39,1
50,Male,White,Married-civ-spouse,0,30008,Bachelors,Local-gov,Prof-specialty,0,0,45,39,1
33,Male,Black,Never-married,1,295589,Bachelors,Private,Prof-specialty,0,0,50,39,1
63,Female,White,Widowed,4,109517,Some-college,Private,Adm-clerical,0,0,43,39,0
56,Male,White,Married-civ-spouse,0,155238,HS-grad,Federal-gov,Adm-clerical,0,0,40,39,1
53,Male,White,Married-civ-spouse,0,106176,Masters,Private,Sales,7298,0,60,39,1
33,Female,Black,Married-civ-spouse,5,106938,HS-grad,Private,Tech-support,0,0,38,39,0
61,Male,White,Married-civ-spouse,0,229744,5th-6th,Private,Craft-repair,0,0,40,8,0
56,Female,White,Divorced,1,106723,HS-grad,Private,Adm-clerical,0,0,40,39,0
27,Female,White,Married-civ-spouse,5,135520,HS-grad,Private,Machine-op-inspct,0,0,40,6,0
58,Female,White,Widowed,1,193568,11th,Private,Other-service,0,0,40,39,0
36,Male,White,Married-civ-spouse,0,89040,11th,Private,Transport-moving,0,0,47,39,0
36,Male,White,Married-civ-spouse,0,182863,Bachelors,Private,Exec-managerial,0,0,50,39,1
47,Male,White,Married-civ-spouse,0,278322,Some-college,Private,Prof-specialty,7688,0,40,39,1
56,Male,White,Married-civ-spouse,0,214323,11th,Self-emp-not-inc,Craft-repair,0,0,40,39,0
67,Male,White,Married-civ-spouse,0,157403,Prof-school,Other,Other,6418,0,10,39,1
26,Male,White,Never-married,1,179010,Some-college,Private,Craft-repair,0,0,65,39,0
31,Female,White,Married-civ-spouse,5,157886,Some-college,Private,Other-service,0,0,40,39,0
35,Male,White,Never-married,1,188069,Masters,Private,Prof-specialty,13550,0,55,0,1
30,Female,White,Never-married,1,156718,HS-grad,Private,Tech-support,0,0,40,39,0
29,Female,White,Married-civ-spouse,5,186624,HS-grad,Private,Other-service,0,0,40,5,0
26,Male,White,Married-civ-spouse,0,182178,Some-college,Private,Craft-repair,2829,0,40,39,0
34,Female,White,Divorced,4,200689,Bachelors,Self-emp-inc,Sales,0,0,40,39,0
34,Female,White,Divorced,1,101510,Bachelors,Private,Sales,0,0,50,39,1
21,Female,White,Never-married,1,83033,Some-college,Private,Other-service,0,0,25,11,0
44,Male,White,Married-civ-spouse,0,37997,HS-grad,Self-emp-inc,Farming-fishing,0,0,60,39,0
50,Male,White,Married-civ-spouse,0,50178,Some-college,Local-gov,Craft-repair,4064,0,55,39,0
46,Male,White,Never-married,2,265097,HS-grad,Private,Handlers-cleaners,0,0,5,39,0
42,Female,White,Separated,4,336643,Assoc-voc,Private,Prof-specialty,0,0,40,39,0
24,Male,White,Never-married,3,108495,HS-grad,Other,Other,0,0,40,39,0
25,Male,White,Married-civ-spouse,0,114483,Some-college,Private,Exec-managerial,0,0,50,39,0
38,Female,White,Married-civ-spouse,5,39606,Bachelors,Private,Exec-managerial,0,0,40,39,0
46,Male,White,Married-civ-spouse,0,182689,Some-college,Private,Sales,0,0,40,39,0
35,Female,White,Divorced,4,297485,Bachelors,Private,Exec-managerial,0,0,40,39,0
33,Female,White,Divorced,1,112584,Some-college,Private,Sales,0,0,25,39,0
34,Male,White,Married-civ-spouse,0,228873,Doctorate,Private,Prof-specialty,0,0,45,39,1
28,Male,White,Married-civ-spouse,0,410351,HS-grad,Self-emp-not-inc,Exec-managerial,0,0,40,31,0
41,Male,White,Married-civ-spouse,0,45366,HS-grad,Private,Craft-repair,0,0,72,39,1
39,Male,White,Married-civ-spouse,0,184801,Bachelors,Private,Prof-specialty,0,0,40,39,1
30,Male,White,Married-civ-spouse,0,167309,Bachelors,Private,Adm-clerical,0,1902,40,39,1
39,Male,White,Separated,3,252327,9th,Private,Craft-repair,0,0,35,26,0
34,Male,White,Married-civ-spouse,0,157747,HS-grad,Private,Adm-clerical,0,0,45,39,1
56,Male,White,Married-civ-spouse,0,124771,HS-grad,Private,Machine-op-inspct,0,0,40,39,0
66,Male,White,Married-civ-spouse,0,104576,Bachelors,Self-emp-not-inc,Exec-managerial,0,0,8,39,1
27,Male,White,Married-civ-spouse,0,229125,11th,Self-emp-not-inc,Craft-repair,0,0,40,39,0
31,Male,Amer-Indian-Eskimo,Married-civ-spouse,0,59732,HS-grad,Federal-gov,Farming-fishing,0,0,40,39,0
36,Female,White,Divorced,3,150042,Bachelors,Private,Prof-specialty,0,0,40,39,0
21,Male,White,Never-married,1,241951,HS-grad,Private,Machine-op-inspct,0,0,45,39,0
33,Male,White,Married-civ-spouse,0,144064,Bachelors,Private,Exec-managerial,0,0,50,39,0
28,Female,White,Never-married,1,606111,Doctorate,Private,Prof-specialty,0,0,60,11,1
39,Female,White,Divorced,1,206298,Some-college,Private,Adm-clerical,0,0,40,39,0
52,Female,White,Never-married,4,122109,HS-grad,Private,Prof-specialty,0,323,40,39,0
32,Male,White,Married-civ-spouse,0,296282,Bachelors,Private,Sales,0,0,40,39,0
58,Male,White,Married-civ-spouse,0,56331,Bachelors,Private,Sales,0,0,40,39,0
47,Male,White,Married-civ-spouse,0,264052,Bachelors,Private,Exec-managerial,15024,0,50,39,1
31,Female,White,Never-married,1,331065,Bachelors,Private,Exec-managerial,0,1408,40,39,0
27,Female,White,Married-civ-spouse,5,216479,Bachelors,Other,Other,0,0,24,39,1
38,Male,White,Never-married,1,470663,Bachelors,Private,Exec-managerial,0,0,50,39,0
55,Male,Black,Married-civ-spouse,0,239404,10th,Private,Transport-moving,0,0,45,39,0
30,Female,White,Married-civ-spouse,5,48542,12th,Local-gov,Adm-clerical,0,0,40,39,0
30,Female,White,Married-civ-spouse,5,226396,HS-grad,Private,Other-service,0,0,30,39,0
22,Male,White,Never-married,3,145964,Bachelors,Private,Sales,0,0,40,39,0
51,Male,White,Married-civ-spouse,0,310774,Prof-school,Private,Prof-specialty,0,0,50,39,1
36,Male,White,Married-civ-spouse,0,96452,Bachelors,Private,Prof-specialty,0,0,45,39,0
32,Male,Black,Never-married,1,52537,Some-college,Private,Tech-support,0,0,38,39,0
27,Male,White,Never-married,1,134048,11th,Private,Craft-repair,0,0,45,39,0
24,Male,White,Married-civ-spouse,0,289909,Some-college,State-gov,Prof-specialty,0,0,40,39,0
50,Male,White,Married-civ-spouse,0,98975,Bachelors,Private,Exec-managerial,15024,0,40,39,1
39,Male,White,Married-civ-spouse,0,126675,Masters,Private,Sales,0,0,50,39,1
54,Male,Black,Married-civ-spouse,0,226735,HS-grad,Self-emp-not-inc,Other-service,0,0,45,39,0
42,Female,White,Married-civ-spouse,5,251795,Some-college,Private,Prof-specialty,0,0,50,39,1
26,Male,White,Married-civ-spouse,0,229977,9th,Private,Craft-repair,0,0,35,39,0
62,Male,White,Never-married,1,186611,HS-grad,Other,Other,0,0,40,39,0
34,Male,White,Widowed,4,24529,HS-grad,Private,Adm-clerical,0,0,15,39,0
28,Female,White,Never-married,1,192932,Bachelors,Private,Prof-specialty,0,0,40,39,0
18,Female,White,Never-married,3,401051,10th,Private,Sales,0,0,35,39,0
36,Male,White,Married-civ-spouse,0,295127,HS-grad,Self-emp-not-inc,Farming-fishing,0,0,84,39,0
23,Male,White,Married-civ-spouse,0,199908,11th,Private,Transport-moving,0,0,50,39,0
62,Female,White,Divorced,4,122246,Masters,Self-emp-not-inc,Prof-specialty,0,0,32,39,0
27,Male,White,Never-married,1,314240,Assoc-acdm,Private,Exec-managerial,3325,0,40,39,0
17,Female,White,Never-married,3,60562,9th,Private,Other-service,0,0,20,39,0
37,Male,White,Married-civ-spouse,0,167777,HS-grad,Private,Transport-moving,0,0,52,39,0
19,Male,White,Never-married,3,119075,Some-college,Private,Handlers-cleaners,0,0,50,39,0
29,Male,White,Married-civ-spouse,0,214858,Bachelors,Private,Sales,0,0,40,39,1
56,Male,White,Married-civ-spouse,0,381965,Bachelors,Local-gov,Prof-specialty,15024,0,40,39,1
27,Male,White,Never-married,1,127796,5th-6th,Private,Farming-fishing,0,0,35,26,0
24,Female,Black,Never-married,3,202721,Some-college,Private,Adm-clerical,0,0,40,39,0
48,Male,White,Married-civ-spouse,0,118889,HS-grad,Private,Sales,2885,0,15,39,0
32,Female,White,Separated,4,184833,10th,Private,Craft-repair,0,0,40,39,0
58,Male,White,Married-civ-spouse,0,349910,HS-grad,Private,Exec-managerial,7688,0,40,39,1
27,Male,White,Never-married,1,373499,5th-6th,Private,Other-service,0,0,60,8,0
33,Female,Black,Separated,4,126223,HS-grad,Private,Machine-op-inspct,0,0,40,39,0
26,Male,White,Married-civ-spouse,0,289700,Some-college,Private,Other-service,0,0,25,39,0
64,Male,White,Divorced,1,159938,HS-grad,Other,Other,8614,0,40,39,1
49,Male,White,Married-civ-spouse,0,183710,Doctorate,State-gov,Exec-managerial,0,0,50,39,1
30,Male,White,Married-civ-spouse,0,112383,HS-grad,Private,Transport-moving,0,0,45,39,0
23,Female,White,Never-married,3,161708,Assoc-acdm,Private,Other-service,0,0,20,39,0
39,Male,White,Divorced,3,51264,11th,Private,Other-service,0,0,40,39,0
41,Female,Black,Married-spouse-absent,4,210844,Some-college,Private,Sales,0,0,40,39,0
42,Male,White,Married-civ-spouse,0,326083,Assoc-voc,Self-emp-not-inc,Prof-specialty,0,0,40,39,0
27,Female,White,Married-civ-spouse,5,253814,Bachelors,Private,Tech-support,0,0,40,39,1
37,Male,White,Never-married,1,233490,HS-grad,Private,Farming-fishing,0,0,50,39,0
45,Male,Black,Married-civ-spouse,0,556652,HS-grad,Local-gov,Craft-repair,0,0,40,39,1
21,Male,White,Never-married,2,107452,HS-grad,Private,Craft-repair,0,0,40,39,0
26,Male,White,Never-married,1,189590,Bachelors,Private,Exec-managerial,0,0,40,39,0
37,Female,White,Never-married,1,111499,Some-college,Private,Exec-managerial,0,0,40,39,0
49,Female,Amer-Indian-Eskimo,Divorced,1,162856,Some-college,Self-emp-not-inc,Exec-managerial,0,0,40,39,0
26,Female,White,Never-married,3,256141,Some-college,Other,Other,0,0,40,39,0
46,Male,White,Married-civ-spouse,0,330087,Bachelors,Private,Exec-managerial,0,0,55,39,1
52,Female,Asian-Pac-Islander,Married-spouse-absent,4,115209,Prof-school,Other,Other,0,0,40,40,0
23,Female,White,Never-married,1,268145,Bachelors,Private,Exec-managerial,0,0,45,39,0
21,Male,White,Never-married,1,202125,HS-grad,Private,Other-service,0,0,40,39,0
30,Female,Black,Never-married,1,181992,Some-college,Private,Sales,0,0,35,39,0
51,Male,White,Married-civ-spouse,0,229465,Masters,Self-emp-inc,Exec-managerial,15024,0,50,39,1
36,Male,Amer-Indian-Eskimo,Never-married,4,88967,11th,Private,Transport-moving,0,0,65,39,0
67,Male,White,Married-civ-spouse,0,141797,7th-8th,Self-emp-not-inc,Exec-managerial,0,0,40,39,0
50,Male,White,Divorced,4,36489,Some-college,Federal-gov,Exec-managerial,0,0,40,39,0
57,Male,White,Married-civ-spouse,0,104272,11th,Private,Craft-repair,0,0,40,39,0
63,Male,White,Married-civ-spouse,0,271550,Some-college,Self-emp-not-inc,Farming-fishing,0,0,20,39,0
26,Male,White,Married-civ-spouse,0,258306,10th,Self-emp-not-inc,Farming-fishing,0,0,99,39,0
63,Male,White,Married-civ-spouse,0,106023,HS-grad,Private,Craft-repair,0,0,40,39,1
18,Male,White,Never-married,3,396270,HS-grad,Private,Adm-clerical,0,0,25,39,0
47,Female,Black,Married-civ-spouse,5,73064,7th-8th,Private,Machine-op-inspct,0,0,35,39,0
45,Male,White,Married-civ-spouse,0,387074,Assoc-voc,Private,Craft-repair,0,0,40,39,0
55,Female,White,Divorced,4,52953,HS-grad,Private,Other-service,0,0,40,39,0
27,Male,Black,Never-married,4,172091,HS-grad,Local-gov,Craft-repair,0,0,40,39,0
62,Female,White,Widowed,1,33365,HS-grad,Local-gov,Other-service,0,0,40,2,0
38,Female,White,Never-married,1,242559,HS-grad,Private,Adm-clerical,0,0,38,39,0
35,Male,White,Married-civ-spouse,0,99146,HS-grad,Private,Exec-managerial,0,0,50,39,1
48,Male,White,Married-civ-spouse,0,353012,HS-grad,Self-emp-not-inc,Craft-repair,0,1902,40,39,1
37,Female,Black,Separated,4,340599,11th,Private,Other-service,0,0,40,39,0
24,Female,White,Married-civ-spouse,5,59146,Bachelors,Private,Exec-managerial,0,0,40,39,0
29,Male,Asian-Pac-Islander,Married-civ-spouse,2,193260,Bachelors,Private,Craft-repair,0,0,30,19,0
30,Female,White,Never-married,3,302473,HS-grad,Private,Adm-clerical,0,0,40,39,0
68,Female,White,Never-married,1,107910,HS-grad,Private,Sales,0,0,40,39,0
23,Male,White,Married-civ-spouse,0,235894,11th,Private,Exec-managerial,0,0,55,39,0
47,Male,White,Married-civ-spouse,0,168211,HS-grad,Private,Craft-repair,0,0,44,39,0
64,Male,White,Married-civ-spouse,0,102041,11th,Private,Sales,0,0,40,39,0
43,Male,White,Married-civ-spouse,0,484861,Some-college,Private,Craft-repair,4064,0,38,39,0
62,Female,White,Married-civ-spouse,5,136314,Some-college,Private,Adm-clerical,0,0,40,39,0
41,Male,White,Married-civ-spouse,0,321824,HS-grad,Private,Craft-repair,0,0,8,39,0
60,Female,White,Divorced,1,124487,Some-college,Other,Other,0,0,40,39,1
64,Female,White,Divorced,1,266080,HS-grad,Local-gov,Adm-clerical,0,0,35,39,0
46,Female,White,Married-civ-spouse,5,142210,HS-grad,Without-pay,Machine-op-inspct,0,0,25,39,0
47,Female,White,Separated,4,160647,HS-grad,Federal-gov,Adm-clerical,0,0,40,39,0
26,Female,White,Never-married,1,322547,Bachelors,Private,Prof-specialty,0,0,45,39,0
17,Female,White,Never-married,3,80077,11th,Other,Other,0,0,20,39,0
22,Female,Black,Never-married,1,289984,Some-college,Other,Other,0,0,25,39,0
27,Male,White,Married-civ-spouse,0,161683,11th,Private,Machine-op-inspct,0,0,42,39,0
40,Female,White,Divorced,1,176069,Bachelors,Private,Prof-specialty,0,0,45,39,0
70,Male,White,Married-civ-spouse,0,172652,Masters,Other,Other,0,0,8,39,0
52,Male,White,Married-civ-spouse,0,167651,Assoc-voc,Private,Craft-repair,0,0,40,39,1
65,Female,White,Widowed,4,327154,HS-grad,Other,Other,0,0,40,39,0
44,Male,White,Divorced,3,236321,HS-grad,Local-gov,Transport-moving,0,0,25,39,0
23,Female,White,Never-married,1,442359,Bachelors,Local-gov,Prof-specialty,0,1092,40,39,0
39,Female,White,Married-civ-spouse,5,196308,Some-college,Private,Other-service,0,0,24,39,0
21,Male,White,Never-married,3,38771,Some-college,Local-gov,Adm-clerical,0,0,40,39,0
20,Male,White,Never-married,3,191910,HS-grad,Private,Protective-serv,0,0,40,39,0
47,Male,White,Married-civ-spouse,0,114754,HS-grad,Private,Adm-clerical,0,0,40,39,0
39,Male,White,Married-civ-spouse,0,328466,11th,Private,Other-service,2407,0,70,26,0
33,Female,White,Divorced,1,318921,HS-grad,Local-gov,Transport-moving,0,0,35,39,0
34,Male,White,Married-civ-spouse,0,82938,HS-grad,Private,Farming-fishing,0,0,50,39,0
51,Male,White,Married-civ-spouse,0,37237,HS-grad,Private,Farming-fishing,0,0,80,39,1
46,Female,White,Married-civ-spouse,5,202560,HS-grad,Other,Other,0,0,40,39,1
49,Male,White,Divorced,1,83444,HS-grad,Private,Exec-managerial,0,0,40,39,0
57,Male,White,Married-civ-spouse,0,116878,1st-4th,Private,Handlers-cleaners,0,0,40,22,0
26,Male,White,Married-civ-spouse,0,294400,HS-grad,State-gov,Protective-serv,0,0,38,39,0
29,Male,Black,Never-married,1,301010,Some-college,Federal-gov,Armed-Forces,0,0,60,39,0
43,Male,White,Married-civ-spouse,0,178780,Assoc-acdm,Private,Exec-managerial,0,0,45,39,1
72,Male,White,Married-civ-spouse,0,157913,Bachelors,Private,Protective-serv,0,0,17,39,0
38,Male,White,Married-civ-spouse,0,132879,HS-grad,Private,Craft-repair,0,1902,40,39,1
29,Female,Black,Never-married,4,37933,Some-college,Federal-gov,Adm-clerical,2174,0,40,39,0
33,Male,White,Married-civ-spouse,0,79923,Some-college,Private,Sales,0,0,20,39,0
70,Male,White,Married-civ-spouse,0,268832,Assoc-voc,Self-emp-not-inc,Farming-fishing,0,0,24,39,1
52,Male,White,Married-civ-spouse,0,89041,Masters,Self-emp-inc,Exec-managerial,15024,0,60,39,1
34,Male,White,Married-civ-spouse,0,324254,HS-grad,Private,Machine-op-inspct,0,0,40,39,0
58,Male,White,Married-civ-spouse,0,40925,Bachelors,State-gov,Exec-managerial,0,0,40,39,0
27,Female,White,Divorced,1,292120,HS-grad,Private,Tech-support,0,0,45,39,0
19,Male,Black,Never-married,3,252752,HS-grad,Other,Other,0,0,35,39,0
27,Male,White,Never-married,1,206889,Assoc-acdm,State-gov,Protective-serv,0,0,40,39,0
66,Male,White,Married-civ-spouse,0,146454,Some-college,Private,Sales,5556,0,40,39,1
37,Male,White,Married-civ-spouse,0,108540,HS-grad,Local-gov,Craft-repair,0,0,40,39,0
20,Female,Black,Never-married,3,691830,HS-grad,Private,Sales,0,0,35,39,0
33,Male,White,Separated,2,24504,HS-grad,Self-emp-not-inc,Craft-repair,0,0,50,39,0
23,Male,White,Never-married,1,53245,Bachelors,Federal-gov,Prof-specialty,0,0,40,39,0
30,Male,White,Never-married,3,423770,Some-college,Private,Prof-specialty,0,0,40,26,0
22,Female,White,Never-married,1,332657,Some-college,Private,Prof-specialty,0,0,40,39,0
22,Male,White,Never-married,1,205604,5th-6th,Private,Machine-op-inspct,0,0,30,26,0
51,Male,White,Married-civ-spouse,0,193720,Bachelors,Private,Exec-managerial,0,0,45,39,1
42,Male,Other,Divorced,1,126614,Bachelors,Self-emp-not-inc,Exec-managerial,0,0,30,20,0
51,Female,White,Widowed,1,123325,Prof-school,Local-gov,Prof-specialty,0,0,40,39,0
54,Female,White,Married-civ-spouse,5,29909,11th,Private,Other-service,0,0,43,39,0
30,Male,White,Divorced,1,306383,Some-college,Private,Handlers-cleaners,0,0,50,39,0
34,Male,White,Married-civ-spouse,0,202729,HS-grad,Local-gov,Protective-serv,0,0,40,39,0
18,Female,White,Never-married,3,36882,HS-grad,Private,Adm-clerical,0,0,20,39,0
57,Male,White,Married-civ-spouse,0,110417,HS-grad,Local-gov,Craft-repair,99999,0,40,39,1
17,Female,White,Never-married,3,47199,11th,Private,Priv-house-serv,0,0,24,39,0
30,Male,Asian-Pac-Islander,Divorced,1,116666,Masters,Self-emp-not-inc,Prof-specialty,0,0,50,19,1
28,Female,White,Married-civ-spouse,5,168524,Masters,Local-gov,Prof-specialty,7688,0,35,39,1
43,Female,Black,Divorced,1,138184,HS-grad,Private,Other-service,0,1762,35,39,0
30,Male,White,Married-civ-spouse,0,241583,Some-college,Private,Machine-op-inspct,0,0,40,39,0
51,Male,White,Separated,1,138179,HS-grad,Private,Machine-op-inspct,0,1876,40,39,0
20,Male,White,Never-married,3,200819,HS-grad,State-gov,Transport-moving,0,0,40,39,0
39,Female,White,Separated,4,119421,HS-grad,State-gov,Adm-clerical,0,625,35,39,0
35,Male,White,Divorced,1,92440,12th,Private,Craft-repair,0,0,50,39,1
28,Female,White,Never-married,4,309566,HS-grad,Private,Adm-clerical,0,0,20,39,0
22,Male,White,Never-married,1,36011,Assoc-voc,Private,Prof-specialty,0,0,30,39,0
30,Male,White,Never-married,3,149427,9th,Private,Craft-repair,0,0,45,39,0
39,Male,White,Married-civ-spouse,0,167864,11th,Local-gov,Transport-moving,0,0,30,39,0
22,Male,White,Never-married,3,139190,HS-grad,Private,Craft-repair,0,0,50,39,0
22,Female,White,Married-civ-spouse,5,154235,Some-college,Other,Other,3781,0,35,39,0
47,Female,White,Widowed,4,224108,HS-grad,Other,Other,0,0,40,39,0
17,Female,Black,Never-married,1,225507,11th,Private,Handlers-cleaners,0,0,15,39,0
52,Male,White,Married-civ-spouse,0,139176,HS-grad,Private,Sales,0,0,8,39,0
46,Male,White,Never-married,1,28419,Assoc-voc,Private,Transport-moving,0,0,50,39,0
49,Male,White,Married-civ-spouse,0,199378,HS-grad,Local-gov,Protective-serv,0,0,40,39,0
41,Male,White,Married-civ-spouse,0,252986,Masters,Self-emp-not-inc,Prof-specialty,0,0,40,39,1
47,Male,White,Married-civ-spouse,0,202812,Masters,Private,Prof-specialty,0,0,40,0,1
54,Male,White,Married-civ-spouse,0,108960,11th,Private,Machine-op-inspct,0,0,40,39,0
46,Male,Asian-Pac-Islander,Married-civ-spouse,0,187749,Bachelors,Local-gov,Prof-specialty,0,0,40,30,1
40,Female,White,Separated,4,342164,HS-grad,Private,Adm-clerical,0,0,37,39,0
37,Male,Asian-Pac-Islander,Married-civ-spouse,0,154210,Some-college,Private,Craft-repair,0,0,40,17,0
74,Male,White,Married-civ-spouse,0,188709,Prof-school,Private,Prof-specialty,99999,0,50,39,1
54,Male,White,Married-civ-spouse,0,133403,Some-college,Private,Machine-op-inspct,0,0,40,39,0
25,Male,White,Married-civ-spouse,0,211497,Some-college,Private,Exec-managerial,0,0,40,39,0
30,Male,Other,Married-civ-spouse,0,208068,HS-grad,Private,Craft-repair,0,0,40,26,0
54,Male,Asian-Pac-Islander,Married-civ-spouse,0,147863,Assoc-voc,Private,Craft-repair,5013,0,40,40,0
21,Male,Asian-Pac-Islander,Never-married,3,152246,Some-college,Private,Handlers-cleaners,0,0,40,30,0
24,Male,White,Married-civ-spouse,0,283613,Bachelors,Private,Prof-specialty,0,0,40,39,0
36,Male,White,Married-civ-spouse,0,405644,HS-grad,Self-emp-not-inc,Craft-repair,0,0,35,26,0
39,Male,White,Never-married,1,103986,HS-grad,Other,Other,0,1590,40,39,0
29,Female,Other,Married-spouse-absent,1,161857,HS-grad,Private,Other-service,0,0,40,4,0
34,Male,White,Married-civ-spouse,0,85374,HS-grad,Private,Craft-repair,0,0,40,39,0
27,Female,White,Never-married,3,243871,Some-college,Self-emp-inc,Adm-clerical,0,0,45,39,0
28,Female,Black,Never-married,3,201099,HS-grad,Local-gov,Transport-moving,0,0,40,39,0
33,Male,Black,Never-married,1,199170,Some-college,Private,Craft-repair,0,0,40,39,0
25,Male,White,Married-civ-spouse,0,290528,HS-grad,Private,Machine-op-inspct,0,0,40,39,0
31,Female,White,Never-married,4,168521,Bachelors,Private,Exec-managerial,0,0,50,39,0
46,Male,White,Married-civ-spouse,0,139268,Masters,Private,Exec-managerial,0,0,45,39,1
57,Male,White,Married-civ-spouse,0,140711,Bachelors,Federal-gov,Prof-specialty,0,0,40,39,1
31,Male,White,Never-married,1,340939,Bachelors,Self-emp-not-inc,Tech-support,0,0,40,39,0
19,Male,White,Never-married,3,101509,Some-college,Private,Prof-specialty,0,0,32,39,0
55,Male,White,Married-civ-spouse,0,190257,HS-grad,Private,Farming-fishing,0,0,53,39,1
32,Male,White,Married-civ-spouse,0,344129,HS-grad,Private,Machine-op-inspct,0,0,40,39,1
28,Female,White,Never-married,3,173611,HS-grad,Private,Exec-managerial,0,0,40,39,0
19,Female,White,Never-married,3,128453,HS-grad,Other,Other,0,0,28,39,0
40,Male,White,Divorced,1,190290,Some-college,Private,Sales,0,0,40,39,0
24,Male,White,Never-married,1,216129,Bachelors,Private,Sales,0,0,50,39,0
36,Female,White,Divorced,1,76767,Some-college,State-gov,Exec-managerial,0,0,39,39,0
20,Male,White,Never-married,3,34590,Some-college,Private,Farming-fishing,0,0,60,39,0
58,Male,White,Married-civ-spouse,0,174864,HS-grad,Self-emp-inc,Sales,0,0,55,39,1
42,Male,White,Married-civ-spouse,0,213821,HS-grad,Private,Craft-repair,0,1887,40,39,1
23,Male,White,Never-married,1,428299,HS-grad,Private,Craft-repair,0,0,40,39,0
51,Female,White,Married-civ-spouse,5,245873,Some-college,Private,Adm-clerical,0,0,40,39,0
39,Male,White,Divorced,4,106347,Some-college,Self-emp-not-inc,Sales,0,0,47,39,0
44,Female,White,Never-married,1,145522,Masters,Local-gov,Prof-specialty,0,0,40,39,0
46,Male,Black,Married-civ-spouse,0,279661,Masters,Private,Prof-specialty,0,0,35,39,0
54,Male,White,Never-married,1,163826,HS-grad,Private,Prof-specialty,0,0,40,39,0
34,Female,White,Married-civ-spouse,5,101345,Bachelors,Private,Sales,0,0,40,39,1
44,Female,White,Divorced,4,408531,HS-grad,Private,Adm-clerical,0,0,40,39,1
47,Male,White,Never-married,3,168262,Bachelors,Private,Adm-clerical,0,0,40,39,0
34,Male,White,Never-married,1,376979,9th,Private,Craft-repair,0,0,40,39,0
42,Female,White,Divorced,1,117583,Doctorate,State-gov,Prof-specialty,8614,0,60,39,1
53,Male,White,Married-civ-spouse,0,124094,HS-grad,Local-gov,Craft-repair,5013,0,35,39,0
58,Male,White,Married-civ-spouse,0,61474,HS-grad,Self-emp-not-inc,Sales,0,0,55,39,1
36,Male,Amer-Indian-Eskimo,Married-civ-spouse,0,32587,Some-college,Local-gov,Adm-clerical,0,0,40,39,0
49,Male,White,Married-civ-spouse,0,55938,Bachelors,State-gov,Adm-clerical,0,0,40,39,1
24,Male,Other,Never-married,1,281356,1st-4th,Private,Farming-fishing,0,0,66,26,0
64,Female,Black,Widowed,1,236341,5th-6th,Private,Other-service,0,0,16,39,0
20,Female,White,Never-married,1,74631,Some-college,Private,Sales,0,0,50,39,0
26,Female,White,Never-married,3,150361,Some-college,Private,Tech-support,0,0,40,39,0
53,Female,White,Divorced,1,197492,HS-grad,Private,Machine-op-inspct,0,0,40,39,0
26,Female,White,Separated,3,216010,HS-grad,Private,Exec-managerial,0,0,40,39,0
43,Male,White,Married-civ-spouse,0,214781,Masters,Private,Exec-managerial,0,0,45,39,0
53,Male,Asian-Pac-Islander,Married-civ-spouse,0,135339,Bachelors,Self-emp-not-inc,Exec-managerial,7688,0,20,3,1
51,Male,White,Married-civ-spouse,0,313146,HS-grad,Private,Machine-op-inspct,0,0,40,39,0
21,Female,White,Never-married,3,176262,Assoc-acdm,Private,Other-service,0,0,18,39,0
52,Male,White,Married-civ-spouse,0,174752,HS-grad,Private,Sales,0,0,60,39,1
44,Male,White,Married-civ-spouse,0,33068,12th,Local-gov,Craft-repair,0,0,55,39,0
25,Female,White,Never-married,4,95691,HS-grad,Private,Other-service,0,0,30,4,0
21,Male,White,Never-married,3,296158,HS-grad,Private,Craft-repair,0,0,35,39,0
35,Male,White,Married-civ-spouse,0,25803,HS-grad,Private,Craft-repair,0,0,40,39,0
48,Male,White,Divorced,1,348144,Some-college,Private,Transport-moving,3325,0,53,39,0
30,Male,Black,Never-married,1,226013,Bachelors,Private,Prof-specialty,0,0,40,39,0
40,Female,White,Married-spouse-absent,1,204116,Bachelors,Self-emp-not-inc,Prof-specialty,2174,0,40,39,0
24,Female,White,Never-married,1,309055,Some-college,Private,Sales,0,0,15,39,0
44,Male,White,Never-married,1,33155,Doctorate,Private,Prof-specialty,0,0,45,39,0
62,Male,White,Married-civ-spouse,0,170114,Assoc-acdm,Without-pay,Farming-fishing,0,0,50,39,0
32,Male,White,Married-spouse-absent,1,293936,7th-8th,Other,Other,0,0,40,0,0
67,Male,White,Married-civ-spouse,0,190340,11th,Other,Other,0,0,40,39,0
63,Female,White,Never-married,3,113756,HS-grad,Private,Exec-managerial,0,0,40,39,0
55,Male,White,Married-civ-spouse,0,349910,HS-grad,Private,Farming-fishing,0,0,45,39,1
60,Male,Asian-Pac-Islander,Married-civ-spouse,0,276009,HS-grad,Private,Other-service,0,0,30,30,0
50,Male,White,Married-civ-spouse,0,27539,Some-college,Self-emp-not-inc,Farming-fishing,7688,0,40,39,1
40,Male,White,Never-married,1,112388,Masters,Federal-gov,Prof-specialty,0,0,40,39,0
30,Male,White,Married-civ-spouse,0,174789,Assoc-acdm,Private,Exec-managerial,0,1848,50,39,1
61,Male,White,Never-married,1,42938,Bachelors,Other,Other,0,0,7,39,1
19,Male,White,Never-married,3,92863,HS-grad,Private,Sales,0,0,20,39,0
76,Male,White,Widowed,1,253408,Some-college,Self-emp-not-inc,Transport-moving,0,0,40,39,0
27,Male,White,Married-civ-spouse,0,137063,Bachelors,Private,Sales,0,0,50,39,0
40,Male,Amer-Indian-Eskimo,Married-civ-spouse,0,117917,HS-grad,Private,Prof-specialty,0,0,50,39,0
32,Female,White,Married-civ-spouse,5,115989,11th,Private,Other-service,0,0,60,39,0
52,Male,White,Married-civ-spouse,0,42984,Prof-school,Self-emp-not-inc,Prof-specialty,0,0,70,39,1
31,Male,White,Married-civ-spouse,0,182237,Assoc-acdm,Private,Sales,4386,0,45,39,1
71,Male,White,Married-civ-spouse,0,287372,Doctorate,Other,Other,0,0,10,39,1
45,Female,Black,Separated,4,108859,HS-grad,Private,Craft-repair,0,0,40,39,0
20,Female,White,Never-married,1,145917,Some-college,Other,Other,0,0,15,39,0
29,Male,White,Married-civ-spouse,0,206250,HS-grad,Private,Craft-repair,0,0,45,39,0
62,Male,White,Married-civ-spouse,0,24515,9th,Private,Exec-managerial,0,0,40,39,0
25,Male,White,Married-civ-spouse,0,181691,HS-grad,Self-emp-inc,Sales,0,0,60,0,0
40,Male,White,Married-civ-spouse,0,37997,Some-college,Self-emp-inc,Farming-fishing,0,0,50,39,0
47,Male,White,Divorced,1,197332,Bachelors,Federal-gov,Prof-specialty,0,0,40,39,0
17,Female,White,Never-married,3,139183,10th,Other,Other,0,0,15,39,0
39,Male,White,Never-married,1,225544,12th,Private,Handlers-cleaners,0,0,40,39,0
42,Female,White,Divorced,4,157425,Bachelors,Private,Exec-managerial,0,0,45,39,0
34,Male,Asian-Pac-Islander,Married-civ-spouse,0,191342,Bachelors,Federal-gov,Adm-clerical,0,0,38,39,0
47,Male,White,Married-civ-spouse,0,139268,Prof-school,Self-emp-inc,Prof-specialty,0,1977,60,39,1
36,Male,White,Married-civ-spouse,0,138441,Assoc-acdm,Private,Tech-support,0,0,55,39,0
46,Male,White,Married-civ-spouse,0,155659,Some-college,Private,Craft-repair,15024,0,45,39,1
27,Male,White,Never-married,3,267147,HS-grad,Private,Sales,0,0,40,39,0
28,Male,White,Married-civ-spouse,0,249571,HS-grad,Private,Sales,0,0,40,39,0
45,Male,White,Married-civ-spouse,0,160173,Masters,Local-gov,Exec-managerial,7688,0,50,39,1
35,Male,White,Married-civ-spouse,0,340110,Bachelors,Private,Exec-managerial,0,1848,70,39,1
37,Male,White,Married-civ-spouse,0,758700,9th,Private,Handlers-cleaners,3781,0,50,26,0
38,Female,White,Married-civ-spouse,5,114591,Bachelors,Private,Prof-specialty,15024,0,40,39,1
49,Male,White,Never-married,1,200471,11th,Private,Other-service,0,0,60,39,0
38,Male,White,Never-married,1,101192,Some-college,Private,Other-service,0,0,40,39,0
19,Female,Black,Never-married,3,182609,HS-grad,Other,Other,0,0,25,39,0
28,Male,White,Married-civ-spouse,0,173944,Masters,Private,Prof-specialty,0,0,40,39,1
50,Male,White,Married-civ-spouse,0,228057,HS-grad,Private,Transport-moving,0,0,40,39,0
39,Male,White,Married-civ-spouse,0,109766,Prof-school,Self-emp-not-inc,Prof-specialty,15024,0,50,39,1
21,Female,White,Never-married,3,203894,Assoc-voc,Private,Adm-clerical,0,0,40,39,0
38,Male,White,Married-civ-spouse,0,261382,Some-college,Self-emp-not-inc,Transport-moving,0,0,40,39,0
24,Female,White,Never-married,1,42251,Bachelors,Federal-gov,Prof-specialty,0,0,30,39,0
19,Male,White,Never-married,2,472807,1st-4th,Private,Handlers-cleaners,0,0,52,26,0
41,Male,White,Married-civ-spouse,0,29762,HS-grad,Private,Craft-repair,0,0,52,39,1
24,Female,White,Married-civ-spouse,5,200967,HS-grad,Private,Craft-repair,0,0,36,39,0
25,Male,Black,Never-married,3,144259,HS-grad,Private,Craft-repair,0,0,50,39,0
52,Male,White,Divorced,2,208302,HS-grad,Private,Other-service,0,0,30,39,0
41,Female,White,Never-married,1,194710,HS-grad,Private,Exec-managerial,0,0,40,39,0
27,Female,Black,Married-civ-spouse,5,156516,Some-college,Private,Adm-clerical,0,2377,20,39,0
39,Female,White,Married-civ-spouse,5,208778,HS-grad,Private,Machine-op-inspct,0,0,40,39,1
24,Female,White,Never-married,1,43323,HS-grad,Private,Other-service,0,1762,40,39,0
52,Male,Asian-Pac-Islander,Married-civ-spouse,0,145271,Bachelors,Private,Craft-repair,0,0,40,39,0
28,Male,White,Married-civ-spouse,0,207473,Some-college,Private,Transport-moving,0,0,40,8,0
52,Male,White,Married-civ-spouse,0,43705,Some-college,Federal-gov,Other-service,0,0,50,39,0
68,Male,White,Married-civ-spouse,0,223851,HS-grad,Private,Adm-clerical,0,0,24,39,0
36,Male,White,Married-civ-spouse,0,254493,Some-college,Private,Sales,0,0,44,39,0
31,Male,White,Married-civ-spouse,0,120460,Some-college,Private,Farming-fishing,0,0,50,39,1
28,Male,White,Never-married,1,398918,Bachelors,Self-emp-not-inc,Prof-specialty,0,0,50,39,1
56,Male,White,Married-civ-spouse,0,235826,HS-grad,Private,Craft-repair,5013,0,40,39,0
18,Female,White,Never-married,3,210311,HS-grad,Private,Sales,0,0,20,39,0
23,Male,White,Never-married,3,278155,Bachelors,State-gov,Adm-clerical,0,0,40,39,0
22,Male,White,Never-married,3,85389,HS-grad,Private,Tech-support,0,0,40,39,0
48,Male,White,Married-civ-spouse,0,164582,Some-college,Self-emp-not-inc,Farming-fishing,7298,0,60,39,1
33,Female,White,Divorced,1,198727,HS-grad,Private,Tech-support,0,0,40,39,0
48,Male,White,Married-civ-spouse,0,216292,HS-grad,Private,Farming-fishing,0,0,43,39,0
50,Male,White,Never-married,1,143664,Bachelors,Private,Exec-managerial,0,0,40,39,0
20,Male,White,Married-civ-spouse,0,334113,Some-college,State-gov,Other-service,0,0,40,39,0
54,Female,White,Widowed,4,146409,Some-college,Private,Exec-managerial,0,0,40,39,0
32,Female,White,Never-married,4,90653,HS-grad,Federal-gov,Exec-managerial,0,1380,40,39,0
47,Male,White,Divorced,1,47496,HS-grad,Private,Craft-repair,0,0,42,39,0
41,Female,White,Married-civ-spouse,5,331651,Prof-school,Private,Exec-managerial,0,0,50,24,1
46,Male,White,Married-civ-spouse,0,423222,Bachelors,Private,Exec-managerial,7688,0,40,39,1
25,Female,White,Never-married,1,167031,10th,Private,Machine-op-inspct,0,0,40,4,0
25,Male,White,Never-married,3,239461,Masters,Private,Prof-specialty,0,0,35,39,0
32,Female,White,Married-civ-spouse,5,222205,Some-college,Private,Prof-specialty,0,0,40,39,1
35,Male,White,Married-civ-spouse,0,237943,HS-grad,Private,Handlers-cleaners,0,0,60,39,0
32,Male,White,Married-civ-spouse,0,263908,Bachelors,Private,Prof-specialty,0,0,40,39,0
48,Male,White,Married-civ-spouse,0,108993,HS-grad,Private,Craft-repair,0,0,45,39,1
84,Male,White,Married-civ-spouse,0,172907,Some-college,Self-emp-inc,Sales,0,0,35,39,1
43,Male,White,Married-civ-spouse,0,132130,Assoc-voc,Private,Farming-fishing,0,0,40,39,1
43,Male,White,Married-civ-spouse,0,221172,Bachelors,Private,Tech-support,0,0,24,39,1
18,Female,White,Never-married,3,110142,HS-grad,Private,Adm-clerical,0,0,30,39,0
25,Male,White,Never-married,1,233461,Assoc-acdm,Private,Tech-support,0,0,30,39,0
36,Male,White,Never-married,2,358682,Bachelors,Private,Exec-managerial,0,0,50,0,0
44,Male,White,Married-civ-spouse,0,235786,Some-college,Private,Prof-specialty,7298,0,45,39,1
28,Male,White,Never-married,1,375482,Bachelors,Private,Sales,0,0,40,39,0
23,Male,Black,Never-married,2,49296,HS-grad,Private,Handlers-cleaners,0,0,40,39,0
17,Female,White,Never-married,3,634226,10th,Other,Other,0,0,17,39,0
22,Male,White,Never-married,3,244366,Bachelors,Private,Prof-specialty,0,0,40,39,0
56,Male,White,Married-civ-spouse,0,257555,Some-college,Private,Sales,0,0,40,39,0
35,Female,White,Married-civ-spouse,5,374716,9th,Other,Other,0,0,35,39,0
34,Male,Asian-Pac-Islander,Married-civ-spouse,0,293703,Some-college,Private,Craft-repair,0,0,40,30,0
40,Female,White,Never-married,1,130571,HS-grad,Private,Other-service,0,0,40,39,0
34,Male,White,Never-married,1,220631,Assoc-voc,Private,Other-service,0,0,50,0,0
32,Male,White,Never-married,3,50178,Some-college,Private,Sales,0,0,35,39,0
27,Male,White,Divorced,1,160786,HS-grad,Private,Other-service,0,0,30,39,0
34,Female,White,Married-civ-spouse,3,118551,Bachelors,State-gov,Tech-support,5178,0,25,0,1
64,Male,White,Married-civ-spouse,0,312498,Bachelors,Private,Sales,0,0,40,39,0
22,Female,White,Married-civ-spouse,5,43535,Some-college,Private,Exec-managerial,0,0,40,39,0
38,Female,White,Married-civ-spouse,5,186145,Some-college,Private,Sales,0,0,40,39,1
33,Female,White,Never-married,1,246291,Bachelors,Local-gov,Prof-specialty,0,0,46,39,0
36,Male,White,Never-married,1,343721,Doctorate,Self-emp-not-inc,Prof-specialty,0,0,30,0,1
49,Female,Black,Separated,1,119182,HS-grad,Private,Other-service,0,0,35,39,0
69,Male,White,Married-civ-spouse,0,69209,Bachelors,Self-emp-inc,Machine-op-inspct,3818,0,30,39,0
60,Male,Black,Widowed,4,185749,11th,Private,Transport-moving,0,0,40,39,0
22,Male,White,Never-married,1,228411,Some-college,Private,Exec-managerial,0,0,35,39,0
39,Male,White,Never-married,1,255503,Bachelors,Private,Exec-managerial,0,0,40,39,1
48,Female,White,Married-civ-spouse,5,101233,Assoc-voc,Self-emp-not-inc,Other-service,0,0,15,39,0
62,Female,White,Married-civ-spouse,5,159908,Some-college,Without-pay,Adm-clerical,0,0,16,39,0
26,Male,White,Married-civ-spouse,0,383306,12th,Private,Craft-repair,0,0,40,39,0
49,Male,White,Married-civ-spouse,0,31267,7th-8th,Private,Craft-repair,0,0,40,39,0
52,Male,White,Never-married,4,349502,Some-college,Private,Adm-clerical,0,0,45,39,0
36,Male,White,Married-civ-spouse,0,312206,HS-grad,Private,Machine-op-inspct,0,0,40,39,0
27,Male,White,Married-civ-spouse,2,204098,HS-grad,Local-gov,Handlers-cleaners,0,0,50,39,0
39,Male,White,Never-married,3,194287,7th-8th,Private,Other-service,0,1602,35,39,0
30,Male,White,Never-married,1,101859,7th-8th,Private,Craft-repair,0,0,50,39,0
47,Male,White,Married-civ-spouse,0,362654,HS-grad,Private,Machine-op-inspct,0,0,40,39,0
65,Male,White,Married-civ-spouse,0,172815,Some-college,Private,Farming-fishing,0,0,40,39,0
35,Female,White,Separated,4,26999,Bachelors,Private,Exec-managerial,0,0,42,39,0
43,Male,Other,Married-civ-spouse,0,255635,5th-6th,Private,Machine-op-inspct,0,0,40,26,0
27,Female,White,Never-married,1,129528,Some-college,Private,Sales,0,0,40,39,0
39,Female,Black,Divorced,4,216129,Assoc-acdm,Private,Exec-managerial,0,0,35,23,0
17,Male,White,Never-married,3,172050,11th,Private,Handlers-cleaners,0,0,16,39,0
71,Female,White,Widowed,4,162297,HS-grad,Private,Sales,0,0,20,39,0
28,Male,White,Married-civ-spouse,0,339897,1st-4th,Private,Machine-op-inspct,0,0,43,26,0
58,Male,White,Married-civ-spouse,0,100313,Some-college,Private,Protective-serv,0,1902,40,39,1
19,Male,White,Never-married,3,304469,10th,Private,Farming-fishing,0,0,25,39,0
37,Male,White,Never-married,1,161141,HS-grad,Private,Handlers-cleaners,0,0,40,39,0
35,Female,White,Divorced,4,340260,HS-grad,Private,Craft-repair,0,0,48,39,0
28,Male,White,Married-civ-spouse,0,207513,Bachelors,Private,Sales,7298,0,42,39,1
27,Female,White,Divorced,3,106039,Bachelors,Private,Prof-specialty,0,0,50,39,0
66,Male,White,Married-civ-spouse,0,186030,7th-8th,Other,Other,0,0,32,39,0
42,Male,White,Divorced,1,248476,Some-college,Local-gov,Transport-moving,0,0,65,39,1
43,Male,White,Married-civ-spouse,0,245842,HS-grad,Private,Machine-op-inspct,0,0,44,26,0
35,Female,White,Married-AF-spouse,5,328301,Assoc-acdm,Private,Adm-clerical,0,0,40,39,0
21,Female,White,Never-married,3,250051,Some-college,Private,Prof-specialty,0,0,10,39,0
36,Male,White,Married-civ-spouse,0,93225,11th,Private,Machine-op-inspct,0,0,40,39,0
18,Female,White,Never-married,2,153405,11th,Local-gov,Adm-clerical,0,0,25,39,0
41,Male,White,Married-civ-spouse,0,206139,HS-grad,Private,Sales,0,0,40,39,1
37,Male,White,Married-civ-spouse,0,107737,Bachelors,Private,Prof-specialty,0,0,55,39,1
60,Female,White,Separated,1,225526,HS-grad,Private,Sales,0,0,32,39,0
32,Male,White,Married-civ-spouse,0,134737,Bachelors,Self-emp-not-inc,Machine-op-inspct,0,0,70,39,1
17,Female,White,Never-married,3,103851,11th,Private,Adm-clerical,1055,0,20,39,0
59,Male,White,Married-civ-spouse,0,31840,HS-grad,Federal-gov,Craft-repair,0,0,40,39,1
58,Male,White,Married-civ-spouse,0,314153,HS-grad,Private,Sales,0,0,40,39,1
19,Male,White,Never-married,1,27433,11th,Private,Handlers-cleaners,0,0,40,39,0
37,Female,White,Never-married,4,209214,5th-6th,Private,Machine-op-inspct,0,0,40,26,0
62,Male,White,Married-civ-spouse,0,215944,5th-6th,Self-emp-not-inc,Farming-fishing,0,0,30,39,0
44,Female,White,Divorced,1,240628,Assoc-acdm,Federal-gov,Exec-managerial,2354,0,40,39,0
28,Male,White,Never-married,1,274679,Masters,Private,Prof-specialty,0,0,50,39,0
31,Male,White,Never-married,1,226494,Bachelors,Local-gov,Prof-specialty,0,0,45,39,0
41,Male,White,Divorced,4,323790,HS-grad,Private,Handlers-cleaners,0,0,55,39,0
22,Male,White,Never-married,1,173736,HS-grad,Private,Craft-repair,0,0,50,39,0
43,Male,White,Married-civ-spouse,0,36924,Masters,Local-gov,Prof-specialty,0,0,40,39,1
59,Female,White,Widowed,1,241297,Some-college,Self-emp-not-inc,Farming-fishing,6849,0,40,39,0
39,Female,White,Married-civ-spouse,5,187098,Prof-school,Private,Exec-managerial,15024,0,47,39,1
31,Female,White,Married-civ-spouse,5,236415,Some-college,Self-emp-inc,Adm-clerical,0,0,20,39,1
34,Male,White,Married-civ-spouse,0,173495,Some-college,Private,Craft-repair,0,0,48,39,1
19,Female,White,Never-married,3,27433,12th,Federal-gov,Other-service,0,0,30,39,0
31,Male,White,Married-civ-spouse,0,119033,HS-grad,Private,Craft-repair,0,0,40,39,0
47,Male,White,Married-civ-spouse,0,121124,HS-grad,Private,Craft-repair,0,0,40,39,1
36,Male,White,Married-civ-spouse,0,415578,Some-college,Private,Craft-repair,0,0,40,39,1
45,Male,White,Married-civ-spouse,0,155659,Some-college,Federal-gov,Prof-specialty,0,0,40,39,1
44,Male,White,Married-civ-spouse,0,398473,Some-college,Self-emp-inc,Sales,0,0,70,39,1
44,Female,White,Married-civ-spouse,5,228057,7th-8th,Private,Machine-op-inspct,0,0,40,6,0
50,Male,White,Married-civ-spouse,0,386397,Bachelors,Self-emp-not-inc,Sales,0,0,60,39,0
17,Male,White,Never-married,3,333100,10th,Other,Other,1055,0,30,39,0
52,Female,White,Divorced,4,155233,Some-college,Private,Adm-clerical,0,0,40,39,0
43,Male,White,Never-married,1,85995,HS-grad,Private,Handlers-cleaners,0,0,40,39,0
26,Male,White,Divorced,1,187652,HS-grad,Self-emp-inc,Exec-managerial,0,0,78,39,1
18,Male,White,Never-married,3,120243,11th,Private,Other-service,0,0,10,39,0
36,Male,White,Married-civ-spouse,0,356838,Doctorate,Private,Prof-specialty,0,0,50,2,0
62,Female,White,Divorced,4,123582,10th,Private,Other-service,0,0,40,39,0
58,Male,White,Married-civ-spouse,0,141165,HS-grad,Self-emp-not-inc,Farming-fishing,0,0,50,39,0
44,Male,White,Married-civ-spouse,0,242521,Bachelors,Private,Sales,7688,0,50,39,1
51,Male,White,Married-civ-spouse,0,257485,Some-college,Private,Craft-repair,0,0,40,39,1
23,Male,White,Never-married,1,175266,Some-college,Private,Craft-repair,0,0,40,39,0
22,Female,Asian-Pac-Islander,Never-married,1,182387,Some-college,Other,Other,0,0,12,37,0
23,Male,White,Married-civ-spouse,0,56402,Some-college,State-gov,Prof-specialty,0,0,30,39,0
50,Male,White,Married-civ-spouse,0,121685,Some-college,Private,Sales,0,0,45,39,1
45,Female,White,Never-married,4,207847,Some-college,State-gov,Adm-clerical,0,0,40,39,0
28,Male,White,Married-civ-spouse,0,192384,Some-college,Private,Handlers-cleaners,0,0,40,39,1
19,Male,White,Never-married,3,174871,Some-college,Other,Other,0,0,23,39,0
40,Female,Black,Never-married,3,198953,Assoc-acdm,Self-emp-not-inc,Prof-specialty,0,0,2,39,0
20,Male,White,Never-married,3,305874,Some-college,Private,Transport-moving,0,0,40,39,0
33,Female,White,Divorced,4,131776,Bachelors,Private,Prof-specialty,914,0,40,11,0
40,Female,White,Divorced,4,42703,Assoc-voc,Private,Craft-repair,0,0,40,39,0
51,Male,White,Married-civ-spouse,0,166934,HS-grad,Private,Machine-op-inspct,0,0,40,39,1
19,Male,White,Never-married,3,218956,Some-college,Other,Other,0,0,24,2,0
54,Male,White,Married-civ-spouse,0,197184,Bachelors,State-gov,Exec-managerial,0,0,38,39,0
62,Male,White,Married-civ-spouse,0,181014,Bachelors,Other,Other,0,0,40,39,0
35,Male,White,Married-civ-spouse,0,171327,HS-grad,Private,Craft-repair,0,0,40,39,0
36,Male,White,Divorced,4,184655,10th,Private,Transport-moving,0,0,48,39,0
23,Male,White,Never-married,3,109307,Assoc-voc,Private,Exec-managerial,0,0,40,39,0
32,Male,White,Never-married,1,190228,HS-grad,Private,Other-service,0,0,60,39,0
42,Female,White,Divorced,4,117227,Masters,Local-gov,Prof-specialty,0,0,45,39,0
35,Female,White,Divorced,1,187119,Some-college,Private,Exec-managerial,0,0,70,39,0
33,Male,White,Never-married,3,174201,HS-grad,Private,Handlers-cleaners,0,0,40,39,0
46,Male,White,Married-civ-spouse,0,110171,Some-college,Private,Craft-repair,7688,0,40,39,1
49,Male,White,Married-civ-spouse,0,190115,HS-grad,Private,Sales,0,1672,44,39,0
33,Male,White,Never-married,3,236396,HS-grad,Private,Adm-clerical,0,0,35,39,0
48,Male,White,Married-civ-spouse,0,119565,HS-grad,Private,Craft-repair,0,0,40,39,0
46,Female,Amer-Indian-Eskimo,Divorced,4,363875,Some-college,State-gov,Protective-serv,0,0,40,39,0
51,Male,White,Married-civ-spouse,0,128272,Some-college,Private,Exec-managerial,0,0,40,39,0
27,Male,White,Married-civ-spouse,0,169662,Bachelors,Private,Prof-specialty,0,0,42,39,1
21,Female,Black,Never-married,3,196508,Some-college,Private,Sales,0,0,40,39,0
62,Female,White,Divorced,1,194167,HS-grad,Private,Machine-op-inspct,2174,0,40,39,0
21,Female,White,Never-married,3,155818,HS-grad,Private,Other-service,0,0,20,39,0
32,Male,White,Never-married,1,443546,HS-grad,Self-emp-not-inc,Craft-repair,0,0,40,39,0
22,Male,White,Never-married,1,205839,Some-college,Private,Other-service,0,0,45,39,0
54,Male,White,Married-civ-spouse,0,212960,Bachelors,Private,Sales,0,0,35,39,1
31,Female,White,Divorced,1,200192,HS-grad,Private,Adm-clerical,0,0,40,11,0
23,Female,White,Never-married,3,115244,Bachelors,Local-gov,Prof-specialty,0,0,60,39,0
37,Male,White,Married-civ-spouse,0,181705,Assoc-voc,Private,Craft-repair,0,0,40,39,0
24,Female,White,Never-married,3,209782,Bachelors,Private,Sales,0,0,40,39,0
22,Male,White,Never-married,4,416356,Some-college,Private,Craft-repair,0,0,40,39,0
37,Male,White,Married-civ-spouse,0,588003,Bachelors,Private,Exec-managerial,15024,0,40,39,1
51,Female,Black,Widowed,4,182944,HS-grad,Private,Tech-support,0,0,40,39,0
26,Male,White,Married-civ-spouse,0,250038,Some-college,Private,Adm-clerical,0,0,40,39,1
61,Female,White,Never-married,1,202202,HS-grad,Private,Adm-clerical,0,0,40,39,0
30,Male,White,Divorced,1,31510,Assoc-acdm,Self-emp-not-inc,Craft-repair,0,0,50,39,0
30,Male,White,Married-civ-spouse,0,343789,Some-college,State-gov,Adm-clerical,0,0,40,39,1
24,Male,White,Never-married,1,321435,Bachelors,Private,Adm-clerical,0,0,40,39,0
51,Male,White,Married-civ-spouse,0,159755,Bachelors,Private,Exec-managerial,7688,0,40,39,1
31,Male,White,Divorced,2,117816,7th-8th,Private,Handlers-cleaners,0,0,70,39,0
36,Male,White,Married-civ-spouse,0,186035,Some-college,Self-emp-inc,Sales,0,0,60,39,1
76,Male,White,Widowed,1,225964,Some-college,Self-emp-not-inc,Sales,0,0,8,39,0
50,Female,White,Divorced,1,40623,Some-college,Private,Sales,0,0,40,39,0
53,Male,White,Married-civ-spouse,0,276868,Masters,Federal-gov,Adm-clerical,0,0,40,39,1
32,Male,Asian-Pac-Islander,Married-civ-spouse,0,31740,Masters,Private,Prof-specialty,0,0,40,19,0
35,Male,Amer-Indian-Eskimo,Married-civ-spouse,0,140474,Some-college,Private,Prof-specialty,0,0,40,39,0
20,Male,White,Never-married,3,47678,HS-grad,Private,Craft-repair,0,0,40,39,0
56,Male,White,Married-civ-spouse,0,187295,Bachelors,Private,Prof-specialty,0,0,40,39,1
23,Female,White,Never-married,1,185452,Bachelors,Private,Exec-managerial,0,0,35,2,0
34,Female,White,Separated,1,48014,Bachelors,Private,Exec-managerial,0,0,35,39,0
36,Male,White,Married-civ-spouse,0,251730,Some-college,Self-emp-inc,Protective-serv,0,0,60,39,1
55,Female,Black,Widowed,1,106498,10th,Private,Transport-moving,0,0,35,39,0
30,Male,White,Married-civ-spouse,0,44566,Bachelors,Local-gov,Prof-specialty,0,0,40,39,0
39,Male,White,Married-civ-spouse,0,202027,Prof-school,Self-emp-not-inc,Prof-specialty,0,1977,50,39,1
33,Male,White,Divorced,1,342458,Assoc-acdm,Local-gov,Protective-serv,0,0,56,39,0
28,Female,White,Never-married,1,19395,Some-college,State-gov,Adm-clerical,0,0,38,39,0
34,Male,Asian-Pac-Islander,Divorced,3,90934,Assoc-voc,Local-gov,Protective-serv,0,0,40,39,0
52,Female,White,Married-civ-spouse,5,147876,Bachelors,Private,Sales,15024,0,60,39,1
24,Female,White,Married-civ-spouse,5,413345,Some-college,State-gov,Prof-specialty,0,0,50,39,0
63,Female,Amer-Indian-Eskimo,Widowed,1,445168,Bachelors,Other,Other,0,0,56,39,0
40,Female,White,Divorced,4,55508,7th-8th,Private,Farming-fishing,0,0,40,39,0
51,Male,White,Married-civ-spouse,0,192182,Some-college,Private,Machine-op-inspct,7298,0,40,39,1
43,Male,White,Married-civ-spouse,0,358199,Some-college,Private,Sales,3103,0,40,39,1
23,Male,Black,Never-married,3,185106,HS-grad,Private,Handlers-cleaners,0,0,40,39,0
27,Male,White,Never-married,3,169958,5th-6th,Private,Craft-repair,0,0,40,0,0
46,Female,White,Divorced,1,112320,Bachelors,Self-emp-inc,Exec-managerial,0,0,50,39,0
35,Male,White,Never-married,1,45607,Some-college,Private,Other-service,0,0,40,39,0
37,Male,White,Married-civ-spouse,0,83893,Assoc-voc,Private,Adm-clerical,0,0,40,39,0
38,Male,White,Married-civ-spouse,0,312771,Assoc-voc,Private,Sales,0,0,40,39,1
31,Male,Black,Never-married,1,414525,12th,Private,Farming-fishing,0,0,60,39,0
24,Male,Asian-Pac-Islander,Never-married,1,44075,Bachelors,Federal-gov,Prof-specialty,0,0,40,39,0
25,Male,White,Married-civ-spouse,0,53903,Some-college,Private,Craft-repair,0,0,40,39,0
33,Male,White,Never-married,1,55921,Assoc-voc,Local-gov,Protective-serv,0,0,70,39,0
49,Male,White,Married-civ-spouse,0,177211,Bachelors,Private,Other-service,0,0,40,39,0
37,Male,White,Married-civ-spouse,0,31670,HS-grad,Self-emp-not-inc,Farming-fishing,0,0,60,39,0
22,Female,Black,Never-married,4,232742,Some-college,State-gov,Adm-clerical,0,0,40,39,0
73,Male,White,Married-civ-spouse,0,242769,HS-grad,Private,Machine-op-inspct,3471,0,40,9,0
76,Male,White,Married-civ-spouse,0,191024,Bachelors,Other,Other,0,0,30,39,0
57,Male,Black,Never-married,1,157974,HS-grad,Private,Other-service,0,0,48,39,0
44,Female,White,Married-civ-spouse,5,111502,HS-grad,Private,Sales,0,0,40,39,0
36,Female,Black,Divorced,4,469056,HS-grad,Private,Sales,0,0,25,39,0
35,Male,White,Married-civ-spouse,0,181382,HS-grad,Private,Craft-repair,0,0,43,39,0
18,Female,White,Never-married,3,120029,HS-grad,Private,Other-service,0,0,40,39,0
70,Female,White,Widowed,1,92593,Some-college,Other,Other,0,0,25,39,0
34,Male,White,Married-civ-spouse,0,201122,Some-college,Private,Craft-repair,0,0,48,39,1
26,Male,Black,Never-married,1,187891,HS-grad,Private,Adm-clerical,0,0,40,39,0
34,Male,White,Divorced,1,106014,Some-college,Private,Craft-repair,0,0,60,39,0
36,Female,White,Married-civ-spouse,5,90159,Bachelors,Private,Prof-specialty,0,0,32,39,1
23,Female,White,Never-married,1,325921,Assoc-voc,Private,Prof-specialty,0,0,36,39,0
21,Male,Black,Never-married,3,138816,HS-grad,Private,Handlers-cleaners,0,0,20,39,0
30,Male,White,Married-civ-spouse,0,271710,Bachelors,Private,Sales,7298,0,50,39,1
35,Male,White,Married-civ-spouse,0,89508,Some-college,Self-emp-not-inc,Exec-managerial,3908,0,60,39,0
47,Female,White,Divorced,2,206659,Some-college,Private,Adm-clerical,0,0,40,39,0
46,Male,White,Married-civ-spouse,0,58683,Bachelors,Private,Exec-managerial,15024,0,55,39,1
47,Male,White,Married-civ-spouse,0,34248,HS-grad,Private,Adm-clerical,0,0,38,39,0
28,Male,Black,Divorced,3,430084,HS-grad,Private,Other-service,0,0,35,39,0
46,Male,White,Married-civ-spouse,0,33794,Bachelors,Federal-gov,Tech-support,3103,0,40,39,1
21,Female,White,Never-married,1,351084,HS-grad,Private,Adm-clerical,0,0,40,39,0
17,Female,White,Never-married,1,160118,12th,Private,Sales,0,0,10,0,0
23,Male,White,Never-married,3,329925,Some-college,Private,Handlers-cleaners,0,0,30,39,0
62,Male,White,Married-civ-spouse,0,235521,HS-grad,Other,Other,0,0,48,39,0
58,Male,White,Never-married,2,113398,HS-grad,Private,Other-service,0,0,25,39,0
37,Male,White,Never-married,1,108913,HS-grad,Private,Other-service,0,0,40,39,0
19,Male,White,Never-married,3,93604,7th-8th,Private,Craft-repair,0,1602,32,39,0
39,Male,Black,Separated,1,370585,HS-grad,Private,Machine-op-inspct,0,0,40,39,0
23,Male,White,Never-married,4,194102,Bachelors,Private,Exec-managerial,0,0,40,39,0
23,Female,White,Never-married,3,188545,Assoc-acdm,Private,Adm-clerical,0,1974,20,39,0
39,Male,White,Never-married,1,387430,HS-grad,Private,Other-service,0,0,18,39,0
68,Male,White,Widowed,1,225612,Bachelors,Private,Sales,0,0,35,39,1
42,Male,White,Never-married,1,156526,Some-college,Private,Tech-support,0,0,33,39,0
24,Male,White,Married-civ-spouse,0,293091,HS-grad,Private,Handlers-cleaners,0,0,40,39,0
39,Male,White,Married-civ-spouse,0,42044,11th,Private,Transport-moving,0,0,40,39,0
51,Female,White,Married-civ-spouse,5,63424,Masters,Private,Prof-specialty,0,0,40,39,1
18,Female,Black,Never-married,3,261276,Some-college,Other,Other,0,1602,40,1,0
36,Female,Asian-Pac-Islander,Married-civ-spouse,5,247936,HS-grad,Private,Other-service,0,0,2,36,0
18,Male,White,Never-married,3,173585,11th,Private,Other-service,0,0,15,29,0
27,Male,White,Married-civ-spouse,0,160972,HS-grad,Private,Craft-repair,0,0,50,39,0
18,Female,White,Never-married,1,192583,Some-college,Private,Sales,0,0,30,39,0
17,Female,White,Never-married,3,53367,9th,Private,Other-service,0,0,35,39,0
27,Male,White,Never-married,1,604045,Bachelors,Private,Sales,0,0,40,39,0
27,Male,Black,Never-married,2,211570,11th,Private,Handlers-cleaners,0,0,40,39,0
46,Female,White,Divorced,4,136162,Assoc-voc,Private,Sales,0,0,40,39,0
39,Male,White,Married-civ-spouse,0,65027,Some-college,Private,Transport-moving,0,0,43,39,0
50,Male,White,Married-civ-spouse,0,237819,HS-grad,Private,Transport-moving,0,0,40,39,1
36,Male,White,Married-civ-spouse,0,193855,HS-grad,Private,Craft-repair,0,0,40,39,0
55,Female,White,Separated,1,326297,HS-grad,Private,Adm-clerical,0,0,25,39,0
45,Male,White,Separated,4,142871,Some-college,Self-emp-not-inc,Sales,0,0,50,39,0
19,Female,White,Never-married,3,242941,Some-college,Private,Sales,0,1602,10,39,0
22,Female,White,Never-married,1,50065,Bachelors,Local-gov,Prof-specialty,0,0,35,39,0
31,Female,White,Never-married,1,106437,HS-grad,Private,Adm-clerical,0,0,40,39,0
32,Female,White,Never-married,1,169973,Masters,State-gov,Adm-clerical,0,0,38,39,0
17,Female,White,Never-married,3,197732,11th,Private,Other-service,0,0,12,39,0
45,Male,White,Never-married,3,183804,Some-college,Federal-gov,Adm-clerical,0,0,40,39,0
38,Female,White,Never-married,3,166585,HS-grad,Private,Exec-managerial,0,0,40,39,0
61,Male,White,Divorced,1,137733,Some-college,Private,Other-service,0,0,25,39,0
26,Male,Other,Never-married,1,195105,HS-grad,Private,Sales,0,0,40,39,0
55,Female,White,Divorced,1,109015,Some-college,Private,Adm-clerical,0,0,38,39,0
47,Male,Black,Separated,4,343742,HS-grad,Private,Craft-repair,0,0,40,39,0
22,Male,White,Married-spouse-absent,2,554317,9th,Private,Other-service,0,0,35,26,0
35,Female,White,Divorced,1,144322,Assoc-acdm,Private,Exec-managerial,0,0,50,39,0
19,Male,White,Never-married,3,252292,HS-grad,Other,Other,0,0,40,39,0
51,Female,White,Separated,1,195638,Some-college,Self-emp-inc,Sales,0,0,40,39,0
51,Male,White,Married-civ-spouse,0,128272,9th,Private,Machine-op-inspct,0,0,45,39,0
47,Female,White,Divorced,4,365516,Masters,Private,Prof-specialty,0,0,40,39,0
27,Male,White,Never-married,1,377680,Assoc-voc,Private,Sales,0,0,50,39,0
44,Male,White,Divorced,1,306440,HS-grad,Federal-gov,Craft-repair,0,0,40,39,0
54,Male,White,Married-civ-spouse,0,104748,10th,Self-emp-not-inc,Sales,0,0,65,39,0
58,Female,White,Divorced,1,150560,Bachelors,Private,Adm-clerical,14084,0,40,39,1
56,Female,Black,Never-married,1,32604,Some-college,Other,Other,0,0,40,39,0
64,Male,White,Never-married,2,50442,9th,Local-gov,Adm-clerical,0,0,40,39,0
24,Male,White,Married-civ-spouse,0,611029,10th,Private,Handlers-cleaners,0,0,40,39,0
42,Male,White,Married-civ-spouse,0,139126,Some-college,Private,Tech-support,0,0,40,39,1
39,Male,White,Married-civ-spouse,0,209609,HS-grad,Federal-gov,Adm-clerical,0,0,50,39,0
53,Male,White,Married-civ-spouse,0,197054,Masters,Local-gov,Prof-specialty,0,0,40,39,1
43,Male,White,Married-civ-spouse,0,60949,HS-grad,State-gov,Craft-repair,0,0,40,39,0
41,Female,White,Divorced,1,180572,Bachelors,Private,Prof-specialty,0,0,50,39,1
40,Male,White,Married-civ-spouse,0,55363,HS-grad,Local-gov,Transport-moving,0,0,40,39,0
47,Male,White,Married-civ-spouse,3,118506,Bachelors,Self-emp-not-inc,Exec-managerial,0,0,60,39,0
25,Male,White,Never-married,3,391192,Assoc-voc,Private,Craft-repair,0,0,40,39,0
26,Female,Black,Separated,4,149734,HS-grad,Private,Craft-repair,0,1594,40,39,0
40,Female,White,Divorced,4,175686,Some-college,Private,Adm-clerical,0,0,40,39,0
20,Female,White,Never-married,3,216811,Some-college,Private,Sales,0,0,40,39,0
31,Male,White,Married-civ-spouse,0,174201,Assoc-acdm,Private,Exec-managerial,0,0,40,39,0
33,Male,White,Married-civ-spouse,0,205469,Some-college,Private,Exec-managerial,0,0,40,39,1
22,Female,White,Never-married,1,61850,HS-grad,Private,Other-service,0,0,40,39,0
41,Male,White,Married-civ-spouse,0,149909,Bachelors,Private,Sales,7688,0,50,39,1
33,Male,White,Never-married,1,226267,7th-8th,Private,Sales,0,0,43,26,0
60,Male,White,Married-civ-spouse,0,139391,HS-grad,Other,Other,0,0,42,39,0
38,Female,White,Divorced,1,125550,HS-grad,Private,Adm-clerical,0,0,35,39,0
17,Male,White,Never-married,3,116626,11th,Private,Handlers-cleaners,0,1719,18,39,0
47,Male,White,Married-civ-spouse,0,254367,Some-college,Private,Exec-managerial,0,0,50,39,1
68,Female,White,Widowed,1,124686,7th-8th,Private,Machine-op-inspct,0,0,10,39,0
31,Male,Amer-Indian-Eskimo,Never-married,3,99483,HS-grad,Other,Other,0,0,40,39,0
54,Male,White,Married-civ-spouse,0,129972,Assoc-voc,Local-gov,Protective-serv,0,0,38,39,1
61,Male,White,Married-civ-spouse,0,160625,Bachelors,Other,Other,4386,0,15,39,1
23,Male,White,Married-civ-spouse,0,218678,11th,Local-gov,Handlers-cleaners,0,0,40,39,0
20,Male,White,Never-married,3,113511,11th,Private,Transport-moving,0,0,40,39,0
44,Male,White,Married-civ-spouse,0,85440,HS-grad,Private,Adm-clerical,0,0,45,39,0
38,Female,White,Married-civ-spouse,5,199346,Some-college,Self-emp-inc,Exec-managerial,0,0,45,39,0
24,Female,Black,Never-married,4,241951,HS-grad,Private,Handlers-cleaners,0,0,40,39,0
47,Male,White,Married-civ-spouse,0,199058,Bachelors,Private,Prof-specialty,0,0,60,39,1
28,Male,White,Married-civ-spouse,0,297735,Some-college,Private,Machine-op-inspct,0,0,40,39,1
56,Male,White,Married-civ-spouse,0,94156,Prof-school,Self-emp-not-inc,Prof-specialty,0,1977,50,39,1
31,Male,Asian-Pac-Islander,Married-spouse-absent,1,137367,11th,Private,Handlers-cleaners,0,0,40,19,0
31,Male,White,Married-civ-spouse,0,159187,Some-college,Private,Craft-repair,0,0,40,39,1
28,Male,White,Married-civ-spouse,0,113870,Bachelors,Self-emp-inc,Exec-managerial,0,0,60,39,1
40,Female,White,Never-married,1,222011,Masters,Private,Prof-specialty,0,0,45,39,1
19,Female,White,Divorced,3,106306,Some-college,Private,Other-service,0,0,40,39,0
30,Male,White,Married-spouse-absent,2,342709,HS-grad,Private,Craft-repair,0,0,40,39,0
27,Male,White,Married-civ-spouse,0,279960,HS-grad,Private,Sales,0,0,40,39,0
21,Female,Asian-Pac-Islander,Never-married,3,96483,Some-college,State-gov,Adm-clerical,0,0,12,39,0
47,Male,White,Married-civ-spouse,0,128796,HS-grad,Private,Craft-repair,0,0,40,39,1
34,Male,White,Never-married,1,127651,10th,Private,Farming-fishing,0,0,44,0,0
78,Male,White,Married-civ-spouse,0,91534,Bachelors,Other,Other,0,0,3,39,0
55,Male,White,Married-civ-spouse,0,176904,HS-grad,Federal-gov,Exec-managerial,0,0,40,39,0
39,Male,White,Married-civ-spouse,0,239755,Prof-school,Self-emp-inc,Prof-specialty,0,1902,50,39,1
23,Male,White,Married-civ-spouse,0,188409,11th,Private,Transport-moving,4508,0,25,39,0
32,Female,White,Never-married,3,117779,HS-grad,Private,Transport-moving,0,0,35,39,0
34,Female,White,Never-married,1,182714,Bachelors,Self-emp-not-inc,Prof-specialty,0,0,55,39,1
30,Female,Black,Married-civ-spouse,5,337908,Assoc-acdm,Private,Adm-clerical,0,0,20,39,0
31,Male,White,Married-civ-spouse,0,195750,1st-4th,Private,Prof-specialty,0,0,45,39,0
45,Male,White,Married-civ-spouse,0,34091,Bachelors,Self-emp-inc,Exec-managerial,0,0,38,39,1
17,Female,White,Never-married,3,256173,10th,Other,Other,0,0,15,39,0
36,Male,White,Never-married,4,128382,Some-college,Private,Machine-op-inspct,0,0,45,39,0
52,Male,White,Married-civ-spouse,0,334273,Assoc-acdm,State-gov,Sales,0,0,40,39,1
49,Male,White,Never-married,1,71195,Masters,Private,Prof-specialty,0,0,60,39,0
45,Male,White,Married-civ-spouse,0,155659,Bachelors,Private,Prof-specialty,0,0,60,39,1
43,Female,White,Married-civ-spouse,5,345789,Bachelors,Private,Prof-specialty,15024,0,50,39,1
25,Female,White,Never-married,1,255474,Bachelors,Private,Adm-clerical,0,0,40,39,0
43,Male,White,Married-civ-spouse,0,173316,Some-college,Private,Craft-repair,0,0,40,39,0
46,Male,White,Married-civ-spouse,0,157117,HS-grad,Self-emp-not-inc,Transport-moving,0,0,40,39,0
27,Female,Black,Never-married,2,209292,HS-grad,Private,Sales,0,0,32,6,0
29,Female,Black,Married-spouse-absent,1,37933,12th,Private,Other-service,0,0,40,39,0
64,Male,White,Divorced,1,142166,Bachelors,Self-emp-inc,Sales,0,0,45,39,0
19,Male,White,Never-married,3,194095,Some-college,Other,Other,0,0,40,39,0
60,Female,White,Divorced,4,165441,7th-8th,Private,Machine-op-inspct,0,0,40,39,0
59,Male,White,Never-married,1,157305,Preschool,Private,Machine-op-inspct,0,0,40,6,0
38,Male,White,Married-civ-spouse,0,245372,Some-college,Self-emp-not-inc,Prof-specialty,3137,0,50,39,0
23,Female,White,Never-married,1,203240,Some-college,Private,Other-service,0,0,40,39,0
22,Female,White,Married-spouse-absent,3,184975,HS-grad,Private,Other-service,0,0,3,39,0
28,Male,White,Married-civ-spouse,0,192200,Bachelors,Private,Prof-specialty,0,0,40,0,0
53,Male,White,Married-civ-spouse,0,90127,Some-college,Federal-gov,Protective-serv,0,0,60,39,1
31,Male,White,Married-civ-spouse,0,294870,Assoc-acdm,Federal-gov,Craft-repair,0,0,40,39,0
26,Male,White,Married-civ-spouse,0,177482,Assoc-acdm,Local-gov,Protective-serv,0,0,45,39,1
40,Male,White,Married-civ-spouse,0,362482,Assoc-voc,Private,Sales,0,0,50,39,0
21,Male,White,Never-married,3,596776,Some-college,Local-gov,Adm-clerical,0,0,40,13,0
19,Male,Black,Never-married,3,56424,12th,State-gov,Transport-moving,0,0,20,39,0
26,Male,White,Never-married,1,102264,Some-college,Private,Craft-repair,0,0,40,39,0
42,Male,White,Married-civ-spouse,0,313945,Masters,Private,Sales,0,0,40,7,0
50,Male,Asian-Pac-Islander,Divorced,4,21095,Some-college,Private,Other-service,0,0,40,30,0
63,Female,White,Widowed,1,134699,HS-grad,Private,Prof-specialty,0,0,25,39,0
42,Male,White,Married-civ-spouse,0,148316,Assoc-voc,State-gov,Protective-serv,0,0,40,39,1
44,Female,Asian-Pac-Islander,Never-married,1,297991,Assoc-acdm,Private,Exec-managerial,0,0,50,39,0
60,Male,White,Married-civ-spouse,0,39952,9th,Private,Machine-op-inspct,2228,0,37,39,0
35,Female,White,Divorced,4,175614,Assoc-voc,Private,Prof-specialty,0,0,40,39,1
21,Female,White,Never-married,3,363192,Assoc-voc,Private,Other-service,0,0,40,39,0
44,Male,White,Never-married,1,177240,Prof-school,Local-gov,Prof-specialty,10520,0,40,39,1
42,Male,White,Married-civ-spouse,0,193494,HS-grad,Private,Machine-op-inspct,0,0,40,39,1
35,Male,White,Divorced,1,114605,HS-grad,Private,Handlers-cleaners,0,0,25,39,0
52,Female,Black,Separated,1,153751,9th,Private,Other-service,0,0,30,39,0
22,Female,Asian-Pac-Islander,Married-spouse-absent,3,227994,Some-college,Private,Adm-clerical,0,0,39,39,0
50,Male,White,Married-civ-spouse,0,167728,Doctorate,Self-emp-not-inc,Prof-specialty,0,0,60,39,1
26,Female,White,Widowed,1,67257,Bachelors,Private,Exec-managerial,0,0,55,39,0
51,Male,Amer-Indian-Eskimo,Married-civ-spouse,0,101722,7th-8th,Private,Exec-managerial,3908,0,47,39,0
36,Male,White,Married-civ-spouse,0,269722,Bachelors,Private,Exec-managerial,0,0,55,39,1
43,Male,White,Divorced,1,188436,Assoc-voc,Private,Prof-specialty,0,0,48,39,0
32,Female,White,Married-civ-spouse,5,402089,Bachelors,Private,Adm-clerical,0,0,2,39,0
31,Male,White,Married-civ-spouse,0,191834,Some-college,Private,Craft-repair,0,0,40,39,1
33,Female,White,Divorced,4,323069,Assoc-voc,Private,Other-service,0,0,40,39,0
30,Male,White,Married-civ-spouse,0,321990,Some-college,Federal-gov,Adm-clerical,7298,0,48,5,1
27,Male,White,Married-civ-spouse,0,119793,Bachelors,Private,Craft-repair,0,0,40,39,0
18,Male,White,Never-married,3,187240,11th,Private,Handlers-cleaners,0,0,18,39,0
38,Female,White,Separated,1,43770,Some-college,Private,Other-service,4650,0,72,39,0
36,Male,White,Divorced,1,208358,Prof-school,Private,Prof-specialty,99999,0,45,39,1
27,Female,Black,Never-married,1,218184,Some-college,Private,Adm-clerical,0,0,40,23,0
57,Male,White,Divorced,4,329792,7th-8th,Private,Transport-moving,0,0,75,39,0
22,Male,White,Married-spouse-absent,1,410439,HS-grad,Private,Sales,0,0,55,39,0
34,Female,White,Never-married,1,441454,HS-grad,Private,Sales,0,0,24,39,0
62,Male,White,Married-civ-spouse,0,123992,HS-grad,Other,Other,0,0,40,39,0
38,Female,White,Never-married,1,220421,Bachelors,State-gov,Exec-managerial,0,0,40,39,0
58,Male,White,Married-civ-spouse,0,193434,HS-grad,Self-emp-not-inc,Craft-repair,0,0,20,39,0
38,Female,Black,Never-married,1,179117,Assoc-acdm,Private,Machine-op-inspct,10520,0,50,39,1
27,Male,White,Never-married,3,120126,9th,Self-emp-inc,Craft-repair,0,0,40,39,0
47,Male,White,Married-civ-spouse,0,107231,Assoc-acdm,Self-emp-not-inc,Craft-repair,0,1672,65,39,0
36,Male,White,Married-civ-spouse,0,172129,9th,Private,Handlers-cleaners,0,0,40,39,0
31,Female,White,Married-spouse-absent,1,139753,Bachelors,Private,Adm-clerical,0,0,40,39,0
37,Male,Other,Married-spouse-absent,4,410913,HS-grad,Private,Farming-fishing,0,0,40,26,0
18,Male,White,Never-married,3,125441,11th,Private,Other-service,1055,0,20,39,0
20,Female,White,Never-married,3,113200,Some-college,Private,Handlers-cleaners,0,0,6,39,0
20,Male,White,Never-married,3,219211,Some-college,Private,Other-service,0,0,20,39,0
32,Male,White,Married-civ-spouse,0,192565,11th,Private,Exec-managerial,0,0,55,39,0
78,Male,White,Married-civ-spouse,0,184759,7th-8th,Private,Handlers-cleaners,1797,0,15,39,0
18,Female,Black,Never-married,3,256191,HS-grad,Other,Other,0,0,25,39,0
24,Female,White,Never-married,1,113515,HS-grad,Private,Exec-managerial,0,0,40,39,0
43,Male,White,Married-civ-spouse,0,77370,HS-grad,Federal-gov,Transport-moving,0,0,40,39,0
50,Male,White,Married-civ-spouse,0,268553,HS-grad,Private,Transport-moving,7298,0,40,39,1
23,Male,White,Never-married,1,96585,HS-grad,Private,Handlers-cleaners,0,0,30,39,0
28,Male,White,Married-civ-spouse,0,96226,HS-grad,Private,Craft-repair,0,0,45,39,0
24,Male,White,Never-married,1,145111,HS-grad,Private,Machine-op-inspct,0,0,45,39,0
60,Female,White,Divorced,1,182687,Assoc-acdm,Private,Other-service,0,0,40,39,0
23,Male,Black,Never-married,3,529223,Bachelors,Private,Sales,0,0,10,39,0
46,Male,White,Divorced,1,73541,10th,Private,Craft-repair,0,0,40,39,0
29,Male,Black,Never-married,3,262478,HS-grad,Private,Farming-fishing,0,0,30,39,0
61,Male,White,Married-civ-spouse,0,36671,HS-grad,Self-emp-not-inc,Farming-fishing,0,2352,50,39,0
55,Male,White,Married-civ-spouse,0,35340,Some-college,Self-emp-not-inc,Craft-repair,0,0,50,39,0
56,Male,White,Married-civ-spouse,0,140558,HS-grad,Self-emp-not-inc,Sales,0,0,40,39,0
36,Male,White,Married-civ-spouse,0,153976,HS-grad,Self-emp-not-inc,Transport-moving,0,0,50,39,0
53,Male,White,Married-civ-spouse,0,165745,HS-grad,Private,Craft-repair,0,0,40,39,0
29,Male,White,Married-civ-spouse,0,54932,HS-grad,Private,Machine-op-inspct,0,0,40,39,0
23,Male,White,Never-married,1,287988,Bachelors,Local-gov,Prof-specialty,0,0,40,39,0
43,Male,White,Married-civ-spouse,0,34007,HS-grad,Private,Craft-repair,0,0,40,39,1
37,Male,Black,Separated,1,173192,Assoc-voc,Federal-gov,Adm-clerical,0,0,40,39,0
34,Male,White,Never-married,1,219619,HS-grad,Private,Handlers-cleaners,0,0,40,39,0
38,Male,White,Separated,1,85244,Bachelors,Private,Craft-repair,0,0,40,39,0
36,Female,White,Divorced,4,229180,Some-college,Private,Craft-repair,0,0,40,5,0
57,Male,White,Married-civ-spouse,0,190997,Bachelors,Private,Exec-managerial,0,0,50,39,1
43,Female,Black,Widowed,4,198330,Masters,Private,Prof-specialty,0,0,37,39,0
23,Female,White,Never-married,3,117606,Bachelors,Private,Exec-managerial,0,0,60,39,0
59,Male,White,Married-civ-spouse,0,372020,Bachelors,Other,Other,0,0,40,39,1
29,Male,Black,Never-married,3,253593,HS-grad,Private,Craft-repair,0,0,40,39,0
25,Male,White,Never-married,3,191921,Some-college,Private,Transport-moving,0,0,40,39,0
56,Female,White,Divorced,1,67662,Masters,State-gov,Prof-specialty,0,0,39,39,0
47,Female,White,Separated,4,177087,Some-college,Private,Adm-clerical,0,0,50,39,1
30,Male,Black,Never-married,3,278522,11th,Self-emp-not-inc,Farming-fishing,0,0,40,39,0
52,Male,White,Married-civ-spouse,0,74024,Masters,Private,Prof-specialty,0,0,45,39,1
27,Male,White,Never-married,3,278122,HS-grad,Private,Transport-moving,0,0,40,39,0
37,Female,Black,Married-civ-spouse,5,171090,9th,Private,Machine-op-inspct,0,0,48,39,0
32,Male,White,Never-married,1,286675,Some-college,Private,Exec-managerial,0,0,60,39,0
26,Male,White,Married-civ-spouse,0,180886,Masters,State-gov,Prof-specialty,0,0,30,39,0
46,Male,White,Married-civ-spouse,0,43348,Prof-school,Self-emp-not-inc,Exec-managerial,15024,0,55,39,1
27,Male,White,Never-married,3,55390,Some-college,Private,Farming-fishing,0,0,45,39,0
30,Male,Black,Never-married,1,201624,Bachelors,Private,Prof-specialty,0,0,45,0,0
22,Male,White,Never-married,3,151991,Some-college,State-gov,Tech-support,0,0,20,39,0
40,Male,White,Divorced,1,91836,HS-grad,Private,Craft-repair,0,0,45,39,0
55,Male,White,Married-civ-spouse,0,320835,Bachelors,Private,Sales,0,0,50,39,1
25,Male,White,Never-married,3,123095,Some-college,Private,Adm-clerical,0,1590,40,39,0
29,Male,White,Married-civ-spouse,0,164607,HS-grad,Self-emp-not-inc,Craft-repair,0,0,40,39,0
58,Male,White,Married-civ-spouse,0,177368,HS-grad,Private,Craft-repair,0,0,40,39,1
50,Male,White,Married-civ-spouse,0,24185,Bachelors,State-gov,Exec-managerial,0,0,38,39,1
53,Male,White,Married-civ-spouse,0,144361,HS-grad,Private,Machine-op-inspct,0,0,38,39,0
24,Male,White,Married-civ-spouse,0,23438,HS-grad,Private,Craft-repair,0,0,40,39,0
41,Female,White,Married-civ-spouse,5,299813,9th,Self-emp-inc,Sales,0,0,70,6,0
45,Male,White,Married-civ-spouse,0,146857,Bachelors,Private,Exec-managerial,0,0,38,39,1
50,Male,White,Married-civ-spouse,0,93730,10th,Private,Transport-moving,0,0,60,39,0
38,Male,White,Married-civ-spouse,0,204501,Bachelors,Private,Exec-managerial,0,0,55,39,1
45,Female,White,Never-married,1,178922,9th,Private,Other-service,0,0,15,39,0
22,Male,Asian-Pac-Islander,Never-married,1,359759,Some-college,Private,Sales,0,0,20,30,0
26,Male,White,Never-married,4,247025,HS-grad,Private,Protective-serv,0,0,44,39,0
67,Male,White,Married-civ-spouse,0,81413,HS-grad,Self-emp-inc,Transport-moving,0,0,40,39,0
64,Female,White,Widowed,1,169917,7th-8th,Other,Other,0,0,4,39,0
45,Female,Black,Divorced,4,125933,Some-college,Local-gov,Adm-clerical,0,0,40,39,0
55,Male,White,Married-civ-spouse,0,248841,Masters,Self-emp-not-inc,Prof-specialty,0,1977,40,39,1
41,Female,White,Never-married,1,185057,Assoc-voc,Private,Craft-repair,0,0,40,0,0
43,Male,White,Married-civ-spouse,0,265266,HS-grad,Private,Craft-repair,0,0,40,39,0
55,Female,White,Divorced,1,168625,Some-college,Self-emp-not-inc,Tech-support,0,0,12,39,1
55,Male,Black,Never-married,2,254516,9th,Private,Handlers-cleaners,0,0,37,39,0
53,Male,White,Married-civ-spouse,0,64322,HS-grad,Private,Exec-managerial,0,0,40,39,0
30,Male,White,Married-civ-spouse,0,191385,11th,Private,Machine-op-inspct,0,0,40,39,0
43,Female,White,Divorced,4,160815,Assoc-voc,Private,Prof-specialty,0,0,40,39,0
25,Male,White,Never-married,1,185952,Masters,Private,Prof-specialty,0,0,30,39,0
61,Female,White,Widowed,1,668362,1st-4th,Private,Handlers-cleaners,0,0,40,39,0
38,Male,White,Married-civ-spouse,0,368140,Bachelors,Private,Exec-managerial,0,0,50,39,1
37,Male,White,Married-civ-spouse,0,93225,Some-college,Federal-gov,Adm-clerical,7688,0,40,39,1
56,Male,White,Married-civ-spouse,0,345730,Bachelors,Private,Prof-specialty,0,0,45,39,1
19,Male,White,Never-married,4,104830,7th-8th,Private,Transport-moving,0,0,25,13,0
18,Male,White,Never-married,3,78567,Some-college,Other,Other,0,0,30,39,0
58,Male,White,Married-civ-spouse,0,32855,HS-grad,Local-gov,Transport-moving,0,0,48,39,0
20,Male,White,Never-married,3,79691,HS-grad,Private,Machine-op-inspct,0,0,40,39,0
49,Male,White,Divorced,1,134797,Some-college,Private,Adm-clerical,0,0,40,39,0
39,Male,White,Divorced,1,188540,HS-grad,Private,Exec-managerial,0,0,45,39,0
18,Female,White,Never-married,3,118847,12th,Private,Sales,0,0,20,39,0
19,Male,White,Never-married,2,311974,1st-4th,Private,Machine-op-inspct,0,0,40,26,0
50,Male,White,Married-civ-spouse,0,400004,Some-college,Private,Sales,0,0,60,39,0
25,Female,White,Divorced,1,27411,Bachelors,Private,Sales,0,0,40,39,0
40,Male,White,Never-married,1,169031,HS-grad,Private,Farming-fishing,0,0,40,39,0
42,Male,White,Married-civ-spouse,0,118947,Bachelors,Private,Exec-managerial,0,0,40,39,1
67,Male,White,Divorced,1,105252,Some-college,Private,Adm-clerical,7978,0,35,39,0
44,Male,White,Married-civ-spouse,0,321824,HS-grad,State-gov,Protective-serv,0,0,38,39,0
40,Female,White,Married-civ-spouse,5,284303,Some-college,Private,Exec-managerial,7688,0,40,39,1
58,Male,White,Never-married,1,53481,Masters,Local-gov,Prof-specialty,0,0,35,39,0
37,Male,White,Never-married,1,154641,HS-grad,Self-emp-not-inc,Farming-fishing,0,0,86,39,0
48,Male,White,Divorced,1,232145,HS-grad,Private,Machine-op-inspct,0,0,40,39,0
48,Male,Black,Married-civ-spouse,0,182566,Bachelors,Private,Sales,0,0,40,39,1
25,Male,White,Married-spouse-absent,1,126797,HS-grad,Other,Other,0,0,40,39,0
31,Male,White,Divorced,1,133861,Assoc-voc,Self-emp-inc,Sales,0,0,40,39,0
64,Male,White,Married-civ-spouse,0,21174,HS-grad,Private,Exec-managerial,0,0,40,39,1
62,Male,White,Married-civ-spouse,0,173601,Bachelors,Private,Machine-op-inspct,0,0,40,39,0
23,Male,White,Never-married,3,197918,Some-college,Local-gov,Protective-serv,0,0,40,39,1
34,Male,Amer-Indian-Eskimo,Never-married,1,22641,HS-grad,Local-gov,Protective-serv,0,0,40,39,0
25,Male,White,Married-civ-spouse,0,390316,9th,Private,Craft-repair,0,0,40,26,0
33,Male,White,Divorced,1,33404,HS-grad,Self-emp-not-inc,Craft-repair,0,0,65,39,1
36,Female,White,Divorced,4,749105,HS-grad,Private,Other-service,0,0,36,39,0
28,Female,White,Divorced,1,138332,Doctorate,Local-gov,Prof-specialty,0,0,40,39,0
43,Male,White,Married-civ-spouse,0,75993,Some-college,Private,Sales,7688,0,40,39,1
42,Male,White,Married-civ-spouse,0,255847,HS-grad,Local-gov,Transport-moving,0,0,40,39,0
47,Male,White,Married-civ-spouse,0,102359,Bachelors,Self-emp-not-inc,Exec-managerial,0,0,30,39,0
23,Female,Black,Never-married,3,213719,Assoc-acdm,Private,Sales,0,0,36,39,0
48,Male,White,Divorced,1,247043,HS-grad,Federal-gov,Adm-clerical,0,0,40,39,0
58,Female,White,Married-civ-spouse,5,223400,Bachelors,State-gov,Prof-specialty,0,0,20,39,1
22,Male,White,Never-married,1,192017,HS-grad,Private,Prof-specialty,0,0,40,39,0
28,Male,White,Married-civ-spouse,0,218039,HS-grad,Private,Craft-repair,0,0,40,39,0
33,Male,White,Married-civ-spouse,0,162572,Bachelors,Private,Prof-specialty,99999,0,40,39,1
29,Male,White,Never-married,4,263855,12th,Private,Craft-repair,0,0,40,39,0
34,Female,White,Separated,3,93834,HS-grad,Other,Other,0,0,8,39,0
34,Male,White,Married-civ-spouse,0,167781,HS-grad,Private,Other-service,0,0,50,39,0
66,Male,White,Married-civ-spouse,0,166461,11th,Private,Sales,0,0,26,39,0
41,Female,Black,Divorced,4,144947,Bachelors,Private,Exec-managerial,0,0,40,39,0
26,Male,White,Married-civ-spouse,0,34965,Some-college,State-gov,Exec-managerial,0,0,12,39,0
59,Male,White,Married-civ-spouse,0,303176,Some-college,State-gov,Exec-managerial,0,2179,40,39,0
28,Female,White,Never-married,1,309196,Bachelors,Private,Protective-serv,0,0,40,39,0
24,Female,White,Never-married,1,191269,Bachelors,State-gov,Adm-clerical,0,0,65,39,0
20,Male,White,Never-married,3,217467,Some-college,Private,Craft-repair,0,0,40,39,0
68,Male,White,Widowed,1,144761,HS-grad,Local-gov,Protective-serv,0,1668,20,39,0
42,Male,White,Divorced,1,70655,HS-grad,Local-gov,Farming-fishing,0,0,40,39,0
41,Male,White,Married-civ-spouse,0,192107,Bachelors,Private,Craft-repair,0,0,40,39,0
42,Female,White,Married-civ-spouse,5,156580,Some-college,Private,Machine-op-inspct,0,0,37,39,1
19,Female,Black,Never-married,3,62534,Bachelors,Other,Other,0,0,40,23,0
43,Male,White,Married-civ-spouse,0,287008,Masters,Federal-gov,Protective-serv,0,0,35,39,1
68,Female,Black,Never-married,4,170182,Some-college,Other,Other,0,0,40,39,0
48,Male,White,Married-civ-spouse,0,373366,1st-4th,Private,Farming-fishing,3781,0,50,26,0
21,Female,White,Never-married,3,134746,Some-college,Other,Other,0,0,35,39,0
37,Male,White,Married-civ-spouse,0,197429,HS-grad,Private,Handlers-cleaners,0,0,45,39,1
27,Male,Asian-Pac-Islander,Never-married,2,330466,Bachelors,Private,Tech-support,0,0,40,39,0
20,Male,White,Never-married,3,130840,HS-grad,Private,Craft-repair,0,0,20,39,0
67,Male,White,Married-civ-spouse,0,174995,Some-college,Other,Other,0,2457,40,39,0
24,Female,White,Never-married,1,174461,Bachelors,Private,Sales,0,0,50,39,0
43,Female,Black,Never-married,1,219424,Bachelors,Private,Exec-managerial,0,0,50,39,1
55,Male,White,Married-civ-spouse,0,463072,Bachelors,Private,Prof-specialty,0,0,60,39,1
37,Male,White,Married-civ-spouse,0,185359,HS-grad,Private,Adm-clerical,0,0,40,39,0
32,Male,Asian-Pac-Islander,Married-civ-spouse,0,193260,Some-college,Private,Machine-op-inspct,0,0,40,30,0
29,Male,White,Never-married,1,293073,Bachelors,Private,Sales,0,0,50,39,1
25,Female,White,Separated,4,144483,HS-grad,Private,Exec-managerial,0,0,40,39,0
45,Male,White,Married-civ-spouse,0,199590,Some-college,Local-gov,Craft-repair,0,1887,40,26,1
19,Male,White,Never-married,4,231962,HS-grad,Private,Other-service,0,0,40,39,0
59,Male,Black,Never-married,1,114678,HS-grad,Private,Craft-repair,0,0,60,39,0
31,Female,Black,Never-married,4,163890,Some-college,Other,Other,0,0,40,39,0
36,Male,White,Married-civ-spouse,0,123151,11th,Private,Craft-repair,0,0,60,39,0
42,Male,White,Married-civ-spouse,0,172307,HS-grad,Federal-gov,Adm-clerical,0,0,48,39,1
46,Male,White,Married-civ-spouse,0,216164,HS-grad,Private,Handlers-cleaners,0,0,40,39,0
34,Male,White,Married-civ-spouse,0,134737,Assoc-voc,Private,Machine-op-inspct,0,0,40,39,0
52,Male,White,Married-civ-spouse,0,101119,11th,State-gov,Transport-moving,0,0,40,39,0
22,Male,Black,Never-married,3,181773,HS-grad,Private,Transport-moving,0,0,40,39,0
53,Female,White,Divorced,1,216691,Doctorate,Local-gov,Prof-specialty,10520,0,40,39,1
17,Male,White,Never-married,3,95446,10th,Private,Other-service,0,0,15,39,0
19,Male,White,Never-married,3,574271,Some-college,Private,Sales,0,0,35,39,0
20,Male,White,Never-married,3,190227,Masters,Private,Exec-managerial,0,0,25,39,0
50,Male,White,Married-civ-spouse,0,94391,Assoc-voc,Private,Craft-repair,0,0,50,39,1
41,Female,White,Married-civ-spouse,5,197919,HS-grad,Private,Adm-clerical,0,0,60,39,0
33,Male,Black,Married-civ-spouse,0,295621,Bachelors,Self-emp-not-inc,Prof-specialty,0,0,25,39,1
56,Female,White,Married-civ-spouse,5,219762,HS-grad,Private,Sales,0,0,35,39,0
34,Male,White,Married-civ-spouse,0,30673,Masters,Private,Prof-specialty,0,0,55,39,0
28,Male,White,Never-married,3,119793,Some-college,Private,Adm-clerical,0,0,40,39,0
43,Male,White,Divorced,3,355728,HS-grad,Private,Machine-op-inspct,0,0,40,39,0
71,Female,White,Widowed,1,116165,Some-college,Other,Other,0,0,14,2,0
40,Male,White,Never-married,1,694812,Some-college,Private,Craft-repair,0,0,40,39,0
27,Male,White,Never-married,3,185127,Assoc-voc,Private,Exec-managerial,0,0,40,39,0
64,Male,Black,Married-civ-spouse,0,180247,7th-8th,Private,Craft-repair,0,0,40,39,0
30,Male,White,Married-civ-spouse,0,235639,10th,Private,Craft-repair,0,0,40,39,0
50,Male,White,Married-civ-spouse,0,33304,HS-grad,Private,Craft-repair,0,0,40,39,1
66,Male,White,Married-civ-spouse,0,174995,Assoc-acdm,Self-emp-not-inc,Craft-repair,2290,0,30,18,0
44,Male,Black,Never-married,1,160323,HS-grad,Private,Craft-repair,0,0,40,39,0
21,Male,White,Never-married,2,166851,HS-grad,Private,Machine-op-inspct,0,0,40,39,0
48,Male,White,Divorced,3,148738,Some-college,State-gov,Other-service,0,0,40,39,0
47,Male,White,Married-civ-spouse,0,431245,7th-8th,Private,Craft-repair,0,0,40,39,0
45,Female,White,Married-civ-spouse,5,26522,Some-college,Private,Adm-clerical,0,1902,35,39,1
44,Male,Black,Married-civ-spouse,0,203943,Bachelors,Private,Exec-managerial,0,0,35,39,1
23,Male,White,Never-married,4,217961,HS-grad,Private,Craft-repair,0,0,45,28,0
44,Male,White,Married-civ-spouse,0,187821,Bachelors,Private,Transport-moving,0,0,55,39,0
29,Female,White,Never-married,3,135296,Assoc-voc,Private,Adm-clerical,0,0,40,39,0
26,Male,Asian-Pac-Islander,Never-married,1,147719,Bachelors,State-gov,Prof-specialty,0,0,20,19,0
32,Male,White,Married-civ-spouse,0,168387,Masters,Local-gov,Prof-specialty,0,0,50,39,0
25,Female,White,Never-married,1,37379,Bachelors,Private,Tech-support,0,0,50,39,0
33,Male,White,Married-civ-spouse,0,34574,HS-grad,Private,Transport-moving,0,0,43,39,0
26,Male,White,Married-civ-spouse,0,88449,HS-grad,Private,Craft-repair,0,0,36,39,0
52,Male,White,Married-spouse-absent,2,248113,Preschool,Other,Other,0,0,40,26,0
58,Male,White,Divorced,1,212864,HS-grad,Private,Handlers-cleaners,0,0,40,39,0
52,Male,White,Married-spouse-absent,2,188644,5th-6th,Private,Craft-repair,0,0,40,26,0
35,Female,White,Never-married,1,342824,HS-grad,Private,Tech-support,1151,0,40,39,0
49,Male,White,Divorced,1,50282,Some-college,Private,Machine-op-inspct,3325,0,45,39,0
61,Female,White,Widowed,4,197311,Masters,Federal-gov,Prof-specialty,0,0,40,39,0
46,Female,White,Divorced,4,121370,HS-grad,Local-gov,Adm-clerical,0,0,30,39,0
29,Male,White,Never-married,4,158218,HS-grad,Private,Farming-fishing,0,0,35,39,0
36,Male,White,Divorced,1,213008,HS-grad,Private,Farming-fishing,0,0,40,39,0
35,Male,White,Never-married,1,204527,Masters,Private,Craft-repair,0,0,50,39,1
42,Male,White,Married-civ-spouse,0,223548,7th-8th,Private,Handlers-cleaners,0,0,30,26,0
29,Male,White,Never-married,1,405083,HS-grad,Self-emp-not-inc,Sales,0,0,40,39,0
39,Male,White,Married-civ-spouse,0,33983,Some-college,Private,Adm-clerical,15024,0,40,39,1
57,Male,White,Married-civ-spouse,0,300104,HS-grad,Private,Craft-repair,0,0,84,39,1
33,Male,White,Never-married,1,178449,Some-college,Private,Adm-clerical,0,0,49,39,0
46,Male,White,Married-civ-spouse,0,57452,Assoc-voc,Self-emp-not-inc,Craft-repair,0,0,40,39,1
37,Female,White,Never-married,1,161111,Bachelors,Private,Sales,0,0,40,39,0
26,Male,Black,Never-married,3,106705,HS-grad,Private,Handlers-cleaners,0,0,28,39,0
65,Male,White,Divorced,4,325089,10th,Federal-gov,Craft-repair,0,0,40,39,0
20,Female,White,Never-married,3,179423,Some-college,Private,Transport-moving,0,0,40,39,0
42,Male,White,Never-married,3,89413,12th,Private,Farming-fishing,0,0,40,39,0
19,Female,White,Never-married,3,292583,HS-grad,Private,Other-service,0,0,30,39,0
25,Female,White,Never-married,3,332702,Assoc-voc,Private,Other-service,0,0,15,39,0
33,Female,White,Married-civ-spouse,5,195488,HS-grad,Private,Adm-clerical,0,0,52,39,0
37,Male,Black,Never-married,1,103408,HS-grad,Private,Farming-fishing,0,0,40,39,0
22,Female,Black,Never-married,3,321031,HS-grad,Private,Sales,0,0,40,39,0
65,Male,White,Married-civ-spouse,0,149131,Bachelors,Other,Other,0,0,40,22,1
33,Male,White,Married-civ-spouse,0,156015,Assoc-voc,Local-gov,Tech-support,0,0,40,39,0
35,Male,White,Married-civ-spouse,0,241306,Assoc-voc,Private,Tech-support,0,0,40,39,1
18,Female,White,Never-married,3,180039,12th,Private,Sales,0,0,20,39,0
60,Male,White,Married-civ-spouse,0,235535,HS-grad,Self-emp-not-inc,Exec-managerial,0,0,48,39,0
46,Male,White,Married-civ-spouse,0,106092,HS-grad,Private,Exec-managerial,0,0,45,39,1
81,Male,White,Widowed,4,201398,Masters,Private,Prof-specialty,0,0,60,0,0
48,Female,White,Married-civ-spouse,5,313925,Assoc-acdm,Private,Prof-specialty,0,0,30,39,1
23,Male,White,Never-married,3,335570,Some-college,Private,Handlers-cleaners,0,0,35,39,0
24,Male,Black,Separated,1,165350,HS-grad,Other,Other,0,0,50,11,0
38,Female,White,Never-married,1,81965,Assoc-voc,Private,Tech-support,0,0,40,39,0
21,Female,Black,Never-married,4,212780,12th,Local-gov,Handlers-cleaners,0,0,20,39,0
35,Female,White,Married-civ-spouse,5,401930,HS-grad,Private,Adm-clerical,0,1887,42,39,1
30,Male,White,Never-married,1,158291,Bachelors,State-gov,Adm-clerical,0,0,40,39,0
45,Male,White,Married-civ-spouse,0,259323,Some-college,Private,Craft-repair,0,0,40,39,0
36,Male,White,Married-civ-spouse,0,186035,11th,Private,Craft-repair,5178,0,40,39,1
32,Male,White,Married-civ-spouse,0,42900,Prof-school,Federal-gov,Prof-specialty,15024,0,50,39,1
48,Female,Black,Separated,4,167967,HS-grad,Private,Machine-op-inspct,0,0,40,39,0
23,Male,White,Never-married,1,306868,Bachelors,Self-emp-inc,Farming-fishing,0,0,40,39,0
21,Female,White,Never-married,3,262062,Some-college,Other,Other,0,0,40,39,0
33,Male,White,Never-married,3,203488,Some-college,Private,Exec-managerial,0,0,45,39,0
37,Female,Black,Separated,4,242713,12th,Private,Priv-house-serv,0,0,40,39,0
90,Female,Black,Divorced,4,139660,Some-college,Private,Sales,0,0,37,39,0
18,Female,White,Never-married,3,343059,Some-college,Private,Sales,0,0,40,39,0
41,Female,White,Married-civ-spouse,5,213019,Assoc-voc,Private,Tech-support,0,0,38,39,1
24,Female,Other,Married-spouse-absent,4,132327,Some-college,Private,Sales,0,0,30,7,0
32,Male,White,Married-civ-spouse,0,115066,HS-grad,Federal-gov,Tech-support,0,0,40,39,0
31,Male,White,Married-civ-spouse,0,117028,HS-grad,Private,Machine-op-inspct,0,0,40,39,0
30,Male,Asian-Pac-Islander,Married-civ-spouse,0,173858,Some-college,Self-emp-inc,Exec-managerial,0,1902,40,35,1
20,Male,White,Never-married,4,53878,HS-grad,Private,Craft-repair,0,0,40,39,0
32,Male,Black,Never-married,3,321313,Masters,Private,Sales,0,0,40,39,0
53,Male,White,Divorced,1,152373,Some-college,Private,Craft-repair,0,0,48,39,1
37,Female,Black,Never-married,4,215476,HS-grad,Private,Handlers-cleaners,0,0,30,39,0
43,Female,Black,Married-civ-spouse,5,92374,Masters,Local-gov,Prof-specialty,0,0,35,39,1
22,Male,White,Married-civ-spouse,0,60331,Some-college,Private,Other-service,0,0,35,39,0
54,Female,White,Never-married,2,244770,HS-grad,Private,Adm-clerical,0,0,40,39,0
56,Male,Asian-Pac-Islander,Married-civ-spouse,0,91262,HS-grad,Private,Transport-moving,0,0,45,39,0
34,Male,White,Married-civ-spouse,0,309513,HS-grad,Private,Machine-op-inspct,0,0,40,39,0
20,Male,White,Never-married,3,174714,HS-grad,Private,Handlers-cleaners,0,0,40,39,0
39,Female,White,Divorced,4,481060,HS-grad,Private,Sales,0,0,40,39,0
19,Female,White,Never-married,3,208656,Some-college,Private,Adm-clerical,594,0,20,39,0
42,Female,White,Divorced,1,44121,Masters,Private,Prof-specialty,0,1876,40,39,0
45,Male,White,Married-civ-spouse,0,129336,Masters,Private,Adm-clerical,0,0,45,39,1
37,Male,White,Married-civ-spouse,0,186035,Some-college,Local-gov,Tech-support,0,0,45,39,1
33,Male,Asian-Pac-Islander,Never-married,4,289886,HS-grad,Self-emp-inc,Other-service,0,0,40,40,0
37,Male,White,Married-civ-spouse,0,35309,HS-grad,Private,Craft-repair,0,0,40,39,0
50,Male,White,Married-civ-spouse,0,177896,HS-grad,Private,Craft-repair,0,0,50,39,0
21,Male,White,Never-married,1,322144,Some-college,Private,Other-service,0,0,40,39,0
49,Female,White,Married-civ-spouse,5,113913,HS-grad,Other,Other,0,0,60,39,0
30,Female,White,Never-married,1,96287,Masters,Private,Prof-specialty,0,0,45,39,0
46,Female,White,Divorced,4,207946,Masters,Local-gov,Prof-specialty,0,0,43,39,0
44,Female,White,Married-spouse-absent,4,239723,Some-college,Private,Craft-repair,1506,0,45,39,0
38,Male,Black,Married-civ-spouse,0,233194,HS-grad,Private,Sales,0,0,40,39,1
34,Male,White,Married-civ-spouse,0,386370,Some-college,Private,Craft-repair,0,0,50,39,0
64,Male,White,Married-civ-spouse,0,59145,Doctorate,Self-emp-inc,Exec-managerial,0,1902,60,39,1
58,Male,White,Married-civ-spouse,0,236596,HS-grad,Private,Adm-clerical,0,0,45,39,1
37,Male,White,Married-civ-spouse,0,176967,Some-college,Private,Craft-repair,0,0,50,39,1
51,Female,White,Widowed,1,74784,Some-college,Local-gov,Adm-clerical,0,0,40,39,0
40,Male,White,Married-civ-spouse,0,55363,HS-grad,Self-emp-not-inc,Craft-repair,3411,0,40,39,0
23,Female,Black,Never-married,1,263886,Some-college,Private,Sales,0,0,20,39,0
39,Female,Black,Married-civ-spouse,5,147500,HS-grad,Private,Prof-specialty,0,0,40,39,0
48,Male,White,Married-civ-spouse,0,33669,Some-college,Private,Transport-moving,0,0,60,39,0
53,Male,Black,Married-civ-spouse,0,549341,Bachelors,Local-gov,Prof-specialty,0,0,35,39,0
40,Male,White,Married-civ-spouse,0,280167,Masters,Federal-gov,Prof-specialty,0,0,40,39,1
33,Male,White,Married-civ-spouse,0,267859,Some-college,Local-gov,Protective-serv,0,0,40,39,0
66,Female,Other,Widowed,1,206560,HS-grad,Other,Other,0,0,35,33,0
33,Female,White,Never-married,1,137059,Some-college,Federal-gov,Other-service,0,0,10,39,0
73,Male,White,Married-civ-spouse,0,349347,7th-8th,Private,Handlers-cleaners,0,0,25,39,0
50,Female,White,Divorced,1,188186,Masters,Private,Sales,0,1590,45,39,0
36,Male,White,Married-civ-spouse,0,166606,HS-grad,State-gov,Protective-serv,0,0,40,39,0
20,Male,Black,Never-married,3,291407,11th,Private,Handlers-cleaners,0,0,40,39,0
42,Female,White,Divorced,1,318947,HS-grad,Private,Machine-op-inspct,0,0,40,39,0
50,Male,White,Married-civ-spouse,0,132716,HS-grad,Private,Transport-moving,0,0,40,39,1
35,Male,White,Married-civ-spouse,0,140854,HS-grad,Self-emp-not-inc,Craft-repair,0,0,40,39,0
39,Male,White,Divorced,1,188038,Some-college,Private,Handlers-cleaners,0,0,40,39,0
28,Male,White,Never-married,3,339002,HS-grad,Private,Transport-moving,0,0,20,39,0
47,Male,White,Married-civ-spouse,0,201865,HS-grad,Private,Transport-moving,0,0,40,39,0
34,Female,White,Married-civ-spouse,5,170276,Bachelors,Other,Other,0,0,10,39,1
54,Female,White,Divorced,1,185936,9th,Other,Other,0,0,15,39,0
54,Male,White,Married-civ-spouse,0,53833,HS-grad,Private,Machine-op-inspct,0,0,40,39,1
38,Male,White,Married-civ-spouse,0,227945,Masters,Private,Prof-specialty,99999,0,65,39,1
36,Female,White,Divorced,4,75826,Bachelors,Private,Adm-clerical,0,0,40,39,0
48,Male,White,Married-civ-spouse,0,36020,Bachelors,Self-emp-inc,Exec-managerial,0,0,50,39,1
49,Female,White,Never-married,1,82572,Some-college,Private,Other-service,0,0,60,39,0
37,Male,Asian-Pac-Islander,Married-civ-spouse,0,185061,Some-college,Private,Exec-managerial,0,0,55,39,0
46,Male,White,Married-civ-spouse,0,273629,Masters,Private,Exec-managerial,0,0,40,39,1
23,Male,Black,Never-married,3,138892,HS-grad,Private,Machine-op-inspct,0,0,40,39,0
20,Male,White,Never-married,3,214635,Some-college,Other,Other,0,0,24,39,0
28,Female,White,Never-married,1,120135,Assoc-voc,Private,Sales,0,0,40,39,0
56,Female,White,Divorced,4,151474,9th,Private,Sales,0,0,40,39,0
43,Female,Black,Divorced,4,114043,Some-college,Private,Adm-clerical,0,0,40,39,0
41,Female,Black,Separated,4,174491,HS-grad,Local-gov,Other-service,0,0,40,39,0
43,Male,White,Married-civ-spouse,0,110970,Bachelors,Private,Prof-specialty,0,1902,40,39,1
38,Female,White,Never-married,3,162322,Assoc-voc,Private,Tech-support,0,0,40,39,0
42,Male,White,Married-civ-spouse,0,195096,HS-grad,Private,Sales,4064,0,40,39,0
39,Male,White,Never-married,3,135020,HS-grad,Private,Transport-moving,0,0,40,39,0
19,Male,White,Never-married,3,175820,11th,Private,Handlers-cleaners,0,0,25,39,0
37,Male,White,Married-civ-spouse,0,38948,HS-grad,Private,Transport-moving,0,0,50,39,0
23,Female,White,Never-married,1,346480,HS-grad,Private,Adm-clerical,0,0,50,39,0
28,Female,White,Separated,2,369114,HS-grad,Private,Sales,0,0,40,39,0
35,Male,White,Never-married,1,154410,HS-grad,Private,Handlers-cleaners,0,0,40,39,0
19,Male,White,Never-married,2,256979,HS-grad,Private,Craft-repair,0,0,35,39,0
45,Male,White,Divorced,1,67544,Masters,State-gov,Protective-serv,0,0,50,39,0
29,Female,White,Never-married,1,152461,Bachelors,Local-gov,Tech-support,0,0,42,39,0
38,Female,White,Divorced,4,238397,Bachelors,Private,Priv-house-serv,0,0,24,39,0
26,Male,White,Separated,1,214069,HS-grad,Private,Farming-fishing,0,0,40,39,0
28,Male,Asian-Pac-Islander,Married-civ-spouse,0,27956,Prof-school,Private,Prof-specialty,0,0,99,30,0
28,Male,White,Married-civ-spouse,0,87239,Some-college,Private,Exec-managerial,0,0,50,39,1
38,Female,Black,Divorced,4,318610,Some-college,Private,Adm-clerical,0,0,40,39,0
50,Male,White,Divorced,3,172942,Some-college,Private,Other-service,0,0,28,39,0
53,Male,Black,Married-civ-spouse,0,152657,10th,Private,Craft-repair,0,0,40,39,0
44,Male,White,Married-civ-spouse,0,174373,Assoc-acdm,Private,Craft-repair,0,0,40,39,1
33,Female,White,Separated,3,256529,HS-grad,Local-gov,Other-service,0,0,80,39,0
20,Male,White,Never-married,1,241951,HS-grad,Private,Handlers-cleaners,0,0,45,39,0
30,Male,White,Never-married,1,27153,HS-grad,Private,Handlers-cleaners,0,0,50,39,0
40,Male,White,Divorced,1,116632,HS-grad,Private,Sales,0,0,60,39,1
64,Male,White,Married-civ-spouse,0,181408,Assoc-voc,Self-emp-inc,Craft-repair,0,0,10,39,0
40,Male,White,Married-civ-spouse,0,144995,Assoc-voc,Private,Tech-support,4386,0,40,39,0
64,Male,White,Divorced,1,106538,Masters,Self-emp-not-inc,Prof-specialty,0,0,50,39,0
28,Male,White,Never-married,1,110981,Some-college,Private,Other-service,0,0,40,39,0
53,Male,White,Married-civ-spouse,0,103586,Bachelors,Private,Handlers-cleaners,0,0,55,39,0
39,Male,Black,Married-civ-spouse,0,432555,HS-grad,Federal-gov,Adm-clerical,0,1628,40,39,0
29,Female,White,Never-married,3,342989,HS-grad,Private,Adm-clerical,0,0,40,39,0
27,Male,White,Never-married,3,192257,HS-grad,State-gov,Protective-serv,2174,0,40,39,0
61,Male,White,Married-civ-spouse,0,40269,Some-college,Private,Sales,0,0,40,39,1
69,Male,White,Married-civ-spouse,0,141181,5th-6th,Private,Adm-clerical,1797,0,40,39,0
19,Male,White,Never-married,3,216804,7th-8th,Private,Other-service,0,0,33,39,0
32,Female,Black,Never-married,4,200469,Some-college,State-gov,Protective-serv,3887,0,40,39,0
51,Female,White,Married-civ-spouse,5,155118,Masters,Local-gov,Prof-specialty,0,0,70,39,1
36,Male,Black,Married-spouse-absent,4,389850,HS-grad,Other,Other,0,0,50,39,0
22,Male,White,Never-married,1,464103,1st-4th,Private,Craft-repair,0,0,40,13,0
38,Male,White,Married-civ-spouse,0,252250,Assoc-acdm,Local-gov,Protective-serv,0,0,56,39,1
41,Male,Black,Never-married,1,225978,Bachelors,Private,Prof-specialty,0,0,40,39,0
29,Female,Black,Never-married,4,285290,11th,Private,Other-service,0,0,40,39,0
23,Female,White,Never-married,1,71864,Some-college,Private,Exec-managerial,0,0,35,39,0
37,Male,White,Married-civ-spouse,0,112554,HS-grad,Private,Sales,0,0,45,39,0
49,Male,White,Married-civ-spouse,0,362654,Some-college,Self-emp-inc,Exec-managerial,15024,0,50,39,1
22,Male,White,Never-married,1,305466,HS-grad,Private,Handlers-cleaners,0,0,40,39,0
53,Female,White,Divorced,1,117496,9th,Private,Other-service,0,0,36,2,0
49,Male,White,Never-married,1,43348,Doctorate,Self-emp-not-inc,Prof-specialty,99999,0,70,39,1
65,Female,White,Widowed,4,274916,HS-grad,Private,Sales,0,0,40,39,0
60,Female,White,Widowed,1,349898,HS-grad,Private,Other-service,0,0,44,39,0
39,Male,White,Married-civ-spouse,0,153976,Masters,Local-gov,Prof-specialty,0,0,40,39,1
37,Male,Asian-Pac-Islander,Never-married,2,163392,HS-grad,Private,Transport-moving,0,0,40,0,0
46,Female,White,Never-married,1,83082,Assoc-acdm,Private,Prof-specialty,0,0,33,39,0
39,Male,White,Married-civ-spouse,0,99146,Bachelors,Federal-gov,Protective-serv,0,1887,60,39,1
41,Male,White,Married-civ-spouse,0,439919,5th-6th,Private,Farming-fishing,3411,0,40,26,0
37,Male,White,Divorced,1,245372,Bachelors,Self-emp-not-inc,Tech-support,0,0,15,39,0
39,Male,White,Divorced,1,198097,Bachelors,Private,Exec-managerial,0,0,50,39,0
46,Male,Black,Married-civ-spouse,0,55377,Bachelors,State-gov,Prof-specialty,0,0,40,39,1
23,Female,White,Married-civ-spouse,5,207415,Assoc-acdm,Private,Sales,0,0,25,39,0
51,Male,White,Never-married,1,165614,Masters,Private,Prof-specialty,0,0,55,39,1
39,Female,White,Married-civ-spouse,5,125550,HS-grad,Private,Adm-clerical,0,0,40,39,1
20,Male,White,Married-civ-spouse,0,95918,9th,Private,Machine-op-inspct,0,0,40,39,0
23,Male,White,Married-spouse-absent,1,155919,9th,Private,Craft-repair,0,0,40,26,0
46,Male,White,Married-civ-spouse,0,114160,Masters,Local-gov,Exec-managerial,0,1902,45,39,1
49,Female,Asian-Pac-Islander,Never-married,4,176341,Bachelors,Private,Tech-support,0,0,40,19,0
22,Male,White,Never-married,1,235853,9th,Private,Sales,0,0,40,39,0
48,Male,White,Divorced,1,118023,Prof-school,Private,Sales,0,0,13,39,0
52,Male,White,Married-civ-spouse,0,235307,Bachelors,Private,Prof-specialty,0,0,40,39,1
56,Male,White,Married-civ-spouse,0,142182,Assoc-voc,Private,Craft-repair,0,0,45,39,1
51,Male,White,Married-civ-spouse,0,293196,Some-college,Federal-gov,Prof-specialty,0,0,40,39,1
41,Male,White,Married-civ-spouse,0,294270,9th,Private,Transport-moving,0,0,35,39,0
56,Male,White,Married-civ-spouse,0,192869,Masters,Private,Craft-repair,0,1977,44,39,1
24,Male,White,Married-civ-spouse,2,282604,Some-college,Private,Protective-serv,0,0,24,39,0
44,Female,White,Married-civ-spouse,2,328561,Assoc-voc,Private,Adm-clerical,0,0,20,39,0
49,Male,White,Married-civ-spouse,0,40666,Some-college,Private,Farming-fishing,0,0,50,39,0
47,Male,White,Married-civ-spouse,0,207540,7th-8th,Self-emp-inc,Craft-repair,0,0,40,0,0
36,Female,Black,Married-civ-spouse,5,383518,Some-college,Private,Adm-clerical,99999,0,40,39,1
19,Male,White,Never-married,3,178147,HS-grad,Private,Sales,0,0,35,39,0
53,Female,White,Widowed,1,53812,Some-college,Private,Exec-managerial,0,0,54,39,0
32,Male,White,Married-civ-spouse,0,156464,HS-grad,Private,Craft-repair,0,0,40,39,0
58,Male,White,Widowed,4,275859,HS-grad,Private,Craft-repair,8614,0,52,26,1
38,Female,Asian-Pac-Islander,Divorced,4,173047,Bachelors,Private,Adm-clerical,0,213,40,30,0
23,Male,Black,Never-married,3,181557,HS-grad,Private,Other-service,0,0,25,39,0
48,Female,Black,Divorced,4,144397,Some-college,Other,Other,0,0,30,39,0
37,Male,White,Married-civ-spouse,0,348739,Prof-school,Self-emp-not-inc,Prof-specialty,0,0,50,39,1
33,Male,White,Married-civ-spouse,0,296538,HS-grad,Private,Sales,0,0,45,39,1
50,Male,White,Married-civ-spouse,0,145166,Masters,Local-gov,Prof-specialty,7298,0,40,39,1
61,Male,White,Married-civ-spouse,0,202106,HS-grad,Other,Other,0,1902,40,39,1
59,Male,White,Married-civ-spouse,0,104216,Prof-school,Self-emp-not-inc,Sales,0,0,25,39,0
30,Male,Black,Never-married,1,293512,Assoc-voc,Private,Prof-specialty,0,0,40,39,0
23,Female,White,Married-civ-spouse,2,201682,Bachelors,Private,Adm-clerical,0,0,40,39,0
40,Male,White,Married-civ-spouse,0,311534,HS-grad,Private,Handlers-cleaners,0,0,40,39,1
48,Male,Black,Married-civ-spouse,0,493862,HS-grad,Local-gov,Exec-managerial,7298,0,38,39,1
50,Female,Asian-Pac-Islander,Divorced,1,64667,HS-grad,Self-emp-not-inc,Prof-specialty,0,0,60,40,0
21,Female,White,Never-married,1,145389,Some-college,Private,Prof-specialty,0,0,25,39,0
33,Female,White,Married-civ-spouse,5,403468,HS-grad,Private,Machine-op-inspct,0,0,40,26,0
41,Male,White,Married-civ-spouse,0,168071,Bachelors,Private,Exec-managerial,7298,0,50,39,1
19,Male,White,Never-married,1,236396,11th,Private,Handlers-cleaners,0,0,40,39,0
60,Female,Black,Divorced,1,291904,10th,Private,Other-service,0,0,40,39,0
25,Female,White,Never-married,3,297531,Bachelors,Private,Sales,0,0,40,39,0
49,Male,White,Married-civ-spouse,0,125892,Bachelors,Federal-gov,Exec-managerial,0,0,40,39,1
50,Female,White,Married-civ-spouse,5,127151,Masters,Self-emp-not-inc,Prof-specialty,0,0,40,2,1
55,Male,White,Married-civ-spouse,0,31905,Masters,Private,Exec-managerial,0,1977,40,39,1
38,Male,White,Married-civ-spouse,0,100316,Bachelors,Self-emp-not-inc,Craft-repair,0,0,35,39,0
27,Female,White,Never-married,1,142621,Bachelors,State-gov,Prof-specialty,4101,0,40,39,0
35,Female,White,Never-married,1,356238,Assoc-acdm,Private,Other-service,0,0,80,39,1
21,Male,White,Never-married,3,190227,Some-college,Private,Adm-clerical,0,0,40,39,0
50,Male,White,Divorced,1,177705,Bachelors,Private,Other-service,0,0,40,39,0
18,Female,Asian-Pac-Islander,Never-married,3,51574,HS-grad,Other,Other,0,1602,38,39,0
48,Male,White,Married-civ-spouse,0,328610,Prof-school,Local-gov,Prof-specialty,0,0,45,39,1
34,Female,Asian-Pac-Islander,Never-married,1,143582,Some-college,Private,Adm-clerical,0,0,35,24,0
43,Female,White,Married-civ-spouse,5,208277,Masters,Private,Prof-specialty,0,0,45,39,1
43,Female,White,Never-married,1,336643,HS-grad,Private,Exec-managerial,0,0,50,39,0
25,Female,White,Married-civ-spouse,5,136450,Assoc-acdm,Self-emp-not-inc,Adm-clerical,0,0,35,39,1
65,Male,White,Divorced,1,183170,HS-grad,Private,Other-service,0,0,25,39,0
33,Male,White,Married-civ-spouse,0,327902,HS-grad,Self-emp-not-inc,Transport-moving,0,0,45,39,0
37,Female,Black,Never-married,4,252939,Assoc-voc,State-gov,Prof-specialty,5455,0,40,39,0
27,Male,White,Never-married,3,30244,HS-grad,Self-emp-not-inc,Farming-fishing,0,0,80,39,0
46,Male,Black,Married-civ-spouse,0,192894,7th-8th,Private,Farming-fishing,0,0,30,39,0
35,Male,White,Married-civ-spouse,0,128876,7th-8th,Self-emp-not-inc,Farming-fishing,0,0,40,39,0
24,Female,White,Never-married,3,190457,Some-college,Private,Adm-clerical,0,0,40,39,0
33,Male,White,Married-civ-spouse,0,400943,Masters,State-gov,Prof-specialty,0,0,50,39,1
28,Female,White,Never-married,4,76129,HS-grad,Private,Machine-op-inspct,0,0,40,13,0
56,Male,Black,Married-civ-spouse,0,343849,Some-college,Private,Transport-moving,0,0,40,39,0
51,Female,White,Divorced,1,103407,HS-grad,Private,Adm-clerical,0,0,40,39,0
31,Male,White,Married-civ-spouse,0,400535,Some-college,Private,Adm-clerical,0,0,40,39,0
25,Male,White,Married-civ-spouse,0,130302,HS-grad,Private,Machine-op-inspct,0,0,40,39,0
39,Female,White,Divorced,4,172718,HS-grad,Private,Adm-clerical,0,0,40,39,0
29,Female,Asian-Pac-Islander,Never-married,3,163003,Bachelors,Private,Adm-clerical,2202,0,40,36,0
27,Female,White,Never-married,3,167501,Bachelors,Private,Exec-managerial,0,0,40,39,0
31,Male,White,Never-married,1,189759,HS-grad,Private,Farming-fishing,0,2001,40,39,0
20,Female,White,Never-married,3,201766,Some-college,Other,Other,0,0,35,39,0
35,Male,White,Married-civ-spouse,0,61343,Some-college,Private,Sales,0,0,45,39,0
42,Male,White,Married-civ-spouse,0,378384,Prof-school,Private,Prof-specialty,0,1902,60,39,1
43,Male,White,Married-civ-spouse,0,150533,HS-grad,Self-emp-inc,Sales,0,0,68,39,1
41,Male,White,Married-civ-spouse,0,118853,Some-college,Private,Sales,0,0,40,39,0
64,Female,White,Divorced,1,102103,HS-grad,Private,Priv-house-serv,0,0,50,39,0
52,Male,White,Separated,4,303462,Some-college,State-gov,Protective-serv,0,0,40,39,0
24,Female,White,Married-civ-spouse,5,119704,HS-grad,Private,Adm-clerical,0,0,40,39,0
41,Male,Black,Separated,1,124639,Some-college,Private,Craft-repair,0,0,40,39,0
29,Female,White,Married-civ-spouse,1,189282,HS-grad,Other,Other,0,0,27,39,0
66,Female,Black,Widowed,4,38621,Assoc-voc,Federal-gov,Other-service,3273,0,40,39,0
23,Male,White,Never-married,1,230824,Bachelors,Private,Prof-specialty,0,0,40,39,0
37,Female,White,Divorced,4,131463,10th,Private,Other-service,0,0,33,39,0
21,Female,White,Never-married,1,231573,Some-college,Private,Other-service,0,0,40,39,0
28,Female,White,Married-spouse-absent,4,179759,Some-college,Local-gov,Adm-clerical,0,0,40,39,0
41,Male,Asian-Pac-Islander,Married-spouse-absent,1,79797,HS-grad,Private,Prof-specialty,0,0,40,24,1
37,Male,White,Never-married,1,220585,HS-grad,Private,Adm-clerical,0,0,40,39,0
45,Male,White,Married-civ-spouse,0,259463,Assoc-voc,Private,Prof-specialty,0,0,40,39,1
19,Female,White,Never-married,3,158343,Some-college,Private,Tech-support,0,0,40,0,0
46,Male,White,Married-civ-spouse,0,28419,Prof-school,Private,Prof-specialty,99999,0,50,39,1
49,Female,White,Never-married,1,38563,Bachelors,Private,Exec-managerial,0,0,56,39,1
38,Male,White,Divorced,4,102350,Some-college,Private,Craft-repair,0,0,40,39,0
38,Female,White,Married-spouse-absent,4,289148,HS-grad,Private,Craft-repair,0,0,40,39,0
64,Male,White,Married-civ-spouse,0,159938,HS-grad,Self-emp-not-inc,Craft-repair,2635,0,24,22,0
69,Male,White,Married-civ-spouse,0,34339,HS-grad,State-gov,Protective-serv,0,0,40,39,0
42,Male,White,Married-civ-spouse,0,193882,Some-college,Private,Prof-specialty,0,0,40,39,1
23,Male,White,Married-civ-spouse,2,197387,5th-6th,Private,Transport-moving,0,0,40,26,0
32,Male,White,Married-civ-spouse,0,443546,HS-grad,State-gov,Protective-serv,0,0,45,39,0
58,Male,Black,Married-civ-spouse,0,311409,Masters,Local-gov,Prof-specialty,7688,0,30,39,1
22,Male,White,Married-civ-spouse,0,496025,Some-college,Private,Machine-op-inspct,0,0,40,26,0
56,Male,White,Married-civ-spouse,0,286487,HS-grad,Private,Craft-repair,2885,0,45,39,0
33,Female,Black,Divorced,1,376483,Some-college,Private,Adm-clerical,0,0,40,39,0
66,Male,White,Married-civ-spouse,0,31362,Some-college,Other,Other,0,0,20,39,0
35,Male,White,Married-civ-spouse,0,216035,HS-grad,State-gov,Protective-serv,0,0,40,39,0
46,Male,White,Married-civ-spouse,0,70754,Bachelors,Private,Prof-specialty,0,0,40,39,1
33,Male,White,Divorced,1,150570,HS-grad,State-gov,Adm-clerical,0,0,40,39,0
42,Male,White,Married-civ-spouse,0,29702,10th,Private,Machine-op-inspct,0,0,40,39,0
41,Female,White,Never-married,1,107276,Assoc-voc,Private,Prof-specialty,0,0,45,39,0
61,Male,White,Married-civ-spouse,0,716416,Some-college,Private,Sales,0,0,44,39,1
22,Male,White,Never-married,3,119838,Some-college,State-gov,Other-service,0,0,10,39,0
25,Male,White,Never-married,1,193379,Assoc-acdm,Private,Craft-repair,0,0,45,39,0
37,Male,White,Married-civ-spouse,0,203828,9th,Private,Craft-repair,0,0,40,39,0
27,Male,White,Married-civ-spouse,0,190391,Some-college,Private,Exec-managerial,0,0,40,39,0
19,Male,White,Never-married,3,261259,HS-grad,Private,Handlers-cleaners,0,0,20,39,0
41,Male,White,Married-civ-spouse,0,428499,11th,Private,Craft-repair,0,1485,50,39,1
64,Male,White,Never-married,1,253759,HS-grad,Private,Exec-managerial,0,0,3,39,0
39,Female,White,Divorced,3,98587,Some-college,Local-gov,Prof-specialty,0,0,45,39,0
58,Male,White,Married-civ-spouse,0,35551,Bachelors,Self-emp-not-inc,Exec-managerial,0,0,70,39,1
84,Female,White,Widowed,1,188328,HS-grad,Private,Prof-specialty,0,0,16,39,0
47,Female,White,Divorced,4,119199,Some-college,Federal-gov,Adm-clerical,0,0,40,39,0
37,Male,White,Married-civ-spouse,0,164898,Some-college,Private,Craft-repair,0,0,52,39,0
71,Male,White,Married-civ-spouse,0,108390,Some-college,Other,Other,3432,0,20,39,0
38,Female,White,Never-married,4,229180,Bachelors,Private,Exec-managerial,0,0,40,5,0
53,Male,White,Married-civ-spouse,0,200190,Masters,Local-gov,Prof-specialty,0,1977,55,39,1
52,Female,White,Widowed,1,255927,Some-college,Local-gov,Adm-clerical,0,0,24,39,0
38,Female,Black,Never-married,3,47707,HS-grad,Federal-gov,Adm-clerical,0,0,40,39,0
51,Male,White,Married-civ-spouse,0,152596,HS-grad,Private,Protective-serv,0,0,40,39,0
44,Male,White,Married-civ-spouse,0,150755,Bachelors,State-gov,Adm-clerical,5013,0,40,39,0
29,Female,White,Never-married,2,192283,Some-college,Private,Other-service,0,0,20,39,0
45,Female,Black,Divorced,2,166636,HS-grad,Private,Other-service,0,0,35,39,0
43,Male,White,Married-civ-spouse,0,168071,HS-grad,Private,Exec-managerial,0,0,44,39,0
30,Male,White,Never-married,3,207668,Some-college,Private,Sales,0,0,30,39,0
35,Female,White,Divorced,4,194490,HS-grad,Private,Adm-clerical,0,0,38,39,0
49,Male,White,Married-civ-spouse,0,165152,HS-grad,Private,Sales,0,0,48,39,1
43,Male,White,Divorced,4,78765,Some-college,State-gov,Exec-managerial,0,0,40,39,0
32,Female,White,Married-civ-spouse,5,101352,Some-college,Private,Tech-support,0,0,32,39,1
30,Female,White,Married-spouse-absent,4,118056,Some-college,Private,Exec-managerial,0,0,45,39,0
46,Male,White,Married-civ-spouse,0,389843,Bachelors,Private,Sales,0,0,50,11,1
62,Female,White,Widowed,1,197218,HS-grad,Local-gov,Other-service,0,0,18,39,0
64,Male,White,Married-civ-spouse,0,212838,HS-grad,Private,Sales,0,0,65,39,1
23,Female,Black,Never-married,3,175424,Some-college,Private,Adm-clerical,0,0,40,39,0
48,Female,White,Divorced,4,183486,Assoc-voc,State-gov,Prof-specialty,0,0,56,39,1
25,Female,White,Never-married,4,204219,HS-grad,Private,Adm-clerical,0,0,40,26,0
37,Male,White,Married-spouse-absent,2,405644,1st-4th,Private,Farming-fishing,0,0,77,26,0
28,Female,White,Divorced,4,410450,Bachelors,Private,Other-service,0,0,48,9,1
29,Female,White,Separated,4,338270,HS-grad,Private,Adm-clerical,0,0,40,39,0
20,Male,White,Never-married,3,444554,10th,Private,Handlers-cleaners,0,0,40,39,0
31,Male,White,Divorced,1,54929,Some-college,Private,Craft-repair,0,0,60,39,0
55,Female,White,Separated,1,164332,HS-grad,Private,Other-service,0,0,16,39,0
21,Male,Asian-Pac-Islander,Never-married,2,123983,Some-college,Other,Other,0,0,10,40,0
19,Female,White,Never-married,3,174478,HS-grad,Private,Other-service,0,0,40,39,0
17,Male,White,Never-married,3,186677,11th,Private,Handlers-cleaners,0,0,12,39,0
42,Male,White,Married-civ-spouse,0,185145,Some-college,Private,Transport-moving,0,0,57,39,0
46,Male,White,Married-civ-spouse,0,130779,Some-college,Private,Adm-clerical,0,0,40,39,0
47,Male,White,Never-married,1,178686,Assoc-voc,Private,Other-service,0,0,40,39,0
47,Female,White,Divorced,4,116279,HS-grad,Private,Craft-repair,0,0,43,39,0
55,Male,White,Married-civ-spouse,0,189528,7th-8th,Private,Craft-repair,0,0,60,39,0
20,Male,White,Never-married,3,203992,HS-grad,Other,Other,0,0,40,39,0
51,Male,White,Married-civ-spouse,0,82783,HS-grad,Private,Craft-repair,0,0,40,39,0
26,Male,White,Never-married,3,53209,HS-grad,Private,Other-service,0,0,40,39,0
55,Male,White,Never-married,1,116442,HS-grad,Private,Sales,0,0,38,39,0
40,Male,White,Married-civ-spouse,0,84136,HS-grad,Private,Craft-repair,0,0,25,39,0
27,Female,White,Married-spouse-absent,4,253814,HS-grad,Private,Sales,0,0,25,39,0
47,Female,White,Divorced,4,71221,HS-grad,Private,Machine-op-inspct,0,0,60,39,0
47,Male,White,Married-civ-spouse,0,30457,Assoc-voc,Private,Other-service,0,0,40,39,0
29,Male,White,Married-civ-spouse,0,319149,12th,Private,Transport-moving,0,0,40,26,0
44,Female,White,Married-civ-spouse,5,168845,HS-grad,Self-emp-inc,Sales,0,0,60,39,0
20,Male,White,Never-married,3,432376,Some-college,Other,Other,0,0,40,11,0
24,Female,White,Never-married,1,241185,HS-grad,Private,Sales,0,0,48,39,0
31,Female,White,Never-married,1,112062,Bachelors,Private,Prof-specialty,0,0,40,39,0
55,Male,White,Married-civ-spouse,0,238192,HS-grad,Federal-gov,Tech-support,0,1887,40,39,1
28,Female,White,Never-married,1,69621,Assoc-acdm,Private,Sales,0,0,60,39,0
23,Male,White,Never-married,1,196816,HS-grad,Other,Other,0,0,30,39,0
32,Male,White,Married-civ-spouse,0,203849,7th-8th,State-gov,Handlers-cleaners,0,0,19,39,0
28,Male,Other,Married-civ-spouse,0,166481,7th-8th,Private,Handlers-cleaners,0,2179,40,33,0
41,Female,White,Married-civ-spouse,5,308296,HS-grad,Private,Transport-moving,0,0,20,39,0
23,Female,Black,Never-married,3,244771,Some-college,Private,Machine-op-inspct,0,0,20,23,0
40,Female,White,Married-civ-spouse,5,179580,HS-grad,Local-gov,Adm-clerical,0,0,40,39,0
55,Male,White,Divorced,1,171242,HS-grad,Private,Exec-managerial,0,0,60,39,1
20,Male,White,Never-married,3,162688,HS-grad,Private,Handlers-cleaners,0,0,38,39,0
32,Female,White,Never-married,2,27882,Some-college,Private,Machine-op-inspct,0,2205,40,15,0
28,Female,White,Never-married,1,216481,Bachelors,Local-gov,Prof-specialty,0,0,40,39,0
29,Male,White,Never-married,1,180758,Assoc-acdm,Private,Craft-repair,0,0,60,39,0
37,Male,White,Married-civ-spouse,0,119098,Bachelors,Private,Prof-specialty,0,0,50,39,1
46,Male,White,Married-civ-spouse,0,166003,11th,Private,Machine-op-inspct,0,0,40,39,0
27,Female,White,Never-married,1,126730,HS-grad,Private,Sales,0,0,40,39,0
39,Male,White,Married-civ-spouse,0,238415,Bachelors,Private,Exec-managerial,0,0,50,39,1
46,Female,White,Never-married,1,421223,Some-college,State-gov,Exec-managerial,0,0,40,39,0
63,Male,White,Married-civ-spouse,0,298249,Bachelors,Self-emp-not-inc,Sales,10605,0,40,39,1
40,Male,White,Divorced,1,151038,Bachelors,State-gov,Craft-repair,0,0,40,39,0
52,Female,Black,Divorced,4,43909,HS-grad,Local-gov,Adm-clerical,0,0,40,39,0
49,Male,White,Never-married,4,121238,Some-college,Self-emp-not-inc,Craft-repair,0,0,40,39,0
22,Female,White,Never-married,1,218445,Some-college,Federal-gov,Exec-managerial,0,0,40,39,0
49,Male,White,Married-civ-spouse,0,196571,Bachelors,Private,Sales,0,0,45,39,1
34,Male,White,Married-civ-spouse,0,181091,HS-grad,Private,Craft-repair,7688,0,40,39,1
19,Female,Other,Never-married,2,216937,HS-grad,Private,Handlers-cleaners,0,0,60,13,0
37,Female,White,Divorced,4,75024,HS-grad,Private,Sales,0,0,25,2,0
34,Female,White,Never-married,4,112062,Masters,State-gov,Prof-specialty,0,0,40,39,0
41,Male,White,Divorced,1,220694,Bachelors,Private,Other-service,0,0,37,39,0
32,Male,White,Married-civ-spouse,0,199539,Some-college,Local-gov,Protective-serv,0,0,40,39,1
71,Male,White,Married-civ-spouse,0,26109,Prof-school,State-gov,Other-service,0,0,28,39,0
70,Male,White,Never-married,1,230816,Assoc-voc,Other,Other,0,0,30,39,0
27,Male,White,Never-married,3,113501,Masters,Private,Adm-clerical,0,0,45,39,0
40,Female,White,Divorced,4,88368,Some-college,Private,Adm-clerical,914,0,40,39,0
69,Male,White,Never-married,2,108196,9th,Private,Craft-repair,2993,0,40,39,0
39,Male,White,Divorced,1,218916,Prof-school,Private,Exec-managerial,0,0,50,39,0
46,Female,White,Divorced,4,133616,Some-college,Private,Adm-clerical,0,0,40,39,0
70,Female,White,Widowed,1,149040,HS-grad,Other,Other,2964,0,12,39,0
41,Female,White,Separated,3,264663,Some-college,Private,Prof-specialty,0,3900,40,39,0
35,Female,White,Widowed,3,119006,HS-grad,Other,Other,0,0,38,39,0
64,Female,Black,Married-civ-spouse,5,380687,Bachelors,Other,Other,0,0,8,39,0
45,Male,Asian-Pac-Islander,Married-civ-spouse,0,304570,12th,Private,Machine-op-inspct,0,0,40,0,0
46,Male,Black,Never-married,1,265554,HS-grad,State-gov,Transport-moving,0,0,40,39,0
40,Male,White,Married-civ-spouse,0,198096,HS-grad,Private,Machine-op-inspct,0,0,40,39,1
66,Male,White,Married-civ-spouse,0,350498,Some-college,Private,Sales,0,0,28,39,0
20,Female,White,Never-married,3,190231,9th,Private,Machine-op-inspct,0,0,11,27,0
24,Female,Other,Married-civ-spouse,5,174182,11th,Other,Other,0,0,24,39,0
75,Male,White,Divorced,1,242108,HS-grad,Self-emp-not-inc,Sales,2346,0,15,39,0
31,Male,White,Married-civ-spouse,0,194141,HS-grad,Local-gov,Protective-serv,0,0,48,39,0
28,Male,White,Never-married,1,302406,Prof-school,Private,Prof-specialty,0,0,60,39,0
53,Male,White,Married-civ-spouse,0,151864,HS-grad,Private,Craft-repair,0,0,40,39,0
50,Female,White,Separated,4,195638,10th,Private,Adm-clerical,0,0,40,39,0
29,Male,White,Married-civ-spouse,0,185127,HS-grad,Private,Sales,0,0,50,39,0
23,Male,White,Separated,1,44064,Some-college,Private,Other-service,0,2559,40,39,1
37,Male,White,Married-civ-spouse,0,151764,Some-college,Private,Exec-managerial,0,0,50,39,0
39,Male,Asian-Pac-Islander,Married-civ-spouse,0,79331,Masters,Private,Exec-managerial,15024,0,40,39,1
32,Male,White,Never-married,1,108023,Masters,Private,Adm-clerical,0,0,40,39,0
65,Male,White,Married-civ-spouse,0,76043,HS-grad,Other,Other,0,0,1,39,1
35,Male,White,Married-civ-spouse,0,78247,Assoc-voc,Private,Craft-repair,0,0,50,39,0
49,Male,White,Married-civ-spouse,0,48495,HS-grad,Self-emp-not-inc,Exec-managerial,0,0,45,39,0
21,Male,White,Never-married,3,318865,Some-college,Self-emp-not-inc,Other-service,0,0,30,39,0
46,Male,White,Married-civ-spouse,0,192779,Bachelors,State-gov,Exec-managerial,7688,0,40,39,1
38,Male,White,Married-civ-spouse,0,168496,Assoc-acdm,Private,Sales,0,0,50,39,1
39,Male,White,Married-civ-spouse,0,176335,Masters,Private,Exec-managerial,7688,0,65,39,1
60,Male,White,Married-civ-spouse,0,191446,HS-grad,Private,Exec-managerial,99999,0,40,39,1
26,Male,White,Never-married,2,59367,Bachelors,Private,Machine-op-inspct,0,0,40,39,0
69,Male,White,Widowed,4,197080,HS-grad,Private,Adm-clerical,0,0,8,39,0
31,Male,White,Married-civ-spouse,0,284395,Bachelors,Private,Sales,0,0,40,39,0
41,Male,White,Married-civ-spouse,0,194636,Bachelors,Self-emp-inc,Sales,99999,0,65,39,1
30,Female,White,Married-civ-spouse,5,118551,Bachelors,Private,Tech-support,0,0,16,39,1
34,Male,White,Married-civ-spouse,0,117529,Some-college,Private,Farming-fishing,0,0,54,26,0
45,Male,White,Married-civ-spouse,0,330087,HS-grad,Private,Craft-repair,0,0,40,39,0
59,Male,White,Married-civ-spouse,0,190514,11th,Self-emp-not-inc,Craft-repair,0,0,20,39,0
63,Male,White,Married-civ-spouse,0,237379,10th,Private,Transport-moving,0,0,40,39,0
49,Male,White,Married-civ-spouse,0,207120,HS-grad,State-gov,Handlers-cleaners,0,0,40,39,1
56,Female,White,Divorced,4,143030,HS-grad,Private,Craft-repair,0,0,40,39,0
24,Male,White,Married-civ-spouse,0,376474,HS-grad,Other,Other,0,0,40,39,0
27,Male,White,Married-civ-spouse,0,161155,HS-grad,Private,Other-service,0,0,40,39,0
41,Male,Black,Married-civ-spouse,0,371382,Some-college,Federal-gov,Exec-managerial,0,0,40,39,1
38,Male,White,Married-civ-spouse,0,172927,HS-grad,Private,Sales,0,0,50,39,0
29,Male,White,Never-married,1,112403,Some-college,Private,Handlers-cleaners,0,0,35,39,0
59,Male,White,Divorced,1,99248,Some-college,Private,Other-service,0,0,40,39,0
34,Female,White,Divorced,4,35683,Assoc-acdm,Local-gov,Adm-clerical,0,0,10,39,0
62,Female,White,Married-civ-spouse,5,159908,Bachelors,Local-gov,Adm-clerical,0,1258,38,39,0
35,Male,White,Married-civ-spouse,0,166606,HS-grad,Private,Tech-support,0,0,40,39,0
27,Female,White,Never-married,1,96219,Bachelors,Private,Adm-clerical,0,0,45,39,0
28,Male,White,Married-civ-spouse,0,259840,Bachelors,Private,Sales,0,0,60,39,1
43,Female,White,Divorced,4,167298,HS-grad,State-gov,Exec-managerial,0,0,40,39,0
18,Male,White,Never-married,3,138557,11th,Private,Handlers-cleaners,0,0,40,39,0
36,Male,White,Married-civ-spouse,0,166304,HS-grad,Private,Transport-moving,0,0,33,39,0
44,Female,White,Married-civ-spouse,5,402397,Masters,Self-emp-not-inc,Exec-managerial,0,1902,60,39,1
37,Male,White,Never-married,1,279029,Bachelors,Private,Craft-repair,0,0,40,39,0
46,Male,White,Never-married,3,288608,HS-grad,Private,Craft-repair,0,0,40,39,0
44,Male,White,Married-civ-spouse,0,106900,Masters,Private,Prof-specialty,0,0,44,39,1
30,Male,White,Married-civ-spouse,0,443546,Assoc-voc,Self-emp-inc,Sales,0,0,35,39,0
21,Female,Black,Never-married,3,211601,Some-college,Private,Adm-clerical,0,0,40,39,0
48,Female,White,Divorced,1,195491,HS-grad,Private,Sales,0,0,30,39,0
67,Male,White,Married-civ-spouse,0,233681,Assoc-acdm,Local-gov,Exec-managerial,0,0,35,39,0
32,Male,White,Married-civ-spouse,0,157747,Some-college,Private,Tech-support,0,0,45,39,0
54,Male,White,Divorced,1,222020,10th,Private,Other-service,0,0,70,39,0
49,Male,White,Never-married,1,80914,5th-6th,Private,Machine-op-inspct,0,0,45,39,0
36,Male,White,Separated,2,248445,HS-grad,Private,Transport-moving,0,0,60,26,0
35,Male,White,Married-civ-spouse,0,81280,Bachelors,Private,Farming-fishing,0,0,65,41,1
37,Male,White,Married-civ-spouse,0,259785,Masters,Private,Exec-managerial,0,0,50,39,1
30,Male,White,Married-civ-spouse,0,284395,HS-grad,Private,Craft-repair,0,0,50,39,0
50,Male,White,Married-civ-spouse,0,37913,Bachelors,Self-emp-not-inc,Exec-managerial,0,0,40,22,1
68,Female,White,Widowed,1,224338,Assoc-voc,Private,Exec-managerial,0,0,40,39,0
22,Female,White,Never-married,3,123876,Some-college,Private,Other-service,0,0,20,39,0
30,Male,White,Married-civ-spouse,0,202450,HS-grad,Private,Transport-moving,0,0,65,39,1
30,Male,White,Divorced,1,124420,HS-grad,Self-emp-inc,Exec-managerial,4650,0,40,39,0
22,Male,White,Never-married,3,224238,Some-college,Other,Other,0,0,2,39,0
47,Male,White,Divorced,1,479611,Bachelors,Self-emp-not-inc,Sales,0,0,50,39,0
34,Male,White,Separated,1,230246,9th,Private,Craft-repair,0,0,40,0,0
29,Male,White,Married-civ-spouse,0,409201,Some-college,State-gov,Adm-clerical,0,0,40,39,0
37,Male,White,Married-civ-spouse,0,240810,Assoc-acdm,Private,Craft-repair,0,0,45,39,0
53,Female,White,Never-married,1,126368,Some-college,Private,Adm-clerical,0,0,50,39,1
62,Male,White,Married-civ-spouse,0,160143,Prof-school,Private,Prof-specialty,0,0,30,39,1
58,Male,White,Married-civ-spouse,0,160586,HS-grad,Local-gov,Farming-fishing,0,0,40,39,0
56,Male,White,Married-civ-spouse,0,155449,Bachelors,Private,Prof-specialty,0,0,50,39,0
33,Female,White,Never-married,1,121904,Some-college,Private,Other-service,0,0,28,39,0
31,Female,White,Divorced,1,80511,Assoc-acdm,Private,Tech-support,0,0,44,39,0
25,Male,White,Never-married,1,104097,Masters,State-gov,Exec-managerial,0,0,40,39,0
21,Female,White,Never-married,3,132053,Some-college,Private,Adm-clerical,0,1721,35,39,0
33,Female,White,Separated,1,192663,HS-grad,Private,Sales,0,0,35,39,0
41,Male,White,Married-civ-spouse,0,221172,Bachelors,Private,Craft-repair,0,0,40,39,1
33,Male,White,Never-married,3,80058,HS-grad,Private,Other-service,0,0,48,39,0
30,Male,White,Never-married,4,446358,HS-grad,Private,Adm-clerical,0,0,41,39,0
76,Male,White,Married-civ-spouse,0,93125,HS-grad,Private,Sales,1424,0,24,39,0
52,Male,White,Married-civ-spouse,0,175029,10th,Self-emp-not-inc,Craft-repair,0,0,35,39,0
56,Female,White,Divorced,1,435022,Some-college,Private,Other-service,0,0,50,39,0
26,Female,White,Married-civ-spouse,5,62438,Bachelors,Private,Sales,0,0,40,39,1
59,Male,Black,Married-civ-spouse,0,105866,Bachelors,Local-gov,Protective-serv,0,0,30,39,0
43,Male,White,Married-spouse-absent,1,35236,HS-grad,Self-emp-not-inc,Craft-repair,0,0,40,39,0
45,Male,White,Married-civ-spouse,0,140644,HS-grad,Private,Machine-op-inspct,0,0,40,39,0
39,Male,White,Married-civ-spouse,0,338320,10th,Private,Craft-repair,0,0,60,39,1
30,Male,White,Divorced,3,30226,11th,Private,Sales,0,0,40,39,0
44,Female,White,Married-civ-spouse,5,234885,HS-grad,Self-emp-not-inc,Sales,0,0,40,39,1
42,Male,White,Married-civ-spouse,0,444134,HS-grad,Self-emp-not-inc,Farming-fishing,0,0,15,39,0
21,Female,White,Never-married,3,204596,Some-college,Private,Other-service,0,0,20,39,0
23,Female,White,Never-married,1,396099,HS-grad,Private,Other-service,0,0,25,39,0
64,Female,White,Never-married,1,223830,9th,State-gov,Adm-clerical,0,0,38,39,0
37,Male,White,Married-civ-spouse,0,239409,Masters,State-gov,Prof-specialty,0,0,60,39,1
58,Male,Amer-Indian-Eskimo,Widowed,4,41374,HS-grad,Private,Adm-clerical,0,0,40,39,0
17,Male,White,Never-married,3,158704,10th,Private,Sales,0,0,20,39,0
49,Male,White,Married-civ-spouse,0,189498,HS-grad,Private,Sales,0,0,50,39,1
46,Female,White,Divorced,4,314770,Some-college,State-gov,Adm-clerical,0,0,48,39,0
36,Male,White,Divorced,1,410489,Bachelors,Private,Prof-specialty,0,0,45,39,0
32,Female,Black,Never-married,4,131588,Some-college,State-gov,Tech-support,0,0,20,39,0
27,Male,White,Never-married,3,190911,HS-grad,Self-emp-inc,Sales,0,0,45,39,0
34,Female,White,Married-civ-spouse,5,143699,Some-college,Local-gov,Other-service,0,0,40,39,0
57,Male,White,Married-civ-spouse,0,146103,Bachelors,Self-emp-inc,Prof-specialty,0,0,45,39,1
53,Female,Black,Never-married,4,299080,Some-college,Private,Adm-clerical,0,0,40,39,0
37,Male,White,Never-married,1,98941,Masters,Private,Exec-managerial,0,0,40,39,1
39,Male,Asian-Pac-Islander,Married-civ-spouse,0,137522,HS-grad,Private,Machine-op-inspct,0,0,40,0,1
37,Male,White,Divorced,1,67125,HS-grad,Private,Sales,0,0,60,39,0
32,Male,White,Divorced,1,168138,Assoc-acdm,Private,Sales,2597,0,48,39,0
22,Female,White,Never-married,1,262819,Some-college,Federal-gov,Adm-clerical,0,0,40,39,0
34,Male,White,Never-married,3,258675,HS-grad,Private,Transport-moving,0,0,40,39,0
37,Male,White,Married-civ-spouse,0,217054,Bachelors,Self-emp-inc,Prof-specialty,0,0,35,39,1
20,Female,Black,Never-married,4,184045,Some-college,Private,Sales,0,0,30,39,0
43,Male,White,Married-civ-spouse,0,165309,HS-grad,State-gov,Protective-serv,0,0,40,39,0
23,Female,White,Never-married,3,102942,Bachelors,Private,Prof-specialty,0,2258,40,39,1
26,Female,White,Never-married,1,179772,Bachelors,Private,Exec-managerial,0,0,45,39,0
29,Male,White,Married-civ-spouse,0,53642,Assoc-voc,Private,Adm-clerical,0,0,40,39,0
18,Female,White,Never-married,3,174394,HS-grad,Private,Other-service,0,0,20,39,0
33,Male,White,Never-married,1,270889,HS-grad,Self-emp-not-inc,Transport-moving,0,0,60,39,0
46,Male,White,Divorced,1,33109,HS-grad,Private,Craft-repair,0,1741,40,39,0
26,Male,White,Never-married,3,354784,Some-college,Private,Adm-clerical,0,0,20,39,0
19,Female,White,Never-married,3,226913,Some-college,Private,Sales,0,0,20,39,0
39,Female,White,Never-married,1,114055,Bachelors,State-gov,Exec-managerial,0,0,40,39,0
60,Male,White,Married-civ-spouse,0,93997,Bachelors,Private,Exec-managerial,15024,0,45,39,1
24,Male,White,Married-civ-spouse,0,200089,HS-grad,Private,Craft-repair,0,0,60,26,1
34,Male,Asian-Pac-Islander,Married-civ-spouse,0,69251,Some-college,Private,Other-service,0,0,40,30,0
41,Male,White,Never-married,3,219591,HS-grad,Private,Adm-clerical,0,0,40,39,0
38,Male,White,Divorced,1,149347,Some-college,Private,Sales,0,0,60,39,0
30,Male,White,Married-civ-spouse,0,487330,Some-college,Private,Machine-op-inspct,0,0,30,39,0
58,Male,White,Married-civ-spouse,0,191069,HS-grad,Private,Sales,0,0,40,39,1
34,Male,White,Married-civ-spouse,0,77209,HS-grad,Self-emp-not-inc,Sales,0,1902,60,39,1
42,Male,White,Never-married,1,203542,HS-grad,Private,Craft-repair,0,0,40,39,0
36,Male,White,Married-civ-spouse,0,175769,Prof-school,Self-emp-not-inc,Craft-repair,0,0,60,39,0
54,Male,White,Married-civ-spouse,0,35576,Some-college,Private,Sales,0,2415,50,39,1
44,Male,White,Married-civ-spouse,0,121352,Some-college,Self-emp-inc,Exec-managerial,0,0,50,39,0
36,Male,White,Married-civ-spouse,0,242080,Prof-school,Self-emp-inc,Prof-specialty,0,0,80,39,1
37,Male,Asian-Pac-Islander,Married-civ-spouse,0,355856,Bachelors,Private,Craft-repair,0,0,40,1,1
40,Female,Black,Married-civ-spouse,5,428584,HS-grad,Other,Other,3464,0,20,39,0
33,Male,White,Married-civ-spouse,0,149726,HS-grad,Private,Transport-moving,0,0,46,39,0
50,Male,White,Married-civ-spouse,0,138852,Masters,Private,Exec-managerial,15024,0,50,39,1
38,Female,Black,Married-spouse-absent,3,254114,Some-college,Private,Prof-specialty,0,0,40,39,0
37,Male,White,Never-married,1,48093,Bachelors,Private,Craft-repair,0,0,90,39,1
40,Female,White,Divorced,4,273308,HS-grad,Private,Machine-op-inspct,0,0,48,26,0
42,Male,White,Married-civ-spouse,0,210525,Some-college,Private,Tech-support,0,0,20,39,1
42,Male,White,Divorced,1,54611,Some-college,Private,Farming-fishing,0,0,40,39,0
29,Male,White,Married-AF-spouse,0,116394,Bachelors,Federal-gov,Prof-specialty,0,0,50,39,1
49,Female,White,Divorced,1,259087,Some-college,Private,Craft-repair,0,0,40,39,0
57,Male,White,Divorced,1,97837,Some-college,Federal-gov,Prof-specialty,0,0,48,39,1
47,Male,White,Married-civ-spouse,0,211123,HS-grad,Federal-gov,Craft-repair,0,0,40,39,0
49,Male,White,Married-civ-spouse,0,179869,HS-grad,Private,Craft-repair,0,0,40,39,1
53,Female,White,Divorced,2,116367,Some-college,State-gov,Adm-clerical,4650,0,40,39,0
51,Male,White,Never-married,3,110965,Masters,Local-gov,Prof-specialty,0,0,40,39,0
24,Male,White,Never-married,1,35633,Some-college,Other,Other,0,0,40,0,0
28,Male,White,Married-civ-spouse,0,174327,HS-grad,Private,Machine-op-inspct,0,0,50,39,0
50,Male,White,Married-civ-spouse,0,108435,Masters,Private,Exec-managerial,99999,0,60,39,1
34,Male,Asian-Pac-Islander,Never-married,3,73199,11th,Private,Other-service,0,0,40,30,0
40,Female,White,Married-civ-spouse,5,93955,Some-college,Private,Prof-specialty,0,0,40,39,0
73,Male,White,Married-civ-spouse,0,80986,HS-grad,Self-emp-inc,Sales,0,0,20,39,0
47,Male,White,Married-civ-spouse,0,246739,Bachelors,Private,Exec-managerial,99999,0,55,39,1
29,Male,White,Never-married,1,122000,Some-college,Private,Sales,0,0,60,39,0
63,Female,White,Widowed,1,154526,Some-college,Private,Other-service,0,0,40,39,0
53,Male,White,Married-civ-spouse,0,148532,Bachelors,Self-emp-inc,Sales,0,0,60,39,1
53,Male,White,Married-civ-spouse,0,89534,HS-grad,Private,Transport-moving,0,0,48,39,1
24,Male,Asian-Pac-Islander,Never-married,1,151153,Some-college,Other,Other,99999,0,50,35,1
68,Male,White,Married-civ-spouse,0,168794,7th-8th,Private,Other-service,0,0,30,39,0
46,Male,White,Married-civ-spouse,0,102388,Prof-school,Private,Prof-specialty,15024,0,45,39,1
59,Male,White,Married-civ-spouse,0,114760,Some-college,Self-emp-not-inc,Craft-repair,0,0,20,39,1
26,Male,White,Never-married,2,294493,Bachelors,Private,Craft-repair,0,0,40,39,0
49,Male,White,Married-civ-spouse,0,155489,Some-college,Self-emp-not-inc,Craft-repair,0,0,65,31,0
48,Male,White,Never-married,1,151584,Some-college,Other,Other,8614,0,60,39,1
36,Male,White,Married-civ-spouse,0,272944,Bachelors,Private,Exec-managerial,0,1887,40,39,1
28,Female,White,Married-civ-spouse,5,129460,Assoc-voc,Private,Handlers-cleaners,0,0,30,7,0
37,Male,White,Married-civ-spouse,0,348960,Assoc-acdm,Self-emp-not-inc,Transport-moving,0,0,50,39,1
42,Male,White,Married-civ-spouse,0,50122,HS-grad,Self-emp-inc,Sales,0,0,60,39,0
34,Female,White,Divorced,4,340458,HS-grad,Private,Machine-op-inspct,0,0,40,39,0
41,Male,White,Married-civ-spouse,0,117585,HS-grad,Private,Exec-managerial,0,1485,40,39,1
64,Female,White,Widowed,1,201293,HS-grad,State-gov,Adm-clerical,0,0,38,39,0
40,Female,White,Divorced,2,109969,11th,Private,Other-service,0,0,20,39,0
25,Male,Black,Never-married,1,260754,Bachelors,State-gov,Protective-serv,0,0,40,39,0
46,Male,White,Married-civ-spouse,0,189680,Some-college,Private,Sales,0,0,50,39,1
21,Female,White,Never-married,3,218445,Some-college,Local-gov,Adm-clerical,0,0,40,26,0
45,Male,White,Married-civ-spouse,0,26502,Bachelors,Private,Craft-repair,0,0,72,39,1
21,Male,White,Never-married,3,38772,Some-college,Private,Sales,0,0,20,39,0
36,Female,Black,Never-married,1,359678,HS-grad,Private,Machine-op-inspct,0,0,48,39,0
18,Female,White,Never-married,3,148952,Some-college,Private,Other-service,0,0,24,39,0
27,Male,Other,Married-civ-spouse,0,177761,Some-college,Private,Farming-fishing,0,0,50,39,0
50,Male,Black,Married-civ-spouse,0,221791,Assoc-acdm,Private,Tech-support,0,0,40,39,0
49,Male,White,Married-civ-spouse,0,268234,HS-grad,Local-gov,Protective-serv,0,0,40,39,1
47,Male,White,Married-civ-spouse,0,199058,Some-college,Private,Prof-specialty,0,0,40,39,1
17,Male,White,Never-married,3,244523,10th,Private,Other-service,0,0,20,39,0
20,Female,White,Never-married,1,105312,HS-grad,Private,Sales,0,0,35,39,0
24,Male,White,Never-married,2,556660,HS-grad,Private,Exec-managerial,4101,0,50,39,0
22,Male,White,Separated,2,37894,HS-grad,Private,Other-service,0,0,35,39,0
25,Male,White,Married-civ-spouse,0,288185,9th,Private,Machine-op-inspct,0,0,40,26,0
64,Male,White,Married-civ-spouse,0,30664,Assoc-voc,Self-emp-not-inc,Farming-fishing,0,0,30,39,0
26,Female,White,Married-civ-spouse,5,50103,Some-college,Private,Sales,0,0,40,39,0
31,Male,Amer-Indian-Eskimo,Married-civ-spouse,0,22201,HS-grad,Private,Adm-clerical,0,0,40,39,1
33,Male,White,Never-married,3,267859,HS-grad,Private,Craft-repair,0,0,40,8,0
37,Female,White,Separated,4,118486,Bachelors,Private,Prof-specialty,4934,0,32,39,1
32,Male,Amer-Indian-Eskimo,Married-civ-spouse,0,34066,10th,Private,Handlers-cleaners,0,0,40,39,0
20,Male,White,Never-married,3,223515,Some-college,Private,Other-service,0,0,40,39,0
55,Male,White,Married-civ-spouse,0,61708,HS-grad,Private,Adm-clerical,6418,0,50,39,1
44,Female,White,Divorced,4,95255,Some-college,Private,Adm-clerical,0,0,40,39,0
49,Male,White,Married-civ-spouse,0,543922,HS-grad,Private,Craft-repair,0,0,42,39,1
32,Male,White,Married-civ-spouse,0,647882,HS-grad,Other,Other,0,0,40,0,0
27,Male,White,Married-civ-spouse,0,214702,Prof-school,Private,Prof-specialty,0,0,42,39,1
33,Male,White,Married-civ-spouse,0,198660,HS-grad,Private,Machine-op-inspct,99999,0,56,39,1
34,Male,White,Married-civ-spouse,0,37646,Assoc-acdm,Private,Craft-repair,0,0,65,39,0
21,Male,White,Never-married,3,306779,Some-college,Other,Other,0,0,40,39,0
55,Male,White,Married-civ-spouse,0,189721,HS-grad,Self-emp-not-inc,Craft-repair,0,0,20,39,0
26,Male,White,Never-married,3,187652,Assoc-acdm,Private,Tech-support,0,0,40,39,0
30,Male,White,Married-civ-spouse,0,53285,HS-grad,Private,Sales,0,0,52,39,1
51,Female,White,Divorced,1,145114,HS-grad,Private,Adm-clerical,0,0,40,39,0
53,Male,White,Married-civ-spouse,0,155983,Masters,Self-emp-inc,Sales,0,0,65,39,1
52,Female,Black,Divorced,2,158993,HS-grad,Private,Other-service,0,0,38,39,0
33,Male,White,Married-civ-spouse,0,359428,HS-grad,Self-emp-not-inc,Sales,0,0,60,39,0
22,Female,White,Never-married,1,186573,HS-grad,Private,Transport-moving,0,0,46,39,0
38,Male,White,Married-civ-spouse,0,156728,Bachelors,Private,Adm-clerical,0,0,56,39,0
43,Female,White,Never-married,1,162108,Bachelors,Private,Adm-clerical,0,0,40,39,0
22,Female,White,Never-married,1,128487,HS-grad,Private,Adm-clerical,0,0,10,39,0
26,Male,White,Married-civ-spouse,0,159662,10th,Local-gov,Other-service,0,0,40,39,0
50,Female,White,Married-civ-spouse,5,234373,Masters,Private,Exec-managerial,0,1485,40,39,0
21,Male,White,Never-married,3,180052,Some-college,Private,Transport-moving,0,0,30,39,0
46,Male,White,Divorced,2,208067,HS-grad,Private,Craft-repair,0,0,40,39,0
60,Male,White,Divorced,1,116707,11th,Private,Protective-serv,0,0,40,39,0
32,Male,White,Never-married,1,195891,Bachelors,Private,Adm-clerical,0,0,55,39,0
62,Male,White,Married-civ-spouse,0,197060,Assoc-voc,Self-emp-inc,Exec-managerial,0,0,50,39,0
47,Male,White,Married-civ-spouse,0,386136,HS-grad,Private,Transport-moving,0,0,35,39,0
48,Male,White,Married-civ-spouse,0,383384,HS-grad,Self-emp-not-inc,Craft-repair,0,0,40,39,1
30,Male,White,Divorced,1,194141,Some-college,Private,Machine-op-inspct,0,1617,40,39,0
17,Male,White,Never-married,3,128617,10th,Private,Handlers-cleaners,0,0,26,39,0
33,Female,White,Never-married,4,164707,Assoc-acdm,Private,Exec-managerial,2174,0,55,0,0
43,Male,White,Married-civ-spouse,0,277647,HS-grad,Self-emp-not-inc,Exec-managerial,0,0,35,39,0
27,Female,White,Separated,4,180553,HS-grad,Private,Machine-op-inspct,0,0,40,39,0
31,Female,White,Never-married,4,219318,HS-grad,Private,Adm-clerical,0,0,35,33,0
42,Male,White,Married-civ-spouse,0,323790,Bachelors,Self-emp-not-inc,Exec-managerial,0,1977,70,39,1
33,Female,White,Married-civ-spouse,5,173998,HS-grad,Other,Other,0,1485,38,39,0
60,Male,White,Married-civ-spouse,0,167670,Bachelors,Private,Prof-specialty,0,0,35,39,0
53,Male,White,Married-civ-spouse,0,263925,Bachelors,Self-emp-not-inc,Sales,0,0,40,2,1
61,Male,White,Married-spouse-absent,1,167670,Bachelors,Local-gov,Prof-specialty,0,0,40,39,0
47,Female,Black,Never-married,4,200734,Bachelors,Private,Exec-managerial,0,0,45,39,0
26,Male,White,Never-married,3,112847,Assoc-voc,Private,Tech-support,0,0,40,39,0
28,Female,Black,Married-civ-spouse,5,90547,HS-grad,Private,Other-service,0,0,23,39,0
52,Female,White,Divorced,1,232024,Some-college,Private,Adm-clerical,0,0,60,39,0
39,Male,White,Married-civ-spouse,0,184659,HS-grad,Private,Machine-op-inspct,0,0,40,39,0
21,Female,White,Separated,3,34506,HS-grad,Private,Other-service,0,0,35,39,0
20,Female,White,Divorced,1,334633,HS-grad,Private,Adm-clerical,0,0,40,39,0
65,Male,White,Married-civ-spouse,0,205309,HS-grad,Private,Farming-fishing,0,0,24,39,0
37,Male,White,Married-civ-spouse,0,200374,Bachelors,Private,Sales,0,1902,40,39,1
28,Male,Other,Never-married,1,120471,HS-grad,Private,Transport-moving,0,0,40,39,0
44,Male,White,Never-married,3,111483,10th,Self-emp-not-inc,Craft-repair,0,0,50,39,0
64,Male,White,Married-civ-spouse,0,289741,Some-college,Self-emp-not-inc,Sales,0,0,20,39,0
26,Male,White,Never-married,3,291586,Bachelors,Private,Transport-moving,0,0,20,39,0
31,Male,White,Married-civ-spouse,0,219509,HS-grad,Private,Other-service,0,0,40,26,1
25,Male,Black,Never-married,3,144259,HS-grad,Federal-gov,Adm-clerical,0,0,40,39,0
19,Male,White,Never-married,3,170800,HS-grad,Private,Craft-repair,0,0,60,39,0
44,Male,White,Married-civ-spouse,0,34722,Some-college,Private,Sales,0,0,55,39,0
53,Male,White,Divorced,1,346871,HS-grad,Private,Prof-specialty,4787,0,46,39,1
21,Female,White,Never-married,3,194096,Some-college,State-gov,Other-service,0,0,10,39,0
48,Female,White,Never-married,1,80430,11th,Private,Other-service,0,0,30,39,0
35,Female,White,Never-married,3,185053,Bachelors,Federal-gov,Prof-specialty,0,0,40,39,0
40,Female,White,Separated,1,169885,HS-grad,Private,Other-service,0,0,40,39,0
48,Male,White,Married-civ-spouse,0,177018,Masters,Local-gov,Prof-specialty,0,0,50,39,1
40,Female,White,Never-married,3,119493,Some-college,Private,Exec-managerial,0,0,40,39,0
38,Female,White,Never-married,1,194630,Bachelors,Local-gov,Protective-serv,4787,0,43,39,1
57,Male,White,Married-civ-spouse,0,191983,Some-college,Private,Protective-serv,0,0,50,39,0
25,Male,White,Never-married,3,214413,Masters,Private,Adm-clerical,0,0,40,39,0
35,Male,White,Married-civ-spouse,0,258339,Prof-school,Private,Prof-specialty,0,0,55,39,1
57,Male,White,Married-civ-spouse,0,107443,1st-4th,Private,Handlers-cleaners,0,0,40,32,0
46,Male,White,Married-civ-spouse,0,204928,Some-college,Self-emp-inc,Sales,0,0,40,39,0
47,Male,White,Married-civ-spouse,0,188081,HS-grad,Private,Machine-op-inspct,0,0,40,39,1
42,Female,White,Separated,1,209370,HS-grad,Private,Sales,0,0,30,39,0
28,Male,White,Never-married,3,163320,HS-grad,Private,Transport-moving,0,0,40,39,0
50,Male,White,Married-civ-spouse,0,338283,Some-college,Private,Craft-repair,0,0,40,39,1
45,Male,White,Never-married,3,127303,Some-college,Private,Machine-op-inspct,0,0,45,39,0
23,Male,White,Never-married,3,303121,Some-college,Private,Adm-clerical,0,0,30,39,0
20,Female,Asian-Pac-Islander,Married-spouse-absent,3,114746,11th,Other,Other,0,1762,40,35,0
67,Male,White,Married-civ-spouse,0,261203,7th-8th,State-gov,Transport-moving,0,0,35,39,0
44,Male,White,Married-civ-spouse,0,95150,Some-college,Self-emp-inc,Exec-managerial,0,0,50,39,1
39,Female,White,Never-married,1,182828,Masters,Private,Exec-managerial,0,0,45,39,0
52,Male,White,Married-civ-spouse,0,48343,Assoc-voc,Private,Exec-managerial,0,0,40,39,0
26,Female,Black,Never-married,3,267431,Bachelors,Private,Sales,0,0,20,39,0
35,Male,Black,Married-civ-spouse,0,300681,HS-grad,Local-gov,Protective-serv,7298,0,35,39,1
24,Male,White,Never-married,1,452640,Some-college,Local-gov,Tech-support,14344,0,50,39,1
20,Female,White,Never-married,3,30796,Some-college,State-gov,Adm-clerical,0,0,10,39,0
63,Male,White,Married-civ-spouse,0,149698,Some-college,Other,Other,0,0,15,39,0
29,Male,White,Married-civ-spouse,0,104737,HS-grad,Self-emp-inc,Craft-repair,0,0,60,39,0
40,Female,White,Married-civ-spouse,5,226585,Some-college,Private,Adm-clerical,0,0,35,39,1
40,Male,White,Married-civ-spouse,0,88909,Bachelors,Private,Exec-managerial,15024,0,50,39,1
36,Male,White,Never-married,1,258102,HS-grad,Private,Handlers-cleaners,0,0,40,39,0
45,Female,Asian-Pac-Islander,Married-civ-spouse,5,185497,Bachelors,Self-emp-inc,Exec-managerial,0,0,70,0,0
40,Male,Asian-Pac-Islander,Married-civ-spouse,0,320451,Doctorate,Private,Prof-specialty,0,1977,45,17,1
34,Male,White,Never-married,3,171216,Bachelors,State-gov,Prof-specialty,0,0,50,39,0
59,Male,White,Married-civ-spouse,0,453067,Some-college,Private,Prof-specialty,0,0,36,39,1
21,Male,White,Never-married,2,538822,HS-grad,Private,Other-service,0,0,40,26,0
32,Male,White,Married-civ-spouse,0,343789,HS-grad,Private,Machine-op-inspct,5013,0,55,39,0
57,Male,White,Married-civ-spouse,0,208311,Bachelors,Other,Other,0,0,80,39,1
41,Female,White,Married-civ-spouse,5,101739,Assoc-acdm,Private,Exec-managerial,0,0,50,39,1
27,Male,White,Married-civ-spouse,0,85251,Some-college,Private,Transport-moving,0,0,45,39,0
18,Female,White,Never-married,1,141363,Some-college,Private,Other-service,0,0,40,39,0
42,Male,White,Never-married,1,34037,Doctorate,Private,Prof-specialty,0,0,50,39,0
37,Male,White,Married-civ-spouse,0,147258,Some-college,Private,Craft-repair,0,0,55,39,0
22,Male,White,Never-married,1,379778,HS-grad,Private,Other-service,0,0,40,39,0
38,Male,White,Married-civ-spouse,0,125933,Bachelors,Private,Exec-managerial,0,0,40,0,1
26,Female,White,Divorced,1,190027,10th,Private,Handlers-cleaners,0,0,30,39,0
19,Female,White,Never-married,3,120251,HS-grad,Private,Adm-clerical,0,0,14,39,0
20,Male,White,Never-married,3,235894,Some-college,Local-gov,Farming-fishing,0,0,40,39,0
50,Female,Black,Never-married,4,306707,HS-grad,Federal-gov,Adm-clerical,0,0,12,39,0
59,Male,White,Married-civ-spouse,0,146477,Prof-school,Self-emp-inc,Prof-specialty,0,0,40,39,1
55,Male,White,Married-civ-spouse,0,95149,Some-college,Self-emp-not-inc,Transport-moving,0,0,99,39,0
23,Male,White,Never-married,3,381741,Assoc-acdm,Other,Other,0,1721,20,39,0
38,Male,Black,Married-spouse-absent,1,292307,Bachelors,Private,Craft-repair,0,0,40,6,0
42,Male,Black,Married-civ-spouse,0,334522,HS-grad,Private,Handlers-cleaners,0,0,40,39,0
41,Male,White,Married-civ-spouse,0,112283,HS-grad,Private,Craft-repair,0,0,60,39,1
21,Male,White,Married-civ-spouse,0,34310,Assoc-voc,Private,Craft-repair,0,2603,40,39,0
41,Male,White,Married-civ-spouse,0,119266,HS-grad,Private,Other-service,0,0,40,39,0
24,Male,White,Never-married,3,143436,Some-college,Private,Handlers-cleaners,0,0,24,39,0
57,Male,White,Never-married,1,195176,Masters,Private,Prof-specialty,0,0,80,39,0
29,Female,White,Never-married,3,87523,HS-grad,Private,Sales,0,0,40,39,0
35,Male,White,Married-civ-spouse,0,90273,7th-8th,Private,Machine-op-inspct,0,0,40,0,1
29,Female,White,Divorced,4,83742,HS-grad,Private,Other-service,0,0,45,39,0
44,Female,White,Never-married,1,55076,Masters,State-gov,Prof-specialty,0,0,60,39,0
18,Male,White,Never-married,3,199039,12th,Private,Sales,594,0,14,39,0
71,Male,White,Married-civ-spouse,0,177906,Bachelors,Other,Other,0,0,10,39,1
23,Male,White,Never-married,3,208946,Bachelors,Private,Sales,0,0,32,39,0
30,Male,White,Never-married,1,160784,Some-college,Private,Sales,0,0,45,39,0
19,Female,White,Never-married,3,349620,10th,Private,Machine-op-inspct,0,0,40,39,0
19,Female,White,Never-married,3,217769,Some-college,Private,Other-service,0,0,15,39,0
36,Male,White,Never-married,1,177907,Bachelors,Private,Other-service,2176,0,20,0,0
52,Male,White,Married-civ-spouse,0,99307,Assoc-acdm,Private,Sales,3103,0,48,39,1
35,Male,White,Married-civ-spouse,0,167990,9th,Private,Machine-op-inspct,0,0,40,2,0
39,Female,White,Divorced,4,139906,HS-grad,Private,Other-service,0,0,81,39,0
57,Male,White,Married-civ-spouse,0,103948,Prof-school,Self-emp-not-inc,Prof-specialty,0,0,30,39,1
35,Male,White,Married-civ-spouse,0,65624,Bachelors,Self-emp-inc,Exec-managerial,0,0,50,39,1
46,Male,Black,Never-married,1,56482,Some-college,Private,Exec-managerial,0,0,40,39,0
38,Male,Black,Married-civ-spouse,0,260997,Some-college,Private,Machine-op-inspct,0,0,40,39,0
18,Male,White,Never-married,3,38307,11th,Self-emp-inc,Farming-fishing,0,0,30,39,0
45,Female,White,Divorced,4,220641,Some-college,Private,Exec-managerial,0,0,40,39,0
32,Male,White,Divorced,3,236543,12th,Private,Protective-serv,0,0,54,26,0
42,Male,White,Married-civ-spouse,0,344624,HS-grad,Private,Transport-moving,0,1902,50,39,1
21,Male,White,Never-married,3,149224,Some-college,Private,Transport-moving,0,0,30,39,0
26,Female,Asian-Pac-Islander,Married-spouse-absent,2,130620,Assoc-acdm,Private,Craft-repair,0,0,40,0,0
49,Male,White,Married-civ-spouse,0,306289,HS-grad,Self-emp-inc,Exec-managerial,0,0,40,39,1
42,Male,White,Never-married,1,160369,HS-grad,State-gov,Protective-serv,0,0,40,39,1
50,Male,White,Married-civ-spouse,0,170050,7th-8th,Private,Machine-op-inspct,0,0,40,39,0
31,Male,White,Married-civ-spouse,0,263561,Bachelors,Private,Exec-managerial,0,2246,45,39,1
18,Male,White,Never-married,3,395567,11th,Other,Other,0,0,40,39,0
67,Female,Black,Divorced,4,191800,Bachelors,Local-gov,Adm-clerical,6360,0,35,39,0
46,Male,White,Married-civ-spouse,0,247043,HS-grad,Private,Transport-moving,0,0,40,39,1
42,Female,White,Separated,4,215219,11th,Self-emp-not-inc,Other-service,0,0,30,39,0
23,Female,White,Never-married,1,193090,Some-college,Private,Adm-clerical,3674,0,40,39,0
53,Female,White,Divorced,1,209022,11th,Private,Other-service,0,0,37,39,0
45,Male,Asian-Pac-Islander,Married-civ-spouse,0,338105,Bachelors,Private,Adm-clerical,0,0,40,30,0
44,Male,White,Married-civ-spouse,0,127592,Bachelors,Private,Tech-support,0,0,40,39,0
45,Male,White,Married-civ-spouse,0,362883,Some-college,Private,Transport-moving,0,0,40,39,0
35,Male,White,Married-civ-spouse,0,314897,7th-8th,Private,Craft-repair,0,0,40,33,0
27,Female,White,Divorced,4,102889,Some-college,Private,Machine-op-inspct,0,0,40,39,0
27,Male,Asian-Pac-Islander,Never-married,2,72887,HS-grad,Private,Handlers-cleaners,0,0,40,39,0
35,Female,White,Widowed,3,112512,HS-grad,Private,Other-service,0,0,40,39,0
48,Male,White,Married-civ-spouse,0,36177,HS-grad,Private,Craft-repair,0,0,45,39,0
36,Female,White,Married-civ-spouse,5,90159,Some-college,Self-emp-not-inc,Other-service,0,0,40,39,0
39,Female,White,Married-civ-spouse,5,272338,HS-grad,Private,Adm-clerical,0,0,25,39,0
48,Male,White,Married-civ-spouse,0,185041,HS-grad,Self-emp-inc,Craft-repair,7298,0,50,39,1
49,Female,White,Married-spouse-absent,4,558183,Assoc-voc,Other,Other,0,0,40,39,0
17,Male,White,Never-married,3,96282,10th,Private,Other-service,0,0,14,39,0
44,Male,White,Married-civ-spouse,0,196545,Bachelors,Private,Craft-repair,7298,0,40,39,1
36,Male,White,Married-civ-spouse,0,345712,HS-grad,State-gov,Exec-managerial,0,0,40,39,0
57,Male,White,Married-civ-spouse,0,73411,Some-college,Private,Craft-repair,0,0,40,39,1
45,Female,White,Married-civ-spouse,5,168837,Some-college,Private,Adm-clerical,0,0,24,2,1
65,Male,White,Married-civ-spouse,0,105017,Bachelors,Other,Other,0,0,40,39,0
25,Female,Other,Never-married,2,167031,Some-college,Private,Other-service,0,0,25,7,0
57,Male,White,Married-civ-spouse,0,195876,HS-grad,Private,Craft-repair,0,0,40,39,0
41,Male,White,Married-civ-spouse,0,113597,Some-college,Private,Farming-fishing,0,0,16,39,0
46,Female,White,Married-civ-spouse,5,225065,Preschool,Private,Machine-op-inspct,0,0,40,26,0
25,Female,Black,Divorced,1,29020,Assoc-acdm,Private,Adm-clerical,0,0,45,39,0
27,Male,White,Divorced,1,279872,Some-college,Private,Other-service,0,0,40,39,0
63,Male,White,Divorced,1,298113,Some-college,Private,Other-service,0,0,40,39,0
53,Male,White,Divorced,3,120839,12th,Private,Farming-fishing,0,0,40,39,0
43,Male,White,Married-civ-spouse,0,105119,HS-grad,Private,Adm-clerical,0,0,40,39,0
38,Female,White,Never-married,1,140117,Some-college,Self-emp-not-inc,Other-service,0,0,20,39,0
26,Male,White,Never-married,1,157249,11th,Private,Transport-moving,0,0,40,39,0
45,Male,White,Divorced,1,111679,Some-college,Self-emp-not-inc,Craft-repair,0,0,30,39,0
41,Female,White,Widowed,1,112763,HS-grad,Private,Sales,0,0,40,39,0
24,Male,White,Married-spouse-absent,3,333505,HS-grad,Private,Transport-moving,0,0,40,29,0
31,Male,White,Never-married,1,91964,Bachelors,Private,Exec-managerial,0,0,40,39,0
18,Male,White,Never-married,3,353358,Some-college,Private,Other-service,0,0,16,39,0
33,Male,White,Never-married,3,171215,Masters,Private,Adm-clerical,0,0,40,39,0
22,Female,White,Never-married,3,222490,Some-college,Private,Sales,0,0,30,39,0
62,Male,White,Married-civ-spouse,0,159699,Bachelors,State-gov,Adm-clerical,0,0,38,39,0
50,Male,White,Married-civ-spouse,0,289207,Doctorate,State-gov,Prof-specialty,0,1902,45,39,1
53,Female,White,Never-married,1,341439,Masters,Private,Exec-managerial,0,0,60,39,1
47,Male,White,Married-civ-spouse,0,204692,HS-grad,Private,Craft-repair,0,0,40,39,0
28,Male,Amer-Indian-Eskimo,Divorced,1,25955,Assoc-voc,Private,Craft-repair,0,0,40,39,0
29,Female,White,Never-married,1,41013,Prof-school,Federal-gov,Prof-specialty,0,0,55,39,0
43,Male,Black,Never-married,1,175715,HS-grad,Self-emp-inc,Exec-managerial,0,0,55,39,0
31,Male,White,Married-civ-spouse,0,124420,11th,Private,Craft-repair,0,0,40,39,0
33,Female,Other,Never-married,4,388741,Some-college,Private,Adm-clerical,0,0,38,39,0
30,Male,Black,Married-civ-spouse,0,226665,Bachelors,Private,Exec-managerial,0,0,42,39,1
21,Female,White,Never-married,1,105312,HS-grad,Other,Other,0,0,20,39,0
33,Male,White,Never-married,1,130057,Assoc-acdm,Private,Craft-repair,0,0,45,39,0
21,Female,White,Never-married,1,254904,HS-grad,Private,Craft-repair,0,0,30,39,0
62,Female,Black,Divorced,1,208266,Assoc-voc,Local-gov,Adm-clerical,0,0,40,39,0
55,Female,Black,Married-civ-spouse,5,205422,10th,Private,Other-service,0,0,40,39,0
44,Female,White,Divorced,4,109684,Masters,Self-emp-not-inc,Exec-managerial,0,0,40,39,0
17,Male,Black,Never-married,3,250541,10th,Private,Other-service,0,0,20,39,0
27,Male,White,Married-civ-spouse,0,59068,HS-grad,Private,Handlers-cleaners,0,0,40,39,0
40,Male,White,Married-civ-spouse,0,280362,HS-grad,Private,Transport-moving,0,0,35,39,0
51,Female,White,Divorced,1,142717,Doctorate,Private,Craft-repair,4787,0,60,39,1
39,Male,White,Never-married,1,126161,Doctorate,Private,Prof-specialty,0,0,45,39,0
32,Male,White,Married-civ-spouse,0,155781,Some-college,Private,Handlers-cleaners,0,0,40,39,0
31,Male,White,Married-civ-spouse,0,377850,HS-grad,Private,Craft-repair,0,0,65,39,0
31,Female,White,Divorced,4,243142,HS-grad,Private,Machine-op-inspct,0,0,40,39,0
47,Male,White,Divorced,1,344157,11th,Private,Handlers-cleaners,0,0,40,39,0
47,Male,Black,Married-civ-spouse,0,177457,Some-college,Self-emp-not-inc,Other-service,0,0,40,39,0
21,Female,White,Never-married,3,538319,Some-college,Private,Other-service,0,0,40,33,0
26,Female,White,Divorced,4,78258,Assoc-voc,Private,Prof-specialty,0,0,36,39,0
38,Female,Black,Never-married,4,146178,HS-grad,Private,Craft-repair,0,0,40,39,0
36,Female,White,Divorced,4,34744,Assoc-acdm,Private,Other-service,0,0,37,39,0
24,Female,White,Never-married,3,157332,Some-college,Private,Machine-op-inspct,0,0,42,39,0
42,Female,White,Divorced,4,190767,Assoc-voc,Private,Tech-support,0,0,40,39,0
81,Male,White,Widowed,2,193237,1st-4th,Self-emp-not-inc,Sales,0,0,45,26,0
40,Male,White,Married-civ-spouse,0,293809,Bachelors,Local-gov,Prof-specialty,0,0,20,39,0
30,Female,White,Divorced,1,399088,Some-college,Private,Adm-clerical,0,0,45,39,0
50,Male,White,Divorced,1,174752,HS-grad,Self-emp-not-inc,Farming-fishing,0,0,40,39,0
51,Male,White,Never-married,4,300816,Bachelors,Private,Adm-clerical,0,0,20,39,0
22,Male,White,Never-married,3,385077,HS-grad,Private,Craft-repair,2907,0,40,39,0
23,Female,White,Never-married,1,55674,Bachelors,Private,Protective-serv,2907,0,40,39,0
38,Male,White,Divorced,4,131808,Assoc-voc,Private,Craft-repair,0,0,40,39,0
64,Male,White,Married-civ-spouse,0,36960,HS-grad,Self-emp-not-inc,Farming-fishing,0,0,40,39,1
20,Female,White,Never-married,1,154781,HS-grad,Private,Adm-clerical,0,0,40,39,0
32,Female,White,Never-married,3,481096,5th-6th,State-gov,Machine-op-inspct,0,0,10,39,0
26,Male,White,Never-married,1,212793,HS-grad,Private,Machine-op-inspct,0,0,40,39,0
59,Female,White,Widowed,4,303455,Masters,Local-gov,Prof-specialty,4787,0,60,39,1
25,Male,White,Never-married,1,463667,HS-grad,Self-emp-not-inc,Other-service,0,0,8,39,0
57,Male,White,Married-civ-spouse,0,315460,Prof-school,Self-emp-not-inc,Prof-specialty,0,0,36,39,0
55,Male,White,Divorced,1,305759,HS-grad,Private,Other-service,0,0,40,0,0
28,Male,White,Married-civ-spouse,0,160731,HS-grad,Private,Craft-repair,0,0,40,31,1
21,Female,White,Never-married,1,27049,HS-grad,Private,Priv-house-serv,0,0,25,39,0
34,Male,White,Married-civ-spouse,0,106761,Bachelors,Private,Sales,0,0,45,39,1
44,Male,White,Married-civ-spouse,0,257758,Doctorate,Private,Prof-specialty,0,0,40,39,1
28,Male,White,Married-civ-spouse,0,31717,HS-grad,Self-emp-not-inc,Craft-repair,0,0,40,39,0
47,Male,White,Widowed,1,297884,10th,Private,Machine-op-inspct,0,0,40,39,0
30,Male,White,Married-civ-spouse,2,115040,HS-grad,Local-gov,Handlers-cleaners,0,0,25,39,0
29,Male,Asian-Pac-Islander,Never-married,3,123983,Masters,Local-gov,Prof-specialty,0,0,40,36,0
51,Male,White,Married-civ-spouse,0,143822,Some-college,Private,Craft-repair,7298,0,40,39,1
41,Male,White,Separated,1,139907,Assoc-voc,Private,Craft-repair,0,0,30,39,0
48,Male,White,Never-married,4,242406,11th,Private,Machine-op-inspct,0,0,40,33,0
38,Male,White,Never-married,2,33887,HS-grad,Private,Machine-op-inspct,0,0,40,39,0
37,Female,White,Separated,4,189251,Doctorate,Private,Prof-specialty,0,0,40,39,0
36,Female,White,Divorced,4,98515,Assoc-voc,Private,Tech-support,0,0,40,39,0
37,Male,White,Married-civ-spouse,0,46385,HS-grad,Private,Machine-op-inspct,0,0,40,39,0
55,Female,White,Widowed,2,160303,HS-grad,Private,Adm-clerical,0,0,40,39,0
40,Female,White,Never-married,1,63745,Assoc-voc,Private,Adm-clerical,0,0,40,39,0
45,Female,White,Divorced,1,102202,Assoc-voc,Private,Adm-clerical,0,0,40,39,0
30,Male,Amer-Indian-Eskimo,Married-civ-spouse,0,216811,HS-grad,Private,Craft-repair,0,0,40,39,0
38,Male,White,Married-civ-spouse,0,222450,5th-6th,Private,Machine-op-inspct,0,0,40,26,0
35,Female,White,Divorced,1,214896,HS-grad,Private,Adm-clerical,0,0,45,39,0
57,Male,White,Married-civ-spouse,0,413373,Doctorate,Self-emp-not-inc,Sales,0,1902,40,39,1
32,Male,White,Divorced,1,241885,10th,Self-emp-not-inc,Craft-repair,0,0,40,39,0
56,Female,White,Married-spouse-absent,1,110238,Bachelors,Self-emp-not-inc,Prof-specialty,0,0,40,39,1
51,Male,White,Divorced,1,196501,Bachelors,Private,Exec-managerial,14084,0,50,39,1
32,Male,White,Married-civ-spouse,0,77634,11th,Private,Adm-clerical,0,0,45,39,0
35,Female,Black,Never-married,1,47707,HS-grad,Private,Other-service,0,0,40,39,0
22,Female,White,Never-married,1,147655,Some-college,Private,Tech-support,0,0,40,39,0
32,Male,Black,Married-civ-spouse,0,349365,Some-college,Private,Sales,0,0,65,39,0
25,Female,White,Never-married,3,193820,Masters,Private,Prof-specialty,0,0,35,39,0
23,Female,White,Never-married,1,121471,Bachelors,Private,Adm-clerical,0,0,40,39,0
35,Male,Asian-Pac-Islander,Married-civ-spouse,0,160120,Bachelors,Private,Adm-clerical,0,0,40,30,1
28,Female,Black,Never-married,4,526528,Some-college,Federal-gov,Adm-clerical,3887,0,40,39,0
28,Male,White,Married-civ-spouse,0,283227,Some-college,Local-gov,Exec-managerial,0,0,65,39,0
55,Male,White,Married-civ-spouse,0,204751,HS-grad,Private,Transport-moving,0,0,65,39,0
38,Male,White,Married-civ-spouse,0,179668,Bachelors,Private,Prof-specialty,0,0,50,39,1
31,Male,White,Never-married,2,369825,7th-8th,Private,Handlers-cleaners,0,0,25,39,0
49,Male,White,Married-civ-spouse,0,193960,Masters,Local-gov,Prof-specialty,0,1902,40,39,1
42,Male,White,Married-civ-spouse,0,118212,9th,Private,Transport-moving,0,0,40,39,0
41,Male,White,Married-civ-spouse,0,174575,HS-grad,Local-gov,Craft-repair,0,0,40,39,0
43,Male,White,Married-civ-spouse,0,64631,HS-grad,Private,Craft-repair,0,0,40,39,0
34,Male,White,Never-married,4,245211,HS-grad,Private,Craft-repair,2036,0,30,39,0
57,Female,White,Divorced,4,121111,HS-grad,Local-gov,Adm-clerical,0,0,40,39,0
46,Female,White,Divorced,4,171095,Assoc-acdm,Private,Sales,0,0,38,39,0
34,Male,White,Married-civ-spouse,0,156890,HS-grad,Self-emp-not-inc,Exec-managerial,0,0,50,39,0
21,Male,White,Married-civ-spouse,0,103205,HS-grad,Private,Machine-op-inspct,0,0,40,39,0
31,Male,White,Divorced,3,207537,HS-grad,Private,Craft-repair,0,1669,50,39,0
35,Male,Asian-Pac-Islander,Married-civ-spouse,0,320451,Masters,Private,Exec-managerial,0,0,65,17,1
59,Female,White,Married-civ-spouse,5,106748,7th-8th,Private,Other-service,0,0,99,39,0
48,Male,White,Divorced,1,171986,HS-grad,Self-emp-not-inc,Prof-specialty,0,0,15,39,0
18,Male,Black,Never-married,3,255282,11th,Other,Other,0,1602,48,39,0
24,Male,White,Never-married,3,38151,Some-college,State-gov,Adm-clerical,0,0,12,39,0
22,Male,White,Never-married,1,194829,Bachelors,Private,Exec-managerial,0,0,30,39,0
64,Female,White,Married-civ-spouse,5,231619,HS-grad,Private,Sales,0,0,21,39,0
43,Male,White,Married-civ-spouse,0,293305,Bachelors,Private,Sales,0,1887,40,39,1
45,Male,White,Married-civ-spouse,0,120724,Masters,Private,Exec-managerial,4386,0,40,39,0
48,Male,White,Married-civ-spouse,0,353824,Some-college,Other,Other,0,0,40,0,1
49,Male,White,Married-civ-spouse,0,84298,Some-college,Private,Sales,7688,0,40,39,1
80,Male,White,Married-civ-spouse,0,148623,Prof-school,Private,Prof-specialty,0,0,35,39,1
24,Male,White,Never-married,3,161092,Bachelors,Private,Exec-managerial,0,0,40,39,0
23,Female,White,Never-married,1,311376,Assoc-voc,Private,Adm-clerical,0,0,40,39,0
23,Male,White,Never-married,3,187513,Some-college,Private,Other-service,0,0,32,39,0
24,Female,Black,Married-civ-spouse,5,67586,Assoc-voc,Other,Other,0,0,35,39,0
30,Male,White,Married-civ-spouse,0,132601,Bachelors,Private,Exec-managerial,99999,0,50,39,1
36,Male,Asian-Pac-Islander,Married-civ-spouse,0,99872,HS-grad,Private,Craft-repair,0,0,40,19,0
46,Male,Asian-Pac-Islander,Married-spouse-absent,1,148489,HS-grad,Other,Other,0,0,40,30,0
33,Male,White,Never-married,1,144949,HS-grad,Private,Handlers-cleaners,0,0,40,39,0
22,Male,Other,Never-married,4,153805,HS-grad,Private,Other-service,0,0,20,33,0
66,Female,White,Widowed,1,284021,HS-grad,Private,Sales,0,0,40,39,0
49,Male,White,Married-spouse-absent,4,402462,Bachelors,Private,Transport-moving,0,0,30,4,0
52,Male,White,Married-civ-spouse,0,207841,Some-college,Federal-gov,Adm-clerical,0,0,40,39,0
52,Male,White,Married-civ-spouse,0,178983,Doctorate,Private,Prof-specialty,0,0,40,0,1
57,Female,White,Divorced,1,175942,Some-college,Private,Exec-managerial,0,0,50,39,1
52,Male,White,Married-civ-spouse,0,163678,HS-grad,Private,Transport-moving,0,0,55,39,0
50,Male,White,Married-civ-spouse,0,92486,Some-college,Local-gov,Craft-repair,0,0,40,39,0
60,Female,White,Divorced,1,227266,HS-grad,Private,Sales,0,0,33,39,0
51,Male,White,Never-married,3,120914,10th,Private,Farming-fishing,0,0,40,39,0
43,Male,White,Divorced,4,282069,Some-college,Private,Craft-repair,0,0,42,39,0
30,Female,White,Married-civ-spouse,5,97933,Assoc-acdm,Private,Transport-moving,0,1485,37,39,1
44,Male,White,Never-married,1,150076,HS-grad,Private,Other-service,0,0,30,39,0
30,Male,White,Married-civ-spouse,0,129707,Some-college,Private,Sales,0,1848,40,39,1
46,Male,White,Married-civ-spouse,0,219021,HS-grad,Private,Transport-moving,15024,0,44,39,1
21,Female,White,Never-married,1,57711,HS-grad,Private,Other-service,0,0,30,39,0
21,Female,Black,Never-married,1,285127,HS-grad,Private,Handlers-cleaners,0,0,40,39,0
19,Female,White,Never-married,3,109854,HS-grad,Private,Adm-clerical,0,0,40,39,0
51,Male,Black,Never-married,1,202752,HS-grad,Private,Craft-repair,0,0,40,39,0
72,Male,White,Married-civ-spouse,0,177226,HS-grad,Other,Other,0,0,8,39,0
29,Male,White,Married-civ-spouse,0,190777,Bachelors,Private,Sales,0,0,55,39,0
77,Male,White,Married-civ-spouse,0,155761,Some-college,Self-emp-inc,Sales,0,0,8,39,0
59,Male,White,Married-civ-spouse,0,246262,Some-college,Private,Tech-support,0,0,40,39,1
21,Female,White,Never-married,3,33616,Some-college,Private,Adm-clerical,0,0,25,39,0
58,Male,White,Never-married,1,112945,Prof-school,Self-emp-inc,Prof-specialty,27828,0,40,39,1
22,Female,Black,Never-married,3,297380,HS-grad,Private,Sales,0,0,40,39,0
37,Male,White,Married-civ-spouse,0,108140,Masters,Private,Exec-managerial,15024,0,45,39,1
55,Female,White,Divorced,4,173296,Masters,Local-gov,Prof-specialty,0,0,45,39,0
68,Female,Amer-Indian-Eskimo,Widowed,4,121846,7th-8th,Private,Other-service,0,0,20,39,0
36,Male,White,Married-civ-spouse,0,224531,Bachelors,Private,Sales,0,0,50,39,1
35,Male,White,Never-married,1,372525,Bachelors,Self-emp-not-inc,Exec-managerial,0,0,40,39,0
49,Male,White,Married-civ-spouse,0,262116,Prof-school,Private,Prof-specialty,0,0,48,39,0
67,Male,White,Widowed,4,166187,HS-grad,Private,Exec-managerial,0,0,38,39,1
30,Female,White,Never-married,4,33688,HS-grad,Private,Transport-moving,0,1669,70,39,0
28,Female,White,Never-married,1,50814,HS-grad,Private,Prof-specialty,0,0,40,39,0
39,Female,White,Never-married,1,250157,Bachelors,Private,Prof-specialty,0,0,63,39,0
38,Male,White,Married-civ-spouse,0,167440,HS-grad,Local-gov,Transport-moving,0,0,20,39,0
19,Male,Black,Never-married,3,244115,HS-grad,Private,Other-service,0,0,30,39,0
37,Male,White,Married-civ-spouse,0,226947,Assoc-voc,Private,Craft-repair,0,0,40,39,1
20,Male,White,Never-married,3,124954,Some-college,Other,Other,0,0,30,39,0
22,Female,White,Never-married,3,71469,Assoc-acdm,Private,Sales,0,0,25,39,0
47,Female,White,Divorced,4,335973,HS-grad,Private,Adm-clerical,0,0,40,39,0
50,Male,Black,Divorced,1,55527,Assoc-acdm,Private,Craft-repair,0,0,45,39,0
32,Male,White,Married-civ-spouse,0,205072,HS-grad,Self-emp-not-inc,Transport-moving,0,0,48,39,0
37,Male,Black,Separated,1,373895,Some-college,Private,Handlers-cleaners,0,0,35,39,0
27,Male,Asian-Pac-Islander,Never-married,3,95647,Bachelors,Private,Prof-specialty,0,0,40,39,0
61,Male,White,Divorced,1,232808,10th,Private,Other-service,0,0,24,39,0
31,Female,White,Divorced,1,217803,HS-grad,Private,Sales,0,0,32,39,0
27,Female,White,Married-civ-spouse,3,146651,HS-grad,Other,Other,0,0,15,39,0
32,Male,White,Married-civ-spouse,0,190290,HS-grad,Self-emp-not-inc,Farming-fishing,0,0,40,22,0
39,Female,Asian-Pac-Islander,Married-civ-spouse,5,42186,HS-grad,State-gov,Adm-clerical,3464,0,20,39,0
67,Male,White,Married-civ-spouse,0,81761,Masters,Other,Other,0,0,2,39,0
62,Male,White,Married-civ-spouse,0,223975,7th-8th,Private,Prof-specialty,0,0,20,39,0
38,Male,White,Divorced,1,215646,HS-grad,Private,Handlers-cleaners,0,0,40,39,0
64,Female,White,Widowed,1,286732,7th-8th,Other,Other,0,0,40,39,0
51,Male,Amer-Indian-Eskimo,Divorced,1,209912,Bachelors,Private,Exec-managerial,0,0,50,39,0
21,Male,White,Married-civ-spouse,0,131811,HS-grad,Private,Handlers-cleaners,0,0,40,39,0
29,Female,White,Never-married,1,122127,Bachelors,Private,Prof-specialty,8614,0,40,39,1
35,Female,White,Never-married,1,45937,HS-grad,Private,Machine-op-inspct,0,0,40,39,0
39,Male,White,Married-civ-spouse,0,219155,HS-grad,Private,Machine-op-inspct,0,0,43,39,0
42,Male,White,Married-civ-spouse,0,102606,Bachelors,Private,Tech-support,0,0,40,39,1
49,Female,Black,Divorced,1,105431,HS-grad,Private,Other-service,0,0,40,39,0
54,Male,White,Divorced,1,149650,HS-grad,Self-emp-inc,Other-service,0,0,40,2,0
53,Female,White,Divorced,1,195638,HS-grad,Private,Adm-clerical,0,0,40,39,0
42,Male,White,Divorced,1,144002,HS-grad,Private,Transport-moving,0,0,50,39,0
37,Male,White,Married-civ-spouse,0,148581,HS-grad,Private,Transport-moving,0,0,50,39,1
33,Female,White,Married-civ-spouse,5,37546,Prof-school,Federal-gov,Prof-specialty,0,0,40,39,1
54,Male,Black,Married-civ-spouse,0,179291,Some-college,Private,Prof-specialty,0,0,56,14,1
53,Female,White,Never-married,1,340723,Prof-school,Private,Prof-specialty,0,0,40,39,0
38,Male,White,Divorced,3,127772,HS-grad,Self-emp-not-inc,Farming-fishing,0,0,50,39,0
37,Female,White,Separated,4,201319,Some-college,Private,Other-service,0,0,40,39,0
66,Male,White,Divorced,1,101607,HS-grad,Private,Machine-op-inspct,0,0,10,39,0
43,Male,White,Married-civ-spouse,0,336513,Some-college,Private,Exec-managerial,0,1902,40,39,1
22,Female,White,Separated,4,34506,Some-college,Other,Other,0,0,25,39,0
32,Male,White,Married-civ-spouse,0,173351,HS-grad,Private,Craft-repair,0,0,48,39,0
17,Female,White,Never-married,3,54257,11th,Private,Adm-clerical,0,0,20,39,0
55,Male,White,Married-civ-spouse,0,146326,Masters,State-gov,Prof-specialty,7688,0,45,39,1
66,Male,White,Married-civ-spouse,0,142624,Assoc-acdm,Private,Machine-op-inspct,5556,0,40,41,1
33,Female,White,Divorced,4,23871,Assoc-acdm,Private,Prof-specialty,0,0,32,39,0
52,Male,White,Married-civ-spouse,0,180881,Bachelors,Private,Exec-managerial,0,0,40,39,0
36,Male,White,Never-married,1,215503,HS-grad,Private,Craft-repair,0,0,65,39,0
32,Female,White,Married-civ-spouse,5,192039,Assoc-voc,Private,Prof-specialty,0,0,40,39,1
40,Female,Black,Never-married,4,141583,10th,Private,Other-service,0,0,40,39,0
22,Female,White,Never-married,1,199426,Some-college,Private,Sales,0,0,17,39,0
42,Male,White,Divorced,4,126701,Bachelors,Private,Adm-clerical,9562,0,45,39,1
27,Female,White,Never-married,3,242207,Bachelors,Private,Tech-support,0,0,40,39,0
27,Male,Black,Never-married,1,291196,Bachelors,State-gov,Prof-specialty,0,0,40,39,0
44,Female,White,Married-civ-spouse,5,164678,Masters,Private,Prof-specialty,0,0,45,39,0
41,Female,White,Married-civ-spouse,5,151990,Assoc-voc,Self-emp-not-inc,Prof-specialty,0,0,15,39,1
43,Male,White,Married-civ-spouse,0,293176,Bachelors,Private,Sales,0,0,40,39,1
52,Male,White,Married-civ-spouse,0,290856,Bachelors,Federal-gov,Prof-specialty,0,0,40,39,1
33,Male,White,Never-married,1,105974,HS-grad,Private,Craft-repair,0,0,41,39,0
44,Male,White,Never-married,1,230592,Bachelors,Private,Tech-support,0,0,35,39,0
20,Female,Asian-Pac-Islander,Never-married,2,112137,Some-college,Self-emp-not-inc,Prof-specialty,0,0,20,35,0
45,Male,White,Never-married,1,174426,Some-college,Self-emp-not-inc,Prof-specialty,0,0,35,39,0
32,Male,White,Never-married,1,319280,Assoc-acdm,Self-emp-not-inc,Sales,0,0,80,39,0
30,Male,White,Divorced,1,207937,Prof-school,Private,Prof-specialty,10520,0,50,39,1
41,Male,White,Married-civ-spouse,0,36924,Some-college,Local-gov,Adm-clerical,0,0,40,39,1
52,Female,White,Married-civ-spouse,5,194259,7th-8th,Private,Exec-managerial,0,0,50,39,0
34,Male,Black,Never-married,4,263307,Bachelors,Private,Sales,0,0,45,0,0
46,Male,White,Married-civ-spouse,0,330416,Some-college,Private,Adm-clerical,0,0,40,39,0
46,Female,White,Married-civ-spouse,5,398986,Doctorate,Local-gov,Prof-specialty,0,1902,52,39,1
62,Male,White,Married-civ-spouse,0,302142,HS-grad,Other,Other,2961,0,30,39,0
17,Male,Black,Never-married,3,321880,10th,Private,Other-service,0,0,15,39,0
45,Female,Black,Separated,4,123283,HS-grad,Private,Machine-op-inspct,0,0,15,39,0
52,Female,White,Widowed,4,98752,9th,Private,Adm-clerical,0,0,40,39,0
43,Female,White,Never-married,1,221550,Masters,Private,Other-service,0,0,30,31,0
30,Male,White,Never-married,1,154587,HS-grad,Private,Other-service,0,0,40,33,0
61,Male,White,Married-civ-spouse,0,201965,HS-grad,Self-emp-not-inc,Exec-managerial,0,0,40,39,0
28,Female,White,Married-civ-spouse,5,114158,Bachelors,Private,Prof-specialty,0,1977,24,39,1
57,Male,White,Married-civ-spouse,0,47392,HS-grad,Local-gov,Exec-managerial,0,0,40,39,1
43,Male,White,Married-civ-spouse,0,323713,HS-grad,Private,Machine-op-inspct,0,0,40,39,0
32,Female,White,Never-married,1,159442,Prof-school,Private,Sales,13550,0,50,39,1
26,Female,Black,Never-married,3,213451,Some-college,Local-gov,Other-service,0,0,10,23,0
83,Male,White,Widowed,1,195507,HS-grad,Private,Protective-serv,0,0,55,39,0
28,Male,White,Never-married,1,183597,Doctorate,Private,Prof-specialty,594,0,50,11,0
43,Male,White,Married-civ-spouse,0,156771,10th,Private,Adm-clerical,0,0,40,39,0
32,Female,White,Divorced,4,240888,Assoc-acdm,Private,Adm-clerical,0,0,40,39,0
31,Female,White,Married-civ-spouse,5,106437,Prof-school,Private,Prof-specialty,0,0,60,39,1
33,Male,White,Married-civ-spouse,0,249249,5th-6th,Self-emp-not-inc,Craft-repair,0,0,50,39,1
52,Male,White,Married-civ-spouse,0,231166,Assoc-voc,State-gov,Exec-managerial,0,0,40,39,0
19,Female,Black,Never-married,4,425447,HS-grad,Other,Other,0,0,40,39,0
29,Female,White,Never-married,1,176027,Bachelors,Private,Prof-specialty,0,0,40,39,0
24,Female,White,Never-married,3,134787,Some-college,Private,Sales,0,0,40,39,0
33,Male,White,Never-married,1,348592,HS-grad,Private,Craft-repair,0,0,40,39,1
48,Male,White,Married-civ-spouse,0,32825,HS-grad,Self-emp-not-inc,Craft-repair,0,0,40,39,0
53,Male,White,Married-civ-spouse,0,263925,HS-grad,Self-emp-inc,Sales,99999,0,40,39,1
17,Male,White,Never-married,3,182158,10th,Private,Priv-house-serv,0,0,30,39,0
22,Male,White,Never-married,3,448626,Some-college,Private,Sales,0,0,40,39,0
19,Male,White,Never-married,1,274657,5th-6th,Private,Other-service,0,0,50,13,0
39,Male,White,Married-civ-spouse,0,423605,12th,Local-gov,Transport-moving,0,1848,40,27,1
45,Male,White,Married-civ-spouse,0,246891,Bachelors,Private,Sales,0,1902,40,39,1
36,Female,White,Divorced,4,254202,HS-grad,Private,Exec-managerial,0,0,50,39,0
52,Male,White,Married-civ-spouse,0,138944,11th,Private,Craft-repair,0,0,40,39,1
36,Male,White,Married-civ-spouse,0,334291,HS-grad,Private,Sales,0,0,40,39,1
23,Female,White,Never-married,3,122272,Some-college,Private,Adm-clerical,0,0,20,39,0
48,Male,White,Married-civ-spouse,0,182862,Some-college,Private,Craft-repair,0,0,40,39,1
61,Male,White,Married-civ-spouse,0,225970,HS-grad,Private,Tech-support,0,0,40,39,1
53,Male,White,Never-married,2,95864,HS-grad,Private,Adm-clerical,0,0,35,39,0
51,Female,White,Married-civ-spouse,5,87205,Bachelors,Private,Adm-clerical,7688,0,20,39,1
52,Male,White,Married-civ-spouse,0,152373,HS-grad,Private,Machine-op-inspct,2105,0,40,39,0
59,Male,White,Married-civ-spouse,0,229939,HS-grad,Private,Sales,0,0,40,39,0
42,Male,White,Never-married,1,32533,Some-college,Other,Other,0,0,45,39,0
81,Female,White,Divorced,1,364099,Some-college,Private,Adm-clerical,0,0,20,39,0
30,Male,White,Married-civ-spouse,0,361497,Bachelors,State-gov,Protective-serv,0,0,72,39,1
36,Male,White,Married-civ-spouse,0,186865,Doctorate,Private,Prof-specialty,0,0,60,39,1
60,Female,Amer-Indian-Eskimo,Separated,1,24872,Some-college,Private,Transport-moving,0,0,30,39,0
61,Male,White,Divorced,1,34632,Bachelors,Local-gov,Other-service,0,0,30,39,0
26,Male,White,Never-married,1,318518,Some-college,Private,Transport-moving,0,0,40,39,0
40,Female,White,Separated,4,406811,HS-grad,Private,Exec-managerial,0,0,40,2,0
48,Male,White,Married-civ-spouse,0,266337,HS-grad,Other,Other,0,0,40,39,0
51,Male,White,Married-civ-spouse,0,177727,Assoc-acdm,Private,Craft-repair,0,0,45,39,1
44,Male,Black,Divorced,4,239876,Bachelors,Private,Prof-specialty,0,0,40,39,0
35,Male,White,Married-civ-spouse,0,163237,Bachelors,Private,Sales,0,0,52,39,1
30,Male,White,Married-civ-spouse,0,209103,Assoc-voc,Private,Exec-managerial,0,0,48,39,0
26,Male,Asian-Pac-Islander,Never-married,1,160261,Masters,Private,Prof-specialty,0,0,20,19,0
26,Male,White,Never-married,1,113571,HS-grad,Private,Transport-moving,0,0,70,39,0
51,Male,Asian-Pac-Islander,Married-civ-spouse,0,223206,Doctorate,Federal-gov,Prof-specialty,15024,0,40,40,1
27,Male,White,Never-married,4,29261,Some-college,Private,Sales,0,0,50,39,0
65,Male,White,Married-civ-spouse,0,37092,Assoc-voc,Self-emp-not-inc,Farming-fishing,0,0,25,39,0
50,Male,White,Divorced,1,177927,HS-grad,Private,Protective-serv,0,0,40,39,0
25,Male,White,Married-civ-spouse,0,159909,Assoc-voc,Self-emp-not-inc,Farming-fishing,0,0,40,39,0
40,Female,White,Divorced,4,106698,Assoc-acdm,Private,Transport-moving,0,0,40,39,0
22,Female,White,Never-married,1,336215,Assoc-acdm,Private,Adm-clerical,0,0,25,39,0
38,Female,White,Never-married,1,162613,Masters,Local-gov,Prof-specialty,0,2258,60,39,0
33,Male,White,Married-civ-spouse,0,168387,11th,Private,Other-service,0,0,40,39,0
49,Male,White,Married-civ-spouse,0,187370,Masters,Private,Exec-managerial,15024,0,50,39,1
38,Male,White,Married-civ-spouse,0,220585,HS-grad,Private,Exec-managerial,0,0,55,39,1
30,Male,Black,Never-married,1,345898,HS-grad,Private,Craft-repair,0,0,46,39,0
37,Male,White,Married-civ-spouse,0,182668,10th,Private,Transport-moving,0,0,35,39,0
25,Male,Asian-Pac-Islander,Never-married,1,124483,Bachelors,Local-gov,Adm-clerical,0,0,20,19,0
32,Male,White,Married-civ-spouse,0,151773,Some-college,Private,Craft-repair,0,0,45,39,0
42,Female,White,Divorced,1,30824,Masters,Private,Prof-specialty,2354,0,16,39,0
58,Male,White,Married-civ-spouse,0,198478,7th-8th,Other,Other,0,0,24,39,0
22,Female,White,Never-married,3,184756,Some-college,Private,Sales,0,0,30,39,0
20,Male,White,Never-married,2,386864,10th,Private,Other-service,0,0,35,26,0
21,Female,White,Never-married,1,211391,Some-college,Private,Adm-clerical,0,0,27,39,0
53,Male,White,Married-civ-spouse,0,117847,Assoc-acdm,Federal-gov,Adm-clerical,0,0,40,39,0
36,Male,Black,Married-civ-spouse,0,217926,Assoc-acdm,Private,Machine-op-inspct,0,0,50,39,0
40,Female,White,Married-civ-spouse,5,105936,HS-grad,Private,Sales,5013,0,20,39,0
36,Male,White,Married-civ-spouse,0,135289,HS-grad,Private,Machine-op-inspct,0,0,45,39,0
29,Male,White,Married-civ-spouse,0,183151,HS-grad,Self-emp-not-inc,Transport-moving,0,0,48,39,0
30,Male,White,Married-civ-spouse,0,159187,Bachelors,Private,Prof-specialty,0,1902,55,39,1
50,Female,White,Divorced,1,320386,Assoc-acdm,Local-gov,Prof-specialty,0,0,40,39,0
40,Male,White,Married-civ-spouse,0,225432,Some-college,Private,Machine-op-inspct,0,0,45,39,0
47,Male,White,Married-civ-spouse,0,114459,Masters,Local-gov,Prof-specialty,7688,0,45,39,1
18,Female,White,Never-married,3,97318,HS-grad,Other,Other,0,0,35,39,0
44,Female,White,Divorced,4,206686,Some-college,Private,Adm-clerical,0,0,40,39,0
20,Male,White,Never-married,3,342599,Some-college,Private,Handlers-cleaners,0,0,35,39,0
43,Male,White,Never-married,1,180138,HS-grad,Private,Craft-repair,0,0,45,39,0
50,Male,White,Married-civ-spouse,0,114056,Assoc-voc,Private,Protective-serv,0,0,84,39,0
64,Male,White,Divorced,1,269512,Bachelors,State-gov,Tech-support,0,0,40,39,0
21,Male,White,Never-married,4,433330,Some-college,Other,Other,0,0,40,39,0
34,Female,White,Divorced,4,157165,Some-college,Private,Other-service,0,0,40,39,0
36,Female,Black,Never-married,1,297847,HS-grad,Private,Other-service,0,2001,40,39,0
28,Male,White,Divorced,1,340408,Some-college,Private,Craft-repair,0,0,46,39,0
42,Male,White,Married-civ-spouse,0,196626,7th-8th,Private,Craft-repair,0,0,40,39,0
44,Male,White,Married-civ-spouse,0,182616,Assoc-voc,Private,Tech-support,0,0,40,39,1
29,Male,White,Never-married,1,49087,Bachelors,Private,Prof-specialty,0,0,50,39,0
47,Female,White,Married-civ-spouse,5,181652,HS-grad,Private,Machine-op-inspct,0,0,40,39,0
49,Male,White,Married-civ-spouse,0,107231,HS-grad,Local-gov,Craft-repair,0,2002,40,39,0
21,Female,White,Never-married,3,253612,Some-college,Private,Prof-specialty,1055,0,32,39,0
50,Male,White,Never-married,3,182907,HS-grad,Private,Handlers-cleaners,0,0,25,39,0
47,Male,White,Married-civ-spouse,0,573583,HS-grad,Private,Transport-moving,0,0,48,22,1
45,Female,White,Widowed,1,154430,Bachelors,Private,Prof-specialty,10520,0,50,39,1
24,Male,White,Never-married,1,161198,Bachelors,Private,Prof-specialty,0,0,25,39,0
22,Female,White,Never-married,1,81145,HS-grad,Private,Other-service,0,0,25,39,0
32,Male,White,Married-civ-spouse,0,131224,HS-grad,Private,Prof-specialty,0,0,40,39,0
49,Male,White,Married-civ-spouse,0,192894,HS-grad,Private,Craft-repair,0,0,40,39,1
19,Male,White,Married-civ-spouse,0,112432,HS-grad,Private,Handlers-cleaners,0,0,58,39,0
51,Male,White,Married-civ-spouse,0,306784,HS-grad,Self-emp-not-inc,Exec-managerial,0,0,30,39,0
34,Male,White,Divorced,1,314375,Assoc-voc,Private,Craft-repair,0,0,40,39,0
47,Male,White,Married-civ-spouse,0,285200,HS-grad,Private,Craft-repair,0,0,40,39,0
48,Male,White,Married-civ-spouse,0,47343,Masters,Private,Prof-specialty,0,0,40,39,1
43,Male,White,Married-civ-spouse,0,112967,Some-college,Private,Protective-serv,0,0,40,39,0
37,Male,Black,Never-married,1,210438,11th,Private,Handlers-cleaners,0,0,40,39,0
30,Male,White,Married-civ-spouse,0,169589,Some-college,Private,Adm-clerical,0,0,40,39,0
32,Male,White,Married-civ-spouse,0,83253,Some-college,Private,Transport-moving,0,0,60,39,0
34,Female,Black,Never-married,4,111589,10th,Private,Other-service,0,0,40,23,0
28,Female,Black,Never-married,1,213081,11th,Private,Other-service,0,0,40,23,0
31,Female,White,Never-married,3,151484,HS-grad,Private,Adm-clerical,0,0,8,39,0
90,Female,White,Widowed,4,313749,HS-grad,Private,Adm-clerical,0,0,25,39,0
53,Male,White,Married-civ-spouse,0,177727,HS-grad,Private,Machine-op-inspct,0,0,40,39,1
38,Male,Black,Never-married,1,175441,HS-grad,Private,Handlers-cleaners,0,0,40,39,0
23,Male,White,Never-married,2,283796,12th,Private,Machine-op-inspct,0,0,30,26,0
42,Male,White,Divorced,4,274913,HS-grad,Private,Craft-repair,0,0,45,39,0
37,Female,White,Never-married,3,190105,HS-grad,Private,Adm-clerical,0,0,55,39,0
18,Female,White,Never-married,3,67793,HS-grad,Other,Other,0,0,60,39,0
38,Male,White,Married-civ-spouse,0,104094,Some-college,Private,Sales,0,0,40,39,0
51,Male,White,Divorced,1,388496,Some-college,Self-emp-not-inc,Craft-repair,0,0,8,33,1
45,Male,Asian-Pac-Islander,Married-spouse-absent,1,182677,HS-grad,Self-emp-not-inc,Craft-repair,0,0,40,37,0
42,Male,White,Married-civ-spouse,0,194636,HS-grad,Private,Sales,0,0,40,39,0
21,Female,Other,Never-married,3,187088,Some-college,Private,Adm-clerical,0,0,20,5,0
21,Female,White,Never-married,3,120326,Some-college,Private,Adm-clerical,0,0,40,39,0
42,Male,White,Widowed,4,113324,HS-grad,Private,Sales,0,0,40,39,0
41,Male,White,Married-civ-spouse,0,149102,Bachelors,Private,Exec-managerial,0,0,60,39,1
19,Male,White,Never-married,2,175081,9th,Private,Craft-repair,0,0,60,39,0
49,Female,White,Divorced,4,50748,Some-college,Private,Sales,0,0,55,9,0
33,Male,White,Married-civ-spouse,0,55699,HS-grad,Private,Transport-moving,3908,0,40,39,0
27,Male,White,Married-civ-spouse,0,116207,9th,Private,Craft-repair,0,0,32,39,0
23,Female,Asian-Pac-Islander,Never-married,1,240049,Preschool,Private,Other-service,0,0,40,25,0
53,Male,White,Separated,1,64322,7th-8th,Other,Other,0,0,40,39,0
21,Female,White,Never-married,3,200153,HS-grad,Private,Other-service,0,0,32,39,0
28,Female,White,Married-civ-spouse,5,167336,HS-grad,Private,Exec-managerial,0,0,45,39,1
44,Female,White,Divorced,1,462838,HS-grad,Private,Handlers-cleaners,0,0,48,39,0
28,Female,White,Divorced,1,140108,Masters,Private,Prof-specialty,0,0,50,39,0
31,Female,White,Never-married,1,93106,Assoc-voc,Private,Adm-clerical,0,0,40,39,0
44,Female,Other,Never-married,4,219441,10th,Private,Sales,0,0,35,6,0
19,Female,White,Never-married,3,29526,Some-college,Private,Other-service,0,0,18,39,0
32,Male,White,Married-civ-spouse,0,90446,10th,Private,Craft-repair,0,0,40,39,0
35,Male,White,Married-civ-spouse,0,186009,HS-grad,Private,Craft-repair,0,0,40,39,1
19,Male,White,Never-married,3,63574,Some-college,Other,Other,0,0,50,39,0
32,Female,White,Never-married,1,272376,Assoc-acdm,Private,Adm-clerical,0,0,40,39,0
51,Male,White,Married-civ-spouse,0,176240,Assoc-acdm,Self-emp-not-inc,Sales,0,0,40,39,1
52,Male,White,Married-civ-spouse,0,302847,11th,Private,Machine-op-inspct,0,0,40,39,0
32,Male,Other,Never-married,1,390997,1st-4th,Private,Farming-fishing,0,0,50,26,0
55,Male,White,Married-civ-spouse,0,168790,HS-grad,Local-gov,Transport-moving,0,0,44,39,0
52,Male,White,Married-civ-spouse,0,77336,Assoc-voc,Self-emp-not-inc,Craft-repair,0,0,40,39,0
55,Male,White,Separated,1,256526,HS-grad,Private,Machine-op-inspct,4865,0,45,39,0
41,Female,Black,Married-civ-spouse,5,213154,Some-college,Local-gov,Adm-clerical,0,0,40,39,0
80,Male,White,Never-married,1,132728,HS-grad,Self-emp-not-inc,Exec-managerial,0,0,20,39,0
51,Male,White,Married-civ-spouse,0,213296,HS-grad,Self-emp-inc,Other-service,0,0,30,39,0
18,Female,White,Never-married,3,127388,Some-college,Other,Other,0,0,40,39,0
21,Male,White,Never-married,3,99199,Some-college,State-gov,Exec-managerial,0,0,10,39,0
23,Male,White,Never-married,1,215395,HS-grad,Private,Machine-op-inspct,0,0,40,39,0
18,Male,White,Never-married,3,167979,11th,Private,Sales,0,0,15,39,0
53,Male,White,Married-civ-spouse,0,139671,Some-college,Private,Craft-repair,0,0,40,39,1
27,Female,White,Never-married,1,46442,Bachelors,Federal-gov,Protective-serv,0,0,35,39,0
50,Male,White,Married-civ-spouse,0,20179,Masters,Federal-gov,Tech-support,0,0,40,39,1
33,Male,White,Married-civ-spouse,0,99309,HS-grad,Private,Exec-managerial,0,0,50,39,0
33,Male,Black,Never-married,1,182401,10th,Private,Adm-clerical,0,0,40,39,0
51,Male,White,Married-civ-spouse,0,153486,Some-college,Private,Handlers-cleaners,0,0,40,39,0
42,Female,White,Never-married,1,262402,Bachelors,Federal-gov,Exec-managerial,0,0,40,39,0
30,Male,Black,Married-civ-spouse,0,287908,HS-grad,Private,Machine-op-inspct,0,0,40,39,0
51,Female,White,Never-married,1,348099,HS-grad,Private,Machine-op-inspct,0,1590,40,39,0
28,Female,Black,Married-civ-spouse,5,190350,9th,Private,Protective-serv,0,0,40,39,0
42,Female,White,Married-civ-spouse,5,208875,Some-college,Private,Exec-managerial,0,0,40,8,1
50,Female,Black,Married-civ-spouse,5,186888,HS-grad,Local-gov,Exec-managerial,0,0,40,39,1
23,Female,White,Never-married,1,133239,Assoc-voc,Private,Tech-support,0,0,40,39,0
28,Female,Black,Never-married,1,198393,HS-grad,Other,Other,0,0,40,39,0
30,Female,White,Divorced,4,155659,HS-grad,Private,Other-service,0,0,36,39,0
18,Female,White,Never-married,3,92112,HS-grad,Private,Other-service,0,0,30,39,0
41,Male,White,Married-civ-spouse,0,176452,HS-grad,Private,Tech-support,0,0,40,29,0
22,Female,White,Divorced,4,24896,HS-grad,Private,Tech-support,0,0,30,11,0
36,Male,Black,Separated,1,339772,HS-grad,Local-gov,Exec-managerial,0,0,40,39,0
67,Female,White,Widowed,1,134906,HS-grad,Private,Sales,0,0,32,39,0
17,Female,White,Never-married,3,260797,10th,Private,Handlers-cleaners,0,0,23,39,0
50,Male,White,Married-civ-spouse,0,152810,Some-college,Self-emp-inc,Machine-op-inspct,0,0,70,11,0
43,Male,White,Married-civ-spouse,0,338290,Some-college,Private,Prof-specialty,0,0,40,39,0
34,Male,White,Married-civ-spouse,0,163110,Bachelors,Private,Craft-repair,0,0,45,39,1
20,Female,White,Never-married,2,133515,Some-college,Private,Sales,0,0,40,39,0
50,Male,Black,Married-civ-spouse,0,130780,HS-grad,Private,Handlers-cleaners,0,0,40,39,0
21,Female,White,Never-married,1,341410,Some-college,State-gov,Adm-clerical,0,0,15,39,0
37,Female,White,Married-civ-spouse,5,126708,HS-grad,Private,Adm-clerical,0,0,60,39,0
27,Male,White,Married-civ-spouse,0,193122,HS-grad,Private,Machine-op-inspct,0,0,40,39,0
44,Female,Black,Divorced,1,308027,Bachelors,Federal-gov,Exec-managerial,0,0,40,39,0
27,Male,White,Never-married,3,153869,HS-grad,Private,Handlers-cleaners,0,0,37,39,0
35,Male,Black,Married-civ-spouse,0,76845,9th,Federal-gov,Farming-fishing,0,0,40,39,0
49,Male,White,Married-civ-spouse,0,336509,10th,State-gov,Other-service,0,0,40,39,0
33,Male,White,Married-civ-spouse,0,175509,HS-grad,Local-gov,Protective-serv,0,0,40,39,0
38,Female,White,Separated,4,204668,Assoc-voc,Other,Other,0,0,25,39,0
48,Female,White,Widowed,1,94461,HS-grad,Private,Machine-op-inspct,0,0,16,39,0
24,Male,White,Never-married,3,229773,HS-grad,Private,Machine-op-inspct,0,0,40,39,0
53,Male,Asian-Pac-Islander,Married-civ-spouse,0,366957,Bachelors,Private,Exec-managerial,99999,0,50,19,1
45,Female,White,Separated,1,205644,HS-grad,Private,Tech-support,0,0,26,39,0
66,Male,White,Married-civ-spouse,0,169804,Bachelors,Private,Sales,20051,0,40,39,1
50,Male,White,Married-civ-spouse,0,256861,HS-grad,Private,Sales,0,0,80,39,0
41,Male,White,Married-civ-spouse,0,173682,Masters,Private,Machine-op-inspct,0,0,40,39,0
21,Male,White,Never-married,3,231160,Some-college,Private,Other-service,0,0,25,39,0
19,Male,White,Never-married,3,69151,9th,Private,Handlers-cleaners,0,0,25,39,0
31,Female,White,Married-civ-spouse,5,350651,12th,State-gov,Tech-support,0,0,40,39,1
39,Male,White,Divorced,1,49308,Bachelors,Private,Prof-specialty,0,0,40,39,0
26,Male,White,Divorced,1,177858,Bachelors,Self-emp-not-inc,Exec-managerial,0,1876,38,39,0
23,Female,Black,Never-married,3,211601,Assoc-voc,Other,Other,0,0,15,39,0
23,Male,White,Never-married,3,236804,Some-college,Self-emp-not-inc,Farming-fishing,0,0,35,39,0
54,Male,White,Married-civ-spouse,0,204397,Some-college,Private,Farming-fishing,0,0,50,39,0
34,Male,Amer-Indian-Eskimo,Divorced,1,27494,HS-grad,Private,Craft-repair,0,0,48,39,1
40,Male,White,Married-civ-spouse,0,124692,Bachelors,Private,Exec-managerial,0,0,40,39,1
35,Male,White,Divorced,3,182074,HS-grad,Private,Handlers-cleaners,0,0,35,39,0
18,Male,White,Never-married,3,135924,Some-college,Private,Adm-clerical,0,0,40,39,0
37,Male,White,Married-civ-spouse,0,607848,Bachelors,Self-emp-not-inc,Tech-support,0,0,40,39,1
34,Male,White,Never-married,1,31740,HS-grad,Self-emp-not-inc,Farming-fishing,0,0,40,39,0
19,Male,White,Never-married,3,183258,Some-college,Private,Adm-clerical,0,0,40,39,0
24,Female,White,Never-married,1,376393,Assoc-voc,Private,Sales,0,0,40,39,0
21,Male,White,Never-married,3,129350,Some-college,Private,Sales,0,0,40,39,0
53,Female,White,Married-civ-spouse,2,46155,HS-grad,Private,Priv-house-serv,0,0,40,39,0
79,Male,White,Married-civ-spouse,0,76641,Masters,Other,Other,20051,0,40,31,1
29,Male,White,Married-civ-spouse,0,267661,HS-grad,Self-emp-not-inc,Farming-fishing,0,0,70,39,0
39,Male,White,Divorced,1,98776,Some-college,Private,Exec-managerial,0,0,50,39,1
26,Male,White,Married-civ-spouse,0,154966,Some-college,Private,Craft-repair,0,0,40,33,0
24,Male,White,Married-civ-spouse,0,403865,Some-college,Private,Craft-repair,0,0,56,39,0
50,Male,White,Married-civ-spouse,0,107665,Some-college,Private,Sales,0,0,40,39,1
64,Male,Asian-Pac-Islander,Married-civ-spouse,0,175534,Doctorate,Federal-gov,Prof-specialty,0,0,40,3,1
46,Male,White,Married-civ-spouse,0,341762,Bachelors,Federal-gov,Prof-specialty,7688,0,45,39,1
42,Male,White,Separated,1,109067,Bachelors,Private,Tech-support,0,0,40,39,0
23,Male,White,Married-civ-spouse,0,212619,HS-grad,Private,Machine-op-inspct,0,0,50,39,0
17,Male,White,Never-married,3,34019,10th,Other,Other,0,0,20,39,0
40,Female,Black,Divorced,2,190621,Some-college,Private,Exec-managerial,0,0,55,39,0
45,Female,Black,Divorced,1,112929,7th-8th,Private,Machine-op-inspct,0,0,35,39,0
52,Male,White,Married-civ-spouse,0,168539,HS-grad,Federal-gov,Machine-op-inspct,0,0,40,39,1
44,Male,Other,Married-civ-spouse,0,211759,Bachelors,Private,Exec-managerial,0,0,40,33,0
36,Male,White,Married-civ-spouse,0,102729,Assoc-acdm,Self-emp-inc,Prof-specialty,0,0,70,39,0
44,Male,White,Married-civ-spouse,0,113324,HS-grad,Private,Craft-repair,0,0,40,39,0
37,Female,White,Married-civ-spouse,5,284582,Masters,Private,Exec-managerial,0,0,40,39,0
31,Male,White,Married-civ-spouse,0,113364,Assoc-acdm,Private,Machine-op-inspct,0,0,55,39,0
60,Female,White,Married-civ-spouse,5,186446,7th-8th,Private,Machine-op-inspct,0,0,40,39,0
19,Male,White,Never-married,3,125010,HS-grad,Private,Farming-fishing,0,0,45,39,0
41,Male,White,Married-civ-spouse,0,193459,Some-college,Self-emp-not-inc,Craft-repair,0,0,50,39,0
62,Female,White,Widowed,1,290754,10th,Private,Handlers-cleaners,0,0,40,39,0
19,Male,White,Never-married,3,418324,Some-college,Private,Sales,0,0,36,39,0
30,Female,White,Married-civ-spouse,5,252752,Bachelors,Private,Prof-specialty,0,0,40,39,0
41,Male,White,Married-civ-spouse,0,101603,Assoc-voc,State-gov,Craft-repair,0,0,40,39,0
54,Male,White,Married-civ-spouse,0,206964,Some-college,Self-emp-inc,Sales,0,1977,40,39,1
25,Male,White,Married-civ-spouse,0,135603,HS-grad,Private,Transport-moving,0,0,40,39,1
53,Female,White,Never-married,1,158352,Masters,Other,Other,8614,0,35,39,1
26,Female,White,Never-married,1,201138,Assoc-voc,Self-emp-not-inc,Other-service,0,0,35,39,0
36,Male,White,Married-civ-spouse,0,206951,Bachelors,Private,Sales,0,1902,45,39,1
45,Male,White,Never-married,1,167334,Masters,Local-gov,Prof-specialty,0,0,50,39,1
37,Female,Black,Never-married,4,70282,Assoc-acdm,Private,Sales,0,0,40,39,0
28,Female,White,Married-civ-spouse,5,131310,12th,Other,Other,0,0,20,11,0
24,Female,White,Never-married,1,81145,Some-college,Self-emp-not-inc,Other-service,0,0,75,39,0
34,Male,White,Married-civ-spouse,0,347166,Some-college,Private,Adm-clerical,0,0,40,39,0
24,Male,White,Never-married,1,169129,Some-college,Private,Prof-specialty,0,0,40,39,0
23,Male,White,Married-civ-spouse,0,302195,Bachelors,Private,Prof-specialty,0,0,40,39,0
36,Male,White,Married-civ-spouse,0,165799,Masters,Private,Sales,0,0,50,39,1
22,Female,White,Never-married,3,218215,Some-college,Private,Exec-managerial,0,0,40,39,0
32,Male,White,Married-civ-spouse,0,37210,Bachelors,Private,Exec-managerial,0,0,45,39,1
48,Female,White,Married-civ-spouse,5,125120,Some-college,Private,Adm-clerical,0,0,37,39,0
26,Male,White,Never-married,1,244495,9th,Private,Other-service,0,0,35,39,0
63,Male,White,Married-civ-spouse,0,161563,HS-grad,Private,Craft-repair,0,0,48,39,0
22,Male,Black,Never-married,1,65547,Some-college,Federal-gov,Exec-managerial,0,0,40,39,0
45,Female,White,Never-married,3,162494,HS-grad,Private,Sales,0,0,19,39,0
59,Male,White,Married-civ-spouse,0,159724,Masters,Private,Sales,7298,0,55,39,1
38,Male,Asian-Pac-Islander,Married-civ-spouse,0,154568,Masters,Private,Exec-managerial,0,0,40,0,0
28,Male,White,Never-married,3,207513,HS-grad,Private,Sales,0,0,48,39,0
28,Male,White,Married-spouse-absent,4,231197,10th,Private,Craft-repair,0,0,40,26,0
33,Female,White,Married-civ-spouse,5,26973,Assoc-voc,Private,Tech-support,0,0,40,39,1
36,Male,White,Married-civ-spouse,0,250791,HS-grad,Private,Handlers-cleaners,0,0,48,39,0
38,Male,White,Married-civ-spouse,0,201328,7th-8th,Self-emp-not-inc,Farming-fishing,0,0,56,39,0
24,Male,White,Never-married,1,116968,Bachelors,Private,Exec-managerial,0,0,45,39,0
25,Male,White,Never-married,2,233777,HS-grad,Private,Transport-moving,0,0,40,0,0
32,Male,White,Never-married,1,230420,HS-grad,Private,Machine-op-inspct,0,0,45,39,0
55,Female,White,Divorced,4,209569,HS-grad,Self-emp-inc,Sales,0,0,50,39,1
40,Female,White,Divorced,1,151294,HS-grad,Private,Handlers-cleaners,0,0,48,39,0
20,Male,White,Never-married,3,117222,Some-college,Private,Tech-support,0,0,15,39,0
42,Male,White,Married-civ-spouse,0,206066,Masters,Self-emp-not-inc,Prof-specialty,0,0,65,39,0
25,Male,White,Married-civ-spouse,0,207875,7th-8th,Private,Handlers-cleaners,0,0,40,26,0
43,Male,White,Married-civ-spouse,0,104196,Some-college,Private,Adm-clerical,0,0,40,39,0
25,Male,White,Never-married,1,267012,Assoc-voc,Private,Sales,0,0,45,39,0
62,Male,Asian-Pac-Islander,Married-civ-spouse,0,77884,5th-6th,Private,Farming-fishing,0,0,40,30,0
27,Female,White,Never-married,1,29361,Assoc-acdm,Other,Other,0,0,45,39,0
43,Male,White,Married-civ-spouse,0,55294,Some-college,Private,Craft-repair,0,0,40,39,0
22,Female,White,Never-married,2,239806,Assoc-voc,Private,Other-service,0,0,40,26,0
28,Female,White,Divorced,3,147471,HS-grad,Other,Other,0,0,10,39,0
42,Male,Black,Married-civ-spouse,0,402367,Some-college,Private,Transport-moving,7688,0,45,39,1
61,Male,Black,Married-civ-spouse,0,380462,7th-8th,Private,Farming-fishing,0,0,40,39,0
34,Male,White,Married-civ-spouse,0,170769,HS-grad,Private,Adm-clerical,0,0,50,39,1
52,Female,Black,Married-civ-spouse,5,137753,HS-grad,Local-gov,Other-service,0,0,20,39,0
45,Male,White,Divorced,1,184285,Bachelors,Self-emp-not-inc,Prof-specialty,0,0,45,39,0
33,Male,Black,Married-civ-spouse,0,173248,HS-grad,Private,Other-service,0,0,35,39,0
44,Male,White,Never-married,2,145160,HS-grad,Private,Craft-repair,0,0,58,39,0
32,Male,White,Married-civ-spouse,0,115066,HS-grad,Self-emp-not-inc,Sales,0,0,60,39,1
19,Male,Asian-Pac-Islander,Never-married,1,115248,Some-college,Private,Adm-clerical,0,0,40,40,0
27,Female,White,Divorced,3,189974,Some-college,Private,Adm-clerical,0,0,20,39,0
18,Male,White,Never-married,3,145005,Some-college,Private,Other-service,0,0,20,39,0
56,Female,White,Widowed,1,32316,12th,Self-emp-inc,Exec-managerial,0,0,40,39,0
50,Male,White,Married-civ-spouse,0,184007,Some-college,Federal-gov,Adm-clerical,0,0,40,39,0
71,Male,White,Married-civ-spouse,0,212806,HS-grad,Private,Sales,0,0,36,39,0
60,Male,White,Married-civ-spouse,0,131681,Bachelors,Private,Exec-managerial,0,0,50,39,1
70,Male,White,Married-civ-spouse,0,172370,Prof-school,Self-emp-not-inc,Prof-specialty,0,0,25,39,0
45,Male,White,Married-civ-spouse,0,175925,Some-college,Private,Exec-managerial,0,0,60,39,1
20,Female,Black,Never-married,3,304076,11th,Other,Other,0,0,20,39,0
44,Male,Black,Married-civ-spouse,0,523484,Bachelors,Private,Exec-managerial,0,0,40,39,1
33,Female,White,Never-married,3,134886,HS-grad,Private,Sales,0,0,20,39,0
31,Female,White,Never-married,3,188961,Assoc-acdm,Private,Tech-support,0,0,40,39,0
41,Female,Black,Married-civ-spouse,5,599629,Some-college,Private,Adm-clerical,0,0,40,39,1
17,Female,Black,Never-married,3,172145,10th,Other,Other,0,0,40,39,0
57,Female,White,Widowed,1,130532,Bachelors,Local-gov,Prof-specialty,0,0,35,39,0
39,Male,White,Married-civ-spouse,0,30529,Bachelors,Private,Exec-managerial,0,1887,40,39,1
33,Male,White,Married-civ-spouse,0,176185,HS-grad,Self-emp-not-inc,Craft-repair,0,0,40,39,0
58,Male,White,Married-civ-spouse,0,316000,HS-grad,Private,Exec-managerial,0,0,40,39,1
18,Male,Black,Never-married,3,236069,10th,Private,Other-service,0,0,10,39,0
57,Male,White,Divorced,1,353881,HS-grad,Private,Transport-moving,0,0,45,39,0
27,Female,Black,Never-married,1,401723,HS-grad,Private,Adm-clerical,0,0,40,39,0
20,Female,Black,Never-married,3,298155,Some-college,Other,Other,0,0,40,39,0
27,Female,White,Never-married,1,105830,Bachelors,Local-gov,Prof-specialty,0,0,60,39,0
45,Female,White,Divorced,4,224474,Bachelors,Local-gov,Prof-specialty,4934,0,50,39,1
32,Male,White,Never-married,1,133861,Bachelors,Private,Exec-managerial,13550,0,48,39,1
42,Female,White,Separated,1,352196,HS-grad,Self-emp-not-inc,Other-service,0,0,22,39,0
49,Female,White,Divorced,4,84013,HS-grad,Private,Other-service,0,0,35,39,0
47,Male,White,Never-married,1,199058,Prof-school,Self-emp-not-inc,Prof-specialty,0,0,40,39,1
26,Male,White,Never-married,1,95806,Some-college,Federal-gov,Craft-repair,3325,0,40,39,0
61,Female,White,Divorced,1,124648,10th,Other,Other,0,0,40,39,0
29,Male,Black,Married-civ-spouse,0,144259,Bachelors,Private,Handlers-cleaners,4386,0,80,0,1
34,Female,White,Divorced,1,81223,HS-grad,Private,Exec-managerial,0,0,48,39,0
34,Female,White,Married-civ-spouse,5,182274,Some-college,Private,Exec-managerial,0,1887,40,39,1
47,Female,Other,Separated,2,151087,HS-grad,Private,Prof-specialty,0,0,40,33,0
34,Female,White,Separated,4,114973,HS-grad,Private,Exec-managerial,0,0,30,39,0
50,Female,Black,Separated,4,138358,Some-college,Local-gov,Other-service,0,0,28,39,0
31,Male,White,Divorced,1,148607,Some-college,Private,Machine-op-inspct,0,0,40,39,0
45,Female,White,Married-civ-spouse,5,189564,Bachelors,Private,Sales,0,0,42,39,1
40,Male,White,Married-civ-spouse,2,150533,Bachelors,State-gov,Prof-specialty,0,0,40,39,0
21,Female,White,Never-married,1,80680,HS-grad,Other,Other,0,0,40,39,0
42,Male,White,Married-civ-spouse,0,185129,Prof-school,Self-emp-not-inc,Prof-specialty,0,1887,40,39,1
33,Male,White,Never-married,3,102130,Some-college,Other,Other,0,0,40,39,0
25,Female,Black,Never-married,4,77698,Some-college,Local-gov,Adm-clerical,0,0,40,39,0
34,Male,White,Married-civ-spouse,0,167474,HS-grad,Private,Sales,0,0,50,39,0
37,Male,White,Married-civ-spouse,0,109133,HS-grad,Private,Machine-op-inspct,0,0,40,32,0
18,Female,White,Never-married,3,177648,HS-grad,Private,Sales,0,0,25,39,0
26,Male,White,Divorced,4,165510,HS-grad,Private,Craft-repair,0,0,40,39,0
27,Male,White,Never-married,4,263431,Some-college,Local-gov,Exec-managerial,0,0,40,39,0
23,Male,Black,Never-married,3,230704,Some-college,Private,Handlers-cleaners,0,0,22,39,0
41,Male,White,Never-married,1,352056,Assoc-acdm,Local-gov,Exec-managerial,0,0,40,39,0
37,Male,White,Married-civ-spouse,0,97986,Assoc-acdm,Self-emp-inc,Sales,0,0,68,39,0
42,Female,White,Married-civ-spouse,5,159931,Bachelors,Local-gov,Prof-specialty,0,0,45,39,1
54,Male,White,Married-civ-spouse,0,102828,HS-grad,Private,Craft-repair,0,0,49,39,0
32,Male,Asian-Pac-Islander,Never-married,1,153078,Bachelors,Private,Other-service,0,0,40,35,0
63,Male,White,Married-civ-spouse,0,331527,HS-grad,Other,Other,0,0,14,39,0
43,Female,White,Divorced,2,255835,Some-college,State-gov,Adm-clerical,0,0,40,39,0
47,Male,White,Divorced,1,184402,HS-grad,Private,Other-service,0,0,32,39,0
63,Female,White,Separated,1,114011,HS-grad,Private,Craft-repair,0,0,20,39,0
28,Male,White,Married-civ-spouse,0,405793,Assoc-acdm,Private,Tech-support,0,0,45,39,1
73,Female,White,Divorced,1,284680,HS-grad,Private,Other-service,0,0,20,39,0
42,Male,Asian-Pac-Islander,Married-spouse-absent,2,314649,HS-grad,Private,Handlers-cleaners,0,0,40,0,0
36,Male,White,Married-civ-spouse,0,185360,HS-grad,Private,Sales,0,0,60,39,0
25,Male,White,Married-spouse-absent,1,120238,HS-grad,Private,Machine-op-inspct,0,0,40,31,0
33,Female,White,Married-civ-spouse,5,222205,HS-grad,Private,Craft-repair,0,0,40,39,1
36,Male,White,Married-civ-spouse,0,193026,Bachelors,Private,Sales,0,0,40,39,1
30,Male,White,Married-civ-spouse,0,44566,Bachelors,Local-gov,Prof-specialty,0,0,80,39,0
64,Female,White,Never-married,2,180624,Assoc-acdm,Private,Prof-specialty,0,0,30,39,0
46,Male,White,Married-civ-spouse,0,195833,Bachelors,Private,Transport-moving,0,0,50,0,0
63,Female,White,Divorced,1,20323,Some-college,Private,Other-service,0,0,40,39,0
32,Female,Black,Never-married,2,175413,HS-grad,Private,Adm-clerical,0,0,40,23,0
34,Male,White,Married-civ-spouse,0,94413,HS-grad,Private,Transport-moving,0,0,40,39,1
19,Male,White,Never-married,1,277695,Preschool,Private,Farming-fishing,0,0,36,17,0
22,Male,White,Never-married,3,124942,Some-college,State-gov,Other-service,0,0,45,39,0
53,Male,White,Divorced,1,320510,10th,Private,Craft-repair,0,0,40,39,0
55,Male,White,Married-civ-spouse,0,35723,Masters,Federal-gov,Exec-managerial,0,0,60,39,1
20,Male,White,Never-married,1,293726,Some-college,Private,Craft-repair,0,0,40,39,0
21,Female,Black,Never-married,3,161930,HS-grad,Other,Other,0,1504,30,39,0
24,Male,Black,Never-married,3,139989,Bachelors,Private,Sales,0,0,40,39,0
26,Female,Black,Never-married,1,55860,Some-college,Private,Adm-clerical,0,0,40,39,0
49,Female,Black,Divorced,4,403112,HS-grad,Private,Other-service,0,0,32,39,0
50,Male,White,Married-civ-spouse,0,189107,HS-grad,Private,Machine-op-inspct,0,0,40,39,0
32,Male,White,Married-civ-spouse,0,71151,Bachelors,State-gov,Tech-support,0,0,20,39,0
32,Female,White,Never-married,1,32406,Bachelors,Private,Prof-specialty,0,0,50,39,0
43,Male,White,Married-civ-spouse,0,972354,Some-college,Private,Other-service,0,0,48,39,0
34,Male,Amer-Indian-Eskimo,Married-civ-spouse,0,152246,HS-grad,Private,Transport-moving,0,0,52,39,0
56,Female,Amer-Indian-Eskimo,Divorced,2,101436,HS-grad,Private,Adm-clerical,0,0,35,39,0
52,Male,White,Married-civ-spouse,0,153064,Some-college,Local-gov,Exec-managerial,0,0,40,39,1
58,Male,White,Divorced,1,343957,Bachelors,Private,Sales,0,0,50,39,0
27,Male,White,Never-married,3,209109,Masters,Local-gov,Prof-specialty,0,0,35,39,0
36,Female,White,Divorced,4,166697,Bachelors,State-gov,Prof-specialty,0,0,40,39,0
42,Female,White,Divorced,4,199143,Prof-school,Self-emp-not-inc,Prof-specialty,7430,0,44,39,1
50,Male,White,Widowed,4,100029,Bachelors,Self-emp-inc,Sales,0,0,65,39,1
21,Male,White,Never-married,3,70261,Some-college,Private,Other-service,0,0,30,39,0
29,Male,White,Married-civ-spouse,0,95465,HS-grad,Private,Other-service,0,0,40,39,0
20,Male,White,Never-married,2,148409,Some-college,Private,Sales,1055,0,20,39,0
66,Female,Black,Widowed,1,357750,11th,Other,Other,0,0,40,39,0
47,Female,White,Widowed,4,176239,Some-college,Private,Prof-specialty,0,0,40,39,0
35,Male,White,Divorced,1,195744,HS-grad,Self-emp-not-inc,Craft-repair,0,0,50,39,0
50,Male,White,Married-civ-spouse,0,293196,HS-grad,Self-emp-inc,Exec-managerial,7298,0,40,39,1
31,Female,White,Divorced,1,221167,Prof-school,Private,Tech-support,0,0,35,39,0
64,Female,White,Never-married,1,194894,Doctorate,State-gov,Prof-specialty,4787,0,40,39,1
23,Male,White,Never-married,3,160968,Some-college,Private,Prof-specialty,0,0,10,39,0
49,Male,White,Married-civ-spouse,0,195437,Assoc-acdm,Federal-gov,Adm-clerical,0,0,60,39,1
62,Male,White,Married-civ-spouse,0,114060,7th-8th,Private,Protective-serv,0,0,91,39,0
28,Female,Black,Never-married,3,478315,Bachelors,Private,Prof-specialty,0,0,40,39,0
50,Male,White,Married-civ-spouse,0,206862,Masters,Private,Exec-managerial,0,0,65,39,1
27,Male,White,Married-civ-spouse,0,394927,Bachelors,Private,Sales,0,0,55,39,0
19,Male,White,Never-married,3,48393,Some-college,Other,Other,0,0,84,39,0
62,Female,White,Widowed,4,192515,HS-grad,Private,Farming-fishing,0,0,40,39,0
62,Male,White,Married-civ-spouse,0,69867,Assoc-voc,Private,Prof-specialty,7298,0,50,39,1
30,Male,White,Married-civ-spouse,0,87054,HS-grad,Private,Craft-repair,0,0,50,39,0
35,Male,White,Married-civ-spouse,0,225860,Assoc-voc,Private,Craft-repair,0,0,40,39,1
35,Male,White,Married-civ-spouse,0,89040,Bachelors,State-gov,Exec-managerial,0,0,40,39,1
48,Female,White,Divorced,4,50748,Bachelors,State-gov,Adm-clerical,0,0,40,39,0
38,Male,White,Married-civ-spouse,0,99527,Masters,Federal-gov,Exec-managerial,0,0,40,39,1
18,Male,White,Never-married,3,30687,Some-college,State-gov,Adm-clerical,0,0,10,39,0
38,Female,White,Married-civ-spouse,5,116580,Bachelors,Local-gov,Prof-specialty,0,0,20,39,1
47,Male,White,Divorced,4,156417,Some-college,State-gov,Prof-specialty,0,0,20,39,0
31,Male,White,Married-civ-spouse,0,174201,HS-grad,Private,Transport-moving,0,0,65,39,0
34,Male,White,Never-married,1,248584,HS-grad,Private,Craft-repair,0,0,55,39,0
56,Male,White,Never-married,1,98630,7th-8th,Private,Adm-clerical,0,0,40,39,0
49,Male,White,Married-civ-spouse,0,54260,Bachelors,Private,Prof-specialty,0,0,40,39,1
53,Male,White,Married-civ-spouse,0,216931,7th-8th,Local-gov,Transport-moving,0,0,38,39,0
21,Male,White,Never-married,3,57916,7th-8th,Private,Machine-op-inspct,0,0,40,39,0
36,Female,White,Married-civ-spouse,5,143774,Some-college,Private,Adm-clerical,0,0,12,39,1
33,Male,White,Married-civ-spouse,0,109959,Some-college,Self-emp-not-inc,Sales,0,0,25,39,0
47,Female,White,Divorced,1,358465,Some-college,Private,Adm-clerical,0,0,40,39,0
19,Male,White,Never-married,3,199495,HS-grad,Private,Craft-repair,0,0,40,39,0
52,Male,White,Married-civ-spouse,0,306108,HS-grad,Private,Machine-op-inspct,0,0,40,39,0
28,Male,White,Separated,1,181916,Some-college,Private,Machine-op-inspct,0,0,40,39,0
45,Male,White,Married-civ-spouse,0,187226,Assoc-acdm,Private,Handlers-cleaners,0,0,40,39,0
37,Male,White,Separated,1,136137,Some-college,State-gov,Adm-clerical,0,0,40,39,0
45,Male,White,Married-civ-spouse,0,193451,Some-college,Self-emp-not-inc,Transport-moving,0,0,45,39,0
21,Male,Black,Never-married,3,156807,HS-grad,Private,Other-service,0,0,10,39,0
38,Female,White,Never-married,3,193372,Some-college,Private,Exec-managerial,0,0,40,39,0
38,Male,White,Married-civ-spouse,0,117802,HS-grad,Private,Machine-op-inspct,0,0,65,39,1
55,Female,White,Divorced,4,147653,Bachelors,Private,Adm-clerical,0,0,73,39,0
23,Female,White,Separated,3,45317,Some-college,Private,Sales,0,0,40,39,0
47,Male,White,Married-civ-spouse,0,329144,HS-grad,Private,Sales,4386,0,45,39,1
56,Female,White,Married-civ-spouse,5,170070,HS-grad,Private,Exec-managerial,0,0,40,39,1
42,Male,White,Married-civ-spouse,0,227065,Some-college,Private,Prof-specialty,15024,0,32,39,1
35,Male,White,Married-civ-spouse,0,190964,Bachelors,Local-gov,Craft-repair,0,0,40,39,0
24,Female,White,Never-married,3,96279,HS-grad,Private,Machine-op-inspct,0,0,40,39,0
28,Male,Black,Never-married,4,61487,HS-grad,Private,Prof-specialty,0,0,40,39,0
28,Male,White,Married-civ-spouse,0,180928,Some-college,Private,Handlers-cleaners,5013,0,55,39,0
21,Male,Black,Never-married,3,206008,Some-college,Private,Adm-clerical,0,0,50,39,0
44,Female,White,Divorced,4,162028,11th,Private,Sales,0,0,44,39,0
57,Male,White,Married-civ-spouse,0,180920,HS-grad,Private,Transport-moving,0,0,40,39,1
19,Female,White,Never-married,3,231972,11th,Private,Adm-clerical,0,0,20,39,0
26,Female,White,Never-married,1,64293,Some-college,Private,Prof-specialty,0,0,35,39,0
44,Male,White,Married-civ-spouse,0,193459,Assoc-voc,Private,Craft-repair,3411,0,40,39,0
68,Male,White,Married-civ-spouse,0,217424,HS-grad,Private,Protective-serv,0,0,24,39,0
34,Male,White,Married-civ-spouse,0,236861,HS-grad,Private,Other-service,0,0,45,39,0
43,Female,Black,Divorced,1,174491,HS-grad,Local-gov,Tech-support,0,0,40,39,0
20,Male,White,Never-married,3,143062,Some-college,Private,Farming-fishing,0,0,40,39,0
45,Male,White,Married-civ-spouse,0,420986,Bachelors,Self-emp-not-inc,Prof-specialty,0,0,40,39,1
43,Male,Black,Divorced,1,143368,HS-grad,Private,Farming-fishing,0,0,40,39,0
42,Female,Black,Married-civ-spouse,5,99254,Assoc-acdm,Private,Adm-clerical,0,0,40,39,1
59,Male,White,Divorced,4,174040,Some-college,Private,Prof-specialty,0,0,40,39,0
30,Male,White,Married-civ-spouse,0,190228,HS-grad,Private,Handlers-cleaners,0,0,40,39,0
63,Male,White,Married-civ-spouse,0,181153,HS-grad,Private,Sales,0,0,35,39,0
58,Female,White,Divorced,1,163047,Bachelors,Self-emp-not-inc,Prof-specialty,0,0,40,39,0
54,Female,White,Never-married,1,155233,Bachelors,Private,Adm-clerical,14084,0,40,39,1
20,Male,White,Never-married,1,236804,HS-grad,Private,Adm-clerical,0,0,40,39,0
47,Male,Asian-Pac-Islander,Married-civ-spouse,0,345493,Prof-school,Private,Prof-specialty,99999,0,55,36,1
46,Male,White,Divorced,1,207677,HS-grad,Private,Craft-repair,0,0,30,39,0
21,Female,White,Never-married,3,206681,Some-college,Private,Sales,0,0,15,39,0
65,Male,White,Separated,1,180807,HS-grad,Private,Protective-serv,991,0,20,39,0
29,Male,Black,Married-civ-spouse,0,133625,HS-grad,Private,Handlers-cleaners,0,0,40,39,0
24,Male,Asian-Pac-Islander,Never-married,3,104146,Bachelors,Private,Prof-specialty,0,0,40,39,0
42,Female,Black,Separated,4,343609,Some-college,Self-emp-not-inc,Other-service,0,0,50,39,0
42,Male,White,Never-married,1,211450,Masters,Private,Exec-managerial,0,0,45,39,1
21,Male,White,Never-married,1,243368,Preschool,Private,Farming-fishing,0,0,50,26,0
45,Male,White,Divorced,4,190482,HS-grad,Private,Machine-op-inspct,0,0,40,39,0
26,Male,White,Never-married,1,253841,HS-grad,Private,Handlers-cleaners,0,0,45,39,0
78,Male,White,Married-civ-spouse,0,188044,Bachelors,Self-emp-inc,Exec-managerial,0,2392,40,39,1
29,Female,White,Divorced,1,266070,Bachelors,Self-emp-inc,Prof-specialty,0,0,80,39,0
25,Male,White,Never-married,4,456618,7th-8th,Private,Machine-op-inspct,0,0,40,8,0
56,Female,White,Married-civ-spouse,5,158752,Masters,Private,Exec-managerial,0,0,50,39,0
46,Female,White,Married-civ-spouse,5,192768,HS-grad,Private,Adm-clerical,0,0,40,39,0
43,Male,White,Married-civ-spouse,0,141858,11th,Private,Handlers-cleaners,0,0,40,39,0
52,Male,White,Married-civ-spouse,0,204402,HS-grad,Private,Transport-moving,0,0,85,39,1
60,Male,White,Married-civ-spouse,0,27886,Some-college,Self-emp-not-inc,Exec-managerial,0,0,40,39,1
48,Female,White,Married-civ-spouse,5,167749,HS-grad,Federal-gov,Adm-clerical,0,0,40,39,1
39,Male,Black,Married-civ-spouse,0,288551,Some-college,Private,Craft-repair,0,0,52,39,1
50,Male,White,Married-civ-spouse,0,305147,Bachelors,Private,Craft-repair,0,0,40,39,0
33,Male,White,Divorced,1,177828,HS-grad,Self-emp-not-inc,Craft-repair,0,0,50,39,0
36,Male,White,Married-civ-spouse,0,169426,HS-grad,Private,Machine-op-inspct,7298,0,40,39,1
70,Female,White,Widowed,1,220589,Some-college,Private,Exec-managerial,0,0,12,39,0
68,Male,Black,Divorced,1,236943,9th,Private,Farming-fishing,0,0,20,39,0
58,Male,White,Married-civ-spouse,0,78634,11th,Self-emp-inc,Transport-moving,0,0,60,39,0
41,Male,White,Married-civ-spouse,0,110562,Bachelors,Private,Exec-managerial,0,0,40,39,0
40,Male,White,Married-civ-spouse,0,280433,Bachelors,Self-emp-not-inc,Craft-repair,0,0,50,39,0
52,Male,White,Married-civ-spouse,0,165998,Some-college,Private,Machine-op-inspct,0,0,40,39,0
28,Male,White,Never-married,4,115945,Some-college,Self-emp-not-inc,Prof-specialty,0,0,40,39,0
36,Male,White,Married-civ-spouse,3,112497,9th,Private,Sales,0,0,50,39,1
39,Male,White,Divorced,1,160402,Some-college,Private,Exec-managerial,0,0,38,39,0
59,Male,White,Married-civ-spouse,0,148526,Some-college,Self-emp-not-inc,Sales,0,0,40,39,0
71,Male,White,Married-civ-spouse,0,422149,Some-college,Federal-gov,Exec-managerial,20051,0,40,39,1
50,Male,White,Divorced,1,275181,5th-6th,Private,Other-service,0,0,37,5,0
51,Female,White,Married-civ-spouse,5,143741,Some-college,Private,Other-service,0,0,40,39,1
55,Male,Asian-Pac-Islander,Married-civ-spouse,2,202559,Bachelors,Private,Other-service,0,0,35,30,0
34,Male,White,Never-married,1,175878,Some-college,Private,Craft-repair,0,0,40,39,0
19,Female,White,Never-married,1,63814,Some-college,Private,Adm-clerical,0,0,18,39,0
20,Male,White,Never-married,3,183594,Some-college,Private,Transport-moving,0,0,40,39,0
26,Female,Black,Never-married,3,337867,Bachelors,Local-gov,Prof-specialty,0,0,40,39,0
25,Male,White,Never-married,3,220098,HS-grad,Private,Other-service,0,0,30,39,0
28,Female,Black,Never-married,3,56651,Bachelors,Federal-gov,Prof-specialty,0,0,40,39,0
34,Female,White,Divorced,4,269723,HS-grad,Private,Exec-managerial,2977,0,50,39,0
28,Male,Black,Married-civ-spouse,0,312372,HS-grad,Private,Exec-managerial,15024,0,40,39,1
64,Male,White,Married-civ-spouse,0,205479,Bachelors,Other,Other,0,0,50,39,1
21,Female,White,Never-married,1,117606,Some-college,Private,Prof-specialty,0,0,40,39,0
29,Male,White,Married-civ-spouse,0,204984,HS-grad,Private,Craft-repair,0,0,40,39,1
46,Male,White,Married-civ-spouse,0,123598,Some-college,Private,Sales,0,0,48,39,1
32,Male,White,Married-civ-spouse,0,410615,HS-grad,Self-emp-not-inc,Transport-moving,0,1887,60,39,1
32,Female,White,Divorced,4,51150,Assoc-voc,Private,Adm-clerical,0,0,40,39,0
18,Male,White,Never-married,3,129010,12th,Private,Craft-repair,0,0,10,39,0
35,Female,White,Never-married,4,178948,Masters,Private,Prof-specialty,0,0,32,39,0
52,Male,White,Married-civ-spouse,0,35092,Doctorate,Local-gov,Exec-managerial,0,0,40,39,1
53,Male,White,Married-civ-spouse,0,157069,Assoc-acdm,Private,Machine-op-inspct,0,0,40,39,1
50,Female,White,Divorced,1,425804,Bachelors,Local-gov,Exec-managerial,0,0,40,39,1
56,Male,Black,Married-civ-spouse,0,134153,10th,Private,Adm-clerical,0,0,40,39,0
27,Male,White,Never-married,1,199314,Bachelors,Private,Adm-clerical,0,0,40,31,0
33,Female,White,Divorced,4,106976,HS-grad,Private,Other-service,0,0,40,39,0
20,Male,White,Married-civ-spouse,0,228686,11th,Private,Other-service,0,0,40,39,0
38,Female,White,Never-married,1,183585,HS-grad,Private,Prof-specialty,0,0,40,39,0
26,Female,Black,Never-married,1,192506,Bachelors,Private,Other-service,0,0,35,39,0
54,Male,White,Divorced,4,115284,Bachelors,Private,Exec-managerial,0,0,45,39,1
56,Male,Black,Married-spouse-absent,1,144380,Some-college,Self-emp-not-inc,Prof-specialty,0,0,50,39,0
58,Male,White,Married-civ-spouse,0,310320,Bachelors,Private,Exec-managerial,0,0,40,39,1
29,Male,White,Never-married,1,191935,HS-grad,Other,Other,0,0,40,39,0
52,Female,Black,Separated,4,38973,Bachelors,Federal-gov,Adm-clerical,0,0,40,39,0
25,Male,White,Married-civ-spouse,0,234665,Assoc-voc,Private,Craft-repair,0,0,45,39,0
21,Male,Black,Never-married,3,228424,10th,Other,Other,0,0,40,39,0
39,Male,White,Separated,4,305597,HS-grad,Local-gov,Exec-managerial,0,0,40,39,0
34,Male,White,Never-married,1,248754,11th,Private,Machine-op-inspct,0,0,40,39,0
60,Male,White,Married-civ-spouse,0,224644,10th,Private,Sales,0,0,40,39,0
49,Male,Asian-Pac-Islander,Married-civ-spouse,0,105586,Assoc-voc,Federal-gov,Craft-repair,0,0,40,39,1
65,Female,White,Separated,1,143554,Some-college,Private,Adm-clerical,0,0,38,39,0
18,Male,White,Married-civ-spouse,0,115443,11th,Private,Craft-repair,0,0,40,39,0
41,Male,White,Divorced,3,168071,HS-grad,Local-gov,Exec-managerial,0,0,45,39,0
25,Male,White,Never-married,3,261519,HS-grad,Private,Sales,0,0,35,39,0
28,Male,White,Married-civ-spouse,0,183151,HS-grad,Private,Craft-repair,0,0,50,39,0
37,Male,White,Married-civ-spouse,0,73471,Bachelors,Private,Exec-managerial,0,1887,47,39,1
20,Male,White,Never-married,3,436253,Some-college,Private,Other-service,0,0,35,39,0
59,Male,White,Married-civ-spouse,0,170411,7th-8th,Self-emp-not-inc,Transport-moving,0,0,40,39,0
68,Male,White,Married-civ-spouse,0,138714,Bachelors,Private,Prof-specialty,0,0,55,39,1
52,Female,White,Divorced,1,141301,HS-grad,Private,Machine-op-inspct,0,0,40,39,0
49,Female,White,Divorced,1,177114,Masters,Local-gov,Prof-specialty,0,0,60,39,0
37,Male,Asian-Pac-Islander,Never-married,1,121772,HS-grad,Private,Craft-repair,0,0,40,17,0
46,Male,White,Married-civ-spouse,0,251474,Bachelors,Private,Exec-managerial,0,0,60,39,1
47,Female,White,Never-married,1,169180,Masters,Private,Prof-specialty,0,0,35,39,0
39,Male,White,Married-civ-spouse,0,172538,Bachelors,Self-emp-inc,Prof-specialty,0,0,50,39,1
39,Male,White,Married-civ-spouse,0,237713,Prof-school,Private,Sales,0,2415,99,39,1
33,Female,White,Divorced,3,168981,Masters,Private,Exec-managerial,14084,0,50,39,1
30,Male,White,Never-married,1,158420,Bachelors,Private,Prof-specialty,0,0,50,20,0
22,Female,Asian-Pac-Islander,Divorced,3,154422,Some-college,Private,Sales,0,0,30,30,0
25,Male,White,Never-married,1,234190,Some-college,Private,Sales,0,0,35,39,0
63,Male,White,Married-civ-spouse,0,46907,Bachelors,Other,Other,0,0,8,39,1
18,Male,White,Never-married,3,130389,11th,Private,Other-service,0,0,20,34,0
71,Female,White,Widowed,2,193863,7th-8th,Other,Other,0,0,16,31,0
35,Male,Asian-Pac-Islander,Never-married,1,98080,Prof-school,Other,Other,4787,0,45,24,1
54,Male,White,Married-civ-spouse,0,119570,Assoc-acdm,Self-emp-inc,Sales,0,0,50,39,1
23,Female,White,Never-married,1,197613,Some-college,Private,Adm-clerical,0,0,40,39,0
31,Male,White,Married-civ-spouse,0,213179,HS-grad,Private,Transport-moving,0,0,60,39,1
60,Female,White,Widowed,1,129447,HS-grad,State-gov,Adm-clerical,0,0,35,39,0
33,Male,White,Married-civ-spouse,0,188661,HS-grad,Private,Craft-repair,0,0,50,39,0
22,Male,White,Never-married,3,446140,HS-grad,Private,Sales,0,0,55,39,0
53,Male,White,Married-civ-spouse,0,185846,HS-grad,Private,Craft-repair,0,0,40,39,0
49,Female,White,Divorced,1,101320,Masters,Private,Exec-managerial,0,0,75,39,0
45,Male,White,Married-civ-spouse,0,112283,Bachelors,Private,Sales,0,0,55,39,0
39,Male,White,Married-civ-spouse,0,216473,Bachelors,Self-emp-inc,Exec-managerial,0,0,60,39,1
50,Female,White,Divorced,4,358740,HS-grad,Private,Adm-clerical,0,0,40,9,0
45,Male,White,Married-civ-spouse,0,102771,HS-grad,Private,Craft-repair,0,1887,40,39,1
22,Male,White,Never-married,1,194630,Bachelors,Private,Sales,0,0,45,39,0
40,Female,White,Married-civ-spouse,5,46990,Doctorate,Private,Prof-specialty,0,1977,20,39,1
24,Female,Black,Never-married,3,234460,9th,Private,Machine-op-inspct,0,0,40,6,0
67,Male,White,Married-civ-spouse,0,150516,7th-8th,Private,Craft-repair,0,0,24,39,0
48,Male,White,Married-civ-spouse,0,176917,HS-grad,Private,Craft-repair,0,0,55,39,0
42,Male,White,Married-civ-spouse,0,185267,Assoc-voc,Private,Adm-clerical,0,0,32,39,0
66,Male,White,Married-civ-spouse,0,174491,HS-grad,Private,Handlers-cleaners,0,0,40,39,0
19,Male,White,Never-married,3,170800,Some-college,Private,Other-service,0,0,20,39,0
40,Male,White,Married-civ-spouse,0,154076,Assoc-acdm,Self-emp-not-inc,Exec-managerial,0,0,60,39,0
55,Male,White,Separated,1,196126,Bachelors,Private,Craft-repair,0,0,40,0,0
52,Male,White,Never-married,1,374883,Assoc-voc,Private,Farming-fishing,0,0,50,39,0
61,Female,White,Divorced,4,187636,Bachelors,Other,Other,0,0,40,39,0
23,Male,White,Never-married,3,449432,Some-college,Private,Adm-clerical,0,0,40,39,0
25,Male,Black,Married-civ-spouse,0,60726,HS-grad,Private,Transport-moving,0,0,30,39,0
22,Male,White,Married-civ-spouse,0,102632,Some-college,Private,Exec-managerial,0,0,45,39,0
23,Male,White,Married-civ-spouse,0,27776,Some-college,Private,Transport-moving,0,0,24,39,0
51,Female,Black,Widowed,4,269080,7th-8th,Private,Other-service,0,0,40,39,0
55,Male,Black,Married-civ-spouse,0,177484,11th,Private,Other-service,0,1672,40,39,0
48,Female,White,Divorced,1,176732,9th,Private,Sales,0,0,40,39,0
58,Male,White,Married-civ-spouse,0,190997,Some-college,Private,Exec-managerial,0,0,40,39,1
20,Female,White,Never-married,1,190963,Some-college,Private,Exec-managerial,0,0,30,39,0
33,Female,White,Married-civ-spouse,5,33727,Masters,Local-gov,Prof-specialty,0,0,40,39,0
39,Male,White,Married-civ-spouse,0,164866,HS-grad,Private,Machine-op-inspct,0,0,42,39,1
28,Male,White,Never-married,1,246974,HS-grad,Private,Other-service,0,0,40,39,0
25,Male,Other,Married-civ-spouse,2,395512,12th,Private,Machine-op-inspct,0,0,40,26,0
26,Female,White,Divorced,4,177720,Assoc-acdm,Private,Prof-specialty,0,0,45,39,0
58,Male,Black,Separated,1,227800,1st-4th,Private,Farming-fishing,0,0,50,39,0
36,Male,White,Never-married,1,183081,Some-college,Private,Exec-managerial,0,0,40,39,0
24,Female,White,Never-married,1,204226,Masters,Private,Prof-specialty,0,0,40,39,0
30,Male,Black,Never-married,2,214063,Some-college,Private,Farming-fishing,0,0,72,39,0
40,Male,White,Married-civ-spouse,0,230961,Some-college,Private,Sales,0,0,40,39,0
40,Male,White,Married-AF-spouse,0,26892,Bachelors,Self-emp-not-inc,Prof-specialty,7298,0,50,39,1
50,Male,White,Married-civ-spouse,0,310774,Bachelors,Private,Sales,0,0,35,39,0
37,Male,White,Married-civ-spouse,0,280966,Some-college,Private,Machine-op-inspct,0,0,50,39,1
31,Male,White,Divorced,3,159187,HS-grad,Private,Transport-moving,0,0,40,39,0
44,Female,White,Divorced,1,107845,Assoc-acdm,Local-gov,Protective-serv,0,0,56,39,1
34,Male,White,Married-civ-spouse,0,36069,HS-grad,Private,Craft-repair,3908,0,46,39,0
36,Female,White,Never-married,1,219483,Some-college,Private,Adm-clerical,0,0,40,39,0
65,Male,White,Married-civ-spouse,0,36209,10th,Private,Handlers-cleaners,0,0,22,39,1
58,Male,White,Married-civ-spouse,0,194733,Assoc-acdm,Private,Craft-repair,0,0,40,39,1
39,Male,Black,Divorced,4,214117,Some-college,Private,Craft-repair,0,0,40,39,0
59,Female,White,Divorced,4,283005,11th,Private,Adm-clerical,0,0,40,39,0
23,Male,White,Never-married,1,162228,Bachelors,Private,Sales,0,0,48,39,0
42,Male,White,Married-civ-spouse,0,172297,Masters,Private,Adm-clerical,0,1902,40,39,1
40,Female,White,Divorced,4,165726,Assoc-voc,Local-gov,Exec-managerial,0,0,40,39,0
17,Female,White,Never-married,3,118792,11th,Private,Sales,0,0,9,39,0
32,Male,White,Married-civ-spouse,0,193042,Prof-school,Private,Sales,15024,0,60,39,1
30,Male,White,Married-civ-spouse,0,114912,Bachelors,Private,Exec-managerial,3103,0,60,39,1
38,Female,White,Divorced,4,115336,HS-grad,Private,Other-service,0,0,70,39,0
51,Male,White,Married-civ-spouse,0,279156,HS-grad,Private,Exec-managerial,7298,0,40,39,1
22,Female,White,Never-married,3,211129,Assoc-voc,Local-gov,Adm-clerical,0,0,10,0,0
41,Female,White,Never-married,1,143046,Masters,Private,Adm-clerical,0,0,40,39,0
25,Male,White,Never-married,1,352057,HS-grad,Private,Transport-moving,0,0,65,39,0
36,Male,White,Never-married,1,245090,Bachelors,Self-emp-not-inc,Farming-fishing,0,0,50,26,0
49,Female,White,Divorced,1,215096,9th,Self-emp-not-inc,Other-service,0,0,20,39,0
32,Male,White,Married-civ-spouse,0,102858,Assoc-acdm,Private,Prof-specialty,0,2002,42,39,0
39,Female,Black,Married-spouse-absent,4,139703,HS-grad,Private,Sales,0,0,28,23,0
20,Male,White,Never-married,1,286166,HS-grad,Private,Sales,0,0,48,39,0
29,Female,White,Never-married,1,91547,Some-college,Private,Sales,0,0,40,39,0
37,Female,White,Married-civ-spouse,5,330826,Assoc-voc,Private,Prof-specialty,0,0,30,39,0
45,Male,White,Married-civ-spouse,0,283037,Bachelors,Federal-gov,Exec-managerial,0,0,40,39,0
35,Male,White,Married-civ-spouse,0,143058,Bachelors,Private,Prof-specialty,0,0,60,39,0
46,Male,White,Married-civ-spouse,0,28281,Bachelors,Self-emp-not-inc,Farming-fishing,0,0,40,39,1
66,Male,White,Never-married,1,127921,HS-grad,Private,Transport-moving,2050,0,55,39,0
33,Male,White,Separated,1,202498,7th-8th,Other,Other,0,0,40,13,0
45,Female,White,Married-civ-spouse,5,428350,HS-grad,Private,Machine-op-inspct,0,1740,40,39,0
34,Male,White,Married-civ-spouse,0,164280,10th,Private,Handlers-cleaners,0,0,40,32,0
44,Male,White,Married-civ-spouse,0,147265,Masters,Private,Prof-specialty,0,0,40,39,1
66,Male,White,Married-civ-spouse,0,340734,HS-grad,Private,Sales,0,0,40,39,0
71,Male,White,Married-civ-spouse,0,45801,HS-grad,Other,Other,0,0,70,39,0
51,Male,White,Married-civ-spouse,0,190333,Some-college,Federal-gov,Craft-repair,0,0,40,39,0
43,Male,Black,Separated,1,405374,Some-college,Other,Other,0,0,40,39,0
53,Male,White,Divorced,1,227836,Some-college,Federal-gov,Farming-fishing,0,0,40,39,0
40,Male,White,Married-civ-spouse,0,37618,Some-college,Private,Craft-repair,0,0,40,0,0
38,Male,White,Divorced,1,193026,Some-college,Private,Craft-repair,0,0,40,20,0
24,Female,White,Never-married,3,107801,HS-grad,Private,Adm-clerical,0,0,40,39,0
30,Male,White,Married-civ-spouse,0,113838,Assoc-voc,Self-emp-not-inc,Sales,3137,0,60,11,0
50,Male,White,Married-civ-spouse,0,144361,HS-grad,Private,Craft-repair,0,0,40,39,0
38,Female,White,Married-civ-spouse,5,423616,HS-grad,Self-emp-not-inc,Sales,0,0,24,39,1
29,Male,White,Married-civ-spouse,0,211482,Bachelors,Private,Sales,0,0,40,39,0
24,Female,White,Never-married,3,228960,Assoc-acdm,Private,Adm-clerical,0,0,40,39,0
61,Male,White,Married-civ-spouse,0,69867,HS-grad,Private,Exec-managerial,0,0,40,39,1
20,Female,White,Never-married,3,218343,HS-grad,Private,Other-service,0,0,25,39,0
49,Male,White,Married-civ-spouse,0,357540,HS-grad,Private,Farming-fishing,0,0,25,39,0
25,Male,White,Married-civ-spouse,0,109112,HS-grad,Private,Machine-op-inspct,0,0,48,39,0
33,Male,White,Divorced,1,263561,HS-grad,Private,Craft-repair,0,0,60,39,0
31,Male,White,Never-married,1,344275,HS-grad,Self-emp-inc,Craft-repair,0,0,44,39,0
40,Male,Black,Married-civ-spouse,0,64980,Some-college,Private,Adm-clerical,0,0,55,39,1
31,Male,White,Married-civ-spouse,0,433788,Some-college,Private,Transport-moving,0,0,40,39,1
24,Male,White,Married-civ-spouse,0,200593,HS-grad,Private,Handlers-cleaners,0,0,50,39,0
60,Male,White,Married-civ-spouse,0,282923,Some-college,Private,Prof-specialty,7298,0,40,39,1
37,Male,White,Never-married,1,188774,Bachelors,Self-emp-not-inc,Protective-serv,0,0,55,39,1
23,Male,Asian-Pac-Islander,Never-married,3,320451,Bachelors,Private,Exec-managerial,0,0,24,39,0
45,Female,White,Divorced,1,191776,Masters,Local-gov,Prof-specialty,0,0,40,39,0
19,Male,White,Never-married,3,571853,HS-grad,Private,Other-service,0,0,30,39,0
36,Male,White,Married-civ-spouse,0,83089,5th-6th,Private,Machine-op-inspct,7298,0,40,26,1
39,Male,White,Married-civ-spouse,0,33487,11th,Private,Machine-op-inspct,0,0,40,39,0
43,Male,Black,Never-married,1,311177,Some-college,Self-emp-not-inc,Transport-moving,0,0,30,39,0
26,Female,White,Never-married,3,192022,Bachelors,Private,Prof-specialty,0,0,40,39,0
23,Male,White,Never-married,1,240137,5th-6th,Private,Handlers-cleaners,0,0,55,26,0
27,Male,White,Married-civ-spouse,0,206889,Some-college,Self-emp-not-inc,Farming-fishing,0,0,50,39,0
46,Female,White,Divorced,1,202560,Bachelors,Local-gov,Prof-specialty,0,1408,40,39,0
47,Male,White,Married-civ-spouse,0,248059,Some-college,Private,Other-service,0,0,47,39,1
30,Female,White,Divorced,4,226943,HS-grad,Private,Adm-clerical,0,0,35,39,0
37,Male,White,Divorced,1,211154,Some-college,Private,Machine-op-inspct,0,0,52,39,0
58,Male,White,Married-civ-spouse,0,252419,11th,Private,Transport-moving,0,0,50,39,0
43,Male,White,Married-civ-spouse,0,32016,Masters,Federal-gov,Prof-specialty,0,0,40,39,1
73,Male,White,Married-civ-spouse,0,177387,HS-grad,Self-emp-not-inc,Exec-managerial,0,0,40,39,0
20,Male,White,Never-married,3,197752,Some-college,Private,Adm-clerical,0,0,16,39,0
29,Female,Asian-Pac-Islander,Married-civ-spouse,5,157308,11th,Private,Handlers-cleaners,2829,0,14,30,0
27,Female,White,Never-married,1,158156,Doctorate,Private,Prof-specialty,0,0,70,39,0
29,Male,Asian-Pac-Islander,Never-married,1,320451,HS-grad,Private,Protective-serv,0,0,40,30,0
51,Female,Black,Never-married,1,174754,HS-grad,Private,Other-service,0,0,38,39,0
65,Male,White,Married-civ-spouse,0,22907,7th-8th,Self-emp-not-inc,Farming-fishing,0,0,40,39,0
69,Female,White,Widowed,4,177374,HS-grad,Private,Adm-clerical,1848,0,12,39,0
57,Male,White,Married-civ-spouse,0,245193,Masters,Private,Exec-managerial,0,0,60,39,1
27,Male,White,Married-civ-spouse,0,196044,Some-college,Private,Craft-repair,0,0,60,39,0
66,Male,White,Married-civ-spouse,0,116468,Masters,Private,Prof-specialty,2936,0,20,39,0
19,Female,White,Never-married,3,190817,Some-college,Private,Sales,0,0,40,39,0
44,Female,White,Never-married,1,183829,Bachelors,State-gov,Adm-clerical,0,0,38,39,0
27,Female,Black,Married-civ-spouse,5,55743,Bachelors,Private,Exec-managerial,0,0,45,39,1
35,Female,White,Never-married,4,340428,Bachelors,Private,Sales,0,0,40,39,1
62,Female,White,Divorced,1,143312,Some-college,Private,Other-service,0,0,60,39,0
27,Male,White,Married-spouse-absent,1,133359,Bachelors,Other,Other,0,0,50,0,0
37,Male,White,Never-married,1,117760,Assoc-voc,Local-gov,Protective-serv,4650,0,40,39,0
47,Female,White,Married-spouse-absent,4,218435,HS-grad,Private,Sales,0,0,20,5,0
41,Male,White,Married-civ-spouse,0,156566,Some-college,Private,Craft-repair,0,0,40,39,1
23,Male,White,Never-married,1,324960,HS-grad,Local-gov,Farming-fishing,0,0,40,31,0
27,Male,White,Married-civ-spouse,0,183802,HS-grad,Private,Handlers-cleaners,0,0,40,39,0
24,Male,White,Married-civ-spouse,0,189749,11th,Private,Craft-repair,0,0,40,39,0
23,Male,White,Never-married,4,181820,Some-college,Private,Farming-fishing,0,0,45,39,0
30,Female,Asian-Pac-Islander,Never-married,2,73514,Bachelors,Federal-gov,Exec-managerial,0,0,45,39,0
33,Female,White,Separated,4,207267,10th,Private,Other-service,3418,0,35,39,0
29,Female,White,Never-married,3,133846,Some-college,State-gov,Other-service,0,0,40,39,0
27,Female,White,Never-married,1,189462,Masters,Private,Prof-specialty,0,1504,45,39,0
34,Female,Amer-Indian-Eskimo,Never-married,3,79637,Bachelors,Private,Exec-managerial,0,0,40,39,0
35,Female,White,Married-civ-spouse,5,44780,Some-college,Private,Adm-clerical,7688,0,20,39,1
66,Female,White,Widowed,1,141085,HS-grad,Private,Priv-house-serv,0,0,8,39,0
44,Male,White,Married-civ-spouse,0,115932,Masters,State-gov,Exec-managerial,0,0,40,39,0
39,Male,White,Married-civ-spouse,0,177181,7th-8th,Private,Transport-moving,0,0,40,39,0
23,Male,White,Never-married,1,241951,Some-college,State-gov,Prof-specialty,0,0,40,39,0
27,Male,White,Married-civ-spouse,0,52156,Some-college,Local-gov,Protective-serv,0,0,60,39,0
53,Female,White,Married-civ-spouse,5,205288,HS-grad,Federal-gov,Adm-clerical,7688,0,35,39,1
21,Female,White,Never-married,3,121023,Some-college,Private,Other-service,0,0,9,39,0
50,Male,Other,Married-civ-spouse,0,273536,7th-8th,Private,Sales,0,0,49,6,0
46,Male,White,Married-civ-spouse,0,125892,Masters,Self-emp-inc,Sales,0,0,50,39,1
30,Male,Asian-Pac-Islander,Married-civ-spouse,0,350979,HS-grad,Private,Craft-repair,0,0,40,25,0
17,Female,White,Never-married,3,171461,10th,Other,Other,0,0,20,39,0
26,Male,White,Married-civ-spouse,0,181655,Assoc-voc,Private,Adm-clerical,0,2377,45,39,0
50,Male,White,Married-civ-spouse,0,285200,Some-college,Private,Craft-repair,0,1887,35,39,1
33,Female,White,Married-civ-spouse,5,51471,HS-grad,Private,Tech-support,0,1902,40,39,1
59,Female,White,Divorced,1,212783,HS-grad,Private,Other-service,0,0,38,39,0
39,Male,White,Never-married,1,164593,Doctorate,Self-emp-not-inc,Prof-specialty,4787,0,40,39,1
27,Male,White,Never-married,1,74056,Bachelors,Local-gov,Tech-support,0,0,50,39,0
30,Male,White,Married-civ-spouse,0,182089,HS-grad,Self-emp-not-inc,Farming-fishing,0,0,85,39,0
42,Female,White,Never-married,3,184823,Some-college,Private,Adm-clerical,0,0,40,39,0
68,Male,White,Married-civ-spouse,0,365020,HS-grad,Self-emp-not-inc,Sales,0,0,40,39,0
28,Female,White,Separated,4,201844,HS-grad,Other,Other,0,0,40,26,0
21,Male,White,Never-married,3,72953,Some-college,Other,Other,0,0,40,39,0
34,Female,White,Never-married,3,166545,HS-grad,Local-gov,Adm-clerical,0,0,40,39,0
43,Male,White,Never-married,2,134026,Some-college,Federal-gov,Adm-clerical,2174,0,40,39,0
27,Male,White,Married-civ-spouse,0,205188,10th,Private,Machine-op-inspct,0,0,40,39,0
32,Female,White,Married-civ-spouse,5,373263,HS-grad,Private,Exec-managerial,0,0,40,39,0
24,Male,White,Never-married,1,124971,HS-grad,Private,Sales,0,0,38,39,0
64,Male,White,Separated,1,178472,9th,Self-emp-not-inc,Transport-moving,0,0,45,39,0
28,Male,White,Married-civ-spouse,3,392100,HS-grad,Private,Craft-repair,0,0,40,39,0
52,Male,White,Married-civ-spouse,0,110563,Some-college,Private,Exec-managerial,0,0,40,39,1
50,Male,White,Divorced,1,176751,Masters,Self-emp-inc,Exec-managerial,0,0,80,39,1
58,Male,White,Married-civ-spouse,0,143731,HS-grad,Self-emp-not-inc,Sales,0,0,72,39,1
29,Male,White,Married-civ-spouse,0,52636,HS-grad,Private,Transport-moving,0,0,40,39,0
45,Female,White,Married-civ-spouse,5,106110,Some-college,Self-emp-not-inc,Other-service,0,0,99,39,0
52,Male,White,Married-civ-spouse,0,150930,Assoc-voc,Private,Craft-repair,0,0,40,39,0
25,Male,White,Never-married,3,41526,Bachelors,Private,Craft-repair,0,0,30,2,0
25,Male,White,Never-married,2,124590,HS-grad,Private,Exec-managerial,0,0,40,39,0
20,Male,White,Never-married,3,33551,HS-grad,Private,Transport-moving,0,0,40,39,0
50,Male,Black,Married-civ-spouse,0,212685,HS-grad,Local-gov,Other-service,0,0,40,39,0
27,Female,White,Never-married,3,199172,Bachelors,Private,Protective-serv,0,0,40,39,0
38,Female,White,Separated,4,233571,HS-grad,Self-emp-not-inc,Other-service,0,0,40,39,0
38,Male,White,Divorced,1,108907,HS-grad,Private,Craft-repair,0,0,40,0,0
36,Male,White,Married-civ-spouse,0,186819,Assoc-acdm,Private,Craft-repair,0,0,52,39,1
52,Female,Black,Widowed,2,217210,HS-grad,Self-emp-not-inc,Other-service,0,0,40,39,0
30,Male,White,Never-married,1,188403,Some-college,Private,Machine-op-inspct,0,0,40,39,0
57,Male,Black,Widowed,4,122497,9th,Private,Other-service,0,0,52,0,0
39,Female,White,Married-civ-spouse,5,172425,Assoc-voc,Private,Adm-clerical,0,0,20,39,1
41,Male,White,Married-civ-spouse,0,132125,HS-grad,Local-gov,Protective-serv,0,0,40,39,0
26,Male,White,Never-married,1,433906,Assoc-acdm,Private,Other-service,0,0,40,39,0
46,Male,White,Never-married,1,154083,Masters,Self-emp-not-inc,Exec-managerial,0,0,25,39,0
50,Male,White,Widowed,4,74660,Some-college,Local-gov,Prof-specialty,0,0,40,39,0
19,Female,White,Married-AF-spouse,5,30559,HS-grad,Federal-gov,Sales,0,0,40,39,0
53,Male,Black,Married-civ-spouse,0,90624,11th,Private,Craft-repair,0,0,40,39,0
59,Female,White,Widowed,1,99131,HS-grad,Private,Prof-specialty,0,0,18,39,0
31,Male,White,Married-civ-spouse,0,241885,HS-grad,Private,Other-service,0,0,40,39,0
62,Male,White,Divorced,1,202056,Bachelors,State-gov,Prof-specialty,14084,0,40,39,1
25,Female,White,Divorced,4,96268,11th,Private,Exec-managerial,0,0,40,39,0
24,Male,White,Never-married,3,278107,HS-grad,Private,Craft-repair,0,0,60,39,0
31,Female,White,Married-civ-spouse,5,127610,Bachelors,Private,Prof-specialty,0,0,40,39,1
38,Female,Other,Married-civ-spouse,5,94559,Bachelors,Other,Other,7688,0,50,0,1
32,Female,White,Divorced,4,228357,Assoc-voc,Private,Other-service,0,0,40,0,0
49,Male,White,Married-civ-spouse,0,236586,HS-grad,Private,Adm-clerical,0,0,40,39,1
25,Female,Black,Married-civ-spouse,5,353795,Some-college,Private,Adm-clerical,3103,0,40,39,1
57,Male,White,Never-married,1,135134,Masters,Self-emp-not-inc,Farming-fishing,0,0,20,39,0
19,Female,White,Never-married,1,607799,HS-grad,Private,Machine-op-inspct,0,0,60,39,0
19,Male,White,Never-married,3,68552,HS-grad,Private,Handlers-cleaners,0,0,30,39,0
21,Female,Black,Never-married,3,145651,Some-college,State-gov,Sales,0,1602,12,39,0
26,Male,White,Never-married,1,291968,Bachelors,Private,Prof-specialty,0,0,40,39,0
37,Male,White,Married-civ-spouse,0,282872,HS-grad,Private,Craft-repair,0,1628,40,39,0
21,Female,White,Never-married,3,108687,Some-college,Private,Sales,0,0,40,39,0
23,Female,White,Never-married,1,175183,Some-college,Private,Adm-clerical,0,0,40,39,0
22,Female,Asian-Pac-Islander,Never-married,3,110622,Bachelors,Other,Other,0,0,15,36,0
29,Male,White,Never-married,1,419722,Assoc-acdm,Local-gov,Adm-clerical,3674,0,40,39,0
30,Male,White,Never-married,1,349148,Bachelors,Private,Prof-specialty,0,0,70,39,0
56,Female,Black,Divorced,1,135458,HS-grad,Private,Tech-support,0,0,40,39,0
51,Male,Black,Married-civ-spouse,0,157327,5th-6th,Other,Other,0,0,8,39,0
67,Male,White,Married-civ-spouse,0,264095,Some-college,Private,Handlers-cleaners,9386,0,24,5,1
46,Male,White,Divorced,1,216934,Bachelors,Private,Adm-clerical,0,0,40,32,0
28,Male,White,Never-married,1,39232,Bachelors,Private,Prof-specialty,0,0,45,39,0
46,Male,White,Never-married,3,102308,HS-grad,Local-gov,Craft-repair,0,0,40,39,0
22,Female,White,Separated,4,182163,HS-grad,Private,Sales,0,0,40,39,0
41,Female,White,Divorced,4,223934,Assoc-acdm,Private,Adm-clerical,0,0,38,39,0
45,Female,White,Divorced,1,206947,HS-grad,Private,Adm-clerical,0,0,50,39,0
38,Male,White,Married-civ-spouse,0,73715,Some-college,Local-gov,Protective-serv,0,0,60,39,1
40,Male,White,Married-civ-spouse,0,283174,Assoc-voc,Private,Farming-fishing,0,0,60,39,0
21,Male,White,Never-married,3,275395,Some-college,Private,Craft-repair,0,0,40,39,0
44,Female,White,Separated,1,188331,Some-college,Private,Tech-support,0,0,38,39,0
36,Female,Black,Separated,4,231052,HS-grad,Private,Other-service,0,0,35,39,0
36,Male,White,Married-civ-spouse,0,347491,Bachelors,Private,Exec-managerial,0,0,50,39,1
47,Male,Asian-Pac-Islander,Married-civ-spouse,0,340982,Some-college,Private,Machine-op-inspct,3103,0,40,30,1
40,Male,Other,Married-civ-spouse,0,400061,Some-college,Private,Machine-op-inspct,0,0,40,39,1
55,Female,White,Widowed,4,169611,11th,Private,Adm-clerical,0,0,40,39,0
44,Male,White,Divorced,4,58124,Bachelors,Local-gov,Prof-specialty,0,0,45,39,0
32,Male,White,Divorced,3,210562,Assoc-voc,Private,Craft-repair,0,0,46,39,0
32,Male,White,Married-civ-spouse,0,178615,HS-grad,Private,Craft-repair,2407,0,40,39,0
69,Female,White,Widowed,1,163595,HS-grad,Other,Other,0,0,20,39,0
24,Male,White,Never-married,3,137591,Some-college,Private,Sales,0,0,10,12,0
49,Female,White,Never-married,1,354529,Some-college,State-gov,Adm-clerical,0,0,40,39,0
60,Male,White,Married-civ-spouse,0,136939,Some-college,State-gov,Transport-moving,0,0,40,39,0
25,Male,Black,Never-married,3,104993,9th,Private,Handlers-cleaners,2907,0,40,39,0
39,Male,White,Married-civ-spouse,0,106961,HS-grad,Private,Sales,0,0,40,39,1
59,Male,White,Married-civ-spouse,0,158813,Some-college,Private,Exec-managerial,0,0,60,39,1
53,Male,White,Married-civ-spouse,0,302868,Bachelors,Private,Sales,0,0,50,39,1
26,Female,White,Never-married,1,189238,Some-college,Self-emp-not-inc,Prof-specialty,0,0,4,26,0
56,Male,White,Married-civ-spouse,0,318329,HS-grad,Private,Machine-op-inspct,0,0,40,39,0
30,Female,White,Never-married,1,165686,Bachelors,Private,Other-service,0,0,40,39,0
45,Female,White,Divorced,1,203322,Some-college,Local-gov,Adm-clerical,0,0,38,39,0
28,Male,White,Married-civ-spouse,0,346406,HS-grad,Private,Machine-op-inspct,0,1672,50,39,0
29,Male,White,Married-civ-spouse,0,179008,HS-grad,Private,Farming-fishing,0,0,55,39,0
39,Male,White,Married-civ-spouse,0,175232,Some-college,Federal-gov,Handlers-cleaners,0,1977,60,39,1
46,Female,White,Never-married,1,165754,Doctorate,Self-emp-not-inc,Prof-specialty,0,0,45,39,0
36,Male,White,Divorced,1,99374,Some-college,Private,Craft-repair,0,0,40,39,0
32,Male,White,Never-married,4,161075,HS-grad,Private,Craft-repair,0,0,40,39,0
20,Female,White,Never-married,1,131852,HS-grad,Private,Adm-clerical,0,0,40,39,0
39,Female,Black,Separated,4,299828,5th-6th,Private,Sales,0,0,30,33,0
31,Male,White,Never-married,1,63437,HS-grad,Private,Farming-fishing,0,0,40,21,0
60,Female,White,Divorced,4,261119,HS-grad,Self-emp-not-inc,Craft-repair,0,0,40,39,0
44,Female,Asian-Pac-Islander,Divorced,1,121781,Some-college,Private,Adm-clerical,0,0,37,39,0
27,Male,White,Never-married,1,230922,Masters,State-gov,Exec-managerial,0,0,40,34,0
37,Male,White,Married-civ-spouse,0,172722,Some-college,Private,Craft-repair,0,0,40,39,0
55,Male,White,Married-civ-spouse,0,98746,Some-college,Private,Tech-support,0,0,50,2,1
25,Female,White,Never-married,1,358975,HS-grad,Private,Other-service,0,0,35,39,0
31,Female,Amer-Indian-Eskimo,Married-civ-spouse,5,395170,Assoc-voc,Private,Other-service,0,0,24,26,0
62,Female,Black,Widowed,4,201928,HS-grad,Private,Craft-repair,0,0,40,39,0
27,Male,White,Never-married,1,329426,Masters,Private,Exec-managerial,0,0,37,39,0
27,Female,White,Divorced,3,217379,Some-college,Private,Prof-specialty,0,0,40,39,0
46,Male,White,Married-civ-spouse,0,268022,Bachelors,Private,Sales,0,0,40,39,1
35,Male,Black,Never-married,3,257416,Assoc-voc,Private,Craft-repair,0,0,40,39,0
37,Female,White,Married-civ-spouse,5,205359,Some-college,Self-emp-not-inc,Exec-managerial,0,0,15,39,0
20,Female,White,Never-married,3,224640,Assoc-acdm,Private,Exec-managerial,0,0,40,39,0
37,Male,White,Divorced,1,305597,HS-grad,Private,Craft-repair,0,0,40,39,0
44,Female,White,Married-civ-spouse,5,110908,Assoc-voc,Private,Transport-moving,0,0,25,39,0
32,Male,White,Married-civ-spouse,0,137076,Some-college,Private,Exec-managerial,15024,0,60,39,1
64,Male,White,Married-civ-spouse,0,114994,HS-grad,Private,Other-service,0,0,20,39,0
27,Male,Black,Never-married,2,220748,HS-grad,Private,Handlers-cleaners,0,0,48,39,0
54,Male,White,Divorced,1,375134,Assoc-voc,Local-gov,Craft-repair,0,0,40,39,0
50,Male,White,Married-civ-spouse,0,289390,HS-grad,Private,Craft-repair,0,0,47,39,0
42,Female,Black,Separated,1,226020,HS-grad,Local-gov,Other-service,0,0,60,0,0
68,Male,White,Divorced,1,274096,10th,Private,Transport-moving,0,0,20,39,0
28,Female,White,Never-married,1,308709,Bachelors,Private,Sales,0,0,48,39,0
51,Male,White,Married-civ-spouse,0,120270,Assoc-voc,Private,Sales,0,0,40,39,1
35,Male,White,Never-married,3,154410,Some-college,State-gov,Farming-fishing,0,0,40,39,0
34,Female,White,Separated,1,182714,HS-grad,Private,Other-service,0,0,35,0,0
21,Female,White,Never-married,3,265434,Some-college,Private,Prof-specialty,0,0,30,39,0
46,Male,White,Married-civ-spouse,0,246212,Masters,Self-emp-not-inc,Exec-managerial,0,0,45,39,1
42,Male,White,Married-civ-spouse,0,152889,10th,Private,Craft-repair,0,0,45,39,0
19,Female,White,Never-married,3,274830,HS-grad,Private,Other-service,0,0,15,39,0
57,Female,White,Married-civ-spouse,5,202903,7th-8th,Other,Other,1173,0,45,33,0
20,Male,White,Never-married,3,188950,Some-college,Local-gov,Protective-serv,0,0,25,39,0
60,Female,Black,Separated,4,399387,7th-8th,Private,Priv-house-serv,0,0,15,39,0
43,Male,White,Married-civ-spouse,0,178780,Some-college,Private,Exec-managerial,0,0,49,39,1
58,Male,White,Married-civ-spouse,0,290661,HS-grad,Private,Craft-repair,0,0,40,39,0
33,Female,White,Never-married,1,143851,Bachelors,Private,Prof-specialty,0,0,40,39,0
20,Female,White,Never-married,3,121023,Some-college,Private,Adm-clerical,0,0,15,39,0
19,Male,Black,Never-married,1,418176,HS-grad,Private,Exec-managerial,0,0,32,39,0
64,Male,White,Married-civ-spouse,0,202984,HS-grad,Local-gov,Craft-repair,3137,0,40,39,0
23,Female,White,Never-married,3,161708,Bachelors,Private,Other-service,0,0,30,39,0
28,Female,White,Never-married,1,161538,Bachelors,Private,Tech-support,0,0,35,39,0
61,Male,White,Divorced,1,160037,7th-8th,Private,Other-service,0,0,35,39,0
36,Male,White,Married-civ-spouse,0,61178,11th,Private,Craft-repair,0,0,40,39,0
36,Male,White,Married-civ-spouse,0,107302,Masters,Private,Prof-specialty,0,0,60,39,1
22,Female,Black,Never-married,4,189277,HS-grad,Private,Machine-op-inspct,0,0,40,39,0
26,Female,White,Divorced,4,214637,HS-grad,Private,Other-service,0,0,35,39,0
23,Female,Black,Married-civ-spouse,5,211601,Some-college,Private,Exec-managerial,0,0,40,39,0
67,Female,White,Widowed,1,53588,HS-grad,Other,Other,0,0,40,39,0
41,Male,White,Married-civ-spouse,0,193524,Assoc-acdm,Local-gov,Tech-support,0,0,40,39,1
30,Male,Black,Divorced,3,374454,HS-grad,Private,Transport-moving,0,0,40,39,0
57,Male,White,Married-civ-spouse,0,112840,Some-college,Private,Sales,0,0,50,39,1
30,Female,White,Married-civ-spouse,5,61272,9th,Private,Machine-op-inspct,0,0,40,32,0
39,Male,White,Married-civ-spouse,0,167728,Bachelors,Private,Exec-managerial,0,0,40,39,1
23,Female,White,Never-married,1,86337,Some-college,Other,Other,0,0,15,39,0
42,Male,White,Married-civ-spouse,0,345969,Bachelors,State-gov,Exec-managerial,0,0,48,39,1
30,Male,Asian-Pac-Islander,Married-civ-spouse,0,137613,Masters,State-gov,Prof-specialty,0,0,20,36,0
36,Male,White,Married-civ-spouse,0,207202,10th,Self-emp-not-inc,Farming-fishing,0,0,60,39,0
20,Female,Black,Never-married,1,151780,Assoc-voc,Private,Sales,0,0,35,39,0
35,Male,White,Never-married,3,115215,Some-college,Private,Transport-moving,0,0,45,39,0
37,Male,White,Divorced,4,174924,Some-college,Local-gov,Protective-serv,0,0,48,11,0
35,Male,White,Never-married,3,167735,11th,Private,Craft-repair,6849,0,40,39,0
30,Male,White,Married-civ-spouse,0,205950,Some-college,Private,Machine-op-inspct,0,0,40,39,1
19,Male,White,Never-married,3,285263,HS-grad,Private,Adm-clerical,0,0,40,39,0
62,Male,White,Married-civ-spouse,0,141218,Masters,Other,Other,0,0,30,39,1
30,Male,White,Married-civ-spouse,0,75755,Assoc-voc,Private,Prof-specialty,0,0,40,39,0
27,Female,White,Never-married,3,271714,Some-college,Private,Other-service,0,0,30,39,0
43,Male,White,Divorced,1,133584,HS-grad,Private,Craft-repair,0,0,40,39,0
19,Male,White,Never-married,2,311974,HS-grad,Private,Craft-repair,0,0,25,26,0
26,Male,Asian-Pac-Islander,Never-married,4,227332,Bachelors,Private,Transport-moving,0,0,40,0,0
36,Male,White,Divorced,4,127772,Bachelors,Local-gov,Prof-specialty,0,0,40,39,0
25,Female,White,Never-married,1,193701,Bachelors,Private,Other-service,0,0,38,39,0
33,Male,White,Married-civ-spouse,0,348152,HS-grad,Private,Craft-repair,0,0,40,39,0
28,Female,Asian-Pac-Islander,Married-civ-spouse,5,164170,Assoc-voc,Private,Adm-clerical,0,0,40,19,0
24,Male,White,Married-civ-spouse,0,266926,Some-college,Private,Handlers-cleaners,0,0,40,39,0
31,Female,White,Married-civ-spouse,5,123397,HS-grad,Private,Transport-moving,5178,0,35,39,1
48,Female,White,Widowed,1,304791,Some-college,Private,Adm-clerical,0,0,40,39,0
41,Male,White,Married-civ-spouse,0,119079,HS-grad,Private,Sales,0,0,49,39,1
35,Male,Black,Never-married,1,211115,Some-college,State-gov,Protective-serv,0,0,40,39,0
46,Female,White,Married-civ-spouse,5,42972,Masters,Private,Prof-specialty,0,0,22,39,1
27,Male,White,Married-civ-spouse,0,244566,10th,Private,Handlers-cleaners,0,0,40,39,0
48,Male,White,Married-civ-spouse,0,146268,Bachelors,Private,Adm-clerical,7688,0,40,39,1
41,Male,Black,Married-civ-spouse,0,267252,Some-college,Private,Machine-op-inspct,0,1902,40,39,1
19,Male,White,Never-married,1,38619,11th,Private,Machine-op-inspct,0,0,10,39,0
45,Female,Black,Divorced,1,165232,Some-college,Private,Tech-support,0,0,40,38,0
39,Male,White,Married-civ-spouse,0,194668,HS-grad,Self-emp-not-inc,Exec-managerial,0,0,16,39,0
18,Female,White,Never-married,2,271935,11th,Other,Other,0,0,20,39,0
61,Male,White,Married-civ-spouse,0,195453,HS-grad,Private,Exec-managerial,0,0,50,39,1
38,Female,White,Married-civ-spouse,5,169926,Assoc-acdm,Private,Exec-managerial,0,1902,40,39,1
27,Female,White,Separated,4,357348,HS-grad,Private,Other-service,0,0,50,39,0
46,Female,White,Never-married,4,158656,Assoc-acdm,Private,Prof-specialty,0,0,36,39,0
28,Male,Black,Married-civ-spouse,0,224506,Some-college,Private,Sales,0,0,40,0,0
27,Female,Black,Never-married,3,295289,Some-college,Private,Other-service,0,0,30,39,0
24,Male,White,Married-civ-spouse,0,330836,HS-grad,State-gov,Protective-serv,0,0,40,39,0
25,Female,White,Separated,4,113654,HS-grad,Private,Exec-managerial,0,0,37,39,0
31,Male,Asian-Pac-Islander,Never-married,3,169104,Bachelors,Private,Sales,0,0,40,0,0
24,Male,White,Never-married,1,215712,Some-college,Private,Other-service,0,0,35,39,0
51,Male,White,Married-civ-spouse,0,45487,HS-grad,Federal-gov,Transport-moving,0,0,80,39,0
27,Male,White,Married-civ-spouse,0,706026,11th,Private,Handlers-cleaners,0,0,40,39,0
52,Male,White,Married-civ-spouse,0,225317,5th-6th,Private,Craft-repair,0,0,40,26,0
26,Female,White,Married-civ-spouse,5,202091,HS-grad,Private,Adm-clerical,0,0,40,39,0
39,Female,White,Divorced,4,46028,Some-college,Private,Other-service,0,0,60,39,0
47,Male,White,Married-civ-spouse,0,168191,Some-college,Federal-gov,Craft-repair,0,0,40,0,0
22,Male,White,Never-married,2,409230,12th,Private,Transport-moving,0,0,40,39,0
37,Female,White,Divorced,1,141029,Masters,Federal-gov,Prof-specialty,0,0,40,39,0
53,Male,White,Married-civ-spouse,0,193720,Some-college,Private,Exec-managerial,0,1977,40,39,1
36,Male,White,Married-civ-spouse,0,31438,11th,Private,Transport-moving,0,0,43,39,0
24,Male,White,Married-civ-spouse,0,136310,Some-college,Private,Tech-support,0,0,40,39,0
41,Female,White,Never-married,3,162189,HS-grad,Private,Machine-op-inspct,1831,0,40,29,0
17,Male,White,Never-married,3,64785,10th,Other,Other,0,0,30,39,0
20,Male,White,Never-married,3,505980,Some-college,Private,Sales,0,0,40,39,0
45,Male,White,Married-civ-spouse,0,199058,Bachelors,Private,Exec-managerial,0,0,48,0,0
41,Male,White,Divorced,1,392167,10th,Private,Sales,0,0,48,39,0
43,Male,White,Separated,1,208613,Bachelors,Private,Tech-support,0,0,40,39,0
20,Male,White,Never-married,1,115057,Some-college,Private,Other-service,0,0,40,39,0
31,Female,White,Never-married,4,225507,Assoc-voc,Private,Other-service,0,0,40,39,0
39,Male,White,Never-married,1,77516,Bachelors,State-gov,Adm-clerical,2174,0,40,39,0
25,Male,White,Never-married,1,239120,Bachelors,Other,Other,0,0,13,39,0
44,Female,White,Widowed,4,387770,Some-college,Local-gov,Adm-clerical,0,0,15,39,0
50,Male,Black,Married-civ-spouse,0,123174,Doctorate,Private,Prof-specialty,0,0,37,0,1
41,Male,Asian-Pac-Islander,Never-married,1,96635,HS-grad,Private,Exec-managerial,0,0,60,39,0
34,Female,White,Married-civ-spouse,5,178841,Bachelors,Private,Exec-managerial,0,0,40,39,1
55,Male,White,Married-civ-spouse,0,189719,Bachelors,Private,Exec-managerial,0,0,45,39,1
24,Male,White,Never-married,3,199011,HS-grad,Private,Craft-repair,0,0,40,39,0
56,Male,White,Married-civ-spouse,0,220187,Some-college,Private,Tech-support,0,0,45,39,1
49,Male,White,Married-civ-spouse,0,183013,HS-grad,Private,Farming-fishing,0,0,40,39,0
63,Male,White,Married-civ-spouse,0,331527,10th,Other,Other,0,0,40,39,0
27,Male,White,Married-civ-spouse,0,37302,Assoc-acdm,Self-emp-not-inc,Transport-moving,7688,0,70,39,1
35,Female,Black,Never-married,4,317780,Some-college,Other,Other,0,0,40,39,0
48,Female,Black,Never-married,1,245948,HS-grad,Private,Machine-op-inspct,2174,0,40,39,0
21,Male,Black,Never-married,3,512828,HS-grad,Private,Protective-serv,0,0,40,39,0
42,Male,Asian-Pac-Islander,Married-civ-spouse,0,340234,HS-grad,Private,Tech-support,15024,0,40,39,1
36,Male,White,Divorced,4,143068,Some-college,Private,Craft-repair,0,0,40,39,0
44,Male,White,Married-civ-spouse,0,124692,Masters,Local-gov,Prof-specialty,0,0,35,39,1
49,Female,White,Married-civ-spouse,5,235683,Some-college,Private,Sales,0,0,40,39,1
51,Male,White,Married-civ-spouse,0,101119,HS-grad,Local-gov,Protective-serv,0,0,70,39,0
21,Male,White,Never-married,1,61777,Some-college,Private,Craft-repair,0,0,70,39,0
20,Female,White,Never-married,3,112668,Some-college,Private,Other-service,0,0,20,39,0
21,Male,White,Never-married,3,403860,Some-college,Other,Other,0,0,40,39,0
40,Female,White,Married-civ-spouse,5,178983,HS-grad,Private,Adm-clerical,0,0,30,39,1
60,Male,White,Never-married,1,52152,Masters,Private,Prof-specialty,0,0,50,39,0
27,Female,White,Never-married,1,179565,Bachelors,Private,Adm-clerical,0,0,37,39,0
41,Male,White,Never-married,1,149102,HS-grad,Private,Transport-moving,0,0,40,31,0
27,Male,White,Married-civ-spouse,0,96226,HS-grad,Private,Craft-repair,0,0,70,39,0
25,Female,Black,Never-married,4,249214,Some-college,Local-gov,Adm-clerical,0,0,40,39,0
43,Male,White,Divorced,1,183765,Some-college,Private,Tech-support,0,0,40,0,1
22,Male,White,Never-married,3,109482,Some-college,Private,Prof-specialty,0,0,98,39,0
40,Male,White,Never-married,1,187702,Bachelors,Private,Tech-support,0,0,40,39,0
41,Male,White,Married-civ-spouse,0,144778,HS-grad,Private,Craft-repair,0,0,40,39,0
33,Male,White,Married-civ-spouse,0,303867,Some-college,Private,Exec-managerial,0,0,50,39,0
32,Male,White,Married-civ-spouse,0,127651,HS-grad,Local-gov,Craft-repair,0,0,40,39,1
43,Male,White,Married-civ-spouse,0,47261,Some-college,Self-emp-not-inc,Farming-fishing,0,0,50,39,0
47,Male,White,Married-civ-spouse,0,124973,Assoc-voc,Private,Exec-managerial,15024,0,50,39,1
61,Male,White,Married-civ-spouse,0,85434,HS-grad,Private,Transport-moving,0,0,40,39,0
40,Male,White,Married-civ-spouse,0,210648,Bachelors,Private,Prof-specialty,0,0,44,39,1
27,Male,White,Never-married,3,369522,HS-grad,Private,Machine-op-inspct,0,0,45,39,0
35,Female,White,Divorced,4,103710,Bachelors,Other,Other,0,0,16,0,0
39,Male,White,Never-married,1,150057,Masters,Private,Sales,0,0,50,39,1
80,Male,White,Married-civ-spouse,0,86111,Doctorate,Private,Prof-specialty,0,0,30,39,0
26,Male,White,Married-civ-spouse,0,238768,HS-grad,Private,Machine-op-inspct,0,0,60,39,0
23,Male,White,Married-civ-spouse,0,253190,Assoc-acdm,Private,Handlers-cleaners,0,0,25,39,0
44,Male,White,Divorced,1,274363,HS-grad,Self-emp-not-inc,Sales,0,0,50,39,0
19,Female,White,Never-married,3,199609,Some-college,Other,Other,0,0,40,39,0
38,Male,White,Married-civ-spouse,0,266645,Masters,Private,Exec-managerial,0,0,60,39,1
33,Male,White,Married-civ-spouse,0,188246,Bachelors,Private,Exec-managerial,0,0,40,39,0
72,Male,White,Married-civ-spouse,0,33608,Some-college,Other,Other,9386,0,30,39,1
47,Female,White,Separated,4,115813,Assoc-acdm,Private,Adm-clerical,0,0,57,39,0
42,Male,Black,Married-civ-spouse,0,337629,12th,Private,Craft-repair,0,0,60,0,1
29,Male,White,Married-civ-spouse,0,195520,Masters,Local-gov,Prof-specialty,0,0,40,39,0
50,Male,White,Married-civ-spouse,0,172046,Some-college,Federal-gov,Exec-managerial,0,0,40,39,1
39,Male,White,Married-civ-spouse,0,273362,HS-grad,Private,Craft-repair,0,0,40,39,1
27,Male,White,Married-civ-spouse,0,65308,HS-grad,Self-emp-not-inc,Farming-fishing,0,0,50,39,0
76,Male,White,Married-civ-spouse,0,120796,9th,Self-emp-inc,Prof-specialty,0,0,40,39,0
48,Female,White,Never-married,4,121622,Masters,Local-gov,Prof-specialty,0,1380,40,39,0
50,Female,White,Divorced,1,321770,HS-grad,Private,Adm-clerical,0,0,40,39,0
25,Female,White,Never-married,3,454934,Some-college,Self-emp-inc,Sales,0,0,35,39,0
19,Male,White,Never-married,3,27382,Some-college,Local-gov,Adm-clerical,0,0,40,39,0
35,Male,Asian-Pac-Islander,Married-civ-spouse,0,200117,Bachelors,Private,Exec-managerial,0,1887,50,0,1
58,Male,Asian-Pac-Islander,Married-civ-spouse,0,136951,Bachelors,Private,Adm-clerical,0,0,40,30,0
22,Female,Black,Never-married,1,210802,Some-college,Other,Other,0,0,35,39,0
27,Male,Asian-Pac-Islander,Never-married,1,298871,Bachelors,Private,Other-service,0,0,40,30,0
20,Male,White,Never-married,1,219122,Some-college,Private,Other-service,0,0,40,39,0
17,Male,White,Never-married,3,143331,10th,Private,Sales,0,0,15,39,0
41,Female,White,Divorced,4,106982,Some-college,Federal-gov,Prof-specialty,0,0,40,39,1
51,Male,Black,Married-civ-spouse,0,178241,HS-grad,Private,Machine-op-inspct,0,0,40,39,1
23,Female,White,Divorced,4,147548,HS-grad,Private,Other-service,0,0,30,39,0
43,Male,White,Divorced,1,266439,HS-grad,Private,Machine-op-inspct,0,0,45,39,0
31,Male,White,Never-married,1,332379,HS-grad,Private,Machine-op-inspct,0,0,40,39,0
24,Male,White,Never-married,1,130534,Bachelors,Federal-gov,Exec-managerial,0,0,40,39,0
36,Male,White,Married-civ-spouse,0,61778,Some-college,Private,Craft-repair,0,0,60,39,1
34,Female,White,Divorced,4,216864,HS-grad,Private,Other-service,0,3770,45,39,0
27,Male,White,Never-married,1,274964,Bachelors,Private,Farming-fishing,0,0,65,39,0
36,Male,White,Married-civ-spouse,0,27408,Assoc-voc,Self-emp-inc,Sales,0,0,60,39,0
44,Male,White,Married-civ-spouse,0,146906,Prof-school,Private,Prof-specialty,0,0,50,39,1
46,Female,White,Never-married,1,73019,Bachelors,Private,Prof-specialty,0,0,40,39,0
22,Male,White,Never-married,1,433669,Assoc-acdm,Private,Handlers-cleaners,0,0,36,0,0
32,Female,White,Married-civ-spouse,5,105650,HS-grad,Private,Exec-managerial,0,0,50,39,1
24,Female,Amer-Indian-Eskimo,Divorced,1,336088,HS-grad,Private,Exec-managerial,0,0,50,39,0
41,Male,Black,Married-civ-spouse,0,396467,Assoc-acdm,Local-gov,Exec-managerial,0,0,50,39,1
53,Male,White,Married-civ-spouse,0,102828,HS-grad,Private,Exec-managerial,0,0,35,39,1
54,Male,White,Married-civ-spouse,0,98535,Bachelors,Private,Exec-managerial,0,0,40,39,1
40,Male,White,Married-civ-spouse,0,32627,Masters,Private,Prof-specialty,0,0,60,39,0
31,Male,White,Never-married,1,398988,Some-college,Private,Exec-managerial,0,0,40,39,0
74,Female,White,Divorced,1,260669,10th,Private,Other-service,0,0,1,39,0
43,Female,Black,Never-married,1,209899,Masters,Local-gov,Tech-support,8614,0,47,39,1
64,Male,White,Married-civ-spouse,0,50171,HS-grad,Other,Other,0,0,10,39,0
37,Female,White,Married-civ-spouse,5,593246,Bachelors,Local-gov,Prof-specialty,0,0,50,39,1
27,Female,Other,Never-married,4,93021,HS-grad,Private,Adm-clerical,0,0,40,39,0
45,Male,Black,Never-married,1,339506,HS-grad,Private,Sales,0,0,40,39,0
18,Female,White,Never-married,3,148644,HS-grad,Private,Sales,0,0,28,39,0
18,Male,Other,Never-married,3,210828,Some-college,Private,Handlers-cleaners,0,0,30,39,0
28,Male,White,Married-civ-spouse,2,67218,7th-8th,Private,Sales,0,0,40,39,0
51,Female,White,Never-married,1,21698,HS-grad,Private,Adm-clerical,0,0,40,39,0
22,Male,White,Never-married,3,186452,Some-college,Other,Other,0,0,36,39,0
47,Male,Black,Married-spouse-absent,1,161558,10th,Private,Transport-moving,0,0,45,39,0
36,Female,White,Divorced,4,331902,Some-college,Local-gov,Adm-clerical,0,0,35,39,0
59,Female,White,Divorced,1,296253,HS-grad,Private,Exec-managerial,0,0,40,39,0
37,Male,White,Married-civ-spouse,0,164526,Bachelors,Private,Prof-specialty,0,0,40,39,0
17,Male,White,Never-married,3,117477,10th,Private,Other-service,0,0,40,39,0
45,Male,White,Married-civ-spouse,0,278151,HS-grad,Private,Protective-serv,0,0,40,39,0
66,Male,White,Married-civ-spouse,0,313255,Some-college,Private,Sales,0,0,24,39,0
61,Male,White,Married-civ-spouse,0,539563,Some-college,Private,Exec-managerial,0,0,45,39,1
41,Female,White,Never-married,1,340148,Some-college,Private,Prof-specialty,0,0,45,39,0
74,Male,White,Married-civ-spouse,0,211075,HS-grad,Private,Exec-managerial,0,0,40,39,1
27,Male,White,Never-married,1,278617,Some-college,Private,Craft-repair,0,0,40,39,0
19,Male,White,Never-married,3,117201,Some-college,Other,Other,0,0,22,39,0
19,Male,White,Never-married,3,389755,HS-grad,Private,Handlers-cleaners,0,0,16,39,0
57,Male,White,Married-civ-spouse,0,171242,Some-college,Private,Prof-specialty,0,0,40,39,1
42,Male,White,Married-civ-spouse,0,96321,Some-college,Private,Sales,0,0,50,39,1
24,Female,Other,Separated,4,136687,HS-grad,Private,Machine-op-inspct,0,0,40,39,0
23,Male,Black,Never-married,3,636017,Some-college,Private,Other-service,0,0,40,39,0
42,Male,White,Married-civ-spouse,0,308279,Bachelors,Self-emp-not-inc,Prof-specialty,0,0,21,39,0
27,Male,White,Never-married,1,183523,Bachelors,Private,Prof-specialty,0,0,45,39,0
41,Male,White,Married-civ-spouse,0,173938,Prof-school,Private,Adm-clerical,0,0,50,0,1
52,Female,White,Never-married,1,292110,5th-6th,Private,Handlers-cleaners,0,0,40,39,0
30,Male,White,Never-married,4,223212,Bachelors,Self-emp-not-inc,Sales,0,0,40,39,0
32,Male,White,Married-civ-spouse,0,186788,HS-grad,Private,Transport-moving,0,0,40,39,0
42,Male,Asian-Pac-Islander,Married-civ-spouse,0,186376,Bachelors,Private,Other-service,0,0,72,30,1
29,Female,White,Divorced,1,383402,Some-college,Private,Other-service,0,0,35,39,0
63,Male,White,Married-civ-spouse,0,379940,Bachelors,Local-gov,Prof-specialty,0,0,40,39,1
37,Male,White,Never-married,3,433491,HS-grad,Private,Other-service,0,0,40,39,0
66,Male,White,Widowed,4,28061,7th-8th,Self-emp-not-inc,Farming-fishing,0,0,50,39,0
24,Female,White,Married-civ-spouse,5,52242,HS-grad,Private,Sales,0,0,40,39,1
32,Male,White,Divorced,1,53206,Bachelors,Private,Craft-repair,0,0,50,39,1
56,Male,White,Married-civ-spouse,0,188166,HS-grad,Other,Other,0,0,40,39,0
42,Male,White,Married-civ-spouse,0,238188,Masters,Local-gov,Prof-specialty,0,0,35,39,1
27,Female,Amer-Indian-Eskimo,Married-civ-spouse,5,129661,Assoc-voc,Other,Other,0,0,40,39,1
43,Male,White,Divorced,1,114351,HS-grad,Private,Craft-repair,0,0,35,39,0
26,Male,White,Married-civ-spouse,0,252284,Some-college,State-gov,Protective-serv,0,0,40,39,0
39,Male,White,Never-married,3,28572,HS-grad,Private,Handlers-cleaners,0,0,48,39,0
21,Male,White,Never-married,1,161415,Some-college,Private,Craft-repair,0,0,50,39,0
29,Female,White,Never-married,3,350603,10th,Other,Other,0,0,38,39,0
52,Female,White,Divorced,4,163027,HS-grad,Private,Craft-repair,0,0,50,39,0
45,Male,White,Married-civ-spouse,0,199326,Masters,State-gov,Prof-specialty,0,0,45,39,1
19,Female,White,Separated,3,301747,HS-grad,Private,Adm-clerical,0,0,30,39,0
44,Male,Amer-Indian-Eskimo,Married-civ-spouse,0,33105,HS-grad,Private,Exec-managerial,0,0,40,39,0
36,Male,White,Married-civ-spouse,0,136028,9th,Self-emp-not-inc,Craft-repair,0,0,30,39,0
61,Female,Asian-Pac-Islander,Divorced,1,270056,HS-grad,Private,Adm-clerical,0,0,40,24,0
51,Male,White,Married-civ-spouse,0,387250,Bachelors,Local-gov,Adm-clerical,0,0,50,39,1
27,Male,White,Never-married,3,221166,9th,Private,Farming-fishing,0,0,40,39,0
24,Male,White,Never-married,1,217961,Some-college,Private,Machine-op-inspct,0,0,40,39,0
32,Female,White,Never-married,1,174215,Bachelors,Federal-gov,Exec-managerial,0,0,60,39,0
42,Male,White,Divorced,4,195124,11th,Local-gov,Sales,7430,0,50,33,1
54,Female,White,Widowed,4,230387,HS-grad,Federal-gov,Adm-clerical,0,0,35,39,0
30,Female,Asian-Pac-Islander,Divorced,1,110622,Bachelors,Private,Exec-managerial,0,0,40,3,0
50,Male,White,Married-civ-spouse,0,186565,Bachelors,Self-emp-not-inc,Sales,0,0,50,39,0
33,Male,White,Married-civ-spouse,0,143653,HS-grad,Private,Craft-repair,0,0,30,39,0
30,Male,White,Married-civ-spouse,0,149507,HS-grad,Private,Sales,0,0,42,39,0
53,Female,Black,Never-married,4,394474,Assoc-acdm,Private,Adm-clerical,0,0,40,39,0
21,Female,White,Never-married,3,68358,Some-college,Private,Sales,0,0,20,39,0
53,Male,White,Married-civ-spouse,0,36327,HS-grad,Private,Sales,0,0,40,39,1
21,Male,White,Never-married,1,52753,HS-grad,Private,Craft-repair,0,1504,40,39,0
42,Male,White,Divorced,4,32546,Prof-school,Self-emp-not-inc,Prof-specialty,7430,0,40,39,1
43,Male,White,Married-civ-spouse,0,330174,HS-grad,Local-gov,Craft-repair,0,0,40,39,0
57,Male,White,Married-civ-spouse,0,173796,HS-grad,Private,Transport-moving,0,1887,40,39,1
48,Male,White,Never-married,1,177783,7th-8th,Self-emp-not-inc,Farming-fishing,0,0,50,39,0
57,Male,White,Married-civ-spouse,0,291529,Bachelors,Self-emp-not-inc,Exec-managerial,4386,0,13,39,1
65,Male,White,Married-civ-spouse,0,118779,HS-grad,Private,Craft-repair,0,0,30,39,0
27,Female,White,Never-married,3,194243,Prof-school,Private,Prof-specialty,0,0,40,39,0
23,Male,White,Married-civ-spouse,0,302836,Assoc-acdm,Other,Other,0,0,40,8,0
27,Female,White,Never-married,1,180262,Some-college,Private,Exec-managerial,0,0,40,39,0
44,Female,White,Married-civ-spouse,5,378251,HS-grad,Private,Adm-clerical,0,0,38,39,0
24,Female,White,Never-married,4,34918,Assoc-voc,Self-emp-not-inc,Other-service,0,0,38,39,0
43,Female,Black,Divorced,1,438427,Some-college,State-gov,Adm-clerical,0,0,40,39,0
40,Male,White,Married-civ-spouse,0,34007,HS-grad,Self-emp-not-inc,Farming-fishing,0,0,70,39,1
65,Female,White,Widowed,1,198019,HS-grad,Other,Other,0,0,35,39,0
37,Male,White,Never-married,3,126675,Bachelors,Self-emp-inc,Exec-managerial,0,0,40,39,0
41,Male,White,Married-civ-spouse,0,47902,Bachelors,State-gov,Adm-clerical,0,0,50,39,1
47,Male,White,Married-civ-spouse,0,28035,Some-college,Self-emp-not-inc,Farming-fishing,0,0,86,39,0
27,Female,Black,Never-married,1,293828,HS-grad,Private,Other-service,0,0,40,23,0
43,Male,White,Divorced,1,166740,Some-college,Private,Adm-clerical,0,0,48,39,0
33,Male,White,Divorced,1,181091,10th,Private,Craft-repair,0,0,35,9,0
48,Male,White,Married-civ-spouse,0,265192,HS-grad,Private,Craft-repair,0,0,45,39,0
18,Female,White,Never-married,3,137363,Some-college,Other,Other,0,0,4,39,0
43,Male,White,Married-civ-spouse,0,83348,HS-grad,Self-emp-inc,Craft-repair,0,0,60,39,0
33,Male,White,Divorced,1,154227,Assoc-voc,Private,Sales,0,0,40,39,0
59,Male,White,Married-civ-spouse,0,247552,HS-grad,Self-emp-not-inc,Exec-managerial,0,0,40,39,0
65,Male,White,Married-civ-spouse,0,330144,Some-college,Private,Exec-managerial,0,0,40,39,0
23,Female,White,Married-civ-spouse,2,148709,HS-grad,Private,Adm-clerical,0,0,35,39,0
51,Male,White,Married-civ-spouse,0,132341,HS-grad,Self-emp-not-inc,Exec-managerial,0,0,45,39,1
35,Male,White,Divorced,1,115803,11th,Private,Transport-moving,0,0,40,39,0
40,Male,White,Married-civ-spouse,0,100292,HS-grad,Private,Sales,0,0,52,39,1
19,Male,White,Never-married,1,323810,10th,Private,Craft-repair,0,0,40,39,0
58,Male,White,Married-civ-spouse,0,217775,HS-grad,Local-gov,Exec-managerial,7298,0,40,39,1
20,Male,White,Never-married,3,34310,Some-college,Private,Sales,0,0,20,39,0
41,Male,White,Married-civ-spouse,0,200574,Prof-school,Self-emp-not-inc,Prof-specialty,0,1977,60,39,1
67,Male,White,Married-civ-spouse,0,279980,Some-college,Private,Transport-moving,10605,0,10,39,1
18,Male,White,Never-married,3,165532,12th,Other,Other,0,0,25,39,0
63,Male,White,Married-civ-spouse,0,213945,Bachelors,Private,Sales,15024,0,40,20,1
78,Male,White,Married-civ-spouse,0,136198,Bachelors,Local-gov,Exec-managerial,0,0,15,39,0
40,Female,Black,Divorced,4,103789,Assoc-acdm,Private,Adm-clerical,0,0,32,39,0
37,Male,White,Married-civ-spouse,0,77820,Bachelors,Private,Exec-managerial,0,0,45,39,1
49,Male,White,Married-civ-spouse,0,119539,Some-college,Self-emp-inc,Exec-managerial,0,0,60,0,1
39,Male,White,Never-married,1,142573,Some-college,Self-emp-not-inc,Craft-repair,0,0,25,39,0
42,Male,White,Married-civ-spouse,0,27187,Masters,Self-emp-inc,Farming-fishing,0,0,60,39,1
22,Male,White,Never-married,3,209131,Assoc-acdm,Federal-gov,Other-service,0,0,20,39,0
27,Male,Asian-Pac-Islander,Never-married,3,116358,Some-college,Private,Craft-repair,0,1980,40,30,0
59,Female,White,Widowed,4,196482,HS-grad,Private,Adm-clerical,0,0,40,39,0
31,Female,White,Married-civ-spouse,5,101562,HS-grad,Private,Machine-op-inspct,0,0,55,39,0
36,Male,White,Married-civ-spouse,0,231948,HS-grad,Private,Craft-repair,0,0,64,39,1
43,Female,White,Married-civ-spouse,5,298161,HS-grad,Private,Machine-op-inspct,0,0,40,27,0
35,Female,White,Divorced,4,89559,Some-college,Private,Adm-clerical,0,0,55,39,0
41,Male,White,Married-civ-spouse,0,202168,Some-college,Private,Exec-managerial,0,0,60,39,1
46,Male,White,Married-civ-spouse,0,459189,Some-college,Private,Craft-repair,0,1902,50,39,1
47,Male,White,Married-civ-spouse,0,326857,Assoc-voc,Private,Craft-repair,5013,0,40,39,0
43,Male,White,Married-civ-spouse,0,156403,10th,Private,Handlers-cleaners,0,0,40,39,0
64,Female,White,Divorced,4,86972,Some-college,Private,Exec-managerial,0,0,40,39,0
46,Male,White,Married-civ-spouse,0,216666,5th-6th,Private,Machine-op-inspct,0,0,40,26,0
59,Male,White,Never-married,1,168569,Prof-school,Private,Prof-specialty,0,0,50,39,0
46,Male,White,Married-civ-spouse,0,20956,Bachelors,Federal-gov,Exec-managerial,15024,0,40,39,1
51,Male,White,Married-civ-spouse,0,97005,7th-8th,Local-gov,Transport-moving,0,0,40,39,0
32,Male,White,Never-married,1,244268,Bachelors,Local-gov,Prof-specialty,0,0,50,39,0
41,Male,White,Married-civ-spouse,0,324629,Bachelors,Private,Exec-managerial,0,0,40,41,0
53,Male,White,Married-civ-spouse,0,23698,HS-grad,Private,Craft-repair,0,0,46,39,1
32,Male,White,Never-married,3,324386,Bachelors,Private,Prof-specialty,0,0,40,39,0
24,Male,White,Married-civ-spouse,0,126568,Bachelors,Private,Other-service,0,0,33,39,0
24,Male,White,Married-civ-spouse,0,249909,HS-grad,Private,Handlers-cleaners,0,0,50,39,0
58,Male,White,Married-civ-spouse,0,225394,HS-grad,Private,Craft-repair,0,1902,40,39,0
44,Male,White,Married-civ-spouse,0,173682,Some-college,Private,Transport-moving,0,0,40,39,0
38,Male,White,Married-civ-spouse,0,257250,Some-college,Private,Transport-moving,7298,0,60,39,1
25,Male,White,Married-civ-spouse,0,150062,Some-college,Private,Prof-specialty,0,0,45,39,0
39,Male,White,Never-married,1,193689,HS-grad,Self-emp-not-inc,Exec-managerial,0,0,65,39,0
55,Male,White,Married-civ-spouse,0,368797,Masters,Private,Exec-managerial,0,1977,60,39,1
28,Male,White,Married-civ-spouse,0,188278,Bachelors,Self-emp-not-inc,Craft-repair,0,0,55,39,0
27,Male,White,Married-civ-spouse,0,170017,Bachelors,Private,Prof-specialty,0,0,40,39,0
29,Male,Black,Never-married,1,152503,Some-college,Private,Handlers-cleaners,0,0,45,39,0
57,Male,White,Divorced,1,300908,Assoc-acdm,Private,Machine-op-inspct,0,0,75,39,0
55,Female,White,Divorced,1,60193,HS-grad,Private,Adm-clerical,0,0,40,39,0
41,Male,White,Divorced,1,183850,HS-grad,Private,Sales,0,0,50,39,0
36,Male,White,Married-civ-spouse,5,74791,Bachelors,Private,Sales,0,0,60,0,0
60,Male,White,Married-civ-spouse,0,82775,Some-college,Private,Sales,0,0,55,39,0
43,Male,White,Married-civ-spouse,0,102180,Masters,Private,Exec-managerial,0,0,50,39,1
32,Male,White,Divorced,1,158416,HS-grad,Private,Sales,0,0,50,39,0
22,Male,Black,Married-civ-spouse,3,279901,HS-grad,Private,Other-service,0,0,40,39,0
44,Female,White,Divorced,1,156815,HS-grad,Private,Adm-clerical,0,0,40,39,0
37,Male,White,Separated,1,271767,Masters,Private,Exec-managerial,0,0,45,39,1
62,Male,White,Married-civ-spouse,0,224520,HS-grad,Self-emp-not-inc,Sales,0,0,90,39,1
29,Male,White,Married-civ-spouse,0,39484,Bachelors,Private,Other-service,7298,0,42,39,1
31,Female,White,Never-married,1,235389,7th-8th,Private,Handlers-cleaners,0,0,30,32,0
47,Male,White,Married-civ-spouse,0,174525,HS-grad,Other,Other,3942,0,40,0,0
24,Female,White,Married-civ-spouse,5,165201,Some-college,State-gov,Adm-clerical,0,0,45,39,0
21,Male,Black,Never-married,2,540712,HS-grad,Private,Other-service,0,1719,25,39,0
30,Male,White,Married-civ-spouse,0,187279,HS-grad,Private,Handlers-cleaners,0,0,44,39,0
17,Female,White,Never-married,3,141590,11th,Private,Priv-house-serv,0,0,12,39,0
48,Female,White,Married-civ-spouse,5,70668,HS-grad,Private,Machine-op-inspct,0,0,50,39,0
17,Female,White,Never-married,3,98005,11th,Private,Sales,0,0,16,39,0
22,Male,White,Never-married,1,334593,Some-college,Other,Other,0,0,40,39,0
20,Female,White,Never-married,1,190772,Assoc-acdm,Private,Other-service,0,0,40,39,0
53,Female,White,Widowed,2,215790,Some-college,Private,Adm-clerical,0,0,22,39,0
35,Female,White,Married-civ-spouse,5,220098,HS-grad,Private,Other-service,0,0,40,39,1
30,Male,White,Married-civ-spouse,0,151001,5th-6th,Private,Machine-op-inspct,3464,0,40,26,0
19,Male,White,Never-married,3,60661,HS-grad,Private,Handlers-cleaners,0,0,52,39,0
29,Male,White,Married-civ-spouse,0,34383,Assoc-voc,Private,Transport-moving,0,0,55,39,0
33,Female,Asian-Pac-Islander,Never-married,2,163003,Bachelors,Private,Exec-managerial,0,0,40,30,0
20,Male,White,Married-civ-spouse,0,61777,Some-college,Private,Sales,0,0,30,39,0
42,Female,White,Divorced,1,192569,Prof-school,Private,Prof-specialty,0,0,39,39,1
49,Male,White,Married-civ-spouse,0,214169,Some-college,Private,Craft-repair,0,0,40,39,1
20,Female,White,Divorced,1,238685,11th,Other,Other,0,0,40,39,0
69,Male,White,Married-civ-spouse,0,337720,HS-grad,Other,Other,0,0,24,39,0
35,Female,White,Separated,4,209993,11th,Private,Priv-house-serv,0,0,8,26,0
50,Male,White,Married-civ-spouse,0,169925,HS-grad,Private,Craft-repair,0,0,15,39,0
55,Female,White,Never-married,3,171015,Some-college,Private,Adm-clerical,0,0,36,39,0
39,Male,White,Married-civ-spouse,0,301614,11th,Local-gov,Other-service,0,0,40,39,0
28,Male,White,Married-civ-spouse,0,183151,Assoc-acdm,Federal-gov,Adm-clerical,0,0,60,39,0
30,Female,White,Divorced,4,352542,Bachelors,Local-gov,Prof-specialty,0,0,40,39,0
29,Male,White,Married-civ-spouse,0,53434,Assoc-voc,Private,Exec-managerial,0,0,60,39,1
47,Female,Black,Married-civ-spouse,5,162741,Assoc-acdm,Private,Prof-specialty,15024,0,40,39,1
46,Male,White,Married-civ-spouse,0,216414,Some-college,Local-gov,Protective-serv,0,0,40,39,1
32,Female,White,Divorced,4,185480,Assoc-voc,Private,Other-service,0,0,40,39,0
41,Male,White,Never-married,1,195124,Masters,Private,Exec-managerial,0,0,35,6,0
50,Male,White,Divorced,4,222381,Some-college,Other,Other,0,0,40,39,0
46,Male,White,Married-spouse-absent,1,178829,Masters,Private,Exec-managerial,0,0,70,39,1
30,Female,Black,Never-married,4,355571,HS-grad,Other,Other,0,0,40,39,0
61,Male,White,Married-civ-spouse,0,124971,Doctorate,State-gov,Prof-specialty,0,0,40,0,1
26,Male,White,Never-married,3,283217,Some-college,Local-gov,Protective-serv,0,0,40,39,0
17,Male,White,Never-married,3,171080,12th,Private,Handlers-cleaners,0,0,20,39,0
25,Female,White,Married-civ-spouse,5,168943,Bachelors,Private,Exec-managerial,0,0,30,39,1
32,Male,White,Never-married,1,172375,Bachelors,Private,Prof-specialty,0,0,38,39,0
19,Female,White,Never-married,3,263932,HS-grad,Private,Other-service,0,0,20,39,0
30,Male,White,Married-civ-spouse,0,196385,Bachelors,Private,Prof-specialty,15024,0,35,39,1
44,Male,White,Married-civ-spouse,0,60414,Masters,Private,Exec-managerial,0,0,40,39,1
22,Male,White,Never-married,3,83704,Some-college,Private,Adm-clerical,0,0,30,39,0
22,Female,White,Never-married,1,34918,Bachelors,Private,Prof-specialty,0,0,15,11,0
45,Male,White,Married-civ-spouse,0,481987,Masters,Private,Tech-support,0,0,18,39,1
46,Male,Black,Married-civ-spouse,0,238648,HS-grad,State-gov,Other-service,7298,0,40,39,1
30,Male,White,Married-civ-spouse,0,361742,Some-college,Private,Exec-managerial,0,0,50,39,0
34,Male,White,Married-civ-spouse,0,609789,HS-grad,Private,Other-service,0,0,30,0,0
56,Female,White,Widowed,4,235205,HS-grad,Private,Other-service,0,0,40,39,0
43,Male,White,Divorced,1,188696,Assoc-voc,Private,Machine-op-inspct,0,0,40,39,0
24,Male,White,Never-married,3,321666,Assoc-acdm,Private,Machine-op-inspct,0,0,20,39,0
19,Female,White,Never-married,3,175499,11th,Other,Other,0,0,30,39,0
24,Male,White,Never-married,1,229826,HS-grad,Private,Sales,0,0,30,39,0
41,Female,Black,Widowed,2,129155,11th,Other,Other,0,0,40,39,0
41,Male,White,Never-married,1,116103,Some-college,Private,Exec-managerial,0,0,50,39,0
36,Female,Black,Never-married,1,174640,Assoc-voc,Local-gov,Protective-serv,0,0,60,39,1
56,Male,White,Married-civ-spouse,0,258883,Some-college,Self-emp-inc,Craft-repair,0,0,40,39,0
21,Male,White,Married-civ-spouse,0,256240,11th,Private,Machine-op-inspct,0,0,40,39,0
65,Male,White,Married-civ-spouse,0,221026,HS-grad,Local-gov,Transport-moving,0,0,20,39,0
28,Female,Black,Separated,4,293398,HS-grad,Private,Sales,0,0,40,39,0
26,Male,White,Separated,2,116044,11th,Private,Craft-repair,2907,0,50,39,0
30,Male,White,Married-civ-spouse,0,178255,Bachelors,Self-emp-not-inc,Sales,0,0,70,0,0
25,Male,White,Never-married,3,182866,HS-grad,Private,Handlers-cleaners,0,0,40,39,0
17,Male,Black,Never-married,3,126779,11th,Private,Other-service,0,0,20,39,0
36,Female,Other,Never-married,2,250238,1st-4th,Private,Other-service,0,0,40,8,0
48,Male,White,Married-civ-spouse,0,83444,Assoc-voc,Private,Exec-managerial,0,0,43,39,1
22,Female,Black,Never-married,1,112130,HS-grad,Private,Other-service,0,0,40,39,0
45,Male,White,Married-civ-spouse,0,28497,Bachelors,Self-emp-not-inc,Farming-fishing,0,1485,70,39,1
53,Male,White,Married-civ-spouse,0,151580,Assoc-voc,State-gov,Prof-specialty,4386,0,40,39,1
19,Female,White,Never-married,1,196857,HS-grad,Private,Other-service,0,0,40,39,0
39,Male,White,Married-civ-spouse,0,230329,HS-grad,Private,Craft-repair,0,0,35,39,0
40,Female,Black,Divorced,1,141537,10th,Private,Machine-op-inspct,0,0,40,39,0
25,Male,Black,Never-married,1,129200,Some-college,State-gov,Transport-moving,0,0,40,39,0
27,Male,White,Never-married,3,178564,Some-college,Private,Adm-clerical,0,0,30,39,0
39,Male,Black,Married-civ-spouse,0,315565,HS-grad,Private,Transport-moving,0,0,40,5,0
45,Male,White,Divorced,1,140644,Doctorate,Private,Prof-specialty,0,0,45,39,1
47,Female,White,Never-married,3,204377,Some-college,Local-gov,Other-service,0,0,20,39,0
51,Male,White,Married-civ-spouse,0,312477,Some-college,Private,Transport-moving,3908,0,40,39,0
64,Male,White,Married-civ-spouse,0,307786,1st-4th,Self-emp-inc,Sales,0,0,20,39,0
63,Male,Black,Separated,1,175777,10th,Private,Machine-op-inspct,0,0,40,39,0
25,Male,White,Never-married,2,479765,7th-8th,Private,Sales,0,0,45,13,0
67,Male,White,Married-civ-spouse,0,123393,11th,Private,Transport-moving,0,0,40,39,0
32,Male,White,Never-married,1,342458,Bachelors,Private,Prof-specialty,0,0,40,39,0
73,Male,White,Married-civ-spouse,0,190078,Some-college,Self-emp-not-inc,Exec-managerial,0,0,35,39,0
22,Female,White,Never-married,1,335453,HS-grad,Private,Adm-clerical,0,0,60,39,0
51,Female,Black,Separated,1,125796,11th,Private,Other-service,0,0,40,23,0
39,Male,White,Married-civ-spouse,0,163204,HS-grad,Self-emp-not-inc,Sales,0,0,40,39,0
29,Male,White,Never-married,3,154411,Assoc-voc,Private,Tech-support,0,0,40,39,0
49,Female,White,Divorced,4,241753,HS-grad,Self-emp-not-inc,Other-service,0,0,40,39,0
51,Male,White,Married-civ-spouse,0,183173,HS-grad,Self-emp-not-inc,Sales,0,0,40,39,1
27,Male,White,Married-civ-spouse,0,180758,Some-college,Private,Handlers-cleaners,0,0,30,39,0
25,Female,White,Never-married,4,210095,5th-6th,Other,Other,0,0,25,8,0
60,Male,White,Married-civ-spouse,0,93272,HS-grad,Local-gov,Other-service,0,0,40,39,0
30,Male,White,Married-civ-spouse,0,85708,HS-grad,Self-emp-not-inc,Craft-repair,0,0,40,39,0
28,Male,White,Married-civ-spouse,0,141957,Assoc-acdm,Private,Tech-support,0,1887,70,39,1
33,Male,White,Married-civ-spouse,0,108116,HS-grad,State-gov,Tech-support,0,0,40,39,0
45,Female,White,Separated,4,175625,HS-grad,Private,Adm-clerical,0,0,38,39,0
22,Male,White,Never-married,3,199698,Some-college,Private,Sales,0,0,15,39,0
31,Female,White,Married-civ-spouse,5,158545,HS-grad,Private,Adm-clerical,0,0,27,39,0
43,Male,White,Married-civ-spouse,0,154374,Some-college,Private,Craft-repair,15024,0,60,39,1
43,Male,White,Married-civ-spouse,0,130126,Bachelors,Self-emp-not-inc,Craft-repair,0,0,40,39,1
58,Male,White,Married-civ-spouse,0,373344,1st-4th,Private,Farming-fishing,0,0,40,39,0
32,Male,White,Married-civ-spouse,0,504951,Assoc-acdm,Federal-gov,Protective-serv,0,0,50,39,0
62,Female,White,Widowed,1,192866,Some-college,Private,Other-service,0,0,20,39,0
45,Male,White,Married-civ-spouse,0,48495,Bachelors,Private,Prof-specialty,0,0,42,39,1
32,Male,White,Married-spouse-absent,1,177566,Some-college,Local-gov,Prof-specialty,0,0,50,11,0
57,Male,White,Married-civ-spouse,0,275943,7th-8th,Self-emp-not-inc,Prof-specialty,0,0,40,0,0
35,Male,White,Divorced,1,184655,11th,Private,Transport-moving,0,0,50,39,0
53,Female,Other,Never-married,1,88725,HS-grad,Private,Craft-repair,0,0,40,0,0
31,Male,White,Married-civ-spouse,0,382368,11th,Private,Craft-repair,0,0,40,39,0
17,Male,White,Never-married,3,184924,9th,Private,Handlers-cleaners,0,1719,15,39,0
38,Male,White,Married-civ-spouse,0,236391,Bachelors,Private,Exec-managerial,7688,0,40,39,1
30,Male,White,Married-civ-spouse,0,206322,HS-grad,Private,Transport-moving,0,0,73,39,1
35,Male,Black,Married-civ-spouse,0,172694,HS-grad,Private,Machine-op-inspct,0,0,40,39,0
52,Male,White,Married-civ-spouse,0,118025,Bachelors,Private,Exec-managerial,99999,0,50,39,1
43,Female,White,Never-married,1,254817,Some-college,State-gov,Other-service,0,0,40,39,0
39,Male,White,Married-civ-spouse,0,286026,Bachelors,Private,Adm-clerical,0,0,40,39,1
42,Female,White,Divorced,3,307638,HS-grad,Private,Adm-clerical,0,0,40,39,0
50,Male,White,Divorced,1,121411,12th,Private,Transport-moving,0,0,40,39,0
25,Female,Black,Never-married,4,262885,11th,Private,Other-service,0,0,32,39,0
38,Female,White,Never-married,1,60135,HS-grad,Private,Transport-moving,0,0,40,39,0
46,Male,White,Never-married,1,187370,Bachelors,Private,Sales,0,1504,40,39,0
37,Male,White,Never-married,1,205339,Some-college,Private,Tech-support,0,0,40,39,1
56,Male,White,Divorced,1,119859,Some-college,Private,Transport-moving,0,0,40,39,1
29,Female,Asian-Pac-Islander,Married-civ-spouse,5,162551,Masters,Private,Prof-specialty,0,0,40,17,1
22,Female,White,Never-married,3,118310,Assoc-acdm,Private,Prof-specialty,0,0,16,39,0
34,Male,White,Married-civ-spouse,0,177437,Some-college,Private,Craft-repair,15024,0,45,39,1
21,Male,White,Never-married,3,201179,HS-grad,Private,Adm-clerical,0,0,40,39,0
18,Male,White,Never-married,3,178142,HS-grad,Private,Craft-repair,0,0,40,39,0
47,Male,White,Married-civ-spouse,0,469907,Assoc-acdm,State-gov,Protective-serv,0,1740,40,39,0
20,Male,Black,Never-married,3,325493,HS-grad,Local-gov,Handlers-cleaners,0,0,40,39,0
45,Male,White,Divorced,1,160440,HS-grad,Self-emp-inc,Exec-managerial,0,0,42,39,0
20,Female,White,Never-married,3,307149,Some-college,Other,Other,0,0,35,39,0
59,Male,White,Married-civ-spouse,0,144071,HS-grad,Private,Adm-clerical,0,0,40,39,1
50,Male,White,Married-civ-spouse,0,191299,HS-grad,Private,Craft-repair,0,0,50,39,0
29,Female,White,Never-married,1,283760,Bachelors,Private,Exec-managerial,0,0,40,39,0
24,Female,White,Separated,4,35448,HS-grad,Self-emp-not-inc,Other-service,0,0,50,39,0
52,Male,Asian-Pac-Islander,Married-civ-spouse,0,152234,HS-grad,Private,Exec-managerial,99999,0,40,24,1
48,Male,White,Married-civ-spouse,0,97863,Bachelors,Private,Prof-specialty,0,0,45,22,1
39,Male,White,Divorced,1,120074,HS-grad,Private,Handlers-cleaners,0,0,40,39,0
67,Male,White,Married-civ-spouse,0,345236,Bachelors,Self-emp-not-inc,Exec-managerial,0,0,55,39,0
39,Male,White,Married-civ-spouse,0,138192,Bachelors,Private,Craft-repair,0,0,40,39,0
21,Male,White,Married-civ-spouse,0,329530,11th,Private,Craft-repair,0,0,40,26,0
63,Male,White,Never-married,1,231777,Bachelors,Self-emp-not-inc,Transport-moving,0,0,40,39,0
65,Male,White,Married-civ-spouse,0,95303,HS-grad,Private,Exec-managerial,0,0,40,39,1
20,Male,White,Never-married,1,158206,Some-college,Private,Sales,0,0,30,39,0
24,Male,White,Never-married,1,180060,Assoc-acdm,Private,Craft-repair,2354,0,40,39,0
52,Male,White,Married-civ-spouse,0,132178,Bachelors,Self-emp-inc,Exec-managerial,0,0,50,39,1
47,Male,White,Married-civ-spouse,0,276087,Assoc-voc,Private,Other-service,0,0,26,39,0
18,Female,White,Never-married,3,118847,HS-grad,Other,Other,0,0,24,39,0
18,Male,White,Never-married,3,32244,11th,Private,Handlers-cleaners,594,0,30,39,0
48,Male,White,Never-married,2,145041,HS-grad,Private,Machine-op-inspct,0,0,40,6,0
34,Male,White,Married-civ-spouse,0,241885,HS-grad,Private,Transport-moving,0,0,45,39,0
51,Female,White,Never-married,1,24344,Assoc-acdm,Private,Adm-clerical,0,0,40,39,0
45,Male,White,Married-civ-spouse,0,178319,Doctorate,Private,Prof-specialty,7688,0,50,39,1
60,Male,White,Married-civ-spouse,0,250552,HS-grad,Private,Other-service,0,0,40,39,1
18,Female,White,Never-married,3,301762,HS-grad,Private,Adm-clerical,0,0,25,39,0
65,Male,White,Widowed,4,273569,HS-grad,Other,Other,0,0,40,39,0
31,Female,Black,Married-civ-spouse,5,298995,HS-grad,Private,Other-service,0,0,35,39,0
49,Female,White,Divorced,1,199763,Some-college,Private,Machine-op-inspct,0,0,35,39,0
47,Female,White,Divorced,1,27067,HS-grad,Federal-gov,Adm-clerical,0,0,40,39,0
51,Male,White,Widowed,1,263836,HS-grad,Private,Handlers-cleaners,0,0,30,39,0
21,Female,White,Never-married,3,240517,Some-college,Private,Machine-op-inspct,0,0,70,39,0
28,Male,Black,Married-civ-spouse,0,199566,Bachelors,Private,Other-service,0,0,40,39,0
43,Male,White,Married-civ-spouse,0,145441,Bachelors,Private,Exec-managerial,0,0,38,39,1
33,Male,White,Married-civ-spouse,0,80945,HS-grad,Private,Machine-op-inspct,0,0,40,39,0
35,Male,White,Divorced,1,80479,Assoc-voc,Private,Sales,0,0,40,39,0
47,Male,White,Married-civ-spouse,0,31339,Some-college,Federal-gov,Adm-clerical,0,0,40,39,0
67,Male,White,Married-civ-spouse,0,182581,Some-college,Self-emp-inc,Exec-managerial,20051,0,20,39,1
25,Female,Black,Married-spouse-absent,3,189775,Some-college,Private,Adm-clerical,0,0,20,39,0
30,Male,White,Married-civ-spouse,0,79303,Assoc-voc,Self-emp-not-inc,Farming-fishing,0,0,60,39,0
44,Female,White,Divorced,4,150171,HS-grad,Local-gov,Adm-clerical,0,0,40,39,0
36,Female,Black,Never-married,1,131414,Some-college,Private,Sales,0,0,36,39,0
43,Male,Black,Never-married,1,105188,HS-grad,Private,Other-service,0,0,40,14,0
20,Female,Black,Never-married,3,234474,Some-college,Private,Sales,0,0,20,39,0
21,Female,White,Never-married,3,34918,HS-grad,Private,Sales,0,0,30,39,0
76,Male,White,Married-civ-spouse,0,178665,9th,Local-gov,Other-service,0,0,30,39,0
48,Male,White,Divorced,1,170142,Masters,State-gov,Prof-specialty,0,0,40,39,1
32,Female,Black,Never-married,3,227669,Some-college,Private,Machine-op-inspct,0,0,40,39,0
24,Female,White,Married-civ-spouse,5,456460,Assoc-acdm,Private,Adm-clerical,0,0,40,39,0
21,Male,White,Never-married,3,196827,Assoc-acdm,State-gov,Tech-support,0,0,10,39,0
33,Male,White,Married-civ-spouse,0,186824,Assoc-voc,Private,Sales,0,0,40,39,0
26,Male,White,Married-civ-spouse,0,262617,HS-grad,Private,Craft-repair,0,0,48,39,0
48,Female,White,Widowed,4,162236,Masters,Self-emp-not-inc,Exec-managerial,0,0,40,0,1
17,Female,White,Never-married,3,187308,10th,Private,Other-service,0,0,15,39,0
73,Female,White,Never-married,2,45784,Some-college,Local-gov,Prof-specialty,0,0,11,39,0
47,Male,White,Married-civ-spouse,0,102583,HS-grad,Private,Sales,0,0,30,39,1
26,Male,Black,Never-married,3,209942,HS-grad,Private,Handlers-cleaners,0,0,40,39,0
35,Male,White,Married-civ-spouse,0,126569,HS-grad,State-gov,Craft-repair,7298,0,40,39,1
48,Male,White,Married-civ-spouse,0,227714,Bachelors,Private,Sales,0,0,60,39,0
19,Male,White,Never-married,3,52372,Some-college,Private,Other-service,0,0,20,39,0
58,Female,White,Divorced,1,261230,Some-college,Self-emp-not-inc,Prof-specialty,0,0,40,39,0
39,Male,White,Divorced,1,166497,HS-grad,Local-gov,Handlers-cleaners,0,0,40,39,1
60,Male,White,Married-civ-spouse,0,389254,HS-grad,Private,Adm-clerical,0,0,40,39,0
19,Female,White,Never-married,3,25429,Some-college,Private,Adm-clerical,0,0,16,39,0
29,Male,White,Married-civ-spouse,0,134566,Masters,Private,Sales,0,0,20,39,0
32,Male,White,Married-civ-spouse,0,158438,Some-college,Private,Exec-managerial,0,0,60,39,1
42,Female,White,Married-civ-spouse,5,112181,HS-grad,Private,Machine-op-inspct,0,0,40,39,0
38,Male,White,Never-married,1,329980,Bachelors,Private,Exec-managerial,0,0,55,39,0
17,Male,White,Never-married,3,192387,9th,Local-gov,Other-service,0,0,45,39,0
30,Male,White,Never-married,1,33308,HS-grad,Self-emp-not-inc,Craft-repair,0,0,40,39,0
39,Male,Black,Separated,1,393480,HS-grad,Private,Handlers-cleaners,0,0,40,39,0
24,Male,White,Never-married,3,357028,Some-college,Private,Exec-managerial,0,0,40,39,0
24,Male,White,Married-civ-spouse,0,186213,Some-college,Private,Tech-support,0,0,50,39,1
38,Male,White,Never-married,1,108140,Bachelors,Private,Exec-managerial,2202,0,45,39,0
43,Male,White,Married-civ-spouse,0,177905,HS-grad,Private,Handlers-cleaners,3908,0,40,39,0
30,Female,White,Divorced,1,149118,HS-grad,Private,Craft-repair,0,0,40,39,0
41,Male,White,Married-civ-spouse,0,235951,Prof-school,Local-gov,Prof-specialty,0,0,50,39,1
36,Male,White,Never-married,1,281021,HS-grad,Private,Transport-moving,0,0,45,39,0
29,Female,White,Never-married,1,107411,Prof-school,Local-gov,Prof-specialty,0,0,70,39,0
19,Female,White,Never-married,1,203061,Some-college,Private,Tech-support,0,0,25,39,0
41,Male,White,Married-civ-spouse,0,58124,HS-grad,Private,Other-service,0,0,40,39,0
45,Female,White,Divorced,4,204057,Bachelors,Private,Adm-clerical,0,0,40,11,0
57,Male,Black,Married-civ-spouse,0,337895,Bachelors,Federal-gov,Prof-specialty,0,0,40,39,1
27,Female,White,Never-married,2,177955,5th-6th,Private,Priv-house-serv,2176,0,40,8,0
21,Male,White,Never-married,3,164922,Some-college,State-gov,Handlers-cleaners,0,0,40,39,0
27,Male,White,Never-married,3,214858,Bachelors,Private,Sales,0,0,40,39,0
37,Male,Black,Separated,1,59313,Some-college,Private,Other-service,0,0,40,0,0
44,Male,Black,Separated,1,199551,11th,State-gov,Tech-support,0,0,40,39,0
23,Male,White,Married-civ-spouse,0,436798,Some-college,Private,Machine-op-inspct,0,0,40,39,0
26,Female,White,Never-married,2,303973,HS-grad,Private,Priv-house-serv,0,1602,15,26,0
22,Male,White,Married-civ-spouse,0,136767,HS-grad,Private,Craft-repair,0,0,30,39,0
47,Male,White,Divorced,4,190072,Some-college,Private,Sales,0,0,50,39,0
50,Male,White,Married-civ-spouse,0,200960,Some-college,Private,Sales,0,0,50,39,0
31,Male,White,Never-married,1,248653,1st-4th,Private,Handlers-cleaners,0,0,37,26,0
27,Female,Black,Never-married,3,261375,Bachelors,Private,Adm-clerical,0,0,40,39,0
27,Male,White,Married-civ-spouse,0,106721,HS-grad,State-gov,Tech-support,0,0,40,39,0
34,Male,White,Married-civ-spouse,0,164748,HS-grad,Private,Craft-repair,0,0,40,39,0
52,Female,White,Married-civ-spouse,5,140985,Bachelors,Self-emp-not-inc,Adm-clerical,99999,0,30,39,1
45,Male,White,Married-civ-spouse,0,167617,Some-college,Private,Other-service,0,0,40,39,0
36,Male,Other,Divorced,1,208068,Preschool,Private,Other-service,0,0,72,26,0
43,Male,White,Married-civ-spouse,0,303051,Assoc-voc,Private,Exec-managerial,15024,0,40,39,1
50,Female,White,Divorced,4,46401,Bachelors,Local-gov,Prof-specialty,0,0,50,39,0
41,Male,White,Married-civ-spouse,0,373469,Assoc-acdm,Private,Machine-op-inspct,0,0,40,39,0
56,Male,White,Married-civ-spouse,0,159724,Some-college,Private,Transport-moving,0,0,40,39,1
27,Female,Other,Never-married,1,282664,Bachelors,Local-gov,Prof-specialty,0,0,45,0,0
45,Male,White,Divorced,1,98475,Bachelors,Private,Exec-managerial,0,0,45,39,0
21,Female,White,Never-married,1,273403,Assoc-voc,Private,Other-service,0,0,50,39,0
49,Female,White,Never-married,4,371299,HS-grad,Private,Adm-clerical,0,0,35,39,0
50,Female,White,Married-civ-spouse,5,140592,HS-grad,Private,Machine-op-inspct,0,0,40,39,0
21,Male,White,Never-married,1,148211,HS-grad,Private,Handlers-cleaners,3674,0,50,39,0
40,Male,White,Married-civ-spouse,0,236021,Some-college,Private,Transport-moving,0,0,40,39,0
58,Male,Black,Married-civ-spouse,0,400285,HS-grad,State-gov,Adm-clerical,0,0,40,39,1
51,Male,White,Married-civ-spouse,0,90363,Some-college,Private,Adm-clerical,15024,0,40,39,1
67,Female,Black,Married-civ-spouse,5,228200,HS-grad,Private,Priv-house-serv,0,0,20,39,0
31,Female,White,Divorced,1,168906,Bachelors,Private,Exec-managerial,0,0,50,39,1
44,Male,White,Divorced,1,161240,HS-grad,Federal-gov,Machine-op-inspct,0,0,40,39,0
45,Male,White,Divorced,4,204196,Bachelors,Self-emp-inc,Exec-managerial,0,0,50,39,1
17,Male,White,Never-married,3,41979,10th,Private,Farming-fishing,0,0,40,39,0
32,Male,White,Married-civ-spouse,0,223212,Preschool,Private,Machine-op-inspct,0,0,40,26,0
45,Female,White,Widowed,4,102597,HS-grad,Private,Adm-clerical,0,0,35,39,0
33,Female,White,Married-civ-spouse,5,134886,Bachelors,Self-emp-not-inc,Prof-specialty,0,0,50,39,1
40,Female,White,Divorced,4,59460,Some-college,State-gov,Adm-clerical,0,0,38,39,0
40,Male,White,Divorced,1,277488,HS-grad,Self-emp-not-inc,Transport-moving,0,0,84,39,0
44,Female,Black,Never-married,4,210527,Some-college,Local-gov,Other-service,0,0,40,39,0
52,Male,White,Divorced,2,177858,HS-grad,Private,Craft-repair,0,0,55,39,1
51,Male,White,Married-civ-spouse,0,33304,HS-grad,Private,Craft-repair,0,0,40,39,0
26,Female,Other,Never-married,4,261203,7th-8th,Private,Other-service,0,0,30,0,0
61,Male,White,Divorced,1,156653,HS-grad,Self-emp-inc,Sales,0,0,55,39,0
51,Male,White,Married-civ-spouse,0,441637,HS-grad,Private,Tech-support,0,0,40,39,0
35,Male,White,Married-civ-spouse,0,241469,9th,Self-emp-not-inc,Craft-repair,2635,0,30,39,0
19,Male,White,Never-married,3,127085,Some-college,State-gov,Other-service,0,0,10,39,0
26,Male,White,Married-civ-spouse,2,163189,Some-college,Local-gov,Other-service,0,0,40,39,0
24,Male,White,Never-married,1,33088,11th,Private,Handlers-cleaners,0,0,40,39,0
26,Female,Black,Never-married,4,213081,HS-grad,Private,Adm-clerical,0,0,40,23,0
66,Male,White,Married-civ-spouse,0,299616,Some-college,Other,Other,0,0,40,39,0
36,Male,White,Never-married,1,177907,Doctorate,Self-emp-not-inc,Prof-specialty,0,0,40,39,1
32,Female,Black,Never-married,1,206365,HS-grad,Private,Other-service,0,0,40,39,0
24,Male,White,Married-civ-spouse,0,196816,Bachelors,Private,Prof-specialty,3908,0,40,39,0
40,Female,White,Married-spouse-absent,3,174515,HS-grad,Private,Other-service,0,0,40,39,0
39,Female,White,Separated,4,114591,Some-college,Private,Prof-specialty,0,0,40,39,0
53,Male,White,Married-civ-spouse,0,199720,Doctorate,Federal-gov,Prof-specialty,15024,0,60,11,1
49,Female,White,Married-civ-spouse,5,309033,Assoc-voc,Private,Prof-specialty,15024,0,60,39,1
44,Female,White,Widowed,4,183542,Bachelors,Private,Prof-specialty,0,0,32,39,0
32,Male,White,Married-civ-spouse,0,131425,Bachelors,Private,Machine-op-inspct,0,0,50,39,0
20,Male,White,Never-married,3,228649,HS-grad,Private,Other-service,0,0,40,39,0
23,Male,White,Married-civ-spouse,0,81281,Some-college,Private,Adm-clerical,0,0,40,39,0
56,Female,White,Widowed,4,274475,9th,Private,Sales,0,0,40,39,0
28,Male,Black,Never-married,1,34532,Bachelors,Private,Tech-support,0,0,30,23,0
32,Female,White,Married-civ-spouse,5,134886,HS-grad,Private,Adm-clerical,0,0,40,39,1
33,Male,White,Married-civ-spouse,0,422718,HS-grad,Local-gov,Other-service,0,0,40,39,0
61,Female,White,Widowed,4,171840,HS-grad,Self-emp-not-inc,Prof-specialty,0,0,16,39,0
45,Female,Black,Divorced,4,144940,Masters,Local-gov,Prof-specialty,0,0,40,39,0
55,Female,White,Widowed,1,200992,Some-college,Private,Other-service,0,0,35,39,0
38,Female,Black,Married-civ-spouse,5,200904,Bachelors,State-gov,Exec-managerial,0,0,30,39,1
70,Male,White,Married-civ-spouse,0,280307,Bachelors,Private,Exec-managerial,0,0,20,5,0
43,Male,White,Married-civ-spouse,0,48087,HS-grad,Self-emp-inc,Craft-repair,0,0,40,39,0
38,Male,White,Married-civ-spouse,0,348739,Prof-school,Private,Prof-specialty,0,0,60,39,0
24,Female,White,Never-married,3,204172,HS-grad,Private,Handlers-cleaners,0,0,48,39,0
35,Male,White,Married-civ-spouse,0,63921,HS-grad,Private,Machine-op-inspct,0,0,40,39,0
42,Male,Amer-Indian-Eskimo,Married-civ-spouse,0,245626,HS-grad,Private,Craft-repair,0,0,60,39,0
44,Female,White,Divorced,1,198270,Assoc-acdm,Private,Prof-specialty,0,0,43,39,0
35,Female,White,Divorced,4,308945,HS-grad,Private,Tech-support,0,0,75,39,0
42,Female,Asian-Pac-Islander,Married-civ-spouse,2,143582,7th-8th,Private,Other-service,0,0,48,0,0
69,Female,Black,Separated,4,130060,HS-grad,Private,Transport-moving,2387,0,40,39,0
52,Male,White,Married-civ-spouse,0,254285,Doctorate,State-gov,Prof-specialty,0,1887,70,11,1
37,Male,White,Married-civ-spouse,0,152307,Some-college,Private,Machine-op-inspct,0,0,40,39,1
57,Male,White,Married-civ-spouse,0,172654,Prof-school,Self-emp-inc,Transport-moving,15024,0,50,39,1
28,Male,White,Married-civ-spouse,0,153869,11th,Private,Craft-repair,0,0,40,39,0
23,Male,White,Divorced,1,239322,HS-grad,Private,Sales,0,0,40,39,0
32,Male,Black,Never-married,3,386877,Assoc-voc,Federal-gov,Tech-support,4650,0,40,39,0
51,Male,White,Married-civ-spouse,0,163052,HS-grad,Private,Protective-serv,0,0,40,39,1
39,Female,White,Never-married,1,176634,Assoc-acdm,Private,Tech-support,0,0,40,39,0
40,Male,White,Married-civ-spouse,0,53835,Bachelors,Private,Sales,0,0,50,39,1
44,Male,White,Married-civ-spouse,0,106682,HS-grad,Private,Sales,0,0,60,39,0
34,Female,White,Never-married,1,98995,Assoc-voc,State-gov,Prof-specialty,0,0,40,39,0
36,Male,Black,Married-civ-spouse,0,128757,Bachelors,Private,Other-service,7298,0,36,39,1
34,Female,Black,Never-married,1,61431,12th,State-gov,Adm-clerical,0,0,40,39,0
24,Male,White,Married-civ-spouse,0,275395,HS-grad,Private,Machine-op-inspct,0,0,50,39,0
49,Female,White,Divorced,4,166809,Bachelors,Private,Exec-managerial,0,0,40,39,1
39,Male,White,Married-civ-spouse,0,136081,HS-grad,Private,Machine-op-inspct,0,2051,40,39,0
58,Male,White,Married-civ-spouse,0,68624,HS-grad,Private,Exec-managerial,0,0,45,39,0
25,Male,White,Never-married,3,213385,Some-college,Self-emp-not-inc,Craft-repair,0,0,80,39,0
57,Male,White,Married-civ-spouse,0,161964,HS-grad,Private,Craft-repair,0,0,55,39,0
47,Male,Asian-Pac-Islander,Married-civ-spouse,0,95680,Some-college,Private,Exec-managerial,0,0,40,39,0
20,Female,White,Never-married,3,105312,Some-college,Private,Sales,0,0,18,39,0
34,Male,White,Married-civ-spouse,0,379798,Masters,Private,Exec-managerial,0,0,40,39,1
35,Male,White,Married-civ-spouse,0,174597,Bachelors,Private,Craft-repair,0,0,40,39,0
49,Male,White,Married-civ-spouse,0,102110,HS-grad,Self-emp-not-inc,Tech-support,0,0,30,39,1
60,Male,White,Married-civ-spouse,0,163946,9th,Other,Other,0,0,40,39,0
28,Female,White,Married-civ-spouse,5,137898,HS-grad,Private,Machine-op-inspct,0,0,40,39,0
31,Male,White,Married-civ-spouse,0,208881,Some-college,Private,Craft-repair,0,0,40,39,0
28,Male,White,Never-married,3,112403,Bachelors,Self-emp-not-inc,Protective-serv,0,0,40,39,0
23,Female,Black,Never-married,3,124259,Some-college,Private,Protective-serv,0,0,40,39,0
37,Male,White,Never-married,3,197284,Some-college,Federal-gov,Adm-clerical,0,0,40,39,0
48,Male,White,Married-civ-spouse,0,106377,Doctorate,State-gov,Prof-specialty,0,0,65,39,1
36,Male,Black,Never-married,1,192443,Some-college,Federal-gov,Exec-managerial,13550,0,40,39,1
70,Male,White,Married-civ-spouse,0,143833,Some-college,Self-emp-not-inc,Exec-managerial,0,2246,40,39,1
26,Female,White,Never-married,4,176077,Some-college,Other,Other,0,0,40,39,0
17,Male,White,Never-married,3,46496,11th,Private,Other-service,0,0,5,39,0
51,Male,White,Married-civ-spouse,0,224763,7th-8th,Private,Transport-moving,0,0,40,5,0
71,Female,White,Divorced,1,130436,1st-4th,Self-emp-not-inc,Craft-repair,0,0,28,39,0
32,Male,White,Married-civ-spouse,0,126132,Bachelors,Private,Exec-managerial,15024,0,50,39,1
31,Male,Black,Separated,1,179013,HS-grad,Private,Craft-repair,0,0,40,39,0
35,Male,White,Married-civ-spouse,0,253006,Some-college,Private,Prof-specialty,7688,0,38,39,1
67,Male,White,Married-civ-spouse,0,107138,Some-college,Self-emp-not-inc,Sales,0,0,40,39,0
30,Female,Asian-Pac-Islander,Married-civ-spouse,5,117747,HS-grad,Private,Sales,0,1573,35,0,0
73,Female,Asian-Pac-Islander,Divorced,1,74040,7th-8th,State-gov,Other-service,0,0,40,39,0
55,Male,Asian-Pac-Islander,Married-civ-spouse,0,82098,HS-grad,Private,Exec-managerial,0,0,55,39,0
18,Female,White,Never-married,3,126021,HS-grad,Private,Craft-repair,0,0,20,39,0
34,Female,White,Married-civ-spouse,5,162442,HS-grad,Private,Adm-clerical,0,0,20,39,1
33,Male,White,Married-civ-spouse,0,319422,Some-college,Private,Transport-moving,0,0,60,29,0
48,Male,White,Divorced,1,25468,Masters,Private,Exec-managerial,99999,0,50,39,1
44,Female,White,Never-married,3,56483,Bachelors,Private,Adm-clerical,0,0,37,39,0
22,Male,Black,Never-married,3,57216,Some-college,Federal-gov,Adm-clerical,0,0,20,39,0
40,Female,White,Divorced,4,157240,Bachelors,Local-gov,Prof-specialty,0,0,70,39,0
25,Female,White,Married-civ-spouse,5,37741,Bachelors,Self-emp-not-inc,Exec-managerial,0,0,40,39,0
41,Male,White,Divorced,1,121055,HS-grad,Private,Transport-moving,0,0,40,39,0
30,Male,White,Married-civ-spouse,0,116508,HS-grad,Private,Craft-repair,0,0,40,11,0
69,Male,White,Married-civ-spouse,0,182668,HS-grad,Other,Other,0,0,45,39,1
63,Male,White,Married-civ-spouse,0,168048,Prof-school,Self-emp-not-inc,Prof-specialty,0,0,30,39,0
34,Male,Asian-Pac-Islander,Married-civ-spouse,0,69251,HS-grad,Private,Transport-moving,0,0,40,39,1
18,Female,White,Never-married,3,165754,Some-college,Private,Other-service,0,0,30,39,0
17,Male,Black,Never-married,3,32124,9th,Local-gov,Other-service,0,0,9,39,0
48,Male,White,Married-civ-spouse,0,101684,HS-grad,Private,Sales,0,0,40,39,0
24,Male,White,Never-married,3,116800,Assoc-voc,Private,Machine-op-inspct,0,0,35,39,0
41,Female,Asian-Pac-Islander,Married-civ-spouse,5,183224,Masters,Local-gov,Prof-specialty,0,0,40,36,1
78,Male,White,Married-civ-spouse,0,212660,11th,Self-emp-inc,Exec-managerial,0,0,10,39,0
40,Male,White,Never-married,1,53727,Masters,Private,Sales,0,0,50,39,1
36,Male,White,Married-civ-spouse,0,172538,HS-grad,Private,Craft-repair,0,0,52,39,1
47,Female,White,Married-civ-spouse,5,93208,HS-grad,Self-emp-not-inc,Other-service,0,0,75,22,0
33,Male,White,Married-civ-spouse,0,34848,Some-college,Private,Other-service,0,0,40,39,0
25,Male,White,Married-civ-spouse,0,154941,Bachelors,Private,Sales,0,0,40,39,1
27,Female,White,Separated,4,58654,Assoc-voc,Private,Adm-clerical,0,0,40,39,0
47,Male,White,Married-civ-spouse,0,190139,Masters,Private,Exec-managerial,0,0,40,39,1
48,Male,White,Divorced,4,328606,Prof-school,Self-emp-not-inc,Prof-specialty,14084,0,63,39,1
23,Male,White,Never-married,1,376416,Bachelors,Private,Adm-clerical,0,0,40,39,0
35,Female,White,Divorced,3,192251,HS-grad,Private,Adm-clerical,0,0,40,39,0
44,Male,White,Married-civ-spouse,0,170924,Some-college,Private,Craft-repair,7298,0,40,39,1
46,Female,White,Married-civ-spouse,5,267588,Bachelors,Local-gov,Prof-specialty,0,0,70,39,0
47,Male,White,Married-civ-spouse,0,168232,HS-grad,Private,Transport-moving,0,1887,45,39,1
45,Female,Black,Divorced,3,166181,HS-grad,Local-gov,Other-service,0,0,40,39,0
23,Male,White,Never-married,1,173851,Some-college,Private,Craft-repair,0,0,40,39,0
46,Male,White,Married-civ-spouse,0,78529,Bachelors,Private,Tech-support,0,0,60,39,1
31,Female,White,Married-civ-spouse,5,502752,Bachelors,Private,Adm-clerical,0,0,40,39,1
17,Female,Other,Never-married,2,220562,9th,Private,Sales,0,0,32,26,0
26,Male,White,Married-civ-spouse,0,114483,HS-grad,Private,Machine-op-inspct,0,0,40,39,0
23,Male,White,Never-married,3,208946,Some-college,Private,Adm-clerical,0,0,32,39,0
32,Male,White,Married-civ-spouse,0,222221,Assoc-voc,Private,Prof-specialty,7298,0,42,39,1
54,Male,White,Married-civ-spouse,0,104501,Some-college,Private,Sales,15024,0,40,39,1
27,Male,White,Separated,1,113054,HS-grad,Private,Machine-op-inspct,0,0,43,39,0
37,Male,Black,Married-civ-spouse,0,186434,HS-grad,Private,Other-service,0,0,40,39,1
20,Male,White,Never-married,1,318036,HS-grad,Private,Other-service,0,0,40,39,0
23,Male,Asian-Pac-Islander,Never-married,1,194951,Bachelors,Private,Prof-specialty,0,0,55,21,0
50,Female,White,Divorced,1,99476,Masters,Private,Prof-specialty,0,0,35,39,0
45,Female,Black,Never-married,1,368947,Bachelors,Federal-gov,Protective-serv,0,0,40,39,0
25,Male,White,Never-married,3,109532,12th,Private,Craft-repair,0,0,40,39,0
46,Male,White,Married-civ-spouse,0,294907,5th-6th,Private,Machine-op-inspct,0,0,40,26,0
57,Male,White,Married-civ-spouse,0,84231,Some-college,Self-emp-not-inc,Other-service,0,0,48,39,0
58,Male,White,Married-civ-spouse,0,234841,HS-grad,Self-emp-not-inc,Farming-fishing,0,0,72,39,0
43,Male,White,Married-civ-spouse,0,200355,HS-grad,Private,Transport-moving,0,0,70,39,1
25,Female,White,Never-married,1,281627,Masters,Private,Prof-specialty,0,0,40,39,0
27,Male,White,Never-married,3,302422,Some-college,Private,Machine-op-inspct,0,0,40,39,0
25,Female,White,Never-married,1,254746,Assoc-voc,Private,Adm-clerical,0,0,40,39,0
55,Male,White,Married-civ-spouse,0,157639,Some-college,State-gov,Protective-serv,0,0,40,39,1
57,Male,White,Married-civ-spouse,0,94429,HS-grad,Private,Handlers-cleaners,0,0,40,39,0
35,Male,White,Married-civ-spouse,0,38294,HS-grad,Private,Craft-repair,0,0,40,39,0
37,Female,White,Divorced,4,155064,Assoc-voc,Private,Prof-specialty,0,0,40,39,0
23,Male,Black,Never-married,3,263899,HS-grad,Other,Other,0,0,12,9,0
36,Male,White,Divorced,1,166549,Bachelors,Private,Adm-clerical,0,0,55,39,1
33,Male,White,Never-married,1,188467,HS-grad,Private,Farming-fishing,0,0,40,39,0
24,Female,White,Married-spouse-absent,3,99386,Bachelors,Private,Prof-specialty,0,0,40,39,0
31,Male,Amer-Indian-Eskimo,Never-married,3,25955,9th,Private,Craft-repair,0,0,35,39,0
42,Male,White,Divorced,1,176716,Masters,Local-gov,Prof-specialty,0,0,40,39,0
39,Female,White,Never-married,3,192251,HS-grad,Private,Adm-clerical,0,0,40,39,1
34,Male,White,Married-civ-spouse,0,178951,HS-grad,Private,Sales,0,0,45,39,0
50,Male,Asian-Pac-Islander,Married-civ-spouse,0,156623,Prof-school,Self-emp-inc,Prof-specialty,7688,0,50,30,1
41,Male,White,Divorced,1,53956,Bachelors,Private,Sales,0,1980,56,39,0
31,Female,Asian-Pac-Islander,Married-civ-spouse,5,83748,Some-college,Self-emp-inc,Exec-managerial,0,0,70,35,0
30,Male,White,Married-civ-spouse,0,218551,Assoc-voc,Private,Sales,0,0,45,39,1
41,Female,White,Married-civ-spouse,5,186909,Masters,Self-emp-not-inc,Sales,0,1902,35,39,1
66,Female,Black,Widowed,1,362165,Bachelors,Local-gov,Prof-specialty,0,2206,25,39,0
28,Female,Amer-Indian-Eskimo,Never-married,4,25864,HS-grad,Local-gov,Exec-managerial,0,0,35,39,0
20,Female,White,Never-married,2,168187,Some-college,Private,Other-service,4416,0,25,39,0
19,Female,White,Never-married,1,182590,10th,Other,Other,0,0,38,39,0
32,Male,White,Never-married,3,226975,Some-college,Private,Sales,0,1876,60,39,0
62,Male,White,Married-civ-spouse,0,197286,12th,Private,Farming-fishing,0,0,48,11,0
44,Male,White,Married-civ-spouse,0,48087,Bachelors,Private,Exec-managerial,0,0,40,39,1
24,Female,White,Never-married,1,163053,Bachelors,Private,Sales,0,0,40,39,0
29,Male,White,Married-civ-spouse,0,152951,HS-grad,Private,Craft-repair,0,0,40,39,1
30,Female,White,Divorced,1,41493,Some-college,Private,Adm-clerical,0,0,35,2,0
50,Female,White,Divorced,1,240612,Bachelors,Self-emp-not-inc,Prof-specialty,0,0,60,39,0
27,Male,White,Married-civ-spouse,0,85918,Bachelors,Local-gov,Protective-serv,0,0,68,39,0
22,Female,White,Never-married,3,205940,Bachelors,Private,Adm-clerical,1055,0,30,39,0
43,Male,White,Never-married,1,233130,Some-college,Private,Adm-clerical,0,0,25,39,0
48,Male,Asian-Pac-Islander,Married-civ-spouse,0,307440,Bachelors,Private,Tech-support,0,0,45,30,1
55,Male,Black,Divorced,4,171467,HS-grad,Private,Craft-repair,0,0,48,39,1
33,Male,White,Married-civ-spouse,0,93930,HS-grad,Self-emp-not-inc,Exec-managerial,0,0,40,39,0
36,Male,White,Married-civ-spouse,0,28572,Some-college,Private,Craft-repair,0,0,50,39,0
17,Female,White,Never-married,3,225106,10th,Private,Other-service,0,1602,18,39,0
58,Male,White,Widowed,4,178644,HS-grad,Private,Craft-repair,0,0,40,39,0
37,Male,White,Married-civ-spouse,0,179468,HS-grad,Private,Craft-repair,0,0,40,39,0
67,Female,White,Widowed,1,98882,Masters,Other,Other,0,0,40,39,0
24,Male,White,Never-married,1,220426,HS-grad,Private,Handlers-cleaners,0,0,40,39,0
26,Female,White,Divorced,4,109097,HS-grad,Private,Adm-clerical,0,0,48,39,0
69,Male,White,Married-civ-spouse,0,185039,HS-grad,Self-emp-not-inc,Exec-managerial,9386,0,12,39,1
19,Male,White,Never-married,1,445728,HS-grad,Private,Craft-repair,0,0,40,39,0
17,Female,White,Never-married,3,331552,12th,Private,Adm-clerical,0,0,30,39,0
59,Male,White,Married-civ-spouse,0,98361,11th,Private,Machine-op-inspct,0,0,40,39,0
26,Female,White,Separated,4,246025,HS-grad,Self-emp-inc,Sales,0,0,20,16,0
18,Female,White,Never-married,3,107277,11th,Private,Sales,0,0,20,39,0
58,Male,White,Married-civ-spouse,0,51499,Assoc-voc,Private,Craft-repair,0,0,40,39,0
43,Male,White,Married-civ-spouse,0,203637,Bachelors,Federal-gov,Adm-clerical,7298,0,40,39,1
25,Male,White,Never-married,1,248990,1st-4th,Private,Machine-op-inspct,0,0,24,26,0
70,Male,White,Divorced,1,243436,9th,Self-emp-inc,Sales,0,0,45,39,0
25,Male,White,Never-married,4,141876,Masters,Private,Prof-specialty,0,0,45,0,0
29,Female,White,Never-married,1,59932,Bachelors,Federal-gov,Prof-specialty,0,0,40,39,0
19,Male,White,Never-married,3,35245,HS-grad,Private,Transport-moving,0,0,40,39,0
36,Male,White,Never-married,1,98776,Some-college,Other,Other,0,0,30,39,0
49,Male,White,Divorced,1,64216,HS-grad,Private,Transport-moving,0,0,90,39,0
58,Female,White,Never-married,1,54947,Some-college,Local-gov,Prof-specialty,0,0,55,39,0
31,Female,Black,Never-married,2,595000,HS-grad,Private,Handlers-cleaners,0,0,35,39,0
59,Male,White,Married-civ-spouse,0,359292,1st-4th,Private,Machine-op-inspct,0,0,40,26,0
46,Male,White,Married-civ-spouse,0,328216,Bachelors,Private,Exec-managerial,15024,0,40,39,1
43,Male,White,Divorced,1,92775,Assoc-voc,Federal-gov,Craft-repair,0,0,40,39,0
45,Female,White,Never-married,1,196584,Assoc-voc,Private,Prof-specialty,0,1564,40,39,1
19,Male,White,Never-married,1,281704,Some-college,Private,Other-service,0,0,35,39,0
53,Female,Amer-Indian-Eskimo,Separated,4,20438,Some-college,Private,Exec-managerial,0,0,15,39,0
24,Female,White,Never-married,3,182504,Some-college,Private,Other-service,0,0,25,39,0
35,Male,White,Divorced,3,126569,HS-grad,Private,Craft-repair,0,0,20,39,0
39,Male,White,Never-married,1,179481,HS-grad,Private,Tech-support,4650,0,44,39,0
17,Female,White,Never-married,3,217342,10th,Private,Sales,0,0,5,39,0
28,Male,White,Never-married,2,31801,HS-grad,Private,Handlers-cleaners,0,0,60,39,0
31,Male,White,Married-civ-spouse,0,111567,Bachelors,Private,Exec-managerial,0,0,70,39,1
23,Female,White,Never-married,1,413345,Bachelors,Private,Adm-clerical,0,0,60,39,0
48,Male,White,Married-civ-spouse,0,115497,Some-college,Local-gov,Exec-managerial,0,0,40,39,0
51,Female,White,Separated,4,241745,5th-6th,Private,Machine-op-inspct,0,0,40,26,0
51,Male,White,Married-civ-spouse,0,174102,HS-grad,Federal-gov,Adm-clerical,0,0,40,39,1
41,Male,White,Divorced,1,575442,Some-college,Local-gov,Craft-repair,0,0,40,39,0
58,Male,White,Married-civ-spouse,0,141807,5th-6th,Private,Machine-op-inspct,0,0,40,22,0
53,Male,White,Separated,1,313243,Some-college,Private,Craft-repair,0,2444,45,39,1
33,Male,White,Married-civ-spouse,0,312055,Bachelors,Self-emp-not-inc,Sales,0,0,45,39,1
31,Male,White,Never-married,1,241360,Bachelors,Private,Sales,0,0,40,39,0
24,Male,White,Never-married,3,180060,Masters,Private,Exec-managerial,6849,0,90,39,0
31,Male,White,Married-civ-spouse,0,59083,HS-grad,Private,Other-service,0,0,35,39,0
69,Female,White,Divorced,1,164102,HS-grad,Other,Other,0,0,40,39,1
45,Male,White,Married-civ-spouse,0,104521,Some-college,Private,Craft-repair,0,0,40,39,0
41,Male,White,Never-married,1,29702,Assoc-voc,Private,Craft-repair,0,0,30,39,0
45,Male,White,Married-civ-spouse,0,40666,Prof-school,Self-emp-inc,Prof-specialty,0,0,55,39,1
43,Male,White,Married-civ-spouse,0,170785,Some-college,Self-emp-inc,Sales,0,0,55,39,0
53,Male,White,Married-civ-spouse,0,99064,9th,Local-gov,Craft-repair,0,0,40,39,0
32,Male,White,Married-civ-spouse,0,316470,5th-6th,Private,Craft-repair,0,0,60,26,0
54,Female,White,Divorced,4,240542,Some-college,Private,Sales,0,0,48,39,0
23,Male,White,Never-married,3,129232,HS-grad,Local-gov,Adm-clerical,0,0,40,39,0
45,Female,White,Divorced,1,270842,Masters,Private,Exec-managerial,0,0,50,39,1
28,Male,White,Never-married,1,331381,Bachelors,Private,Adm-clerical,0,0,40,39,0
40,Male,White,Married-civ-spouse,0,166662,Prof-school,Private,Prof-specialty,15024,0,45,39,1
29,Female,White,Never-married,4,499935,Assoc-voc,Other,Other,0,0,40,39,0
33,Male,White,Never-married,1,345360,Some-college,Private,Sales,0,0,40,39,0
17,Female,White,Never-married,3,280670,10th,Other,Other,0,0,40,39,0
21,Female,White,Never-married,1,199177,HS-grad,Other,Other,0,0,40,39,0
29,Male,Black,Never-married,1,214925,Masters,Private,Exec-managerial,0,0,60,39,0
43,Male,White,Separated,4,27766,Bachelors,Private,Exec-managerial,0,0,60,39,1
38,Male,Black,Married-civ-spouse,0,270985,Some-college,Private,Exec-managerial,0,0,50,39,0
58,Female,Black,Divorced,4,209438,Some-college,Private,Other-service,0,0,40,39,0
48,Male,White,Married-civ-spouse,0,235108,HS-grad,Private,Machine-op-inspct,0,0,40,39,0
19,Female,White,Never-married,3,140242,Some-college,Other,Other,0,0,20,39,0
43,Male,White,Married-civ-spouse,0,316183,7th-8th,Private,Machine-op-inspct,0,0,40,39,0
43,Male,White,Never-married,3,188291,1st-4th,Private,Sales,0,0,40,39,0
42,Male,White,Never-married,1,332401,Bachelors,Private,Sales,0,0,40,39,0
37,Male,White,Married-civ-spouse,0,74593,HS-grad,Private,Craft-repair,0,0,70,39,0
36,Male,White,Married-civ-spouse,0,369843,HS-grad,Private,Other-service,0,0,50,39,0
23,Male,White,Never-married,1,519627,HS-grad,Self-emp-not-inc,Farming-fishing,0,0,25,26,0
33,Male,Asian-Pac-Islander,Married-civ-spouse,2,173858,Bachelors,Private,Adm-clerical,0,0,40,19,0
41,Male,White,Married-civ-spouse,0,92733,HS-grad,Private,Craft-repair,0,0,40,39,1
22,Female,White,Never-married,3,175883,HS-grad,Private,Adm-clerical,0,0,40,39,0
47,Male,White,Married-civ-spouse,0,174533,Assoc-voc,Local-gov,Exec-managerial,0,0,40,39,1
38,Male,White,Divorced,1,65624,HS-grad,Private,Exec-managerial,0,0,40,39,0
61,Male,Asian-Pac-Islander,Married-civ-spouse,0,133969,HS-grad,Self-emp-not-inc,Sales,0,0,63,35,0
18,Female,White,Never-married,1,42857,Some-college,Self-emp-not-inc,Craft-repair,0,0,35,39,0
22,Male,White,Never-married,3,222993,HS-grad,Private,Handlers-cleaners,0,0,40,39,0
20,Female,White,Never-married,3,210474,Some-college,Other,Other,0,0,15,39,0
29,Male,White,Never-married,1,107458,Bachelors,Private,Sales,0,0,50,39,0
32,Female,Black,Separated,4,39223,10th,Private,Craft-repair,0,0,40,0,0
20,Male,White,Never-married,4,200089,5th-6th,Private,Handlers-cleaners,0,0,30,13,0
27,Male,White,Never-married,1,34701,Bachelors,Private,Other-service,0,0,40,39,0
46,Male,White,Married-civ-spouse,0,173243,HS-grad,Private,Craft-repair,0,0,40,39,0
44,Male,White,Divorced,1,187322,Bachelors,Private,Transport-moving,0,0,40,39,0
19,Female,White,Never-married,1,199441,HS-grad,Private,Prof-specialty,0,0,40,39,0
42,Male,White,Married-civ-spouse,0,119679,HS-grad,Private,Machine-op-inspct,0,1579,42,39,0
59,Male,Black,Never-married,1,307423,9th,Private,Other-service,0,0,50,39,0
40,Female,White,Divorced,1,162108,Bachelors,Other,Other,0,0,50,39,0
33,Male,Other,Married-civ-spouse,0,137088,Bachelors,Private,Machine-op-inspct,0,0,40,7,0
81,Female,White,Widowed,1,123959,Bachelors,Self-emp-not-inc,Prof-specialty,0,1668,3,18,0
36,Male,White,Married-civ-spouse,0,77820,Some-college,Private,Craft-repair,0,0,40,39,1
26,Female,White,Never-married,1,358975,Some-college,Private,Priv-house-serv,0,0,50,18,0
36,Male,White,Married-civ-spouse,0,116892,Some-college,Local-gov,Craft-repair,0,0,40,39,0
44,Male,White,Married-civ-spouse,0,175485,Bachelors,Private,Craft-repair,0,0,12,39,0
54,Male,White,Divorced,4,152540,Some-college,Local-gov,Craft-repair,0,0,42,39,0
62,Male,White,Married-civ-spouse,0,31577,HS-grad,Other,Other,0,0,18,39,0
24,Female,White,Divorced,4,227610,10th,Private,Handlers-cleaners,0,0,58,39,0
39,Male,Asian-Pac-Islander,Married-civ-spouse,3,100669,Some-college,Private,Craft-repair,0,0,40,39,0
25,Male,White,Married-civ-spouse,0,230292,HS-grad,Private,Craft-repair,0,0,40,39,0
27,Male,White,Married-civ-spouse,0,37754,Some-college,Private,Farming-fishing,0,0,80,39,0
46,Male,White,Married-civ-spouse,0,332355,Some-college,Private,Adm-clerical,0,0,40,39,0
33,Male,White,Never-married,1,113364,HS-grad,Private,Sales,0,0,45,39,0
28,Male,White,Married-civ-spouse,0,210498,HS-grad,State-gov,Protective-serv,0,0,40,39,0
56,Male,White,Divorced,1,193818,9th,Private,Craft-repair,0,0,40,39,0
63,Male,White,Married-civ-spouse,0,96930,Assoc-acdm,Self-emp-inc,Sales,0,0,40,39,1
26,Female,White,Never-married,3,169101,Some-college,Federal-gov,Tech-support,0,0,40,39,0
54,Male,White,Married-civ-spouse,0,168553,Bachelors,Local-gov,Exec-managerial,0,0,40,39,0
42,Male,White,Divorced,1,374790,9th,Private,Craft-repair,0,0,40,39,0
31,Female,White,Never-married,3,357145,Doctorate,Self-emp-not-inc,Prof-specialty,0,0,48,39,0
48,Male,White,Married-civ-spouse,0,58683,Some-college,Self-emp-not-inc,Sales,0,0,70,39,1
40,Male,White,Married-civ-spouse,0,115331,HS-grad,Private,Transport-moving,0,0,35,39,0
57,Male,White,Divorced,1,160275,HS-grad,Private,Craft-repair,0,0,40,39,0
31,Female,White,Never-married,1,297188,Masters,Private,Prof-specialty,0,0,60,39,0
32,Male,White,Married-civ-spouse,0,99646,HS-grad,Private,Transport-moving,0,0,50,39,0
28,Male,White,Married-civ-spouse,0,196564,HS-grad,Private,Craft-repair,0,0,45,39,0
37,Female,Other,Never-married,1,143582,Assoc-voc,Private,Adm-clerical,4101,0,35,39,0
49,Female,White,Widowed,4,47086,Bachelors,Self-emp-not-inc,Sales,0,0,40,39,0
23,Male,White,Never-married,4,376383,HS-grad,Private,Other-service,0,0,35,26,0
54,Female,White,Divorced,4,137678,Some-college,Local-gov,Adm-clerical,0,0,40,39,0
36,Male,White,Married-civ-spouse,0,111957,Some-college,Self-emp-not-inc,Exec-managerial,0,0,52,39,0
43,Male,White,Divorced,1,144811,Prof-school,State-gov,Prof-specialty,0,0,50,39,0
29,Female,White,Married-civ-spouse,5,51944,HS-grad,Private,Other-service,4386,0,40,39,1
50,Male,Black,Married-civ-spouse,0,229272,HS-grad,State-gov,Craft-repair,0,0,40,39,1
44,Male,White,Married-civ-spouse,0,368757,Some-college,Private,Machine-op-inspct,0,0,40,39,0
48,Male,White,Married-civ-spouse,0,204629,Masters,Private,Exec-managerial,0,0,50,39,1
46,Female,White,Never-married,1,43206,Doctorate,Federal-gov,Prof-specialty,0,1564,50,39,1
43,Female,White,Never-married,1,76460,HS-grad,Private,Adm-clerical,0,0,40,39,0
55,Male,Asian-Pac-Islander,Married-civ-spouse,0,296085,Assoc-acdm,Local-gov,Prof-specialty,0,0,40,39,1
42,Male,White,Married-civ-spouse,0,27242,11th,Self-emp-not-inc,Farming-fishing,0,0,60,39,0
46,Male,White,Separated,4,32825,HS-grad,Self-emp-not-inc,Craft-repair,0,0,40,39,0
52,Female,Black,Separated,3,99602,HS-grad,Private,Craft-repair,0,0,40,39,0
44,Male,White,Married-civ-spouse,0,277533,Some-college,Private,Craft-repair,0,0,40,39,0
58,Male,Black,Married-civ-spouse,0,104945,9th,Private,Handlers-cleaners,0,0,60,39,0
32,Female,White,Never-married,3,188048,Bachelors,Private,Adm-clerical,0,0,40,39,0
51,Male,White,Divorced,1,156003,HS-grad,Local-gov,Protective-serv,0,0,40,39,0
21,Male,Asian-Pac-Islander,Never-married,3,156687,Some-college,Private,Sales,0,0,30,19,0
56,Male,White,Married-civ-spouse,0,146660,HS-grad,Private,Craft-repair,0,0,60,39,0
25,Male,White,Never-married,3,450246,HS-grad,Private,Craft-repair,0,0,40,39,0
31,Male,White,Never-married,1,557853,Bachelors,State-gov,Adm-clerical,0,0,47,39,0
30,Female,White,Married-civ-spouse,5,316606,Bachelors,Private,Other-service,0,0,40,39,0
21,Male,White,Never-married,3,117210,Some-college,Private,Sales,0,0,45,39,0
23,Female,White,Never-married,1,197666,Some-college,Private,Adm-clerical,0,0,24,12,0
28,Female,White,Separated,4,71733,Some-college,Private,Other-service,0,0,15,39,0
24,Male,White,Married-civ-spouse,0,229773,Some-college,Private,Craft-repair,0,0,35,39,0
20,Female,White,Never-married,1,227778,Some-college,Private,Sales,0,0,56,39,0
19,Female,White,Never-married,3,100999,Bachelors,Private,Prof-specialty,0,0,30,39,0
37,Male,White,Separated,3,174912,HS-grad,Private,Craft-repair,0,0,40,39,0
51,Female,Black,Widowed,4,157043,11th,Private,Handlers-cleaners,0,0,40,39,0
36,Female,White,Married-civ-spouse,5,179896,HS-grad,Self-emp-not-inc,Prof-specialty,3137,0,40,39,0
31,Male,White,Never-married,1,226443,Bachelors,Private,Prof-specialty,0,0,40,39,0
49,Male,White,Married-civ-spouse,0,191681,Some-college,Self-emp-inc,Exec-managerial,0,0,50,39,1
42,Male,White,Married-civ-spouse,0,136986,Bachelors,Private,Exec-managerial,0,0,40,39,1
46,Male,White,Married-civ-spouse,0,375675,12th,Local-gov,Other-service,0,0,35,39,1
34,Male,White,Never-married,3,185216,Some-college,Private,Adm-clerical,0,0,40,39,0
35,Male,White,Married-civ-spouse,0,24106,Some-college,Private,Exec-managerial,0,0,40,39,1
38,Male,White,Married-civ-spouse,0,220237,Assoc-voc,Private,Craft-repair,0,0,40,0,1
39,Female,White,Divorced,1,380614,Some-college,Private,Prof-specialty,0,0,45,39,1
50,Female,Asian-Pac-Islander,Married-civ-spouse,5,71898,5th-6th,Private,Machine-op-inspct,0,0,35,30,0
36,Male,Asian-Pac-Islander,Married-civ-spouse,0,116358,Masters,Private,Exec-managerial,0,0,40,36,1
25,Male,Black,Married-civ-spouse,0,339956,Some-college,Federal-gov,Protective-serv,0,0,40,39,0
45,Male,White,Married-civ-spouse,0,30289,12th,Private,Craft-repair,0,0,40,39,0
18,Male,White,Never-married,2,426836,5th-6th,Private,Handlers-cleaners,0,0,40,26,0
47,Male,White,Divorced,3,151584,HS-grad,Private,Sales,0,1876,40,39,0
18,Male,White,Never-married,3,395567,HS-grad,Private,Handlers-cleaners,0,0,40,39,0
22,Female,White,Never-married,4,38251,Assoc-acdm,Private,Other-service,0,0,35,39,0
19,Male,White,Never-married,1,259352,HS-grad,Private,Sales,0,0,45,39,0
24,Female,White,Married-civ-spouse,5,237341,Some-college,Private,Prof-specialty,0,0,40,39,1
31,Male,White,Married-civ-spouse,0,356882,HS-grad,Private,Machine-op-inspct,5013,0,40,39,0
32,Female,White,Never-married,3,171637,Some-college,Private,Adm-clerical,0,0,40,39,0
33,Female,White,Divorced,1,322873,HS-grad,Private,Sales,0,0,50,39,0
58,Male,White,Married-civ-spouse,0,189933,Some-college,Self-emp-inc,Exec-managerial,0,0,65,39,1
49,Male,White,Married-civ-spouse,0,431245,Some-college,Self-emp-inc,Sales,0,0,50,39,1
51,Male,White,Married-civ-spouse,0,291755,7th-8th,Self-emp-not-inc,Exec-managerial,0,0,42,39,0
49,Male,White,Married-civ-spouse,0,215895,Masters,Local-gov,Adm-clerical,0,0,40,22,1
22,Male,Black,Never-married,2,162343,Some-college,Private,Adm-clerical,0,0,22,39,0
17,Male,White,Never-married,3,95909,11th,Private,Handlers-cleaners,0,0,12,39,0
27,Female,White,Married-civ-spouse,5,247711,HS-grad,Private,Adm-clerical,0,0,40,39,0
53,Male,White,Separated,1,153486,HS-grad,Private,Transport-moving,0,0,30,39,0
42,Male,Black,Never-married,3,204817,9th,Other,Other,0,0,35,39,0
29,Male,White,Never-married,1,183523,Some-college,Local-gov,Exec-managerial,0,0,40,20,0
26,Male,White,Married-civ-spouse,0,58426,HS-grad,Private,Prof-specialty,0,0,50,39,0
49,Male,White,Married-civ-spouse,0,248895,HS-grad,Private,Machine-op-inspct,0,0,45,39,0
42,Male,White,Married-civ-spouse,0,132125,Bachelors,Federal-gov,Exec-managerial,0,0,52,39,1
47,Male,Black,Married-civ-spouse,0,180446,Some-college,Self-emp-not-inc,Tech-support,0,0,40,39,1
39,Male,White,Never-married,1,257942,HS-grad,Private,Exec-managerial,0,0,40,39,0
54,Male,White,Married-civ-spouse,0,96062,Assoc-acdm,Private,Tech-support,0,0,40,39,1
31,Female,White,Married-civ-spouse,5,66278,Some-college,Private,Prof-specialty,3908,0,40,39,0
17,Female,Black,Never-married,3,48751,11th,Other,Other,0,0,40,39,0
41,Male,White,Married-civ-spouse,0,154076,Some-college,Private,Adm-clerical,0,0,50,39,1
19,Male,White,Never-married,3,169324,Some-college,Other,Other,0,0,10,39,0
20,Female,White,Never-married,1,81145,Some-college,Private,Sales,0,0,25,39,0
19,Female,White,Never-married,3,43285,Some-college,Private,Adm-clerical,0,0,20,39,0
28,Female,White,Never-married,2,328923,HS-grad,Private,Adm-clerical,0,0,38,39,0
58,Female,White,Divorced,4,372181,HS-grad,Private,Sales,0,0,40,39,1
56,Female,White,Married-civ-spouse,5,51662,11th,Self-emp-not-inc,Other-service,0,0,40,39,0
64,Male,White,Married-civ-spouse,0,207321,Some-college,Other,Other,0,0,20,39,0
39,Male,White,Divorced,1,119272,10th,Private,Transport-moving,0,0,40,39,0
21,Male,White,Never-married,3,163595,Some-college,Private,Other-service,0,0,35,39,0
38,Male,White,Married-civ-spouse,0,128033,Some-college,Private,Sales,0,0,60,39,0
50,Female,White,Married-civ-spouse,5,220019,Masters,Private,Prof-specialty,0,0,40,39,0
61,Male,White,Married-civ-spouse,0,144723,Masters,Local-gov,Exec-managerial,7298,0,60,39,1
21,Female,White,Never-married,3,176356,Some-college,Other,Other,0,0,10,11,0
28,Male,White,Married-civ-spouse,0,232653,Bachelors,Private,Exec-managerial,0,0,40,39,0
25,Male,White,Never-married,3,193051,HS-grad,Private,Exec-managerial,0,0,25,39,0
21,Female,White,Never-married,3,27049,Some-college,Private,Sales,0,0,20,39,0
57,Male,White,Married-civ-spouse,0,110417,Some-college,Self-emp-not-inc,Farming-fishing,0,0,75,39,0
20,Female,Black,Never-married,1,431745,Some-college,Private,Adm-clerical,0,0,14,39,0
33,Female,White,Separated,1,377283,Bachelors,Private,Sales,0,0,50,39,1
67,Female,White,Never-married,1,190661,Doctorate,Local-gov,Prof-specialty,7896,0,50,39,1
48,Male,White,Married-civ-spouse,0,147397,HS-grad,Federal-gov,Adm-clerical,0,0,36,39,0
52,Female,White,Married-spouse-absent,1,72743,HS-grad,Private,Adm-clerical,0,0,50,39,0
32,Male,White,Never-married,4,182691,HS-grad,Self-emp-not-inc,Other-service,0,0,60,39,0
21,Male,White,Never-married,1,209955,HS-grad,Private,Craft-repair,0,0,48,39,0
53,Male,White,Married-civ-spouse,0,178356,Assoc-acdm,Private,Exec-managerial,2407,0,99,39,0
27,Female,White,Divorced,1,118799,HS-grad,Private,Adm-clerical,0,0,40,39,0
45,Male,White,Divorced,1,186256,HS-grad,Private,Craft-repair,0,0,40,39,0
39,Male,White,Married-civ-spouse,2,200968,Some-college,Federal-gov,Adm-clerical,0,0,45,39,1
36,Male,Black,Separated,1,359249,Some-college,Federal-gov,Adm-clerical,0,0,40,39,0
50,Male,White,Married-civ-spouse,0,163921,7th-8th,Local-gov,Transport-moving,0,0,40,39,0
40,Female,White,Married-civ-spouse,5,199381,Masters,State-gov,Prof-specialty,15024,0,37,39,1
18,Female,White,Never-married,3,41973,11th,Private,Adm-clerical,0,0,5,39,0
33,Female,Amer-Indian-Eskimo,Divorced,4,31449,Assoc-acdm,Private,Machine-op-inspct,0,0,40,39,0
21,Female,White,Never-married,3,224640,Some-college,Private,Sales,0,0,40,39,0
18,Female,Black,Never-married,3,452452,10th,Private,Priv-house-serv,0,0,20,39,0
57,Female,White,Widowed,2,299358,HS-grad,Private,Other-service,0,1719,25,39,0
44,Male,White,Married-civ-spouse,0,82601,Bachelors,Private,Transport-moving,0,0,40,39,0
24,Male,Black,Never-married,1,69045,Some-college,Private,Sales,0,0,40,23,0
40,Male,White,Married-civ-spouse,0,115932,Bachelors,Private,Prof-specialty,0,0,60,21,1
39,Male,White,Never-married,1,129573,Bachelors,Private,Exec-managerial,0,0,50,39,1
59,Male,White,Married-civ-spouse,0,268700,HS-grad,State-gov,Other-service,0,0,40,39,0
29,Male,White,Married-civ-spouse,0,244473,Bachelors,Federal-gov,Exec-managerial,7688,0,40,39,1
40,Male,White,Married-civ-spouse,0,125206,Prof-school,Self-emp-not-inc,Prof-specialty,0,0,40,39,0
28,Female,White,Never-married,3,167987,HS-grad,Private,Other-service,0,0,40,39,0
21,Male,White,Never-married,3,116788,HS-grad,Private,Craft-repair,0,0,40,39,0
39,Male,Black,Married-civ-spouse,0,240226,HS-grad,Other,Other,0,0,40,39,0
59,Male,White,Married-civ-spouse,0,95165,Doctorate,Private,Sales,0,0,40,39,0
50,Male,White,Divorced,1,341797,HS-grad,Private,Craft-repair,0,0,40,39,0
42,Female,White,Divorced,2,153143,Some-college,Federal-gov,Adm-clerical,0,0,40,33,0
51,Female,White,Divorced,1,220019,Assoc-acdm,Private,Prof-specialty,0,0,40,39,0
58,Male,Black,Divorced,1,347692,11th,Other,Other,0,0,15,39,0
28,Female,White,Never-married,1,45613,Some-college,Private,Priv-house-serv,0,0,40,39,0
23,Male,White,Separated,1,196674,Some-college,Private,Craft-repair,0,0,40,39,0
68,Male,White,Married-civ-spouse,0,166083,HS-grad,Self-emp-not-inc,Exec-managerial,0,0,40,39,1
41,Male,Asian-Pac-Islander,Married-civ-spouse,0,73199,Bachelors,State-gov,Exec-managerial,0,0,40,39,0
34,Female,Black,Separated,4,232855,Some-college,Private,Other-service,0,0,37,39,0
47,Male,White,Married-civ-spouse,0,102569,Bachelors,Private,Adm-clerical,0,0,40,39,1
30,Female,White,Married-spouse-absent,1,147430,HS-grad,Private,Adm-clerical,0,0,40,39,0
44,Male,White,Married-civ-spouse,0,43711,Assoc-acdm,Private,Sales,7688,0,40,39,1
57,Male,White,Married-civ-spouse,0,220789,HS-grad,Self-emp-inc,Sales,0,0,45,39,1
34,Female,White,Divorced,4,41809,Some-college,Private,Adm-clerical,0,0,40,39,0
35,Male,White,Divorced,1,165799,HS-grad,Private,Exec-managerial,0,0,60,39,0
51,Female,White,Divorced,1,200576,Some-college,Private,Adm-clerical,0,0,63,39,0
35,Male,White,Married-civ-spouse,0,360799,HS-grad,Private,Craft-repair,7298,0,40,39,1
40,Female,White,Divorced,1,150471,Assoc-acdm,Private,Other-service,0,0,40,39,0
42,Male,White,Married-civ-spouse,0,231813,11th,Private,Transport-moving,0,0,40,39,0
61,Male,Black,Married-civ-spouse,0,503675,Some-college,Self-emp-not-inc,Sales,0,0,60,39,1
70,Male,White,Married-civ-spouse,0,174032,HS-grad,Private,Sales,0,0,40,39,0
39,Male,White,Married-civ-spouse,0,188391,HS-grad,Private,Craft-repair,7298,0,50,39,1
36,Male,White,Married-civ-spouse,0,325374,Some-college,Private,Craft-repair,0,0,40,39,0
22,Female,Black,Never-married,4,175586,HS-grad,Other,Other,0,0,35,39,0
51,Female,Asian-Pac-Islander,Married-civ-spouse,5,166386,Bachelors,Self-emp-inc,Exec-managerial,0,0,35,36,0
29,Male,White,Married-civ-spouse,0,29974,HS-grad,Private,Craft-repair,0,0,40,39,0
43,Male,White,Never-married,1,306440,Prof-school,Private,Prof-specialty,0,0,66,10,0
21,Female,White,Never-married,3,176178,Some-college,Private,Sales,0,0,16,39,0
83,Male,White,Widowed,1,213866,HS-grad,Self-emp-not-inc,Exec-managerial,0,0,8,39,0
32,Female,White,Married-civ-spouse,5,208180,Assoc-voc,Private,Tech-support,0,0,24,39,1
34,Female,White,Divorced,3,168906,Assoc-acdm,Private,Adm-clerical,0,0,35,39,0
25,Male,White,Never-married,3,155320,Bachelors,Private,Exec-managerial,0,0,45,39,0
47,Female,Black,Separated,1,184945,Some-college,Private,Other-service,0,0,35,39,0
40,Male,White,Married-civ-spouse,0,99185,Assoc-acdm,Local-gov,Protective-serv,0,0,40,39,0
29,Male,White,Married-civ-spouse,0,235168,Assoc-acdm,Private,Sales,0,0,60,39,0
19,Male,White,Never-married,3,385901,Some-college,Other,Other,0,0,22,39,0
30,Male,White,Married-civ-spouse,0,220148,HS-grad,Private,Craft-repair,0,1848,50,39,1
27,Male,White,Never-married,4,346406,Bachelors,State-gov,Prof-specialty,0,0,50,39,0
39,Male,White,Never-married,1,32650,Assoc-voc,Private,Farming-fishing,0,0,60,39,0
35,Female,White,Divorced,4,148903,HS-grad,Private,Sales,0,0,40,39,0
30,Male,White,Married-civ-spouse,0,181651,Bachelors,Private,Exec-managerial,0,0,50,39,0
36,Female,White,Married-civ-spouse,5,176634,Bachelors,Private,Sales,0,0,35,39,1
30,Female,White,Married-civ-spouse,5,143392,Bachelors,Private,Adm-clerical,0,0,40,39,0
29,Male,White,Married-civ-spouse,0,208534,Prof-school,Federal-gov,Prof-specialty,0,0,80,39,0
37,Female,White,Never-married,3,94334,7th-8th,Private,Machine-op-inspct,0,0,25,39,0
50,Male,White,Married-civ-spouse,0,41890,HS-grad,Private,Craft-repair,0,0,40,39,0
43,Female,White,Divorced,4,35210,Some-college,Private,Adm-clerical,0,0,40,39,0
25,Male,White,Never-married,3,483822,HS-grad,Private,Other-service,0,0,40,8,0
49,Female,Black,Divorced,4,118701,HS-grad,Federal-gov,Adm-clerical,0,0,40,39,0
64,Female,White,Married-civ-spouse,5,292639,Some-college,Private,Exec-managerial,10566,0,35,39,0
25,Female,White,Never-married,1,254781,Bachelors,Private,Exec-managerial,0,0,40,39,0
34,Male,White,Married-civ-spouse,0,160634,Some-college,Private,Craft-repair,0,0,40,39,1
44,Female,White,Divorced,4,173382,Assoc-acdm,Private,Tech-support,0,0,40,39,0
58,Male,White,Married-civ-spouse,0,85767,Some-college,Private,Sales,0,0,48,39,0
35,Male,White,Divorced,1,190895,Bachelors,Self-emp-not-inc,Exec-managerial,0,0,25,39,0
30,Female,Black,Never-married,3,270218,Bachelors,State-gov,Adm-clerical,0,0,40,39,0
20,Female,White,Never-married,3,368852,Some-college,Private,Other-service,0,0,20,39,0
71,Male,White,Married-civ-spouse,0,110380,HS-grad,Private,Sales,0,2467,52,39,0
34,Male,White,Married-civ-spouse,0,275438,Some-college,Private,Prof-specialty,5178,0,40,39,1
38,Male,White,Divorced,1,110607,HS-grad,Private,Other-service,0,0,32,39,0
45,Male,White,Married-civ-spouse,0,153141,HS-grad,Private,Adm-clerical,0,0,40,0,0
54,Male,White,Married-civ-spouse,0,391016,Bachelors,Private,Sales,0,0,40,39,1
40,Male,White,Never-married,1,214010,Bachelors,Private,Other-service,0,0,37,39,0
34,Female,White,Separated,4,96480,Some-college,Private,Exec-managerial,0,0,40,39,0
32,Male,White,Never-married,3,34437,HS-grad,Private,Transport-moving,0,0,40,39,0
26,Male,White,Married-civ-spouse,0,118523,HS-grad,Self-emp-not-inc,Adm-clerical,0,0,40,39,0
37,Female,White,Never-married,3,103474,HS-grad,State-gov,Other-service,0,0,40,39,0
18,Female,White,Never-married,3,142647,Some-college,Private,Other-service,0,0,20,39,0
38,Male,White,Married-civ-spouse,0,287701,11th,Private,Handlers-cleaners,0,0,48,39,1
64,Male,White,Married-civ-spouse,0,193043,HS-grad,Other,Other,0,0,40,39,0
44,Female,White,Separated,4,79864,Masters,Private,Exec-managerial,0,0,20,39,0
50,Male,White,Divorced,1,279129,Bachelors,Private,Exec-managerial,0,0,55,39,1
35,Male,White,Married-civ-spouse,0,206951,Masters,Private,Sales,0,0,40,39,1
51,Male,White,Divorced,4,183611,Assoc-acdm,Private,Exec-managerial,0,0,55,11,0
37,Female,White,Divorced,1,116554,Masters,Self-emp-inc,Exec-managerial,0,0,70,39,0
48,Female,White,Married-spouse-absent,1,205707,Masters,Federal-gov,Exec-managerial,10520,0,50,39,1
24,Male,White,Never-married,1,173736,Assoc-voc,Private,Craft-repair,0,0,55,39,0
38,Male,Black,Married-civ-spouse,0,300975,Masters,Private,Other-service,0,1485,40,0,0
46,Male,White,Married-civ-spouse,0,138999,Some-college,Private,Machine-op-inspct,0,0,40,39,0
27,Male,White,Married-civ-spouse,3,381789,12th,Private,Farming-fishing,0,0,55,39,0
45,Male,White,Married-civ-spouse,0,202812,Bachelors,Private,Prof-specialty,0,0,40,39,1
31,Male,White,Married-civ-spouse,0,59083,Some-college,Private,Other-service,0,1672,50,39,0
70,Male,White,Married-civ-spouse,0,102610,10th,Private,Handlers-cleaners,0,0,32,39,0
58,Female,Black,Divorced,1,317479,HS-grad,Private,Machine-op-inspct,0,0,40,39,0
41,Male,White,Married-civ-spouse,0,113324,Assoc-voc,Self-emp-not-inc,Farming-fishing,0,0,70,39,1
68,Male,Black,Married-civ-spouse,0,148874,9th,Private,Craft-repair,0,0,44,39,0
45,Female,White,Divorced,4,37672,Assoc-voc,State-gov,Tech-support,0,0,40,39,0
25,Female,Black,Married-civ-spouse,5,431307,10th,Private,Protective-serv,0,0,50,39,0
37,Female,White,Divorced,4,286730,Some-college,Private,Craft-repair,0,0,40,39,0
65,Male,White,Married-civ-spouse,0,155261,HS-grad,Private,Exec-managerial,0,0,40,39,1
39,Female,White,Widowed,4,205359,Assoc-acdm,Private,Adm-clerical,0,0,45,39,0
49,Male,Asian-Pac-Islander,Married-civ-spouse,0,91251,HS-grad,Private,Other-service,0,0,40,3,0
25,Male,White,Never-married,1,272428,HS-grad,Private,Sales,4416,0,42,39,0
37,Male,White,Married-civ-spouse,0,336880,Some-college,Private,Transport-moving,0,0,50,39,0
57,Male,White,Married-civ-spouse,0,170066,HS-grad,Local-gov,Transport-moving,0,0,25,39,1
18,Male,White,Never-married,3,187770,HS-grad,Private,Handlers-cleaners,0,0,30,39,0
24,Male,White,Never-married,1,174043,Bachelors,Private,Other-service,0,0,40,39,0
41,Male,White,Divorced,1,89226,HS-grad,Private,Craft-repair,0,0,40,39,0
48,Male,White,Married-civ-spouse,0,175925,HS-grad,Private,Machine-op-inspct,0,0,48,39,0
37,Male,White,Married-civ-spouse,0,117567,Bachelors,Private,Exec-managerial,0,0,60,39,1
31,Male,White,Married-civ-spouse,0,164190,Some-college,Private,Prof-specialty,0,0,50,39,1
67,Male,White,Married-civ-spouse,0,217892,Doctorate,Self-emp-not-inc,Prof-specialty,10605,0,35,39,1
59,Female,White,Never-married,1,48102,Masters,Federal-gov,Prof-specialty,0,0,40,0,1
25,Female,White,Never-married,1,178421,Bachelors,Private,Other-service,0,0,20,39,0
25,Female,White,Married-civ-spouse,5,106889,HS-grad,Private,Adm-clerical,0,0,30,39,0
41,Male,White,Married-civ-spouse,0,47902,Some-college,Private,Sales,0,0,35,39,1
31,Male,White,Married-civ-spouse,0,574005,Bachelors,Private,Craft-repair,0,0,44,39,1
35,Male,Black,Married-civ-spouse,0,465507,HS-grad,Private,Machine-op-inspct,0,0,40,39,0
49,Female,Black,Divorced,4,216453,Assoc-voc,Federal-gov,Exec-managerial,0,0,45,39,0
48,Female,White,Divorced,4,119199,Bachelors,Private,Sales,0,0,44,39,0
38,Male,Black,Married-civ-spouse,0,194534,Masters,Self-emp-not-inc,Prof-specialty,99999,0,60,39,1
30,Male,White,Married-civ-spouse,0,112115,HS-grad,Private,Machine-op-inspct,0,0,60,21,1
40,Male,White,Never-married,1,179666,Bachelors,Private,Exec-managerial,0,0,30,2,0
39,Female,White,Married-civ-spouse,5,188503,Bachelors,Private,Exec-managerial,0,0,60,39,1
40,Female,Black,Never-married,4,48612,HS-grad,Private,Adm-clerical,0,0,35,39,0
88,Male,White,Married-civ-spouse,0,206291,Prof-school,Self-emp-not-inc,Prof-specialty,0,0,40,39,0
36,Female,White,Never-married,1,114988,HS-grad,Private,Other-service,0,0,40,39,0
32,Male,White,Married-civ-spouse,0,209808,Some-college,Private,Sales,0,1740,47,39,0
49,Female,Asian-Pac-Islander,Married-civ-spouse,5,147032,HS-grad,Private,Other-service,0,0,8,30,0
22,Female,White,Never-married,3,288132,Some-college,Private,Sales,0,0,35,39,0
39,Male,White,Separated,1,29874,Some-college,Self-emp-not-inc,Craft-repair,0,0,60,39,1
19,Male,White,Never-married,3,552354,12th,Private,Machine-op-inspct,0,0,40,39,0
22,Male,Black,Never-married,3,412316,HS-grad,Local-gov,Handlers-cleaners,0,0,40,39,0
27,Male,Asian-Pac-Islander,Never-married,1,104457,Bachelors,Private,Machine-op-inspct,0,0,40,0,0
35,Female,White,Divorced,4,170263,HS-grad,Private,Exec-managerial,0,0,40,39,0
42,Male,White,Married-civ-spouse,0,67065,HS-grad,Self-emp-not-inc,Farming-fishing,0,0,60,39,0
25,Female,White,Never-married,3,197728,Some-college,Private,Adm-clerical,0,0,40,39,0
48,Male,White,Married-civ-spouse,0,38240,HS-grad,Self-emp-inc,Farming-fishing,0,0,40,39,1
29,Male,Black,Married-civ-spouse,0,161097,HS-grad,Private,Machine-op-inspct,0,0,40,39,1
20,Male,White,Never-married,3,41035,Some-college,Other,Other,0,0,20,39,0
46,Male,White,Married-civ-spouse,0,283037,Bachelors,Private,Exec-managerial,0,0,50,39,1
34,Male,White,Married-civ-spouse,0,118605,Assoc-acdm,Private,Prof-specialty,0,0,55,39,0
51,Male,White,Married-civ-spouse,0,118793,Bachelors,Private,Prof-specialty,0,0,70,39,1
52,Female,White,Divorced,4,175622,Assoc-voc,Private,Other-service,0,0,40,39,0
19,Male,White,Never-married,3,156294,Some-college,State-gov,Prof-specialty,0,0,25,39,0
26,Female,Black,Never-married,1,207537,HS-grad,Federal-gov,Adm-clerical,0,0,40,39,0
43,Male,White,Married-civ-spouse,0,243380,Some-college,Private,Adm-clerical,0,0,40,39,0
53,Female,White,Divorced,1,283602,Bachelors,Private,Sales,13550,0,43,39,1
57,Female,White,Divorced,1,35884,HS-grad,Private,Other-service,0,0,40,39,0
22,Male,White,Never-married,3,143062,HS-grad,Self-emp-not-inc,Other-service,0,0,40,12,0
40,Male,White,Divorced,4,196029,HS-grad,Private,Transport-moving,0,0,45,39,0
53,Male,White,Married-civ-spouse,0,304504,Some-college,Private,Transport-moving,0,1887,45,39,1
26,Female,White,Never-married,3,231638,Some-college,Private,Adm-clerical,0,0,40,39,0
41,Female,Black,Divorced,4,129060,Some-college,Local-gov,Adm-clerical,0,0,40,39,0
28,Male,White,Never-married,3,189346,HS-grad,Private,Handlers-cleaners,0,0,48,39,0
32,Male,White,Married-civ-spouse,0,169186,HS-grad,Other,Other,0,0,5,39,0
24,Male,White,Never-married,1,140001,Bachelors,Private,Adm-clerical,0,0,40,39,0
21,Female,White,Never-married,3,105577,Some-college,Private,Other-service,0,0,30,39,0
43,Male,White,Married-civ-spouse,0,111252,Some-college,Private,Transport-moving,0,0,42,39,0
35,Male,White,Married-civ-spouse,0,98360,Bachelors,Self-emp-not-inc,Prof-specialty,0,0,40,39,0
31,Male,White,Separated,1,381645,Bachelors,Federal-gov,Prof-specialty,0,0,40,39,0
34,Male,White,Married-civ-spouse,0,157289,HS-grad,Other,Other,0,0,40,39,0
55,Male,White,Widowed,1,126117,HS-grad,Self-emp-not-inc,Sales,0,0,40,39,0
51,Female,Amer-Indian-Eskimo,Never-married,1,40808,Bachelors,Federal-gov,Prof-specialty,0,0,43,39,0
34,Male,White,Married-civ-spouse,0,198613,11th,Private,Sales,0,0,25,0,0
35,Female,Black,Never-married,4,299353,HS-grad,Private,Other-service,0,0,40,39,0
43,Male,White,Married-civ-spouse,0,153489,Bachelors,Private,Sales,0,0,50,39,0
54,Female,White,Divorced,1,46401,Some-college,Private,Other-service,0,0,47,39,0
49,Male,White,Married-civ-spouse,0,187454,HS-grad,Private,Sales,99999,0,65,39,1
37,Female,Asian-Pac-Islander,Divorced,1,213726,HS-grad,Private,Machine-op-inspct,0,0,40,30,0
56,Male,Black,Married-civ-spouse,0,222182,HS-grad,Self-emp-not-inc,Exec-managerial,0,0,45,39,0
49,Female,Black,Married-spouse-absent,1,160187,9th,Private,Other-service,0,0,16,23,0
34,Male,White,Married-civ-spouse,0,209101,Bachelors,Private,Exec-managerial,5178,0,55,39,1
29,Male,White,Married-civ-spouse,0,178551,HS-grad,Private,Transport-moving,0,0,40,39,0
60,Male,Black,Divorced,1,153356,HS-grad,Self-emp-not-inc,Sales,2597,0,55,39,0
43,Male,White,Married-civ-spouse,0,190044,HS-grad,Self-emp-not-inc,Sales,0,0,40,39,0
57,Female,Black,Married-civ-spouse,5,174132,Masters,Local-gov,Prof-specialty,0,1977,40,39,1
41,Female,White,Never-married,1,33310,HS-grad,Private,Adm-clerical,0,0,40,39,0
26,Male,Black,Never-married,1,375499,10th,Private,Adm-clerical,0,0,20,39,0
67,Female,White,Never-married,2,103315,Masters,Local-gov,Exec-managerial,15831,0,72,39,1
52,Male,White,Married-civ-spouse,0,89534,HS-grad,Private,Craft-repair,0,0,40,39,1
22,Male,White,Never-married,3,150683,HS-grad,Self-emp-inc,Machine-op-inspct,0,0,24,39,0
39,Female,White,Married-civ-spouse,5,55568,Bachelors,Self-emp-not-inc,Farming-fishing,0,0,50,39,0
26,Male,White,Married-civ-spouse,0,176756,Some-college,Private,Sales,0,0,40,39,0
49,Male,White,Never-married,1,43348,Masters,Private,Prof-specialty,0,0,40,39,1
46,Male,White,Married-civ-spouse,0,215895,Bachelors,Local-gov,Protective-serv,0,0,40,39,1
40,Female,Black,Married-civ-spouse,5,173321,HS-grad,Private,Other-service,0,0,32,39,0
47,Male,White,Married-civ-spouse,0,83064,Bachelors,Self-emp-not-inc,Farming-fishing,0,0,60,39,0
28,Female,Black,Never-married,3,189257,9th,Private,Handlers-cleaners,0,0,24,39,0
26,Male,White,Never-married,1,31143,Some-college,Private,Craft-repair,0,0,40,39,0
53,Female,White,Divorced,1,204584,Masters,Private,Sales,0,0,40,39,0
40,Male,White,Divorced,1,226608,Some-college,Private,Tech-support,0,0,30,13,1
43,Male,White,Never-married,1,27661,Masters,State-gov,Prof-specialty,0,0,45,39,0
33,Male,White,Married-civ-spouse,0,123424,Bachelors,Self-emp-not-inc,Exec-managerial,0,0,40,39,1
23,Female,White,Married-civ-spouse,5,259109,Assoc-acdm,Private,Other-service,0,0,40,33,0
40,Male,White,Divorced,1,168071,Assoc-voc,Private,Tech-support,3325,0,40,39,0
56,Male,Black,Divorced,1,208415,HS-grad,Private,Exec-managerial,0,0,40,0,0
68,Female,Black,Widowed,4,156000,10th,Private,Other-service,0,0,20,39,0
32,Male,White,Married-civ-spouse,0,87643,Bachelors,Private,Sales,0,0,40,39,0
31,Male,White,Married-civ-spouse,0,132996,HS-grad,Private,Prof-specialty,5178,0,45,39,1
32,Male,White,Married-civ-spouse,0,137076,Some-college,Private,Sales,0,0,40,39,0
40,Male,White,Married-civ-spouse,0,56651,HS-grad,Private,Machine-op-inspct,0,0,40,39,0
28,Male,White,Never-married,1,131298,HS-grad,Private,Other-service,0,0,60,39,0
26,Male,White,Married-civ-spouse,0,255193,11th,Private,Exec-managerial,3411,0,40,39,0
47,Male,White,Married-civ-spouse,0,122307,Bachelors,Self-emp-not-inc,Sales,0,1887,40,39,1
40,Male,White,Married-civ-spouse,0,147206,HS-grad,Private,Craft-repair,0,0,40,39,1
33,Male,White,Married-civ-spouse,0,154981,Bachelors,Private,Adm-clerical,0,1902,50,39,1
36,Male,White,Married-civ-spouse,0,226947,Bachelors,Private,Prof-specialty,0,0,40,39,1
19,Female,White,Never-married,3,278304,Some-college,Private,Other-service,0,0,15,39,0
49,Male,White,Married-civ-spouse,0,128132,HS-grad,Private,Sales,0,0,60,39,1
37,Male,White,Separated,3,190964,HS-grad,Private,Exec-managerial,0,0,40,39,0
37,Male,White,Married-civ-spouse,0,180477,HS-grad,Self-emp-not-inc,Craft-repair,0,0,47,39,0
59,Male,White,Married-civ-spouse,0,147989,HS-grad,Private,Machine-op-inspct,0,0,40,0,0
38,Male,White,Married-civ-spouse,0,176357,HS-grad,Self-emp-inc,Exec-managerial,0,0,50,39,0
24,Male,White,Never-married,1,283613,Bachelors,Private,Prof-specialty,0,0,43,39,0
33,Male,Black,Never-married,3,857532,12th,Private,Protective-serv,0,0,40,39,0
40,Male,White,Married-civ-spouse,0,200479,Assoc-voc,Private,Prof-specialty,0,0,40,39,0
40,Male,White,Married-civ-spouse,0,175696,Some-college,Private,Exec-managerial,0,0,45,39,1
36,Male,White,Married-civ-spouse,0,179488,Bachelors,State-gov,Protective-serv,7298,0,55,39,1
29,Male,White,Married-civ-spouse,0,251905,Assoc-acdm,Private,Craft-repair,0,0,45,39,0
33,Male,White,Married-civ-spouse,0,69727,7th-8th,Private,Farming-fishing,0,0,40,26,0
51,Male,White,Married-civ-spouse,0,146325,Doctorate,Local-gov,Prof-specialty,0,1887,40,39,1
27,Male,White,Separated,1,233724,HS-grad,Self-emp-inc,Adm-clerical,0,0,38,39,0
40,Male,Amer-Indian-Eskimo,Never-married,1,95639,HS-grad,Private,Craft-repair,0,0,40,39,0
23,Female,Black,Never-married,4,153044,HS-grad,Private,Handlers-cleaners,0,0,7,39,0
33,Female,White,Never-married,1,121488,Bachelors,Private,Sales,0,0,40,39,0
28,Male,White,Married-civ-spouse,0,268726,HS-grad,Private,Craft-repair,0,0,46,39,0
21,Male,White,Never-married,1,184568,HS-grad,Private,Machine-op-inspct,0,0,40,39,0
38,Male,Asian-Pac-Islander,Married-civ-spouse,0,146042,Bachelors,Self-emp-not-inc,Prof-specialty,3103,0,60,39,1
23,Male,White,Never-married,1,216129,Assoc-acdm,Self-emp-not-inc,Craft-repair,0,0,30,39,0
46,Female,White,Married-civ-spouse,5,99086,Some-college,Private,Adm-clerical,0,0,40,39,1
53,Male,Black,Married-civ-spouse,0,236873,Masters,Local-gov,Exec-managerial,0,0,40,39,1
25,Male,White,Never-married,1,212793,Assoc-acdm,Private,Prof-specialty,0,0,50,39,1
27,Male,White,Never-married,1,69132,Bachelors,Private,Tech-support,0,0,37,39,0
46,Male,White,Married-civ-spouse,0,187715,Some-college,Private,Sales,0,0,50,39,0
25,Male,White,Never-married,1,391591,12th,Private,Craft-repair,0,0,40,39,0
61,Male,White,Married-civ-spouse,0,84409,HS-grad,Self-emp-inc,Exec-managerial,0,0,35,39,1
51,Male,Black,Married-civ-spouse,0,55507,HS-grad,Private,Craft-repair,0,0,40,39,0
52,Female,White,Divorced,1,143807,HS-grad,Private,Sales,0,0,40,39,0
23,Male,Asian-Pac-Islander,Never-married,3,169104,Assoc-acdm,Other,Other,0,0,16,30,0
55,Male,White,Married-civ-spouse,0,157486,Masters,Self-emp-not-inc,Prof-specialty,7298,0,40,39,1
44,Male,White,Divorced,1,403782,Assoc-voc,Private,Sales,0,0,45,39,0
18,Male,White,Never-married,3,344742,10th,Other,Other,0,0,40,39,0
36,Female,White,Never-married,1,66173,Bachelors,Private,Adm-clerical,0,0,50,39,0
41,Male,White,Never-married,1,350387,Bachelors,Private,Prof-specialty,0,0,40,39,1
36,Male,White,Divorced,1,208358,9th,Private,Handlers-cleaners,4650,0,56,39,0
49,Male,White,Married-civ-spouse,0,151584,Some-college,Private,Other-service,0,0,32,39,0
30,Female,White,Divorced,1,169841,HS-grad,Private,Sales,0,0,25,39,0
39,Female,Black,Divorced,4,121838,HS-grad,State-gov,Other-service,0,0,40,39,0
39,Male,White,Married-civ-spouse,0,198841,Masters,Private,Prof-specialty,7688,0,45,39,1
57,Male,Asian-Pac-Islander,Married-civ-spouse,0,79830,HS-grad,Private,Craft-repair,0,0,40,39,0
51,Male,White,Married-civ-spouse,0,126010,HS-grad,Private,Craft-repair,0,0,40,39,0
36,Male,White,Divorced,1,89508,Some-college,Private,Prof-specialty,0,0,50,39,0
55,Female,White,Widowed,1,257216,Masters,Self-emp-inc,Sales,0,0,40,39,0
22,Female,White,Never-married,1,190429,Some-college,Private,Sales,0,0,20,39,0
36,Male,White,Married-civ-spouse,0,136629,Some-college,Private,Machine-op-inspct,0,0,40,39,1
54,Female,White,Divorced,4,140359,7th-8th,Private,Machine-op-inspct,0,3900,40,39,0
42,Male,White,Married-civ-spouse,0,71458,Some-college,Private,Exec-managerial,0,0,50,39,0
19,Female,White,Never-married,1,175507,HS-grad,Private,Other-service,0,0,30,39,0
42,Male,White,Married-civ-spouse,0,266084,Some-college,Private,Craft-repair,7298,0,45,39,1
44,Female,White,Widowed,1,151294,Some-college,Private,Sales,0,0,25,39,0
79,Male,White,Widowed,1,97082,12th,Self-emp-inc,Sales,18481,0,45,39,1
68,Male,White,Married-civ-spouse,0,40956,Bachelors,Other,Other,0,0,25,39,0
35,Female,White,Divorced,4,253860,HS-grad,Other,Other,0,0,20,39,0
37,Male,White,Never-married,1,225504,Masters,Private,Sales,0,0,50,39,0
59,Male,White,Married-civ-spouse,0,144092,HS-grad,Private,Craft-repair,0,0,40,39,0
49,Female,Black,Divorced,4,154451,11th,Private,Machine-op-inspct,0,0,35,39,0
37,Male,White,Married-civ-spouse,0,208358,Some-college,Private,Craft-repair,0,0,40,39,1
24,Female,White,Never-married,1,211391,10th,Private,Sales,0,0,15,39,0
64,Male,White,Married-civ-spouse,0,113929,HS-grad,Self-emp-not-inc,Sales,0,0,35,39,0
37,Male,Black,Married-civ-spouse,0,219141,11th,Private,Handlers-cleaners,7688,0,40,39,1
28,Male,White,Married-civ-spouse,0,124905,7th-8th,Private,Craft-repair,0,0,30,39,0
47,Male,White,Married-civ-spouse,0,168195,HS-grad,Private,Sales,0,0,55,39,0
45,Male,White,Married-civ-spouse,0,34248,HS-grad,Private,Sales,0,0,50,39,0
19,Female,White,Never-married,3,199484,Some-college,Private,Other-service,0,0,25,39,0
18,Female,White,Never-married,1,144711,HS-grad,Private,Sales,0,1721,40,39,0
49,Male,White,Married-spouse-absent,1,180532,Masters,Private,Prof-specialty,0,0,40,39,0
48,Female,Black,Widowed,4,125933,Some-college,Private,Exec-managerial,0,1669,38,39,0
65,Male,White,Married-civ-spouse,0,172684,Bachelors,Self-emp-inc,Exec-managerial,0,0,44,26,1
47,Male,White,Married-civ-spouse,0,173938,Bachelors,Local-gov,Craft-repair,0,0,50,39,1
50,Male,White,Divorced,2,145333,Doctorate,Private,Prof-specialty,10520,0,50,39,1
34,Male,White,Married-civ-spouse,0,103651,Some-college,Private,Exec-managerial,0,0,40,39,1
47,Female,White,Divorced,1,341471,HS-grad,Private,Priv-house-serv,0,0,4,39,0
22,Male,Black,Never-married,3,63105,HS-grad,Private,Prof-specialty,0,0,40,39,0
53,Female,Black,Divorced,1,233734,Masters,Local-gov,Prof-specialty,0,0,40,39,1
54,Male,Black,Divorced,1,183248,HS-grad,Private,Transport-moving,0,0,40,39,0
55,Male,White,Married-civ-spouse,0,487411,Masters,Other,Other,0,0,40,39,1
35,Female,White,Divorced,4,225750,Bachelors,Private,Prof-specialty,0,0,32,39,0
45,Male,White,Married-civ-spouse,0,174426,HS-grad,Private,Craft-repair,0,0,40,39,0
45,Female,White,Never-married,4,189890,HS-grad,Local-gov,Adm-clerical,0,0,40,39,0
37,Male,White,Married-civ-spouse,0,140854,Bachelors,Private,Exec-managerial,0,0,50,39,1
48,Female,White,Divorced,4,125421,Masters,Private,Exec-managerial,0,0,40,39,1
27,Male,White,Never-married,2,147951,HS-grad,Private,Machine-op-inspct,0,0,1,39,0
25,Female,Amer-Indian-Eskimo,Never-married,1,12285,Some-college,Other,Other,0,0,20,39,0
56,Female,White,Married-civ-spouse,5,91905,HS-grad,Private,Sales,0,0,4,39,0
47,Male,White,Married-civ-spouse,0,28035,Bachelors,Private,Exec-managerial,0,0,50,39,1
31,Female,Asian-Pac-Islander,Married-spouse-absent,3,130620,11th,Private,Sales,0,0,40,19,0
38,Male,White,Never-married,1,377486,HS-grad,Private,Craft-repair,0,0,36,39,0
51,Female,White,Divorced,1,173291,HS-grad,Private,Other-service,0,0,40,39,0
20,Male,White,Never-married,3,199011,Some-college,Private,Handlers-cleaners,0,0,12,39,0
32,Male,White,Never-married,3,121634,10th,Private,Machine-op-inspct,0,0,40,26,0
39,Male,White,Married-civ-spouse,0,45607,HS-grad,Local-gov,Protective-serv,0,0,56,39,0
38,Male,White,Married-civ-spouse,0,104280,Doctorate,State-gov,Prof-specialty,0,0,55,39,1
25,Female,White,Never-married,3,181896,Bachelors,Private,Adm-clerical,0,0,40,39,0
39,Female,Black,Never-married,4,172700,HS-grad,State-gov,Other-service,0,0,40,39,0
48,Male,White,Married-civ-spouse,0,431513,10th,Private,Craft-repair,0,0,65,39,1
30,Male,White,Never-married,1,182177,HS-grad,Private,Other-service,0,0,40,21,0
31,Male,White,Married-civ-spouse,0,60229,HS-grad,Private,Machine-op-inspct,0,0,40,39,0
58,Male,White,Married-civ-spouse,0,44246,9th,Local-gov,Transport-moving,0,0,40,39,0
20,Male,White,Never-married,3,224238,12th,Private,Craft-repair,0,0,40,39,0
20,Male,White,Never-married,3,195767,HS-grad,Other,Other,0,0,40,39,0
37,Male,White,Divorced,1,168941,11th,Private,Craft-repair,0,0,40,39,0
20,Female,White,Never-married,3,185452,HS-grad,Private,Adm-clerical,0,0,40,39,0
22,Male,White,Never-married,1,236769,Bachelors,Private,Prof-specialty,0,0,20,9,0
36,Male,White,Never-married,1,192704,12th,Private,Exec-managerial,4650,0,50,39,0
40,Male,White,Married-civ-spouse,0,188291,Prof-school,Private,Prof-specialty,0,0,40,39,1
45,Male,White,Married-civ-spouse,0,247043,11th,Private,Craft-repair,0,0,42,39,0
22,Male,White,Never-married,1,136824,11th,Private,Adm-clerical,0,0,40,39,0
47,Male,White,Married-civ-spouse,0,149700,Masters,Local-gov,Prof-specialty,15024,0,35,39,1
34,Male,White,Married-civ-spouse,0,198265,Bachelors,Federal-gov,Protective-serv,0,0,60,39,0
61,Female,White,Widowed,1,98776,11th,Private,Handlers-cleaners,0,0,30,39,0
31,Female,White,Divorced,1,128493,HS-grad,Private,Other-service,0,0,25,39,0
24,Female,White,Married-civ-spouse,5,33432,Assoc-acdm,Local-gov,Other-service,0,0,40,39,0
61,Female,White,Never-married,4,195519,Masters,Local-gov,Prof-specialty,0,0,25,39,0
24,Male,Asian-Pac-Islander,Never-married,3,506329,Some-college,State-gov,Adm-clerical,0,0,40,0,0
39,Male,White,Married-civ-spouse,0,103110,Bachelors,Self-emp-not-inc,Prof-specialty,0,0,50,39,0
32,Male,White,Married-civ-spouse,0,115745,Some-college,Other,Other,0,0,40,39,0
33,Male,White,Married-civ-spouse,0,58582,HS-grad,Private,Machine-op-inspct,0,0,40,39,0
20,Male,White,Never-married,3,63210,HS-grad,Private,Handlers-cleaners,0,0,15,39,0
23,Male,White,Never-married,3,182117,Assoc-acdm,Private,Other-service,0,0,60,39,0
26,Male,White,Married-civ-spouse,0,37023,Some-college,Self-emp-not-inc,Farming-fishing,0,0,78,39,0
21,Female,White,Never-married,3,387335,Some-college,Private,Tech-support,0,1719,9,39,0
45,Male,White,Separated,1,20534,Some-college,Private,Craft-repair,0,0,41,39,0
23,Female,White,Never-married,4,294701,HS-grad,Private,Adm-clerical,0,0,40,39,0
17,Male,White,Never-married,3,142964,11th,Private,Other-service,0,0,20,39,0
37,Male,White,Married-civ-spouse,0,409189,HS-grad,Private,Other-service,0,0,30,26,0
42,Female,White,Never-married,1,194710,Some-college,Private,Exec-managerial,0,0,40,39,0
19,Male,White,Never-married,3,42069,HS-grad,Private,Transport-moving,2176,0,45,39,0
53,Female,White,Divorced,4,174020,Masters,Private,Prof-specialty,0,1876,38,39,0
36,Male,White,Married-civ-spouse,0,284616,Some-college,Private,Exec-managerial,0,0,40,39,0
35,Male,Amer-Indian-Eskimo,Married-civ-spouse,0,91839,Bachelors,Private,Other-service,7688,0,20,39,1
47,Male,White,Never-married,1,330416,Some-college,Self-emp-not-inc,Farming-fishing,0,0,60,39,0
18,Male,White,Never-married,3,165316,HS-grad,Private,Transport-moving,0,0,30,39,0
37,Male,White,Married-civ-spouse,0,32668,Bachelors,Private,Machine-op-inspct,0,0,43,39,1
23,Female,White,Separated,3,435604,Assoc-voc,Private,Exec-managerial,0,0,40,39,0
61,Male,White,Married-civ-spouse,0,113544,Masters,Self-emp-inc,Sales,0,0,40,39,1
39,Female,White,Married-civ-spouse,5,43702,Assoc-voc,Local-gov,Adm-clerical,0,0,37,39,0
21,Female,White,Never-married,3,198259,Some-college,Private,Adm-clerical,0,0,15,39,0
34,Male,White,Married-civ-spouse,0,84154,Bachelors,Private,Sales,0,0,50,39,0
49,Female,White,Never-married,3,232664,Bachelors,Self-emp-not-inc,Exec-managerial,0,0,40,39,0
52,Male,White,Married-civ-spouse,0,160703,HS-grad,Private,Adm-clerical,0,0,48,39,0
63,Male,White,Married-civ-spouse,0,29859,HS-grad,Other,Other,0,1485,40,39,1
34,Male,White,Married-civ-spouse,0,173730,HS-grad,Private,Sales,0,0,50,39,0
64,Female,White,Separated,1,267546,Assoc-acdm,Federal-gov,Prof-specialty,0,0,40,39,1
39,Male,White,Married-civ-spouse,0,746786,Bachelors,Private,Prof-specialty,0,0,55,39,1
44,Female,White,Divorced,1,98106,Some-college,Self-emp-not-inc,Exec-managerial,0,0,40,39,0
27,Male,White,Never-married,2,328518,Assoc-voc,Self-emp-not-inc,Prof-specialty,0,0,30,39,0
49,Male,White,Married-civ-spouse,0,198759,Assoc-acdm,Private,Sales,15024,0,60,39,1
30,Female,White,Never-married,3,147215,Some-college,Other,Other,0,0,30,39,0
34,Male,Asian-Pac-Islander,Never-married,4,67083,Bachelors,Federal-gov,Exec-managerial,1471,0,40,1,0
44,Male,White,Married-civ-spouse,0,173704,Bachelors,Private,Exec-managerial,0,0,40,39,1
50,Female,White,Married-civ-spouse,5,168672,Masters,Local-gov,Prof-specialty,0,1902,40,39,1
19,Female,Black,Never-married,3,53220,HS-grad,Local-gov,Adm-clerical,0,0,40,39,0
56,Male,White,Married-civ-spouse,0,200316,Some-college,Private,Adm-clerical,0,0,35,39,0
38,Female,Black,Widowed,1,331609,Some-college,Local-gov,Transport-moving,0,0,47,39,0
59,Female,White,Married-civ-spouse,5,102442,Bachelors,Local-gov,Prof-specialty,0,0,45,39,1
70,Male,White,Married-civ-spouse,0,124449,Masters,Self-emp-not-inc,Exec-managerial,0,2246,8,39,1
65,Male,White,Married-civ-spouse,0,154171,Prof-school,Private,Prof-specialty,20051,0,60,39,1
59,Male,White,Married-civ-spouse,0,169133,HS-grad,Private,Craft-repair,0,0,45,39,0
59,Male,White,Married-civ-spouse,0,231377,Some-college,Private,Exec-managerial,0,1848,45,39,1
61,Male,White,Married-civ-spouse,0,198078,HS-grad,Private,Transport-moving,0,0,40,39,1
40,Male,White,Divorced,1,139193,HS-grad,Private,Craft-repair,0,0,40,39,0
26,Female,White,Married-civ-spouse,5,100147,Bachelors,Private,Exec-managerial,0,0,45,39,1
24,Male,Amer-Indian-Eskimo,Never-married,1,226668,HS-grad,Private,Other-service,0,0,35,39,0
27,Female,Black,Never-married,1,159897,HS-grad,Private,Exec-managerial,0,0,37,39,0
56,Female,White,Divorced,1,147202,Some-college,Private,Adm-clerical,0,0,45,11,0
33,Male,White,Never-married,1,155343,Some-college,Self-emp-not-inc,Farming-fishing,0,0,72,39,0
32,Female,White,Divorced,4,566117,Some-college,Federal-gov,Adm-clerical,0,0,40,39,0
55,Male,White,Married-civ-spouse,0,110748,Bachelors,Private,Exec-managerial,0,1887,40,39,1
47,Male,White,Married-civ-spouse,0,51579,Some-college,Local-gov,Protective-serv,0,0,50,39,0
47,Female,White,Widowed,3,275361,Assoc-acdm,Private,Other-service,0,0,35,39,0
29,Male,White,Married-civ-spouse,0,568490,HS-grad,Private,Craft-repair,0,0,40,39,0
30,Male,White,Never-married,1,392812,HS-grad,Private,Handlers-cleaners,0,0,50,11,0
59,Male,White,Never-married,1,216851,HS-grad,Private,Machine-op-inspct,0,0,40,39,0
49,Female,White,Widowed,4,360491,HS-grad,Private,Adm-clerical,0,0,40,39,0
39,Female,Asian-Pac-Islander,Divorced,1,301867,Bachelors,Private,Adm-clerical,0,0,24,30,0
29,Male,Black,Never-married,3,100563,HS-grad,Private,Transport-moving,0,0,40,39,0
55,Female,White,Married-spouse-absent,1,227203,Assoc-acdm,Other,Other,0,0,5,39,0
39,Female,White,Never-married,1,67433,Bachelors,Private,Exec-managerial,0,0,40,39,0
31,Male,White,Never-married,1,254293,Some-college,Private,Prof-specialty,0,0,40,39,0
17,Female,White,Never-married,3,159849,11th,Private,Protective-serv,0,0,30,39,0
46,Female,White,Divorced,1,189763,HS-grad,Private,Sales,0,0,30,39,0
50,Male,White,Divorced,1,279337,Bachelors,Private,Exec-managerial,0,0,55,39,1
55,Male,White,Married-civ-spouse,0,393768,Assoc-voc,Private,Exec-managerial,0,0,40,39,0
44,Male,White,Married-civ-spouse,0,57233,Some-college,Private,Prof-specialty,0,0,45,39,0
43,Male,White,Married-civ-spouse,0,346321,Masters,Private,Prof-specialty,0,0,45,39,1
24,Male,White,Married-civ-spouse,0,359828,Bachelors,Private,Prof-specialty,0,0,44,39,1
20,Female,White,Never-married,3,99891,Some-college,Other,Other,0,0,30,39,0
72,Female,White,Widowed,4,38360,HS-grad,Private,Other-service,0,0,16,39,0
35,Male,White,Married-civ-spouse,0,301614,HS-grad,Private,Other-service,0,0,60,39,0
46,Male,White,Married-civ-spouse,0,164749,Some-college,Private,Exec-managerial,0,0,40,39,1
25,Male,White,Married-civ-spouse,0,29599,Some-college,Private,Transport-moving,0,0,38,39,0
60,Male,White,Married-civ-spouse,0,245062,HS-grad,Private,Craft-repair,0,0,40,39,1
36,Male,White,Never-married,1,160192,HS-grad,Private,Other-service,0,0,40,39,0
41,Male,White,Married-civ-spouse,0,51506,HS-grad,Private,Exec-managerial,0,0,40,39,0
26,Male,White,Married-civ-spouse,0,244495,HS-grad,Private,Craft-repair,0,0,48,39,0
19,Female,White,Never-married,3,84747,HS-grad,Private,Sales,0,0,24,39,0
23,Female,Black,Never-married,3,213115,HS-grad,Private,Adm-clerical,0,0,40,39,0
62,Female,White,Divorced,4,197918,HS-grad,Private,Adm-clerical,0,0,40,39,0
47,Female,White,Married-civ-spouse,5,331650,HS-grad,Other,Other,0,0,8,39,1
30,Male,White,Married-civ-spouse,0,36383,Bachelors,Private,Sales,0,0,40,26,1
25,Male,White,Never-married,4,166415,HS-grad,Private,Transport-moving,0,0,52,39,0
58,Female,White,Widowed,1,142158,HS-grad,Other,Other,0,0,12,39,0
22,Female,White,Never-married,1,203240,10th,Private,Adm-clerical,0,0,40,39,0
36,Male,White,Married-civ-spouse,0,35309,Bachelors,Private,Exec-managerial,0,0,40,39,0
64,Male,White,Married-civ-spouse,0,195366,Bachelors,Self-emp-inc,Prof-specialty,0,0,40,39,0
29,Female,White,Separated,4,119170,Some-college,Private,Tech-support,0,0,40,39,0
22,Male,White,Never-married,3,201490,HS-grad,Private,Adm-clerical,0,0,20,39,0
39,Female,White,Married-civ-spouse,5,179731,Masters,Private,Exec-managerial,0,2415,65,39,1
24,Female,White,Never-married,1,390608,HS-grad,Other,Other,0,0,36,39,0
40,Female,White,Married-civ-spouse,5,182217,Some-college,Private,Other-service,0,0,40,34,0
20,Female,White,Never-married,1,26842,Some-college,Private,Machine-op-inspct,2176,0,40,39,0
47,Male,Black,Married-civ-spouse,0,191957,HS-grad,Private,Sales,0,0,40,39,1
33,Male,White,Never-married,3,112952,Some-college,Self-emp-not-inc,Craft-repair,0,0,48,39,0
42,Male,White,Divorced,1,175935,HS-grad,Private,Transport-moving,0,1980,46,39,0
53,Male,Black,Married-civ-spouse,0,133219,HS-grad,Private,Other-service,4386,0,30,39,1
45,Male,White,Married-civ-spouse,0,167159,Bachelors,Local-gov,Protective-serv,0,0,50,39,1
43,Male,White,Married-civ-spouse,0,174524,HS-grad,Private,Machine-op-inspct,0,0,40,39,1
44,Male,Black,Married-civ-spouse,0,443040,HS-grad,Private,Handlers-cleaners,0,0,40,39,0
39,Male,White,Married-civ-spouse,0,25803,Some-college,Private,Sales,0,0,55,39,0
52,Male,White,Divorced,1,31460,HS-grad,Private,Other-service,0,0,38,39,0
50,Male,Black,Married-civ-spouse,0,260579,HS-grad,Other,Other,0,0,40,39,0
50,Male,White,Married-civ-spouse,0,174655,Some-college,Private,Sales,0,0,45,39,1
34,Male,White,Married-civ-spouse,0,204461,Doctorate,Private,Prof-specialty,0,0,60,39,1
32,Female,White,Married-civ-spouse,5,127610,Bachelors,Private,Prof-specialty,0,1902,32,39,1
61,Male,White,Married-civ-spouse,0,136787,Some-college,Federal-gov,Adm-clerical,0,0,40,39,1
35,Male,White,Married-civ-spouse,0,30916,HS-grad,Private,Transport-moving,0,0,50,39,1
30,Male,White,Divorced,1,148959,Some-college,Self-emp-not-inc,Craft-repair,0,0,35,39,0
23,Female,White,Never-married,2,122048,HS-grad,Private,Machine-op-inspct,0,0,40,39,0
42,Male,White,Married-civ-spouse,0,175526,HS-grad,Private,Machine-op-inspct,0,0,40,39,0
56,Male,White,Married-civ-spouse,0,157749,Some-college,Private,Farming-fishing,0,0,60,39,1
34,Male,White,Never-married,3,111567,HS-grad,Private,Transport-moving,0,0,40,39,0
47,Male,White,Married-civ-spouse,0,185385,HS-grad,Private,Prof-specialty,5013,0,24,39,0
17,Female,White,Never-married,3,244589,11th,Private,Sales,0,0,40,39,0
41,Male,White,Divorced,3,115411,Some-college,Private,Sales,2174,0,45,39,0
24,Female,White,Never-married,1,197666,Bachelors,Private,Exec-managerial,0,0,40,39,0
37,Female,White,Divorced,4,281751,Some-college,Private,Other-service,0,0,30,39,0
37,Male,White,Separated,4,86459,Assoc-acdm,Self-emp-inc,Exec-managerial,0,0,50,39,0
63,Male,White,Married-civ-spouse,0,172740,Some-college,Private,Prof-specialty,0,0,40,39,0
23,Female,White,Divorced,1,214227,Assoc-voc,Private,Adm-clerical,0,0,30,39,0
27,Male,White,Never-married,3,273929,HS-grad,Local-gov,Farming-fishing,0,0,40,39,0
53,Female,White,Married-civ-spouse,5,205005,Bachelors,Local-gov,Prof-specialty,0,0,60,39,1
72,Male,White,Married-civ-spouse,0,144515,Doctorate,Local-gov,Exec-managerial,0,1258,40,39,0
34,Male,White,Separated,4,102858,HS-grad,Private,Adm-clerical,0,0,40,39,0
33,Female,White,Divorced,4,118551,HS-grad,Private,Adm-clerical,0,0,40,39,0
42,Male,White,Divorced,4,153132,Bachelors,Private,Sales,0,0,45,0,0
30,Female,White,Separated,1,73796,Bachelors,Local-gov,Prof-specialty,0,0,40,39,0
75,Male,White,Married-civ-spouse,0,187424,HS-grad,Private,Craft-repair,0,0,20,39,0
26,Male,White,Married-civ-spouse,0,188626,HS-grad,Private,Craft-repair,0,0,48,39,0
47,Male,White,Married-civ-spouse,0,80282,Doctorate,State-gov,Prof-specialty,0,0,45,39,0
35,Male,White,Married-civ-spouse,0,189092,Bachelors,Private,Exec-managerial,0,0,40,39,1
50,Female,White,Divorced,4,307392,Masters,State-gov,Prof-specialty,0,0,40,39,0
17,Male,White,Never-married,3,263746,10th,Private,Other-service,0,0,24,39,0
26,Male,Black,Married-civ-spouse,0,141838,Bachelors,State-gov,Exec-managerial,0,0,40,39,1
42,Male,White,Divorced,1,303155,Assoc-acdm,Private,Adm-clerical,0,0,40,39,0
24,Male,White,Never-married,1,390348,HS-grad,Private,Transport-moving,0,0,40,39,0
33,Female,White,Married-civ-spouse,5,183923,Masters,Local-gov,Prof-specialty,7688,0,35,39,1
29,Male,White,Never-married,4,277323,HS-grad,Local-gov,Protective-serv,0,0,45,39,0
57,Male,White,Married-civ-spouse,0,153918,HS-grad,Private,Transport-moving,0,0,40,39,0
38,Male,White,Married-civ-spouse,0,111377,Some-college,Private,Exec-managerial,0,0,55,39,0
46,Male,White,Married-civ-spouse,0,145290,Some-college,Private,Craft-repair,0,0,40,39,0
19,Male,White,Never-married,1,258470,HS-grad,Private,Handlers-cleaners,0,0,40,39,0
30,Female,White,Never-married,1,159442,HS-grad,Private,Other-service,0,0,40,21,0
30,Female,Black,Never-married,4,303485,Some-college,Local-gov,Transport-moving,0,0,40,39,0
37,Female,White,Married-civ-spouse,5,99151,HS-grad,Private,Adm-clerical,0,0,40,39,1
24,Female,Amer-Indian-Eskimo,Divorced,4,19410,HS-grad,Private,Sales,0,0,48,39,0
25,Male,White,Never-married,1,31350,HS-grad,Private,Handlers-cleaners,0,0,60,9,0
50,Male,White,Divorced,1,197054,Prof-school,Self-emp-not-inc,Sales,0,0,50,39,1
18,Female,Amer-Indian-Eskimo,Never-married,2,40829,11th,Private,Sales,0,0,25,39,0
26,Male,White,Married-civ-spouse,0,104746,HS-grad,Private,Craft-repair,5013,0,60,39,0
27,Male,Asian-Pac-Islander,Married-civ-spouse,0,292472,Some-college,Private,Prof-specialty,0,0,40,1,1
28,Male,White,Married-civ-spouse,0,293926,HS-grad,Private,Craft-repair,0,1740,30,39,0
21,Male,White,Never-married,3,253190,Some-college,Other,Other,0,0,48,39,0
42,Male,White,Never-married,1,296798,11th,Federal-gov,Tech-support,0,1340,40,39,0
69,Female,White,Widowed,1,203313,HS-grad,Private,Other-service,991,0,18,39,0
39,Female,White,Never-married,1,191002,HS-grad,Private,Sales,0,0,40,31,0
33,Female,White,Never-married,4,323619,Some-college,Private,Adm-clerical,0,0,40,39,0
34,Male,White,Married-civ-spouse,0,117963,Prof-school,Private,Prof-specialty,0,0,50,39,1
18,Male,White,Never-married,3,141918,HS-grad,Private,Handlers-cleaners,0,0,22,39,0
46,Female,Black,Never-married,4,227310,Some-college,Federal-gov,Adm-clerical,0,0,40,39,0
40,Male,Asian-Pac-Islander,Married-civ-spouse,0,173858,7th-8th,Private,Other-service,0,0,42,1,0
42,Male,White,Married-civ-spouse,0,96524,Bachelors,Self-emp-not-inc,Sales,0,0,40,39,1
36,Male,White,Married-civ-spouse,0,180667,HS-grad,Private,Craft-repair,0,1887,60,39,1
72,Female,White,Widowed,1,106890,Assoc-voc,Private,Adm-clerical,0,0,40,39,0
39,Male,White,Married-civ-spouse,0,99146,Masters,Private,Prof-specialty,0,0,40,0,1
63,Male,White,Married-civ-spouse,0,310396,9th,Other,Other,5178,0,40,39,1
18,Female,White,Never-married,3,266287,Some-college,Other,Other,0,0,25,39,0
30,Female,Black,Never-married,1,180283,HS-grad,State-gov,Other-service,0,0,40,39,0
79,Male,White,Married-civ-spouse,0,120707,Doctorate,Private,Prof-specialty,20051,0,35,8,1
53,Male,White,Married-civ-spouse,0,101017,HS-grad,Self-emp-not-inc,Exec-managerial,0,0,35,39,0
57,Female,White,Divorced,1,155259,Some-college,Other,Other,0,0,40,39,0
80,Male,White,Married-civ-spouse,0,184335,7th-8th,Self-emp-not-inc,Farming-fishing,0,0,30,39,0
26,Male,White,Divorced,2,33610,HS-grad,Private,Other-service,0,0,40,39,0
38,Male,White,Married-civ-spouse,0,169672,HS-grad,Private,Exec-managerial,0,0,40,39,0
22,Male,White,Never-married,3,215477,Some-college,Private,Transport-moving,0,0,40,39,0
59,Female,White,Never-married,1,154100,Masters,Private,Sales,27828,0,45,39,1
38,Male,White,Married-civ-spouse,0,34180,Some-college,State-gov,Exec-managerial,0,0,40,39,0
43,Female,Black,Divorced,1,91949,HS-grad,Private,Machine-op-inspct,0,0,40,39,0
42,Female,Black,Divorced,4,65950,HS-grad,Federal-gov,Adm-clerical,0,0,40,39,0
26,Male,White,Married-civ-spouse,0,182308,Some-college,Private,Prof-specialty,0,0,40,39,0
25,Male,White,Never-married,3,304032,HS-grad,Private,Adm-clerical,0,0,36,39,0
53,Male,White,Separated,1,187830,Assoc-voc,Self-emp-not-inc,Craft-repair,0,0,40,31,0
32,Male,Amer-Indian-Eskimo,Married-civ-spouse,0,27939,Some-college,Self-emp-not-inc,Sales,0,0,60,39,0
52,Male,White,Divorced,1,186272,HS-grad,Private,Sales,0,0,40,39,0
22,Male,Black,Never-married,3,315524,Some-college,Private,Adm-clerical,0,0,30,6,0
34,Male,White,Divorced,3,182691,HS-grad,Private,Exec-managerial,0,0,44,39,0
21,Male,White,Married-civ-spouse,0,163870,10th,Private,Other-service,3908,0,40,39,0
57,Male,White,Married-civ-spouse,0,35561,HS-grad,Self-emp-not-inc,Farming-fishing,0,0,60,39,1
19,Female,White,Never-married,1,185097,HS-grad,Private,Handlers-cleaners,0,0,37,39,0
18,Female,White,Never-married,3,171964,HS-grad,Other,Other,0,1602,20,39,0
28,Male,White,Married-civ-spouse,0,57066,HS-grad,Private,Transport-moving,0,0,40,39,0
20,Female,White,Never-married,3,170091,Some-college,Private,Adm-clerical,0,0,10,39,0
35,Male,White,Married-civ-spouse,0,140564,Bachelors,Private,Sales,0,0,40,39,1
72,Male,White,Divorced,1,271352,10th,Other,Other,0,0,12,39,0
40,Male,White,Married-civ-spouse,0,204235,Masters,Self-emp-not-inc,Exec-managerial,99999,0,50,39,1
39,Female,White,Never-married,1,22494,Bachelors,Private,Exec-managerial,0,0,40,39,0
34,Male,White,Married-civ-spouse,0,181091,Bachelors,Private,Exec-managerial,0,1977,45,39,1
45,Female,White,Separated,1,32186,Bachelors,State-gov,Prof-specialty,0,0,40,39,0
35,Male,White,Married-civ-spouse,0,184659,HS-grad,State-gov,Craft-repair,0,1485,40,39,1
73,Female,White,Widowed,4,220019,9th,Private,Other-service,0,0,9,39,0
32,Male,White,Never-married,2,286675,Some-college,Private,Exec-managerial,0,0,40,39,0
49,Female,White,Married-civ-spouse,5,169180,7th-8th,Private,Machine-op-inspct,0,0,40,17,0
53,Male,White,Married-civ-spouse,0,134854,Assoc-voc,Self-emp-inc,Exec-managerial,0,0,40,12,1
40,Male,White,Married-civ-spouse,0,225193,HS-grad,Private,Handlers-cleaners,0,0,63,39,0
47,Female,Black,Divorced,1,217161,HS-grad,Private,Other-service,0,0,14,39,0
45,Male,White,Married-civ-spouse,0,101299,Doctorate,State-gov,Prof-specialty,0,0,40,39,1
51,Male,White,Never-married,1,94081,HS-grad,Private,Craft-repair,0,0,40,39,1
22,Male,White,Never-married,3,375422,Bachelors,Self-emp-inc,Adm-clerical,0,0,40,35,0
34,Female,White,Divorced,4,136997,HS-grad,Private,Adm-clerical,0,0,35,39,0
27,Female,White,Never-married,1,158647,Some-college,Private,Adm-clerical,0,0,40,39,0
46,Male,White,Married-civ-spouse,0,148995,HS-grad,Private,Sales,0,0,40,39,1
38,Male,White,Divorced,1,64875,HS-grad,Self-emp-not-inc,Farming-fishing,0,0,50,39,0
42,Male,White,Married-civ-spouse,0,220647,Bachelors,Self-emp-not-inc,Farming-fishing,0,0,45,39,0
25,Female,White,Never-married,3,189219,Bachelors,Private,Tech-support,0,0,16,39,0
39,Female,Asian-Pac-Islander,Never-married,3,63910,Some-college,Private,Adm-clerical,0,0,40,39,0
43,Male,Black,Separated,1,118001,7th-8th,Private,Farming-fishing,0,0,40,39,0
45,Male,White,Married-civ-spouse,0,112362,10th,Private,Sales,0,0,40,39,0
59,Male,White,Divorced,1,223131,HS-grad,Self-emp-not-inc,Exec-managerial,0,0,60,39,0
45,Female,White,Divorced,1,270842,Some-college,Private,Other-service,0,0,40,39,0
50,Male,Black,Married-civ-spouse,0,343014,Some-college,Federal-gov,Exec-managerial,0,0,40,39,0
32,Male,White,Married-civ-spouse,0,329993,Some-college,Private,Transport-moving,0,0,50,39,0
76,Male,White,Married-civ-spouse,0,28221,HS-grad,Other,Other,0,0,40,2,1
51,Male,White,Divorced,1,123429,Assoc-acdm,Private,Tech-support,0,0,30,39,0
53,Male,White,Never-married,4,35295,Bachelors,Self-emp-not-inc,Sales,0,0,60,39,1
45,Male,White,Married-civ-spouse,0,77764,Assoc-acdm,Private,Craft-repair,0,0,40,39,0
22,Female,White,Never-married,2,213902,5th-6th,Private,Priv-house-serv,0,0,40,8,0
50,Male,White,Married-civ-spouse,0,119099,Some-college,Self-emp-inc,Exec-managerial,0,0,99,39,1
41,Male,White,Married-civ-spouse,0,104892,Masters,Private,Exec-managerial,0,0,40,39,1
49,Male,White,Married-civ-spouse,0,181307,Prof-school,Self-emp-not-inc,Prof-specialty,15024,0,65,39,1
23,Female,White,Divorced,4,134997,HS-grad,Private,Other-service,0,0,80,39,0
29,Female,Black,Never-married,4,419721,HS-grad,Private,Other-service,0,0,40,24,0
43,Male,White,Married-civ-spouse,0,155106,Bachelors,Federal-gov,Handlers-cleaners,0,0,53,39,0
24,Female,White,Married-spouse-absent,3,234640,HS-grad,Private,Sales,0,0,36,39,0
67,Male,White,Married-civ-spouse,0,168370,Some-college,Self-emp-inc,Sales,0,0,40,39,0
59,Male,White,Married-civ-spouse,0,227386,10th,Private,Craft-repair,0,0,40,39,0
25,Male,White,Never-married,3,120268,Bachelors,Private,Prof-specialty,0,0,70,39,0
18,Male,Amer-Indian-Eskimo,Never-married,3,194897,HS-grad,Private,Handlers-cleaners,0,0,40,39,0
39,Male,White,Married-civ-spouse,0,245053,Bachelors,Private,Prof-specialty,0,0,50,39,1
44,Male,White,Married-civ-spouse,0,120057,Assoc-acdm,Private,Exec-managerial,4386,0,45,39,1
40,Male,White,Married-civ-spouse,0,132222,HS-grad,Self-emp-inc,Exec-managerial,0,0,40,39,0
26,Male,White,Never-married,3,102476,Bachelors,Private,Adm-clerical,0,0,25,39,0
46,Male,White,Married-civ-spouse,0,276087,HS-grad,Private,Sales,5013,0,50,39,0
17,Female,White,Never-married,3,41643,11th,Other,Other,0,0,15,39,0
29,Female,White,Never-married,3,351324,Bachelors,Private,Sales,0,0,40,39,0
43,Male,White,Married-civ-spouse,0,347653,Some-college,Private,Prof-specialty,0,0,48,39,1
60,Female,White,Divorced,1,358893,Bachelors,State-gov,Prof-specialty,0,2339,40,39,0
53,Male,White,Married-civ-spouse,0,199665,Bachelors,Other,Other,0,0,30,39,1
36,Female,White,Married-civ-spouse,5,135416,Some-college,Self-emp-not-inc,Other-service,0,0,50,39,0
42,Male,White,Married-civ-spouse,0,120277,Masters,Self-emp-inc,Exec-managerial,0,0,40,39,1
28,Male,White,Divorced,1,87239,HS-grad,Private,Transport-moving,0,0,50,39,0
44,Male,White,Married-civ-spouse,0,172032,HS-grad,Private,Transport-moving,0,0,40,39,0
40,Male,White,Divorced,1,34722,Some-college,Private,Transport-moving,0,0,48,39,1
22,Male,White,Married-civ-spouse,0,46561,Assoc-voc,Private,Machine-op-inspct,0,0,40,39,0
18,Male,Black,Never-married,3,120544,9th,Private,Other-service,0,0,15,39,0
33,Female,Black,Separated,1,340332,Bachelors,Private,Exec-managerial,0,0,45,39,0
64,Male,White,Married-civ-spouse,0,161926,HS-grad,Federal-gov,Prof-specialty,0,0,8,39,0
59,Female,Black,Married-civ-spouse,5,172071,HS-grad,Private,Prof-specialty,0,0,38,23,0
74,Male,White,Married-civ-spouse,0,92298,Bachelors,Self-emp-not-inc,Exec-managerial,0,0,10,39,0
47,Male,Black,Married-civ-spouse,0,142581,Some-college,Federal-gov,Adm-clerical,0,0,40,39,1
34,Male,White,Married-civ-spouse,0,177675,Some-college,Self-emp-inc,Exec-managerial,0,0,65,39,1
54,Male,White,Married-civ-spouse,0,139703,Some-college,Private,Craft-repair,3103,0,40,11,1
58,Male,White,Married-civ-spouse,0,93664,HS-grad,Self-emp-not-inc,Exec-managerial,15024,0,60,39,1
47,Male,White,Married-civ-spouse,0,239321,Bachelors,Self-emp-inc,Sales,0,0,40,39,1
43,Male,White,Never-married,1,177937,Bachelors,Private,Prof-specialty,0,0,40,0,1
44,Male,White,Married-civ-spouse,0,209174,Bachelors,Private,Exec-managerial,0,0,70,39,1
19,Male,White,Never-married,1,389942,HS-grad,Private,Sales,0,0,40,39,0
49,Male,White,Married-civ-spouse,0,99361,Prof-school,Private,Prof-specialty,0,0,45,39,0
25,Female,Asian-Pac-Islander,Never-married,1,161478,Bachelors,Private,Prof-specialty,0,0,40,39,0
22,Female,White,Never-married,3,231912,Assoc-voc,Private,Adm-clerical,0,0,37,39,0
49,Male,White,Married-civ-spouse,0,315998,Bachelors,Self-emp-inc,Exec-managerial,0,0,50,39,0
35,Male,White,Never-married,1,341643,Bachelors,Private,Sales,0,0,55,39,0
72,Female,White,Widowed,1,213255,HS-grad,Other,Other,0,0,8,39,0
58,Female,White,Divorced,2,205896,HS-grad,Private,Sales,0,0,40,39,0
27,Male,White,Never-married,1,130856,Bachelors,Other,Other,0,0,40,39,0
36,Male,White,Married-civ-spouse,0,109133,HS-grad,Private,Craft-repair,0,0,40,39,0
23,Male,White,Never-married,1,220993,HS-grad,Private,Sales,0,1590,48,39,0
42,Female,White,Separated,1,179524,Bachelors,Private,Other-service,0,0,50,39,0
19,Male,White,Never-married,2,285750,HS-grad,Private,Handlers-cleaners,0,0,30,39,0
35,Male,White,Married-civ-spouse,0,350247,Prof-school,Self-emp-not-inc,Prof-specialty,0,0,50,39,1
36,Male,White,Married-civ-spouse,0,370767,HS-grad,Private,Prof-specialty,0,2377,60,39,0
36,Male,White,Never-married,3,176101,Some-college,Private,Craft-repair,2174,0,60,39,0
41,Male,White,Married-civ-spouse,0,116391,Bachelors,Private,Handlers-cleaners,0,0,40,11,0
42,Male,White,Divorced,4,152676,7th-8th,Private,Craft-repair,0,0,40,33,0
42,Male,White,Married-civ-spouse,0,183765,Assoc-acdm,Self-emp-not-inc,Sales,0,0,40,0,0
20,Male,White,Never-married,2,482732,HS-grad,Private,Adm-clerical,0,0,24,39,0
42,Male,White,Married-civ-spouse,0,175935,HS-grad,Private,Machine-op-inspct,0,0,40,39,0
36,Male,White,Never-married,1,272950,Some-college,Private,Sales,0,0,50,39,0
51,Male,White,Married-civ-spouse,0,146767,Assoc-voc,Private,Prof-specialty,0,0,40,39,1
39,Male,White,Married-civ-spouse,0,241153,Masters,Self-emp-inc,Exec-managerial,0,0,50,39,0
51,Female,White,Divorced,1,153908,Masters,Local-gov,Exec-managerial,0,0,40,39,0
54,Male,White,Married-civ-spouse,0,145714,HS-grad,Private,Tech-support,7688,0,25,39,1
29,Male,Other,Divorced,1,242147,HS-grad,Federal-gov,Adm-clerical,0,0,45,39,0
40,Male,White,Married-civ-spouse,0,167081,Masters,Self-emp-not-inc,Sales,3103,0,50,39,0
27,Male,White,Never-married,1,213152,Some-college,Private,Sales,0,0,40,39,0
35,Female,White,Never-married,1,406051,Doctorate,Private,Prof-specialty,0,0,80,39,1
37,Male,White,Married-civ-spouse,0,129573,Doctorate,Federal-gov,Prof-specialty,0,0,72,0,1
36,Male,White,Married-civ-spouse,0,52532,Doctorate,Local-gov,Prof-specialty,0,1887,50,39,1
23,Male,Black,Divorced,1,250743,Some-college,Private,Adm-clerical,0,0,40,39,0
44,Male,White,Married-civ-spouse,0,36271,Bachelors,Private,Craft-repair,0,0,40,39,0
50,Female,Asian-Pac-Islander,Widowed,4,324506,HS-grad,Self-emp-not-inc,Exec-managerial,0,0,48,35,0
58,Male,White,Married-civ-spouse,0,197114,11th,Private,Craft-repair,0,0,40,39,0
32,Male,White,Never-married,1,216145,Some-college,Private,Craft-repair,4650,0,45,39,0
17,Female,White,Never-married,3,93235,12th,Private,Other-service,0,1721,25,39,0
28,Male,White,Married-civ-spouse,0,90196,Bachelors,Private,Exec-managerial,0,0,45,39,1
47,Female,White,Divorced,1,141483,9th,State-gov,Other-service,0,0,40,39,0
27,Male,Asian-Pac-Islander,Never-married,3,153078,Prof-school,Private,Prof-specialty,0,0,40,39,0
19,Female,White,Never-married,3,284652,Some-college,Private,Adm-clerical,0,0,15,39,0
24,Female,White,Never-married,3,183410,Some-college,Private,Sales,0,0,17,39,0
44,Male,Black,Divorced,1,248973,Bachelors,Private,Adm-clerical,0,0,65,39,0
33,Male,White,Married-civ-spouse,0,339482,HS-grad,Private,Craft-repair,0,0,40,39,0
31,Male,White,Married-civ-spouse,0,130021,HS-grad,Private,Machine-op-inspct,0,0,45,39,0
47,Female,White,Never-married,4,128401,Doctorate,Local-gov,Prof-specialty,0,0,40,39,0
54,Male,White,Married-civ-spouse,0,114520,Some-college,Self-emp-not-inc,Sales,0,0,40,39,0
35,Male,White,Married-civ-spouse,0,186934,HS-grad,Private,Exec-managerial,7688,0,50,39,1
67,Female,White,Divorced,1,116057,HS-grad,Self-emp-not-inc,Exec-managerial,3273,0,16,39,0
60,Male,Black,Divorced,1,146674,HS-grad,Self-emp-not-inc,Craft-repair,0,0,50,0,0
19,Female,White,Never-married,3,194260,Some-college,State-gov,Adm-clerical,0,0,15,39,0
44,Female,White,Divorced,4,106698,HS-grad,Private,Other-service,0,0,40,39,0
41,Female,White,Divorced,4,141327,Masters,Self-emp-not-inc,Prof-specialty,0,0,35,39,0
38,Male,White,Married-civ-spouse,0,170174,10th,Private,Machine-op-inspct,0,0,40,39,1
41,Female,Asian-Pac-Islander,Divorced,4,90692,HS-grad,Local-gov,Prof-specialty,0,0,40,39,0
45,Male,Black,Never-married,1,312678,Masters,State-gov,Adm-clerical,0,0,38,39,0
42,Male,White,Married-civ-spouse,0,155972,HS-grad,Private,Handlers-cleaners,0,0,40,39,1
40,Female,White,Divorced,1,33274,HS-grad,Local-gov,Other-service,0,0,50,39,0
33,Male,White,Married-civ-spouse,0,188246,HS-grad,Federal-gov,Craft-repair,0,0,40,39,0
48,Male,White,Married-civ-spouse,0,187715,HS-grad,Private,Craft-repair,0,0,46,39,0
37,Male,White,Married-civ-spouse,0,249392,Assoc-voc,Local-gov,Protective-serv,0,0,40,39,1
31,Male,White,Divorced,1,144949,Bachelors,Self-emp-not-inc,Craft-repair,0,0,60,39,0
38,Male,White,Married-civ-spouse,0,383239,10th,Private,Craft-repair,3103,0,40,39,1
39,Male,White,Married-civ-spouse,0,180804,HS-grad,Self-emp-inc,Exec-managerial,0,0,40,39,1
67,Male,White,Married-civ-spouse,0,192916,HS-grad,Other,Other,3818,0,11,39,0
21,Male,White,Never-married,3,186648,Some-college,Private,Other-service,0,0,20,39,0
41,Female,White,Never-married,1,163174,HS-grad,Private,Adm-clerical,0,0,40,39,0
69,Male,White,Married-civ-spouse,0,277588,HS-grad,Private,Sales,0,0,10,39,0
19,Male,Black,Never-married,3,266635,HS-grad,Private,Other-service,0,0,30,39,0
55,Male,White,Married-civ-spouse,0,106740,HS-grad,Private,Exec-managerial,0,0,40,39,1
49,Male,White,Divorced,4,219021,Some-college,Local-gov,Exec-managerial,0,0,48,39,1
25,Male,White,Married-civ-spouse,0,189027,HS-grad,Self-emp-not-inc,Farming-fishing,0,0,30,39,0
25,Male,White,Never-married,3,212495,Bachelors,Private,Exec-managerial,0,1340,40,39,0
36,Male,White,Divorced,1,321733,Bachelors,Private,Exec-managerial,0,1741,40,39,0
35,Male,White,Never-married,3,257250,HS-grad,Other,Other,0,0,40,39,0
51,Male,White,Married-civ-spouse,0,237819,Bachelors,Federal-gov,Prof-specialty,0,0,50,39,1
33,Male,White,Married-civ-spouse,0,152351,Some-college,Local-gov,Protective-serv,3908,0,40,39,0
21,Male,White,Never-married,3,117210,HS-grad,Private,Machine-op-inspct,0,0,40,39,0
21,Female,White,Never-married,1,169699,Some-college,Private,Other-service,0,0,35,39,0
38,Male,White,Separated,1,115215,10th,Self-emp-not-inc,Machine-op-inspct,0,0,40,39,0
32,Male,White,Never-married,1,249550,Some-college,Private,Prof-specialty,0,0,44,39,0
66,Female,Black,Widowed,4,102640,HS-grad,State-gov,Prof-specialty,0,0,35,39,0
45,Male,White,Married-civ-spouse,0,225456,Bachelors,Private,Prof-specialty,0,1977,40,39,1
39,Male,White,Married-civ-spouse,0,105813,HS-grad,Private,Craft-repair,0,0,40,39,0
36,Male,White,Married-civ-spouse,0,189404,Bachelors,Private,Sales,0,1977,35,39,1
28,Male,White,Never-married,1,334032,Assoc-voc,Private,Sales,0,0,50,39,0
58,Female,White,Married-civ-spouse,5,136841,Bachelors,Private,Prof-specialty,99999,0,35,39,1
32,Female,White,Married-civ-spouse,5,128002,Assoc-voc,Private,Adm-clerical,0,0,45,39,0
29,Male,White,Married-civ-spouse,0,383745,HS-grad,Private,Machine-op-inspct,0,1887,30,39,1
55,Male,Black,Married-civ-spouse,0,154580,10th,Private,Other-service,2580,0,40,39,0
51,Female,White,Married-civ-spouse,5,205100,HS-grad,Self-emp-not-inc,Exec-managerial,0,0,40,39,0
21,Female,Other,Never-married,1,177420,Some-college,Private,Adm-clerical,0,0,40,39,0
32,Female,White,Never-married,1,232766,Some-college,Private,Adm-clerical,0,0,40,39,0
35,Female,White,Never-married,1,32220,Assoc-acdm,Private,Exec-managerial,0,0,60,39,0
45,Female,White,Widowed,4,99179,11th,Private,Adm-clerical,0,0,40,39,0
22,Male,White,Never-married,3,99199,Some-college,Private,Handlers-cleaners,0,0,20,39,0
66,Female,White,Widowed,1,86010,10th,Private,Transport-moving,0,0,11,39,0
23,Female,White,Never-married,1,420973,Bachelors,Private,Prof-specialty,0,0,40,39,0
60,Female,White,Married-civ-spouse,5,166330,HS-grad,Private,Other-service,99999,0,40,39,1
37,Male,White,Married-civ-spouse,0,103323,Assoc-acdm,Private,Sales,0,0,40,39,0
24,Male,White,Never-married,3,228649,Bachelors,Private,Adm-clerical,0,0,38,39,0
21,Male,White,Never-married,1,301694,HS-grad,Private,Craft-repair,0,0,35,26,0
32,Male,White,Married-civ-spouse,0,106014,Some-college,Private,Sales,5178,0,50,39,1
65,Male,Black,Married-civ-spouse,0,326691,Some-college,State-gov,Machine-op-inspct,0,0,40,39,1
57,Male,White,Married-civ-spouse,0,286836,10th,Self-emp-not-inc,Craft-repair,0,0,8,39,0
34,Male,White,Married-civ-spouse,0,337587,Some-college,Private,Prof-specialty,0,0,50,39,1
39,Female,White,Divorced,4,164156,Assoc-acdm,Local-gov,Other-service,0,0,55,39,0
35,Female,White,Widowed,4,275522,7th-8th,Private,Other-service,0,0,80,39,0
17,Female,Black,Never-married,3,216595,11th,Other,Other,0,0,20,39,0
64,Male,White,Married-civ-spouse,0,98586,Doctorate,Private,Prof-specialty,0,0,60,39,1
36,Male,White,Married-civ-spouse,0,217077,HS-grad,Private,Sales,0,0,50,39,0
21,Female,White,Never-married,1,199419,Some-college,Private,Adm-clerical,0,0,40,39,0
25,Female,White,Separated,2,184303,Some-college,Private,Priv-house-serv,0,0,30,8,0
34,Male,White,Never-married,3,228873,Bachelors,Private,Exec-managerial,0,0,40,39,0
26,Male,White,Married-civ-spouse,0,211424,Some-college,Private,Handlers-cleaners,0,0,40,39,1
43,Male,Black,Married-civ-spouse,0,334946,HS-grad,Private,Handlers-cleaners,0,0,40,39,0
51,Male,White,Married-civ-spouse,0,392668,Doctorate,Private,Exec-managerial,15024,0,84,39,1
28,Male,White,Married-civ-spouse,0,109165,HS-grad,Private,Tech-support,0,0,40,39,0
43,Female,White,Never-married,4,112763,HS-grad,Private,Adm-clerical,8614,0,43,39,1
39,Male,White,Married-civ-spouse,0,269722,Bachelors,Private,Exec-managerial,0,0,70,39,0
48,Female,White,Divorced,1,199735,Bachelors,Private,Priv-house-serv,0,0,44,11,0
34,Male,White,Married-civ-spouse,0,111985,HS-grad,Private,Craft-repair,0,0,45,39,0
42,Male,White,Never-married,1,144995,Preschool,Private,Handlers-cleaners,0,0,25,39,0
35,Male,White,Married-civ-spouse,0,145308,Some-college,Local-gov,Other-service,0,0,40,39,0
40,Male,White,Married-civ-spouse,0,184378,Some-college,Private,Sales,0,0,60,33,0
39,Male,White,Divorced,1,357173,Assoc-acdm,Local-gov,Prof-specialty,0,0,59,39,0
32,Female,White,Never-married,1,290964,Bachelors,Private,Sales,0,1590,40,39,0
59,Male,Asian-Pac-Islander,Divorced,1,98350,HS-grad,Private,Other-service,0,0,40,3,0
35,Male,White,Married-civ-spouse,0,126569,Some-college,Private,Sales,4064,0,40,39,0
22,Male,White,Never-married,3,304602,HS-grad,Private,Handlers-cleaners,0,0,40,39,0
34,Female,White,Never-married,1,98656,Some-college,Private,Prof-specialty,0,0,40,39,0
61,Male,White,Married-civ-spouse,0,231323,Some-college,Private,Craft-repair,0,0,40,39,0
19,Male,White,Never-married,3,46162,HS-grad,Private,Farming-fishing,0,0,25,39,0
46,Male,White,Married-civ-spouse,0,269652,Some-college,Private,Craft-repair,4386,0,38,39,1
41,Female,Black,Separated,1,49797,Some-college,Private,Exec-managerial,0,0,40,39,0
25,Male,White,Never-married,3,207875,Some-college,Private,Farming-fishing,0,0,20,39,0
39,Male,White,Married-civ-spouse,0,202683,Bachelors,Private,Adm-clerical,0,0,40,39,0
35,Male,White,Never-married,1,27408,Some-college,Private,Sales,0,0,40,39,0
36,Male,White,Married-civ-spouse,0,241998,Bachelors,Local-gov,Prof-specialty,0,1672,50,39,0
34,Male,White,Married-civ-spouse,0,209691,Assoc-voc,Private,Prof-specialty,4386,0,50,39,1
22,Female,White,Never-married,1,181313,Assoc-voc,Private,Other-service,0,0,30,39,0
36,Male,White,Married-civ-spouse,0,191161,Some-college,Local-gov,Protective-serv,0,0,57,39,1
29,Female,Black,Married-civ-spouse,3,144808,Some-college,Private,Exec-managerial,0,0,40,39,0
69,Male,White,Married-civ-spouse,0,349022,HS-grad,Self-emp-not-inc,Sales,0,0,33,39,0
50,Female,White,Divorced,4,139464,Bachelors,Private,Prof-specialty,0,0,36,21,0
17,Male,White,Never-married,3,126832,10th,Private,Other-service,0,0,30,39,0
61,Male,White,Married-civ-spouse,0,128848,HS-grad,Private,Machine-op-inspct,3471,0,40,39,0
24,Female,White,Never-married,3,133520,Some-college,Private,Sales,0,0,15,39,0
46,Male,White,Married-civ-spouse,0,209057,Masters,Local-gov,Exec-managerial,0,0,50,39,1
48,Female,White,Widowed,4,239058,12th,Private,Handlers-cleaners,0,0,50,39,0
25,Male,White,Married-civ-spouse,0,213412,Some-college,Private,Sales,0,0,40,39,1
55,Female,White,Married-civ-spouse,5,176012,9th,Private,Tech-support,0,0,23,39,0
46,Female,Black,Widowed,4,228620,11th,Other,Other,0,0,40,39,0
53,Male,White,Married-civ-spouse,0,127671,7th-8th,Private,Machine-op-inspct,0,0,40,39,0
69,Female,White,Widowed,1,628797,Some-college,Other,Other,0,0,20,39,0
23,Male,White,Never-married,1,145964,Some-college,Other,Other,0,0,40,39,0
36,Male,White,Divorced,4,238415,HS-grad,Private,Craft-repair,0,0,40,39,0
51,Male,White,Married-civ-spouse,0,94432,HS-grad,Private,Prof-specialty,0,0,40,39,0
60,Female,White,Divorced,4,163729,HS-grad,Private,Tech-support,2597,0,40,39,0
24,Female,White,Separated,1,212300,HS-grad,Other,Other,0,0,38,39,0
50,Female,White,Divorced,4,54709,HS-grad,State-gov,Adm-clerical,0,0,46,39,0
35,Female,White,Never-married,1,85399,HS-grad,Private,Machine-op-inspct,0,0,40,39,0
39,Male,Other,Divorced,2,160120,Doctorate,Self-emp-not-inc,Adm-clerical,0,0,40,0,0
61,Male,White,Married-civ-spouse,0,149653,HS-grad,Private,Exec-managerial,0,0,50,39,0
48,Male,White,Married-civ-spouse,0,44434,Masters,State-gov,Prof-specialty,0,0,61,39,1
37,Male,White,Married-civ-spouse,0,218490,Masters,Private,Exec-managerial,0,0,55,8,1
43,Male,White,Married-civ-spouse,0,169031,HS-grad,Private,Machine-op-inspct,0,0,40,39,0
57,Male,White,Married-civ-spouse,0,24473,Assoc-voc,Self-emp-not-inc,Craft-repair,0,0,40,39,1
57,Male,White,Married-civ-spouse,0,170287,Masters,Private,Tech-support,0,0,40,39,1
31,Female,White,Never-married,1,87535,Some-college,Private,Machine-op-inspct,0,0,25,39,0
30,Male,White,Married-civ-spouse,0,255885,Some-college,Private,Sales,0,0,50,39,0
30,Female,White,Divorced,4,390879,Assoc-voc,Private,Prof-specialty,0,0,36,39,0
53,Female,Black,Divorced,4,105788,Bachelors,Federal-gov,Exec-managerial,0,0,50,39,1
64,Male,White,Married-civ-spouse,0,133166,HS-grad,Private,Exec-managerial,0,0,5,39,0
34,Female,White,Divorced,4,100593,Some-college,Private,Prof-specialty,0,0,6,39,0
61,Male,White,Married-civ-spouse,0,51385,Bachelors,Private,Sales,0,0,50,39,1
73,Female,White,Widowed,1,180603,HS-grad,Other,Other,0,0,8,39,0
23,Male,White,Married-civ-spouse,0,142547,HS-grad,State-gov,Exec-managerial,0,0,40,39,0
40,Male,White,Married-civ-spouse,0,241895,Some-college,Private,Adm-clerical,0,0,40,39,0
58,Female,White,Widowed,4,353244,Bachelors,Other,Other,27828,0,50,39,1
30,Male,White,Married-civ-spouse,0,174789,HS-grad,Private,Sales,0,0,40,39,0
51,Female,Black,Divorced,1,138358,10th,Private,Craft-repair,0,0,35,39,0
42,Male,White,Never-married,1,258589,HS-grad,Private,Sales,0,0,60,39,1
50,Male,White,Married-civ-spouse,0,191062,HS-grad,Private,Handlers-cleaners,0,0,40,39,0
25,Male,White,Never-married,1,120238,Bachelors,Private,Exec-managerial,0,0,40,39,0
34,Female,White,Divorced,4,28984,Assoc-voc,Self-emp-inc,Sales,0,0,40,39,0
40,Female,White,Married-civ-spouse,5,272343,HS-grad,Private,Adm-clerical,0,0,40,39,1
48,Male,White,Married-civ-spouse,0,31141,Some-college,State-gov,Protective-serv,0,1902,40,39,1
34,Female,White,Married-civ-spouse,5,167497,Some-college,Private,Exec-managerial,7688,0,50,39,1
42,Female,White,Never-married,1,109684,Masters,Local-gov,Prof-specialty,0,1741,35,39,0
42,Female,Amer-Indian-Eskimo,Divorced,4,25240,Assoc-voc,Federal-gov,Prof-specialty,0,0,40,39,0
48,Male,White,Married-spouse-absent,1,344415,Bachelors,Private,Prof-specialty,0,0,37,39,1
25,Female,White,Never-married,3,193787,Some-college,Private,Tech-support,0,0,40,39,0
50,Male,White,Divorced,4,112351,HS-grad,Private,Exec-managerial,0,0,38,39,0
26,Male,Black,Married-civ-spouse,0,156805,Some-college,Private,Machine-op-inspct,0,0,40,39,0
36,Female,White,Never-married,1,206253,Some-college,Private,Other-service,0,1617,40,39,0
35,Male,White,Never-married,1,327120,Assoc-acdm,Other,Other,0,0,55,39,0
21,Female,White,Never-married,3,41356,Some-college,Other,Other,0,0,35,39,0
51,Female,White,Never-married,1,194908,HS-grad,Private,Adm-clerical,0,0,40,39,0
38,Male,White,Married-civ-spouse,0,248886,HS-grad,Private,Adm-clerical,0,0,42,39,0
24,Male,White,Never-married,4,205865,HS-grad,Private,Sales,0,0,45,39,0
20,Male,Black,Never-married,2,186830,HS-grad,Private,Transport-moving,0,0,45,39,0
41,Female,White,Divorced,4,351350,Some-college,Local-gov,Protective-serv,0,0,40,39,0
28,Male,White,Married-civ-spouse,0,200515,Some-college,Private,Other-service,0,0,35,39,1
42,Male,White,Divorced,3,138162,Some-college,State-gov,Adm-clerical,0,0,40,39,0
22,Female,White,Never-married,3,106700,Assoc-acdm,Private,Adm-clerical,0,0,27,39,0
30,Male,White,Never-married,3,33678,HS-grad,Private,Sales,0,0,40,39,0
41,Male,White,Married-civ-spouse,0,158688,Bachelors,Local-gov,Protective-serv,0,0,50,39,0
46,Male,White,Married-civ-spouse,0,190115,Assoc-acdm,Private,Craft-repair,0,0,40,39,1
28,Male,White,Never-married,3,308136,HS-grad,Private,Other-service,0,0,40,39,0
27,Male,White,Never-married,1,271328,Bachelors,State-gov,Prof-specialty,0,0,60,39,0
22,Male,White,Married-civ-spouse,0,32950,Some-college,Federal-gov,Sales,0,1902,37,39,0
26,Female,White,Never-married,1,270151,Bachelors,Private,Sales,0,0,40,39,0
27,Female,Black,Never-married,4,409815,Some-college,Federal-gov,Adm-clerical,0,0,40,39,0
26,Male,White,Never-married,2,206600,11th,Private,Other-service,0,0,30,26,0
36,Female,White,Never-married,1,353263,Bachelors,Private,Prof-specialty,0,0,45,39,1
43,Female,White,Married-civ-spouse,5,94937,Bachelors,Local-gov,Prof-specialty,0,0,28,39,0
37,Male,White,Married-civ-spouse,0,194004,11th,Private,Craft-repair,0,0,25,39,0
27,Female,White,Never-married,1,192936,Bachelors,Private,Prof-specialty,0,0,40,39,0
40,Male,White,Married-civ-spouse,0,224232,Bachelors,Private,Sales,0,0,40,39,1
53,Female,White,Never-married,1,264939,Bachelors,Private,Prof-specialty,0,0,45,26,0
37,Male,White,Married-civ-spouse,0,191754,Bachelors,Private,Adm-clerical,0,0,50,39,1
31,Female,Black,Never-married,4,303032,Some-college,Private,Other-service,0,0,40,39,0
37,Male,White,Married-civ-spouse,0,241174,Bachelors,Private,Prof-specialty,0,0,99,39,1
42,Male,Asian-Pac-Islander,Divorced,4,23510,Masters,Self-emp-inc,Exec-managerial,0,2201,60,19,1
36,Male,White,Married-civ-spouse,0,36423,HS-grad,Private,Transport-moving,0,0,25,39,1
25,Female,White,Never-married,1,243786,Bachelors,Private,Other-service,0,0,37,39,0
42,Male,White,Married-civ-spouse,0,257780,11th,Other,Other,0,0,15,39,0
50,Female,White,Divorced,1,113176,HS-grad,Private,Adm-clerical,0,0,40,39,0
45,Female,White,Never-married,1,181758,Masters,Local-gov,Prof-specialty,0,0,40,39,0
27,Male,Black,Never-married,3,262478,HS-grad,Private,Farming-fishing,0,0,30,39,0
36,Male,White,Never-married,2,29814,HS-grad,Private,Transport-moving,0,0,50,39,0
29,Male,White,Never-married,3,145011,Some-college,Private,Craft-repair,0,0,40,39,0
20,Male,White,Married-civ-spouse,0,157595,HS-grad,Private,Craft-repair,0,0,40,39,0
27,Female,Black,Never-married,3,247978,HS-grad,Private,Other-service,0,0,40,39,0
30,Male,White,Married-civ-spouse,0,131568,Bachelors,Local-gov,Prof-specialty,0,0,40,39,1
64,Male,White,Married-civ-spouse,0,59829,HS-grad,Private,Farming-fishing,0,0,25,10,0
33,Male,White,Divorced,3,154120,HS-grad,Private,Handlers-cleaners,0,0,45,39,0
19,Male,White,Never-married,3,249147,HS-grad,Other,Other,0,0,30,39,0
35,Male,White,Married-civ-spouse,0,177974,HS-grad,State-gov,Protective-serv,0,0,40,39,1
35,Male,White,Never-married,3,64874,Assoc-acdm,Self-emp-inc,Sales,0,0,40,39,0
38,Male,Black,Married-civ-spouse,0,351299,Some-college,Private,Transport-moving,0,0,50,39,0
36,Male,White,Married-civ-spouse,0,137314,Some-college,Local-gov,Protective-serv,0,0,60,39,1
44,Male,White,Never-married,3,277783,Masters,Self-emp-not-inc,Farming-fishing,0,0,99,39,0
31,Female,White,Married-civ-spouse,5,234500,Bachelors,Private,Adm-clerical,0,0,40,39,0
22,Male,White,Never-married,1,180060,HS-grad,Private,Exec-managerial,0,0,40,41,0
35,Male,White,Married-civ-spouse,0,169672,Some-college,Private,Craft-repair,0,0,40,39,0
30,Female,White,Divorced,4,176175,Assoc-voc,Private,Adm-clerical,0,0,24,39,0
26,Female,White,Divorced,1,141824,Some-college,Private,Exec-managerial,0,0,40,39,0
20,Female,Black,Never-married,3,263612,Some-college,Private,Adm-clerical,0,0,40,14,0
33,Male,White,Divorced,4,419895,5th-6th,Private,Handlers-cleaners,0,0,40,26,0
45,Male,White,Married-civ-spouse,0,98524,Assoc-acdm,Federal-gov,Adm-clerical,0,0,40,39,1
33,Male,White,Married-civ-spouse,0,222654,Some-college,Local-gov,Handlers-cleaners,0,0,66,0,0
23,Male,White,Never-married,1,329174,Some-college,Other,Other,0,0,40,39,0
31,Male,White,Divorced,4,144949,HS-grad,Local-gov,Craft-repair,0,0,40,39,0
29,Male,White,Never-married,1,331875,12th,Private,Handlers-cleaners,0,0,40,6,0
68,Female,White,Never-married,1,191581,Masters,Private,Prof-specialty,3273,0,40,39,0
33,Male,White,Married-civ-spouse,0,323811,Some-college,Private,Machine-op-inspct,0,0,55,39,0
19,Female,White,Never-married,3,293928,HS-grad,Private,Adm-clerical,0,0,20,39,0
38,Male,White,Married-civ-spouse,0,78247,Some-college,Private,Exec-managerial,0,0,40,39,0
28,Male,White,Married-civ-spouse,0,172891,HS-grad,Private,Farming-fishing,0,0,50,39,0
23,Male,White,Never-married,3,119838,Bachelors,Private,Prof-specialty,0,0,50,39,0
46,Female,White,Married-civ-spouse,5,141483,HS-grad,Private,Sales,0,0,40,39,0
51,Male,White,Married-civ-spouse,0,521665,Some-college,Other,Other,0,0,24,39,0
48,Male,White,Married-civ-spouse,0,55237,Bachelors,Private,Craft-repair,0,0,45,39,1
46,Male,Black,Married-civ-spouse,0,180505,HS-grad,Private,Machine-op-inspct,0,0,40,39,0
40,Male,Black,Married-civ-spouse,0,270324,Assoc-voc,State-gov,Other-service,0,0,30,39,0
18,Female,White,Never-married,3,200525,11th,Other,Other,0,0,25,39,0
26,Female,White,Never-married,3,104614,Bachelors,Local-gov,Prof-specialty,0,0,40,39,0
35,Male,White,Divorced,4,180137,Some-college,Private,Exec-managerial,0,0,60,39,0
67,Female,White,Widowed,1,354405,HS-grad,Self-emp-not-inc,Other-service,0,0,20,39,0
24,Female,Black,Never-married,4,175586,HS-grad,Private,Machine-op-inspct,0,0,40,39,0
29,Female,White,Never-married,1,188729,Bachelors,Private,Adm-clerical,0,0,45,39,0
63,Male,White,Married-civ-spouse,0,26904,HS-grad,Self-emp-not-inc,Farming-fishing,0,0,98,39,0
29,Male,Black,Married-civ-spouse,0,188675,Some-college,Private,Craft-repair,0,0,40,23,1
42,Male,White,Married-civ-spouse,0,288154,Some-college,Private,Craft-repair,0,0,89,39,1
59,Male,White,Married-civ-spouse,0,31137,HS-grad,Private,Craft-repair,0,0,40,39,1
47,Male,White,Married-civ-spouse,0,265097,HS-grad,Local-gov,Other-service,4386,0,40,39,1
41,Male,White,Married-civ-spouse,0,433989,Assoc-voc,Private,Sales,4386,0,60,39,1
33,Male,White,Married-civ-spouse,0,292465,9th,Private,Machine-op-inspct,0,0,50,39,0
34,Female,White,Never-married,1,135785,Bachelors,Private,Prof-specialty,0,0,36,39,0
35,Male,White,Married-civ-spouse,0,61343,Bachelors,Private,Sales,0,0,40,39,1
21,Male,Black,Never-married,1,654141,HS-grad,Private,Craft-repair,0,0,32,39,0
51,Male,White,Married-civ-spouse,0,169112,Masters,Private,Sales,0,0,40,39,1
45,Male,White,Married-civ-spouse,0,34419,Some-college,Private,Exec-managerial,7298,0,40,39,1
38,Male,White,Married-civ-spouse,0,112497,Bachelors,State-gov,Protective-serv,0,0,60,39,0
19,Female,Black,Never-married,4,268392,HS-grad,Private,Sales,0,0,30,39,0
28,Male,White,Never-married,1,188278,Bachelors,Federal-gov,Protective-serv,0,0,50,39,0
50,Male,White,Married-civ-spouse,0,183915,Bachelors,Self-emp-not-inc,Craft-repair,0,0,45,39,1
25,Male,Black,Never-married,3,324372,HS-grad,Private,Handlers-cleaners,0,0,40,39,0
38,Male,White,Divorced,3,199816,HS-grad,Private,Machine-op-inspct,0,0,40,39,0
69,Male,White,Married-spouse-absent,1,92472,10th,Self-emp-not-inc,Farming-fishing,3273,0,45,39,0
19,Male,White,Never-married,3,199495,Some-college,Other,Other,0,0,60,39,0
48,Male,White,Married-civ-spouse,0,199058,Masters,Private,Exec-managerial,0,0,40,39,1
45,Male,White,Married-civ-spouse,0,215943,HS-grad,Other,Other,0,0,40,39,0
35,Male,Asian-Pac-Islander,Married-civ-spouse,0,195946,Some-college,Other,Other,0,0,40,30,1
23,Female,White,Never-married,3,242912,Some-college,Private,Other-service,4650,0,40,39,0
34,Male,White,Married-civ-spouse,0,115488,HS-grad,Private,Sales,0,0,40,39,0
18,Male,White,Never-married,3,194059,12th,Private,Adm-clerical,0,0,40,39,0
32,Male,White,Married-civ-spouse,0,198068,HS-grad,Private,Craft-repair,0,0,40,39,0
43,Male,White,Married-civ-spouse,0,339814,Some-college,Private,Prof-specialty,5178,0,40,39,1
18,Male,White,Never-married,3,675421,9th,Private,Handlers-cleaners,594,0,40,39,0
54,Female,White,Divorced,1,32385,HS-grad,Other,Other,0,0,30,39,0
23,Male,White,Never-married,3,216672,Bachelors,Private,Exec-managerial,0,0,30,0,0
31,Male,White,Married-civ-spouse,0,259931,7th-8th,Private,Machine-op-inspct,0,0,40,39,0
50,Female,White,Separated,3,346014,7th-8th,Other,Other,0,0,20,39,0
53,Male,Asian-Pac-Islander,Married-civ-spouse,0,288020,Bachelors,Private,Prof-specialty,0,0,40,24,0
39,Male,White,Married-civ-spouse,0,96452,Masters,Private,Exec-managerial,0,0,55,39,1
25,Male,White,Never-married,1,109609,Some-college,Private,Other-service,0,0,25,39,0
21,Male,Black,Never-married,3,173324,Some-college,State-gov,Other-service,0,0,20,39,0
38,Male,White,Married-civ-spouse,0,121602,HS-grad,Private,Machine-op-inspct,0,0,40,39,0
57,Male,White,Married-civ-spouse,0,178353,HS-grad,Private,Craft-repair,0,0,50,39,1
48,Male,White,Married-civ-spouse,0,121124,Some-college,Self-emp-not-inc,Prof-specialty,0,0,35,39,1
55,Male,White,Married-civ-spouse,0,104724,Doctorate,Private,Prof-specialty,0,0,40,39,1
34,Female,White,Never-married,1,248795,HS-grad,Private,Machine-op-inspct,0,0,45,39,0
28,Male,White,Married-civ-spouse,0,215955,Bachelors,Private,Exec-managerial,3103,0,40,39,1
36,Male,White,Married-civ-spouse,0,203482,HS-grad,Private,Machine-op-inspct,0,0,40,39,0
42,Female,Amer-Indian-Eskimo,Married-civ-spouse,5,29075,Assoc-acdm,Local-gov,Prof-specialty,0,0,40,39,0
32,Female,White,Never-married,1,257043,HS-grad,Private,Adm-clerical,0,0,42,39,0
29,Female,White,Divorced,3,326330,Some-college,Private,Exec-managerial,1831,0,40,39,0
31,Male,White,Married-civ-spouse,0,102130,Masters,Local-gov,Prof-specialty,0,0,45,39,0
36,Male,White,Married-civ-spouse,0,183279,HS-grad,Private,Craft-repair,0,0,40,39,0
55,Male,White,Married-civ-spouse,0,185195,Bachelors,Self-emp-not-inc,Exec-managerial,0,0,99,39,0
20,Female,Asian-Pac-Islander,Never-married,3,110998,Some-college,Private,Adm-clerical,0,0,30,39,0
20,Male,White,Never-married,3,293091,HS-grad,Other,Other,0,0,12,39,0
40,Male,White,Divorced,4,326232,Some-college,Private,Transport-moving,0,0,40,39,1
49,Male,White,Married-civ-spouse,0,31267,7th-8th,Private,Craft-repair,0,0,40,39,0
28,Male,White,Married-civ-spouse,0,338376,Some-college,Private,Adm-clerical,0,0,50,39,1
19,Male,White,Never-married,2,262515,11th,Private,Other-service,0,0,20,39,0
47,Male,White,Married-civ-spouse,0,280798,Some-college,Private,Exec-managerial,0,0,40,39,1
38,Male,White,Married-civ-spouse,0,111499,Some-college,Private,Transport-moving,7298,0,50,39,1
72,Female,White,Widowed,4,205343,11th,Private,Adm-clerical,0,0,40,39,0
36,Male,White,Never-married,1,255191,Masters,Federal-gov,Prof-specialty,0,1408,40,39,0
18,Male,White,Never-married,3,141626,Some-college,Private,Tech-support,2176,0,20,39,0
35,Male,Black,Separated,1,265954,HS-grad,Private,Other-service,0,0,40,39,0
57,Male,White,Married-civ-spouse,0,109638,Some-college,Private,Exec-managerial,0,1672,45,39,0
36,Male,White,Divorced,1,174308,11th,Private,Transport-moving,0,0,40,39,0
25,Male,White,Married-spouse-absent,1,141876,HS-grad,Private,Exec-managerial,0,0,45,39,0
40,Female,White,Separated,1,331651,Some-college,Private,Other-service,0,0,40,39,0
46,Female,White,Divorced,4,162566,Masters,Local-gov,Prof-specialty,0,0,50,2,0
42,Female,White,Married-civ-spouse,5,135056,Some-college,Private,Adm-clerical,0,0,40,39,0
49,Female,White,Divorced,4,143482,HS-grad,Private,Other-service,0,0,40,39,0
38,Female,White,Never-married,1,353263,Masters,Private,Adm-clerical,0,0,50,22,1
20,Male,White,Never-married,3,203027,HS-grad,Private,Handlers-cleaners,0,0,40,39,0
24,Male,White,Never-married,3,216129,HS-grad,Private,Craft-repair,0,1408,50,39,0
40,Male,White,Married-civ-spouse,0,168538,HS-grad,Private,Sales,0,0,60,39,1
27,Male,White,Married-civ-spouse,0,115945,Masters,Private,Exec-managerial,0,0,45,39,1
31,Female,White,Married-civ-spouse,5,399052,9th,Private,Farming-fishing,0,0,42,39,0
30,Female,White,Never-married,1,171876,Prof-school,Private,Prof-specialty,0,0,45,39,0
61,Female,White,Married-civ-spouse,5,122246,12th,Private,Other-service,0,0,40,39,0
26,Male,White,Never-married,2,134945,HS-grad,Private,Machine-op-inspct,0,0,40,39,0
52,Male,Black,Married-civ-spouse,0,205767,Masters,Local-gov,Prof-specialty,0,0,40,39,1
39,Female,Black,Never-married,4,358837,Some-college,Private,Tech-support,0,0,40,39,0
34,Male,White,Married-civ-spouse,0,125279,HS-grad,Private,Transport-moving,0,0,40,39,0
34,Male,White,Married-civ-spouse,0,288486,11th,Self-emp-not-inc,Craft-repair,0,0,40,39,0
31,Male,White,Married-civ-spouse,0,56026,HS-grad,Private,Craft-repair,0,0,40,39,0
44,Male,Black,Divorced,1,254134,Assoc-acdm,Local-gov,Tech-support,0,0,40,39,0
30,Male,Black,Married-civ-spouse,0,348802,HS-grad,Local-gov,Adm-clerical,0,0,40,39,0
26,Male,White,Married-civ-spouse,0,193304,HS-grad,Private,Craft-repair,0,0,40,39,0
35,Male,White,Married-civ-spouse,0,179579,HS-grad,Private,Transport-moving,0,0,40,39,0
48,Female,White,Never-married,1,95661,Some-college,Private,Adm-clerical,0,0,43,39,0
56,Female,Black,Divorced,4,91545,10th,Private,Adm-clerical,0,0,36,39,0
25,Female,White,Separated,4,212302,Some-college,Private,Adm-clerical,0,0,40,39,0
29,Male,White,Married-civ-spouse,0,206351,10th,Private,Craft-repair,5013,0,40,39,0
27,Female,White,Never-married,1,172009,Bachelors,Private,Exec-managerial,0,0,40,39,0
51,Male,White,Married-civ-spouse,0,100029,Doctorate,Self-emp-inc,Prof-specialty,15024,0,40,39,1
50,Male,White,Married-civ-spouse,0,109277,9th,Private,Machine-op-inspct,0,0,48,39,0
37,Male,White,Married-civ-spouse,0,109133,Assoc-acdm,Private,Sales,0,1977,45,39,1
58,Male,Black,Married-civ-spouse,0,156040,Assoc-acdm,Private,Machine-op-inspct,0,1848,40,39,1
23,Male,White,Never-married,3,62339,Bachelors,Private,Prof-specialty,0,0,40,39,0
33,Female,White,Never-married,1,160216,Masters,Private,Exec-managerial,0,0,32,0,0
24,Female,White,Never-married,3,304386,HS-grad,Private,Other-service,0,0,30,39,0
33,Female,White,Never-married,3,92865,Some-college,Private,Adm-clerical,0,0,40,39,0
18,Female,White,Never-married,1,201554,Some-college,Private,Machine-op-inspct,0,0,15,39,0
63,Male,Black,Married-civ-spouse,0,174018,Some-college,Private,Sales,0,0,40,39,1
29,Female,Other,Married-civ-spouse,5,148431,Assoc-acdm,Private,Sales,7688,0,45,39,1
42,Male,White,Married-civ-spouse,0,277488,Prof-school,Self-emp-inc,Prof-specialty,15024,0,65,39,1
22,Male,White,Never-married,3,274103,Bachelors,Federal-gov,Prof-specialty,0,0,10,39,0
23,Male,White,Never-married,2,238917,7th-8th,Private,Craft-repair,0,0,36,39,0
72,Female,White,Married-civ-spouse,5,166253,HS-grad,Other,Other,0,0,2,39,0
24,Male,Asian-Pac-Islander,Married-civ-spouse,0,27939,Some-college,State-gov,Other-service,0,0,24,0,0
20,Male,White,Never-married,3,172047,Some-college,Private,Farming-fishing,0,0,10,39,0
49,Female,White,Divorced,1,223342,Some-college,Local-gov,Adm-clerical,0,0,44,39,0
52,Male,White,Never-married,1,186785,HS-grad,Private,Sales,0,1876,50,39,0
50,Male,White,Married-civ-spouse,0,231725,HS-grad,Local-gov,Handlers-cleaners,0,0,40,39,0
25,Male,White,Married-civ-spouse,0,248990,10th,Private,Machine-op-inspct,0,0,40,13,0
64,Male,White,Married-civ-spouse,0,219661,Prof-school,Self-emp-not-inc,Prof-specialty,0,0,9,39,1
33,Male,White,Married-civ-spouse,0,131568,HS-grad,Self-emp-not-inc,Sales,0,0,66,39,0
22,Female,White,Never-married,3,195075,Some-college,Private,Other-service,0,0,38,39,0
52,Male,White,Married-civ-spouse,0,317733,Bachelors,Local-gov,Prof-specialty,7688,0,40,39,1
33,Male,White,Married-civ-spouse,0,37939,Bachelors,Self-emp-not-inc,Craft-repair,0,0,35,39,0
38,Male,White,Married-civ-spouse,0,54317,Some-college,Private,Machine-op-inspct,0,0,60,39,0
52,Male,White,Married-civ-spouse,0,400004,Assoc-voc,Private,Exec-managerial,0,0,40,39,1
29,Female,Asian-Pac-Islander,Never-married,1,60722,HS-grad,Private,Exec-managerial,0,0,40,39,0
47,Male,White,Married-civ-spouse,0,102308,Masters,Private,Exec-managerial,99999,0,50,39,1
40,Female,White,Separated,4,96055,HS-grad,Private,Adm-clerical,0,0,45,39,0
47,Male,White,Married-civ-spouse,0,101299,HS-grad,Private,Craft-repair,0,0,40,39,0
46,Male,White,Married-civ-spouse,0,39606,Masters,Federal-gov,Exec-managerial,0,0,40,9,1
32,Female,White,Never-married,4,383269,Bachelors,Private,Exec-managerial,0,0,40,39,0
65,Male,White,Married-civ-spouse,0,208452,Some-college,Self-emp-inc,Sales,0,0,35,39,1
33,Male,White,Never-married,1,149184,HS-grad,Private,Prof-specialty,0,0,60,39,1
32,Male,White,Divorced,1,235124,Assoc-voc,Private,Prof-specialty,0,0,40,39,0
55,Female,White,Divorced,1,207489,Bachelors,Self-emp-inc,Sales,0,0,50,11,0
37,Female,White,Never-married,1,34173,Bachelors,Private,Tech-support,0,0,40,39,0
38,Female,Black,Married-civ-spouse,5,323269,Some-college,Private,Other-service,0,0,40,39,0
20,Female,White,Never-married,1,62865,HS-grad,Private,Priv-house-serv,0,0,45,39,0
37,Male,White,Married-civ-spouse,0,186035,Assoc-acdm,Private,Craft-repair,0,0,55,39,0
18,Female,White,Never-married,3,171088,Some-college,Other,Other,0,0,40,39,0
55,Female,White,Widowed,1,135439,Bachelors,Local-gov,Prof-specialty,0,0,48,39,0
30,Male,White,Married-civ-spouse,0,266463,HS-grad,Federal-gov,Adm-clerical,0,0,40,39,1
22,Male,White,Married-civ-spouse,2,390817,5th-6th,Private,Craft-repair,0,0,40,26,0
41,Female,Black,Married-civ-spouse,5,189956,Bachelors,Local-gov,Prof-specialty,0,0,40,39,1
32,Female,Black,Never-married,4,172415,HS-grad,Private,Other-service,0,0,40,39,0
35,Male,White,Married-civ-spouse,0,84787,Bachelors,Private,Other-service,0,0,40,39,0
38,Male,White,Married-civ-spouse,0,617898,Bachelors,Private,Farming-fishing,0,0,50,39,0
51,Male,White,Married-civ-spouse,0,145714,Masters,Private,Exec-managerial,99999,0,50,0,1
45,Male,White,Married-civ-spouse,0,318280,Some-college,Local-gov,Prof-specialty,7688,0,50,39,1
17,Male,White,Never-married,3,117906,10th,State-gov,Farming-fishing,0,0,40,39,0
36,Male,White,Married-civ-spouse,0,111128,Some-college,Private,Craft-repair,0,0,45,39,0
18,Male,White,Never-married,3,362600,5th-6th,Private,Handlers-cleaners,0,0,40,39,0
25,Male,White,Married-civ-spouse,0,202033,Bachelors,Private,Prof-specialty,0,0,40,39,0
46,Male,White,Married-civ-spouse,0,42251,Some-college,Private,Sales,0,0,45,39,1
51,Male,White,Divorced,4,196504,HS-grad,State-gov,Craft-repair,0,0,38,39,0
52,Male,White,Married-civ-spouse,0,99185,HS-grad,Private,Sales,7298,0,50,39,1
67,Female,White,Never-married,1,217028,Masters,Private,Other-service,0,0,40,39,0
21,Female,Black,Never-married,1,334618,Some-college,Private,Protective-serv,99999,0,40,39,1
29,Male,White,Never-married,1,187327,Bachelors,Private,Prof-specialty,0,0,40,39,0
54,Male,Asian-Pac-Islander,Married-civ-spouse,0,139850,Masters,Private,Exec-managerial,0,0,45,39,1
24,Female,White,Married-civ-spouse,5,57711,Masters,Private,Prof-specialty,0,0,35,39,1
26,Male,White,Married-civ-spouse,0,198801,HS-grad,Private,Craft-repair,0,0,45,39,0
46,Male,White,Separated,1,220124,HS-grad,Private,Craft-repair,0,0,37,39,0
63,Male,White,Married-civ-spouse,0,250068,12th,Private,Sales,0,0,40,39,1
51,Male,White,Married-civ-spouse,0,110747,HS-grad,Private,Craft-repair,0,1887,40,39,1
43,Male,White,Married-civ-spouse,0,35910,Some-college,Private,Sales,0,0,43,39,1
31,Male,White,Divorced,1,128591,9th,Private,Transport-moving,0,0,40,39,0
17,Male,White,Never-married,3,270587,11th,Private,Other-service,0,0,20,9,0
31,Male,Black,Never-married,1,703107,HS-grad,Private,Machine-op-inspct,0,0,40,39,0
29,Female,Other,Divorced,4,24562,Bachelors,Private,Other-service,0,0,40,39,0
63,Male,White,Married-civ-spouse,0,179444,7th-8th,Self-emp-not-inc,Exec-managerial,0,0,15,39,0
29,Male,White,Never-married,1,32280,HS-grad,Self-emp-not-inc,Farming-fishing,0,0,45,39,0
43,Male,Black,Married-civ-spouse,0,152159,Bachelors,Private,Machine-op-inspct,0,0,40,39,0
18,Male,White,Never-married,3,36411,12th,Local-gov,Prof-specialty,0,0,30,39,0
28,Male,White,Married-civ-spouse,0,274579,HS-grad,Private,Transport-moving,0,0,60,39,0
58,Male,White,Never-married,1,231818,10th,Self-emp-not-inc,Craft-repair,0,0,40,12,0
23,Male,White,Never-married,4,265356,Bachelors,Private,Exec-managerial,0,0,40,39,0
29,Male,White,Married-civ-spouse,3,212588,Some-college,Without-pay,Farming-fishing,0,0,65,39,0
23,Male,White,Never-married,1,129345,Some-college,Private,Other-service,0,0,25,39,0
47,Male,White,Married-civ-spouse,0,222529,Bachelors,Private,Farming-fishing,0,0,65,39,0
38,Male,White,Divorced,4,27408,HS-grad,Private,Craft-repair,0,0,50,39,0
34,Female,Black,Never-married,3,45114,Bachelors,Private,Sales,0,0,40,39,0
38,Male,White,Married-civ-spouse,0,187999,Bachelors,Private,Tech-support,0,0,45,39,1
54,Male,Black,Married-civ-spouse,0,163894,Some-college,Private,Handlers-cleaners,0,0,40,39,0
28,Male,White,Divorced,3,125442,HS-grad,Self-emp-not-inc,Craft-repair,0,0,40,39,0
28,Male,Black,Never-married,1,315287,Some-college,Private,Prof-specialty,0,0,40,39,0
20,Male,White,Never-married,2,528616,5th-6th,Private,Other-service,0,0,40,26,0
42,Male,White,Never-married,1,210525,Masters,Private,Exec-managerial,0,0,40,39,0
23,Female,White,Married-civ-spouse,5,375871,HS-grad,Private,Adm-clerical,0,0,40,26,0
42,Male,White,Married-civ-spouse,0,279914,Bachelors,Private,Tech-support,0,0,40,39,1
39,Female,White,Divorced,4,71701,HS-grad,Other,Other,0,0,40,39,0
25,Male,White,Married-civ-spouse,0,187577,HS-grad,Private,Craft-repair,0,0,40,39,0
17,Male,White,Never-married,3,228253,10th,Private,Handlers-cleaners,0,0,10,39,0
22,Female,Black,Divorced,2,313786,HS-grad,Other,Other,0,0,40,39,0
60,Female,White,Widowed,1,183162,HS-grad,Private,Machine-op-inspct,0,0,40,39,0
50,Female,White,Separated,2,163002,HS-grad,Private,Adm-clerical,0,0,40,39,0
42,Male,White,Married-civ-spouse,0,122861,Masters,Federal-gov,Exec-managerial,0,0,40,39,1
54,Female,White,Separated,4,169182,HS-grad,Private,Adm-clerical,0,0,38,33,0
35,Male,White,Married-civ-spouse,0,268661,Some-college,Private,Sales,0,0,50,39,0
65,Male,White,Married-civ-spouse,0,117963,HS-grad,Other,Other,0,0,45,39,0
51,Female,White,Married-civ-spouse,2,360131,5th-6th,Private,Craft-repair,0,0,40,39,0
44,Female,White,Divorced,4,77313,Some-college,Private,Adm-clerical,0,0,38,39,0
23,Female,White,Never-married,1,211046,HS-grad,Private,Sales,2463,0,40,39,0
38,Female,White,Never-married,1,208379,Bachelors,Private,Machine-op-inspct,0,0,8,39,0
28,Female,Black,Never-married,4,149734,HS-grad,Private,Other-service,0,0,52,39,0
32,Female,White,Divorced,4,97429,Bachelors,Private,Exec-managerial,0,0,40,2,0
61,Male,White,Married-civ-spouse,0,167347,Some-college,Local-gov,Adm-clerical,0,0,35,39,0
52,Male,White,Never-married,1,94988,5th-6th,Private,Handlers-cleaners,0,0,50,39,0
28,Male,White,Married-civ-spouse,0,410351,Some-college,Private,Farming-fishing,0,0,40,39,0
47,Male,White,Married-civ-spouse,0,339863,HS-grad,Private,Sales,0,0,45,39,1
45,Male,White,Married-civ-spouse,0,183710,9th,Self-emp-not-inc,Farming-fishing,0,0,40,39,0
30,Male,White,Never-married,1,381645,Bachelors,Private,Prof-specialty,0,0,50,39,0
23,Female,Black,Divorced,3,245302,Some-college,Private,Sales,0,0,40,39,0
65,Male,White,Married-civ-spouse,0,111916,HS-grad,Other,Other,0,0,40,39,0
22,Male,White,Never-married,3,243178,Bachelors,Private,Adm-clerical,0,0,20,39,0
32,Male,White,Married-civ-spouse,0,459007,HS-grad,Private,Protective-serv,0,0,90,39,0
42,Male,White,Divorced,3,115932,Bachelors,Federal-gov,Adm-clerical,0,0,40,39,0
51,Male,White,Married-civ-spouse,0,84278,Bachelors,Private,Prof-specialty,0,0,55,39,1
29,Male,Black,Never-married,4,299705,Some-college,Private,Handlers-cleaners,0,0,37,39,0
22,Male,White,Never-married,1,305781,HS-grad,Private,Sales,0,0,45,2,0
67,Male,Black,Married-civ-spouse,0,257557,7th-8th,Private,Transport-moving,10566,0,40,39,0
55,Female,White,Never-married,2,68006,7th-8th,Self-emp-not-inc,Other-service,0,0,60,39,0
47,Female,White,Divorced,4,32509,Some-college,Private,Other-service,0,0,40,39,0
50,Male,Black,Married-civ-spouse,0,164198,Assoc-acdm,Private,Handlers-cleaners,15024,0,45,39,1
36,Female,White,Never-married,4,187983,HS-grad,Other,Other,0,0,40,39,0
31,Male,White,Divorced,1,217460,HS-grad,Private,Craft-repair,0,0,45,39,0
21,Male,White,Never-married,3,300812,Some-college,Other,Other,0,0,30,39,0
38,Male,White,Married-civ-spouse,0,200153,HS-grad,Self-emp-not-inc,Craft-repair,0,0,60,39,0
50,Male,White,Married-civ-spouse,0,154728,Some-college,Private,Tech-support,0,0,40,39,1
60,Male,White,Married-civ-spouse,0,198815,Assoc-acdm,State-gov,Prof-specialty,0,0,20,26,0
66,Female,White,Widowed,1,114447,Assoc-voc,Private,Prof-specialty,0,0,35,39,0
31,Male,White,Never-married,3,80058,HS-grad,Local-gov,Machine-op-inspct,0,0,64,39,0
40,Male,White,Married-civ-spouse,0,107306,Bachelors,Private,Exec-managerial,0,0,40,39,1
25,Male,White,Married-civ-spouse,0,181772,Some-college,Private,Craft-repair,0,0,40,39,0
35,Male,White,Married-civ-spouse,0,292185,Bachelors,Private,Adm-clerical,0,0,40,39,0
41,Male,White,Married-civ-spouse,0,194360,HS-grad,Private,Craft-repair,0,1887,40,39,1
36,Male,White,Separated,1,111128,Some-college,Private,Exec-managerial,0,0,60,39,1
41,Male,White,Married-civ-spouse,0,237321,1st-4th,Private,Machine-op-inspct,0,0,40,26,1
22,Male,White,Never-married,3,162282,Assoc-voc,Private,Exec-managerial,0,0,40,39,0
19,Female,White,Never-married,3,165289,Some-college,State-gov,Other-service,0,0,40,39,0
23,Female,White,Never-married,2,254127,Bachelors,Local-gov,Prof-specialty,0,0,50,39,0
34,Female,White,Married-civ-spouse,5,187215,Bachelors,Private,Prof-specialty,15024,0,36,39,1
38,Male,White,Married-civ-spouse,0,136629,Bachelors,Private,Machine-op-inspct,0,0,40,20,0
39,Male,White,Never-married,1,326400,Masters,Self-emp-not-inc,Prof-specialty,0,0,40,39,0
24,Male,Black,Never-married,1,186831,Some-college,Self-emp-not-inc,Exec-managerial,0,0,45,39,0
29,Male,White,Married-civ-spouse,0,134566,Doctorate,Other,Other,0,0,50,39,1
33,Male,White,Married-civ-spouse,0,148261,Some-college,Private,Craft-repair,0,0,40,39,0
37,Male,White,Married-civ-spouse,0,170174,HS-grad,Private,Exec-managerial,0,0,46,39,1
31,Male,White,Never-married,1,34374,Prof-school,Private,Prof-specialty,0,0,50,39,0
25,Female,White,Separated,3,108779,Masters,Private,Other-service,0,0,40,39,0
43,Male,Black,Divorced,2,118536,HS-grad,Private,Machine-op-inspct,0,0,40,39,0
90,Female,White,Never-married,1,141758,9th,Private,Adm-clerical,0,0,40,39,0
27,Male,White,Never-married,2,257124,Bachelors,Federal-gov,Transport-moving,0,0,35,39,0
61,Male,White,Married-civ-spouse,0,147280,Masters,Private,Exec-managerial,0,0,60,39,1
44,Female,White,Married-civ-spouse,5,92649,HS-grad,Private,Craft-repair,0,0,40,39,1
34,Male,White,Divorced,1,133503,Some-college,Private,Transport-moving,2174,0,40,39,0
34,Male,White,Never-married,3,124827,Assoc-voc,Private,Transport-moving,0,0,40,39,0
24,Female,White,Never-married,1,440138,HS-grad,Private,Priv-house-serv,0,0,45,9,0
44,Male,White,Married-civ-spouse,0,111067,Some-college,Private,Craft-repair,0,0,40,39,0
41,Male,White,Married-civ-spouse,0,218302,Bachelors,Self-emp-inc,Sales,0,0,60,39,1
33,Male,Black,Never-married,1,403552,HS-grad,Private,Other-service,0,0,32,39,0
63,Male,White,Married-civ-spouse,0,64448,HS-grad,Other,Other,0,0,40,39,0
41,Male,White,Married-civ-spouse,0,564135,Masters,Federal-gov,Exec-managerial,0,0,40,39,1
38,Male,White,Married-civ-spouse,0,196373,HS-grad,Self-emp-inc,Exec-managerial,0,0,40,39,1
31,Male,White,Divorced,1,231263,Bachelors,Private,Exec-managerial,4650,0,45,39,0
37,Male,Black,Married-civ-spouse,0,329088,HS-grad,Federal-gov,Adm-clerical,0,0,40,39,0
50,Male,White,Married-civ-spouse,0,92079,Some-college,Private,Tech-support,0,0,45,39,1
19,Female,White,Never-married,1,40425,Some-college,Private,Sales,0,0,28,39,0
20,Female,White,Never-married,3,258430,Some-college,Private,Other-service,0,0,19,39,0
34,Male,White,Married-civ-spouse,0,178615,HS-grad,Private,Machine-op-inspct,0,0,40,39,0
32,Female,Black,Never-married,4,191731,Some-college,Local-gov,Adm-clerical,0,0,40,39,0
27,Male,White,Never-married,1,38599,12th,Private,Transport-moving,0,0,40,39,0
40,Male,White,Divorced,4,169995,HS-grad,Private,Craft-repair,0,0,40,39,0
31,Male,Asian-Pac-Islander,Married-spouse-absent,1,196025,Doctorate,Private,Prof-specialty,0,0,60,3,0
32,Male,White,Married-civ-spouse,0,70985,HS-grad,Self-emp-not-inc,Farming-fishing,4064,0,40,39,0
68,Male,White,Married-civ-spouse,0,202699,Masters,State-gov,Prof-specialty,0,2377,42,0,1
36,Male,White,Married-civ-spouse,0,159016,HS-grad,Private,Machine-op-inspct,0,0,38,39,0
64,Male,White,Married-civ-spouse,0,180401,10th,Private,Transport-moving,0,0,40,39,1
47,Male,Black,Married-civ-spouse,0,56482,Some-college,Local-gov,Prof-specialty,7688,0,50,39,1
46,Female,White,Divorced,1,116666,HS-grad,Private,Exec-managerial,0,0,40,39,0
32,Male,White,Divorced,3,206541,11th,Private,Craft-repair,0,0,50,39,0
24,Male,White,Never-married,1,329852,HS-grad,Private,Machine-op-inspct,0,0,40,39,0
43,Female,Amer-Indian-Eskimo,Widowed,4,19914,Some-college,Federal-gov,Exec-managerial,0,0,15,39,0
36,Male,White,Divorced,4,132879,HS-grad,Private,Exec-managerial,0,0,45,39,0
36,Male,Black,Married-civ-spouse,0,370585,HS-grad,Other,Other,0,0,40,39,0
34,Male,White,Never-married,1,194740,Some-college,Federal-gov,Adm-clerical,0,0,40,39,0
39,Female,White,Never-married,1,32312,Bachelors,Federal-gov,Prof-specialty,0,0,60,39,0
55,Male,White,Married-civ-spouse,0,50164,Doctorate,Private,Exec-managerial,0,0,60,39,1
63,Male,White,Never-married,1,31389,11th,Private,Farming-fishing,0,0,12,39,0
50,Male,White,Married-civ-spouse,0,166565,HS-grad,Private,Machine-op-inspct,0,0,50,39,0
60,Male,White,Married-civ-spouse,0,212856,Masters,Local-gov,Prof-specialty,0,0,40,0,1
22,Male,White,Never-married,1,60668,Some-college,Private,Craft-repair,0,0,40,39,0
36,Female,Asian-Pac-Islander,Widowed,4,83471,HS-grad,Private,Other-service,0,0,20,39,0
66,Male,Black,Married-civ-spouse,0,190324,HS-grad,Other,Other,0,0,18,39,0
29,Male,Asian-Pac-Islander,Never-married,1,176760,Prof-school,Private,Prof-specialty,0,0,55,39,0
20,Male,White,Never-married,3,243178,HS-grad,Private,Handlers-cleaners,0,0,28,39,0
25,Female,Black,Never-married,1,222254,HS-grad,Private,Other-service,0,0,40,39,0
23,Male,White,Married-civ-spouse,3,211160,12th,Private,Handlers-cleaners,0,0,40,39,0
35,Male,White,Married-civ-spouse,0,166416,HS-grad,Self-emp-not-inc,Farming-fishing,0,0,99,39,0
56,Male,White,Married-civ-spouse,0,200235,Some-college,Self-emp-not-inc,Sales,0,0,60,39,0
32,Male,Asian-Pac-Islander,Married-civ-spouse,0,103608,Bachelors,Private,Handlers-cleaners,0,0,40,39,0
27,Female,White,Never-married,1,43652,Bachelors,Private,Adm-clerical,0,0,40,39,0
37,Female,White,Never-married,1,99357,Assoc-acdm,Private,Other-service,0,0,30,39,0
36,Male,White,Married-civ-spouse,0,247558,Prof-school,Private,Prof-specialty,5178,0,60,0,1
33,Female,White,Divorced,1,288398,Bachelors,Private,Adm-clerical,0,0,45,39,0
38,Male,White,Married-civ-spouse,0,65390,Assoc-acdm,Private,Craft-repair,0,0,45,39,0
31,Male,White,Never-married,1,72630,Bachelors,Private,Exec-managerial,14084,0,50,39,1
50,Male,White,Never-married,1,114758,Bachelors,Self-emp-not-inc,Craft-repair,4416,0,45,39,0
79,Male,White,Married-civ-spouse,0,142370,Prof-school,Other,Other,0,0,10,39,0
56,Female,White,Widowed,1,183169,Masters,Local-gov,Prof-specialty,0,0,40,39,0
49,Male,White,Separated,4,157272,HS-grad,Private,Sales,0,0,50,39,0
23,Male,White,Married-civ-spouse,0,205939,HS-grad,Private,Craft-repair,0,0,38,39,0
36,Male,White,Married-civ-spouse,0,68781,Some-college,Federal-gov,Adm-clerical,0,0,35,39,0
39,Female,White,Divorced,1,177075,HS-grad,Private,Adm-clerical,0,0,40,39,0
38,Female,Black,Never-married,3,372484,11th,Private,Other-service,0,0,40,39,0
33,Male,White,Married-civ-spouse,0,150570,Bachelors,Private,Prof-specialty,3103,0,43,39,1
20,Male,Black,Never-married,3,348148,11th,Other,Other,0,0,40,39,0
53,Male,White,Married-civ-spouse,0,96062,Bachelors,Self-emp-inc,Exec-managerial,0,1902,48,39,1
39,Male,White,Married-civ-spouse,0,99527,HS-grad,Private,Craft-repair,0,0,40,39,1
45,Male,White,Married-civ-spouse,0,360393,Masters,Private,Exec-managerial,0,1902,50,39,1
46,Male,White,Married-civ-spouse,0,167515,Some-college,Private,Prof-specialty,0,1977,50,39,1
32,Male,White,Divorced,4,125856,HS-grad,Federal-gov,Craft-repair,0,0,40,39,0
37,Male,White,Married-civ-spouse,0,136028,Assoc-voc,Private,Other-service,0,0,40,39,0
59,Male,White,Married-civ-spouse,0,201263,Bachelors,Self-emp-not-inc,Sales,15024,0,55,39,1
26,Male,White,Never-married,1,222637,10th,Private,Craft-repair,0,0,55,33,0
54,Female,Black,Married-spouse-absent,4,217718,5th-6th,Private,Other-service,0,0,30,14,0
27,Female,White,Married-civ-spouse,5,153291,Prof-school,Private,Prof-specialty,0,0,50,39,1
55,Female,White,Divorced,1,139843,HS-grad,Private,Exec-managerial,0,0,60,39,0
20,Female,White,Never-married,1,122649,HS-grad,Private,Other-service,0,0,30,39,0
34,Male,White,Married-civ-spouse,0,366898,HS-grad,Private,Craft-repair,0,0,40,11,0
32,Female,White,Never-married,1,101283,HS-grad,Private,Handlers-cleaners,0,0,35,39,0
53,Male,White,Married-civ-spouse,0,146378,5th-6th,Private,Craft-repair,0,0,40,39,0
33,Male,White,Never-married,1,80058,HS-grad,Private,Transport-moving,0,0,40,39,0
60,Female,White,Divorced,1,225014,HS-grad,Private,Other-service,0,0,40,39,0
37,Male,White,Never-married,1,177858,Some-college,Private,Exec-managerial,2174,0,40,39,0
37,Female,Asian-Pac-Islander,Married-civ-spouse,5,86150,Bachelors,Private,Other-service,0,0,30,39,1
27,Female,White,Never-married,1,133425,HS-grad,Private,Exec-managerial,0,0,50,39,0
29,Female,Black,Married-spouse-absent,4,207032,HS-grad,Other,Other,0,0,42,14,0
21,Male,White,Never-married,3,86625,Some-college,Private,Machine-op-inspct,0,0,40,0,0
50,Male,White,Married-civ-spouse,0,222020,HS-grad,Private,Craft-repair,0,0,40,39,0
37,Male,Black,Divorced,1,237995,Assoc-voc,Private,Machine-op-inspct,0,0,48,39,0
24,Male,White,Never-married,3,304602,HS-grad,Private,Handlers-cleaners,0,0,40,39,0
29,Male,White,Married-civ-spouse,0,141185,Some-college,Self-emp-not-inc,Farming-fishing,0,0,55,39,0
41,Female,White,Never-married,2,192712,HS-grad,Private,Adm-clerical,0,0,40,39,0
51,Male,White,Married-civ-spouse,0,194995,Some-college,Self-emp-inc,Exec-managerial,0,0,45,39,1
54,Female,White,Separated,4,284952,10th,Private,Sales,0,0,43,22,0
47,Female,Black,Separated,4,280483,HS-grad,Private,Craft-repair,0,0,40,39,0
66,Male,White,Married-civ-spouse,0,197816,Bachelors,Self-emp-inc,Exec-managerial,10605,0,40,39,1
41,Male,White,Married-civ-spouse,0,171615,Some-college,Private,Other-service,0,0,48,39,0
30,Male,White,Married-civ-spouse,0,194827,Some-college,Private,Craft-repair,0,1740,40,39,0
40,Male,Asian-Pac-Islander,Married-civ-spouse,0,79586,Prof-school,Private,Prof-specialty,99999,0,40,0,1
45,Male,White,Married-civ-spouse,0,219632,HS-grad,Private,Transport-moving,0,0,40,39,0
62,Female,White,Married-civ-spouse,5,159908,Some-college,Private,Adm-clerical,0,0,38,39,1
48,Female,Black,Widowed,4,100067,Some-college,Federal-gov,Other-service,0,0,40,39,0
54,Male,White,Divorced,2,196975,HS-grad,Other,Other,0,0,45,39,0
23,Male,White,Never-married,3,191283,HS-grad,Self-emp-not-inc,Transport-moving,0,0,40,39,0
50,Male,White,Married-civ-spouse,0,172970,HS-grad,State-gov,Transport-moving,0,0,40,33,0
66,Male,Asian-Pac-Islander,Married-civ-spouse,0,244661,Bachelors,Private,Adm-clerical,0,0,40,30,0
35,Male,White,Never-married,1,185848,HS-grad,Self-emp-not-inc,Exec-managerial,4650,0,50,39,0
42,Female,Black,Divorced,1,240027,HS-grad,Other,Other,0,0,40,39,0
39,Female,White,Married-civ-spouse,5,196673,HS-grad,Private,Other-service,5013,0,40,39,0
43,Male,White,Never-married,1,427382,Masters,Private,Prof-specialty,0,0,50,39,1
47,Male,White,Married-civ-spouse,0,332727,Bachelors,Private,Prof-specialty,0,0,60,39,1
37,Male,White,Married-civ-spouse,0,160035,HS-grad,Private,Craft-repair,0,0,40,39,0
20,Female,White,Never-married,3,117789,Some-college,Other,Other,0,0,40,39,0
32,Male,White,Married-civ-spouse,0,299635,Some-college,Private,Exec-managerial,0,0,50,11,0
39,Female,White,Divorced,4,203180,Some-college,Private,Farming-fishing,0,0,45,39,0
53,Female,White,Never-married,4,198824,Bachelors,Private,Exec-managerial,0,0,40,39,0
51,Male,White,Married-civ-spouse,0,548361,Bachelors,Local-gov,Prof-specialty,0,0,26,39,0
35,Male,White,Never-married,1,241153,Assoc-voc,Private,Tech-support,0,0,40,39,0
26,Male,White,Never-married,1,183965,HS-grad,Private,Craft-repair,0,0,40,39,0
39,Male,White,Never-married,1,114079,Assoc-acdm,Private,Craft-repair,0,0,40,39,0
68,Female,White,Divorced,1,185537,Some-college,Private,Sales,0,0,20,39,0
46,Male,White,Married-civ-spouse,0,263568,HS-grad,Private,Machine-op-inspct,0,0,40,39,0
27,Male,White,Married-civ-spouse,0,249463,Assoc-voc,Other,Other,0,0,20,39,0
44,Male,Black,Married-civ-spouse,0,195486,HS-grad,Self-emp-not-inc,Sales,0,0,70,23,0
23,Male,Black,Never-married,3,336360,7th-8th,Private,Craft-repair,0,0,40,39,0
40,Female,White,Divorced,1,247245,9th,Private,Other-service,0,0,40,39,0
22,Female,White,Never-married,1,121471,Bachelors,State-gov,Prof-specialty,0,0,40,39,0
17,Male,White,Never-married,3,721712,10th,Private,Other-service,0,0,15,39,0
31,Female,White,Never-married,3,101345,HS-grad,Federal-gov,Handlers-cleaners,0,0,40,39,0
26,Male,White,Never-married,1,94936,Assoc-acdm,Private,Sales,0,0,40,39,0
26,Female,White,Never-married,1,195994,Some-college,Private,Sales,0,0,15,39,0
42,Male,Asian-Pac-Islander,Married-civ-spouse,0,92288,Masters,Private,Sales,0,0,40,0,0
45,Male,Black,Married-civ-spouse,0,128378,HS-grad,Private,Machine-op-inspct,0,0,40,39,0
26,Male,Black,Never-married,1,167848,HS-grad,Private,Machine-op-inspct,0,0,40,39,0
45,Male,White,Married-civ-spouse,0,204405,Assoc-voc,Self-emp-not-inc,Prof-specialty,0,0,20,39,0
26,Female,Black,Never-married,4,126327,Assoc-acdm,State-gov,Adm-clerical,0,0,40,39,0
66,Male,White,Widowed,1,212456,HS-grad,Self-emp-not-inc,Craft-repair,0,0,20,39,0
47,Female,White,Divorced,1,181652,HS-grad,Private,Adm-clerical,0,0,40,39,0
46,Male,Black,Married-civ-spouse,2,139514,Preschool,Private,Machine-op-inspct,0,0,75,6,0
45,Female,Black,Separated,4,161819,11th,Private,Adm-clerical,0,0,25,39,0
23,Male,White,Never-married,1,82998,Some-college,Private,Sales,0,0,30,39,0
32,Male,White,Never-married,3,198068,11th,Private,Transport-moving,0,0,40,39,0
35,Male,White,Never-married,1,23621,HS-grad,Private,Craft-repair,0,0,70,39,0
34,Female,Black,Never-married,4,228406,Some-college,Private,Adm-clerical,0,0,40,39,0
26,Male,Asian-Pac-Islander,Never-married,2,68729,HS-grad,Self-emp-not-inc,Sales,0,0,50,39,1
60,Male,White,Married-civ-spouse,0,282066,Bachelors,Self-emp-not-inc,Exec-managerial,0,1977,45,39,1
42,Male,White,Married-civ-spouse,0,69333,Bachelors,Self-emp-not-inc,Farming-fishing,0,0,50,39,0
25,Male,White,Married-civ-spouse,0,101812,Assoc-voc,Private,Sales,0,0,41,39,0
41,Female,White,Separated,4,190885,HS-grad,Private,Other-service,0,0,40,26,0
51,Male,White,Married-civ-spouse,0,28765,Prof-school,Self-emp-inc,Prof-specialty,0,0,60,39,1
34,Male,White,Never-married,1,347166,Doctorate,Private,Prof-specialty,0,0,50,39,1
28,Male,White,Divorced,1,109282,Some-college,Private,Prof-specialty,0,0,40,39,0
17,Female,White,Never-married,3,209949,11th,Private,Sales,0,1602,12,39,0
50,Male,White,Married-civ-spouse,0,163671,HS-grad,Private,Craft-repair,0,0,40,39,0
63,Male,White,Married-civ-spouse,0,29859,7th-8th,Self-emp-not-inc,Farming-fishing,7688,0,60,39,1
17,Female,White,Never-married,3,218124,11th,Private,Sales,0,0,20,39,0
32,Male,Asian-Pac-Islander,Never-married,1,116138,Masters,Private,Tech-support,0,0,11,36,0
25,Female,White,Never-married,1,218948,7th-8th,Other,Other,0,0,32,26,0
39,Male,White,Married-civ-spouse,0,175232,Some-college,Private,Prof-specialty,0,0,50,39,0
50,Male,White,Married-civ-spouse,0,89737,Some-college,Self-emp-not-inc,Craft-repair,0,0,48,39,0
24,Female,White,Married-civ-spouse,5,182276,HS-grad,Private,Other-service,0,0,25,39,0
36,Female,White,Married-civ-spouse,5,95855,Masters,Local-gov,Prof-specialty,0,0,60,39,1
40,Female,White,Divorced,4,29927,HS-grad,Private,Adm-clerical,0,0,45,9,0
23,Male,White,Never-married,1,57898,Some-college,Private,Farming-fishing,0,0,30,39,0
30,Male,White,Never-married,3,111567,HS-grad,Private,Craft-repair,0,0,48,39,0
25,Female,White,Never-married,1,312157,Some-college,Private,Prof-specialty,0,0,40,39,0
61,Male,White,Separated,1,192060,Bachelors,Local-gov,Prof-specialty,0,0,30,0,0
75,Male,White,Married-civ-spouse,0,31428,HS-grad,Self-emp-not-inc,Farming-fishing,3456,0,40,39,0
18,Male,White,Never-married,3,37720,10th,Private,Machine-op-inspct,0,0,40,39,0
63,Male,White,Married-civ-spouse,0,27653,HS-grad,Self-emp-not-inc,Farming-fishing,0,0,35,39,0
19,Female,Other,Never-married,3,294029,11th,Private,Sales,0,0,32,27,0
49,Male,Black,Married-civ-spouse,0,200198,HS-grad,Private,Other-service,0,0,40,39,0
58,Female,White,Never-married,1,259929,Doctorate,State-gov,Exec-managerial,0,0,43,39,1
30,Female,White,Divorced,1,257796,Some-college,Local-gov,Adm-clerical,0,0,40,39,0
29,Male,White,Married-civ-spouse,0,184596,11th,Private,Craft-repair,3942,0,50,39,0
83,Male,White,Married-civ-spouse,0,153183,Bachelors,Self-emp-inc,Exec-managerial,0,2392,55,39,1
28,Male,Black,Married-civ-spouse,0,218990,Assoc-voc,Local-gov,Protective-serv,0,0,46,39,0
21,Male,White,Never-married,2,182117,Bachelors,Private,Other-service,0,0,20,39,0
35,Male,White,Married-civ-spouse,0,112160,HS-grad,Private,Sales,0,0,40,39,0
69,Male,White,Married-civ-spouse,0,179813,10th,Local-gov,Transport-moving,0,0,10,39,0
21,Male,White,Never-married,3,451996,HS-grad,Private,Sales,0,0,40,39,0
44,Male,White,Never-married,4,187720,Assoc-voc,Private,Craft-repair,0,0,40,39,0
21,Male,White,Never-married,1,312017,Some-college,Private,Craft-repair,0,0,40,39,0
35,Female,White,Divorced,1,268620,HS-grad,Private,Other-service,0,0,45,39,0
23,Male,White,Never-married,1,234663,HS-grad,Private,Machine-op-inspct,0,0,40,39,0
60,Female,White,Divorced,4,226949,HS-grad,Private,Adm-clerical,0,0,37,39,0
20,Male,White,Never-married,3,174714,Some-college,Private,Other-service,0,0,20,39,0
41,Female,White,Married-spouse-absent,4,193626,HS-grad,Private,Craft-repair,0,0,40,39,0
28,Male,White,Never-married,1,214689,11th,Self-emp-not-inc,Craft-repair,0,0,40,39,0
52,Male,White,Married-civ-spouse,0,173754,Prof-school,Self-emp-inc,Prof-specialty,15024,0,60,39,1
33,Male,Black,Married-civ-spouse,0,365908,HS-grad,Local-gov,Other-service,2105,0,40,39,0
38,Male,White,Married-civ-spouse,0,165848,Bachelors,Private,Sales,0,0,44,39,0
33,Female,White,Never-married,3,168981,1st-4th,Private,Sales,0,0,24,39,0
30,Male,White,Married-civ-spouse,0,235124,HS-grad,Private,Transport-moving,99999,0,40,39,1
29,Male,Asian-Pac-Islander,Married-civ-spouse,3,82393,HS-grad,Private,Other-service,0,0,25,30,0
35,Female,White,Never-married,1,146091,Some-college,Private,Adm-clerical,0,0,40,39,0
50,Male,White,Married-civ-spouse,0,238959,Bachelors,Private,Sales,99999,0,60,0,1
60,Male,White,Widowed,1,251572,HS-grad,Other,Other,0,0,35,31,0
40,Male,White,Married-civ-spouse,0,227236,HS-grad,Private,Sales,0,0,50,39,0
23,Female,White,Never-married,3,176178,HS-grad,Private,Tech-support,0,0,40,39,0
43,Male,White,Divorced,1,174575,Some-college,Private,Adm-clerical,0,0,45,39,0
21,Male,White,Never-married,1,74538,Some-college,Self-emp-not-inc,Tech-support,0,0,25,39,0
34,Female,Black,Never-married,1,197688,HS-grad,Other,Other,0,0,40,39,0
22,Male,White,Never-married,3,138513,Some-college,Private,Craft-repair,0,0,40,39,0
22,Male,White,Never-married,3,273734,HS-grad,Local-gov,Farming-fishing,0,0,20,39,0
26,Female,White,Never-married,1,150361,Bachelors,Private,Prof-specialty,0,0,40,39,0
22,Male,White,Never-married,2,189203,Assoc-acdm,Other,Other,0,0,15,39,0
54,Male,Black,Married-civ-spouse,0,279881,Assoc-voc,Local-gov,Transport-moving,0,0,40,39,0
33,Male,Black,Never-married,1,343925,HS-grad,Private,Handlers-cleaners,0,0,40,23,0
29,Male,White,Married-civ-spouse,0,243660,HS-grad,Private,Machine-op-inspct,0,0,50,39,1
19,Male,White,Never-married,3,218956,HS-grad,Private,Prof-specialty,0,0,40,39,0
30,Male,White,Divorced,1,220939,Assoc-voc,Private,Exec-managerial,0,0,40,39,0
36,Female,White,Never-married,1,162302,Some-college,Private,Adm-clerical,0,0,35,39,0
30,Female,Black,Never-married,1,347132,Some-college,Private,Machine-op-inspct,0,0,40,39,0
39,Female,Black,Divorced,1,250217,HS-grad,Private,Machine-op-inspct,0,0,70,39,0
28,Male,White,Never-married,1,23324,Some-college,Private,Handlers-cleaners,0,0,40,39,0
48,Female,Black,Never-married,4,169324,HS-grad,Private,Other-service,0,0,32,14,0
38,Male,White,Married-civ-spouse,0,168322,HS-grad,Private,Transport-moving,0,0,60,39,0
53,Male,White,Married-civ-spouse,0,88842,HS-grad,Private,Exec-managerial,99999,0,40,39,1
40,Male,Black,Divorced,1,176602,HS-grad,Private,Other-service,0,0,40,39,0
38,Male,White,Married-civ-spouse,0,22245,HS-grad,Private,Exec-managerial,0,0,60,39,1
19,Female,White,Never-married,3,227310,Some-college,Self-emp-not-inc,Other-service,0,0,25,39,0
32,Female,White,Married-civ-spouse,5,273241,Bachelors,Private,Exec-managerial,0,0,40,39,1
32,Male,White,Married-civ-spouse,0,103078,Bachelors,Self-emp-inc,Sales,0,0,40,39,0
49,Male,White,Married-civ-spouse,0,113513,Bachelors,Self-emp-not-inc,Farming-fishing,0,0,50,39,0
19,Female,White,Never-married,3,156587,Some-college,Private,Adm-clerical,0,0,38,39,0
54,Male,White,Never-married,4,329733,HS-grad,Private,Exec-managerial,0,0,40,39,1
48,Female,White,Divorced,4,174794,Assoc-voc,Private,Adm-clerical,0,0,40,39,0
52,Female,White,Married-civ-spouse,5,330799,9th,Local-gov,Other-service,0,0,40,39,0
60,Male,White,Divorced,4,237317,Assoc-voc,Federal-gov,Prof-specialty,4934,0,40,39,1
50,Female,Black,Divorced,1,99392,Some-college,Private,Craft-repair,0,0,45,39,0
45,Male,White,Married-civ-spouse,0,144351,Masters,State-gov,Prof-specialty,0,0,40,39,1
46,Male,White,Married-civ-spouse,0,328216,Prof-school,Self-emp-not-inc,Prof-specialty,0,0,45,39,1
47,Male,White,Married-AF-spouse,0,117865,HS-grad,Self-emp-not-inc,Craft-repair,0,0,90,39,0
37,Male,White,Married-civ-spouse,0,174844,Some-college,Private,Other-service,0,0,17,39,0
30,Female,White,Never-married,4,204704,Bachelors,Private,Exec-managerial,0,0,45,39,1
26,Female,Black,Never-married,4,240842,HS-grad,Private,Machine-op-inspct,0,0,40,39,0
35,Male,Black,Never-married,1,265954,Bachelors,Private,Handlers-cleaners,0,0,40,39,0
71,Male,White,Married-civ-spouse,0,179574,Prof-school,Private,Prof-specialty,0,0,12,39,1
48,Female,White,Widowed,4,167381,HS-grad,Other,Other,0,0,25,39,0
55,Male,White,Married-civ-spouse,0,124137,Prof-school,Self-emp-inc,Prof-specialty,0,2415,35,12,1
21,Female,Black,Never-married,4,191460,11th,Private,Other-service,0,0,40,39,0
52,Male,White,Married-civ-spouse,0,127749,HS-grad,Private,Transport-moving,0,0,50,39,0
52,Male,White,Divorced,1,415037,Some-college,Self-emp-inc,Exec-managerial,0,0,65,39,1
44,Male,White,Married-civ-spouse,0,162506,Masters,Local-gov,Prof-specialty,0,0,35,39,0
26,Male,Asian-Pac-Islander,Never-married,2,149943,HS-grad,Private,Other-service,0,0,60,0,0
44,Female,White,Divorced,4,225263,Some-college,Private,Sales,0,1408,46,39,0
21,Male,White,Never-married,3,121694,7th-8th,Other,Other,0,0,40,39,0
47,Male,White,Married-civ-spouse,0,168109,HS-grad,Self-emp-not-inc,Farming-fishing,15024,0,50,39,1
22,Male,White,Never-married,1,177125,Some-college,Private,Adm-clerical,0,0,50,39,0
60,Male,Black,Married-civ-spouse,0,525878,HS-grad,Self-emp-not-inc,Exec-managerial,0,0,40,39,0
23,Male,White,Married-civ-spouse,0,201680,12th,Private,Craft-repair,0,0,40,39,0
48,Female,Black,Never-married,4,45612,HS-grad,Private,Adm-clerical,0,0,37,39,0
21,Male,White,Never-married,3,170456,Some-college,Private,Other-service,0,0,35,22,0
31,Male,Other,Divorced,3,93589,HS-grad,State-gov,Protective-serv,0,0,40,39,0
52,Male,White,Widowed,1,373367,11th,Private,Craft-repair,0,0,40,39,0
60,Male,White,Married-civ-spouse,0,109511,7th-8th,Private,Handlers-cleaners,0,0,40,39,0
29,Male,White,Never-married,1,229729,HS-grad,Private,Transport-moving,0,0,40,39,0
23,Female,White,Never-married,3,192812,Bachelors,Private,Tech-support,0,0,40,39,0
33,Male,White,Never-married,1,174789,Some-college,Private,Adm-clerical,0,0,50,39,0
29,Male,White,Never-married,1,241431,HS-grad,Self-emp-not-inc,Craft-repair,0,0,45,39,0
22,Female,White,Never-married,1,399020,Some-college,Local-gov,Adm-clerical,0,0,55,39,0
26,Female,White,Never-married,3,269060,Bachelors,Private,Adm-clerical,0,0,40,39,0
29,Male,White,Married-civ-spouse,0,394927,Assoc-voc,Private,Other-service,0,0,40,0,0
36,Male,White,Married-civ-spouse,0,126569,HS-grad,Private,Prof-specialty,0,0,45,7,1
27,Male,White,Married-civ-spouse,0,183511,HS-grad,Private,Handlers-cleaners,0,0,40,39,0
33,Male,White,Divorced,1,298785,10th,Local-gov,Transport-moving,0,0,40,39,0
30,Female,White,Never-married,4,169152,HS-grad,Private,Tech-support,0,0,40,39,0
50,Female,White,Divorced,1,313321,Assoc-acdm,Private,Sales,0,0,40,39,0
42,Male,White,Married-civ-spouse,0,294431,Masters,Federal-gov,Prof-specialty,0,0,40,39,0
30,Male,Asian-Pac-Islander,Married-civ-spouse,0,118861,Some-college,Private,Adm-clerical,0,0,50,39,1
40,Male,White,Divorced,1,56072,Masters,Private,Prof-specialty,0,0,20,39,0
51,Male,White,Divorced,1,306790,HS-grad,Private,Craft-repair,0,0,40,39,0
35,Female,White,Never-married,1,109351,Bachelors,Private,Sales,8614,0,45,39,1
65,Male,Asian-Pac-Islander,Never-married,2,255386,HS-grad,Private,Craft-repair,0,0,40,1,0
51,Female,Black,Widowed,1,198186,Bachelors,Federal-gov,Prof-specialty,0,0,40,39,0
42,Male,White,Married-civ-spouse,0,248094,HS-grad,Private,Transport-moving,0,1740,43,39,0
23,Male,Black,Never-married,3,203078,Bachelors,Private,Adm-clerical,0,0,24,39,0
26,Male,White,Married-civ-spouse,0,31143,HS-grad,Self-emp-not-inc,Exec-managerial,0,0,45,39,0
46,Female,White,Divorced,4,585361,9th,Private,Exec-managerial,0,0,40,39,0
55,Female,White,Married-spouse-absent,4,90414,Bachelors,Private,Craft-repair,0,0,55,21,0
26,Female,White,Married-civ-spouse,5,181920,Bachelors,Private,Prof-specialty,0,0,45,39,1
43,Male,White,Married-civ-spouse,0,96129,11th,Self-emp-not-inc,Handlers-cleaners,0,0,60,39,0
45,Female,White,Divorced,1,117310,Bachelors,Private,Sales,0,0,46,39,0
51,Male,White,Married-civ-spouse,0,153870,HS-grad,Private,Tech-support,0,0,40,39,1
39,Male,White,Never-married,1,122032,Assoc-voc,Private,Machine-op-inspct,0,0,40,39,0
35,Female,White,Divorced,1,63021,Some-college,Private,Sales,0,0,35,39,0
43,Female,White,Separated,4,171438,Assoc-voc,Private,Sales,0,0,45,39,0
57,Male,White,Married-civ-spouse,0,175942,Some-college,Private,Exec-managerial,0,0,50,39,1
44,Male,White,Married-civ-spouse,0,352971,Bachelors,Self-emp-inc,Exec-managerial,0,0,45,39,1
32,Female,White,Divorced,4,237478,11th,Private,Machine-op-inspct,0,0,40,39,0
57,Male,White,Married-civ-spouse,0,70720,HS-grad,Private,Other-service,0,0,78,39,0
61,Male,Black,Married-civ-spouse,0,149405,HS-grad,Private,Other-service,0,0,40,39,0
62,Female,White,Widowed,1,200922,7th-8th,Private,Machine-op-inspct,0,0,40,39,0
49,Male,White,Married-civ-spouse,0,34446,Some-college,Private,Transport-moving,0,0,40,39,0
42,Male,White,Married-civ-spouse,0,230684,HS-grad,Private,Sales,5178,0,50,39,1
23,Female,White,Never-married,3,216811,HS-grad,Private,Adm-clerical,0,0,16,39,0
40,Male,White,Married-civ-spouse,0,351161,Masters,Other,Other,0,0,60,39,1
31,Male,White,Never-married,3,91666,HS-grad,Private,Exec-managerial,0,0,60,39,0
62,Female,White,Widowed,1,319582,HS-grad,Private,Sales,0,0,32,39,0
30,Male,White,Divorced,3,112263,11th,Private,Handlers-cleaners,0,0,40,39,0
53,Male,White,Married-civ-spouse,0,103931,Some-college,Private,Prof-specialty,0,0,40,39,0
52,Male,White,Divorced,1,162381,HS-grad,Self-emp-not-inc,Sales,0,0,40,39,0
60,Male,White,Married-civ-spouse,0,206339,HS-grad,Private,Other-service,0,0,40,39,0
49,Female,White,Married-civ-spouse,5,349633,Masters,Local-gov,Prof-specialty,0,0,50,39,1
28,Male,White,Married-civ-spouse,0,190911,HS-grad,Private,Craft-repair,0,0,40,39,0
38,Male,White,Married-civ-spouse,0,175232,HS-grad,Private,Machine-op-inspct,0,0,48,39,0
25,Male,White,Never-married,3,264055,Bachelors,Private,Adm-clerical,0,0,40,39,0
74,Male,White,Married-civ-spouse,0,231002,HS-grad,Self-emp-inc,Exec-managerial,0,0,30,39,1
47,Male,White,Married-civ-spouse,0,255934,Some-college,Self-emp-not-inc,Exec-managerial,0,0,80,39,0
37,Male,White,Never-married,4,186808,HS-grad,Private,Sales,0,0,40,39,0
58,Female,White,Divorced,1,111169,HS-grad,Private,Adm-clerical,0,0,40,39,0
41,Male,White,Married-civ-spouse,0,64506,HS-grad,Self-emp-inc,Farming-fishing,0,0,50,39,0
28,Male,White,Married-civ-spouse,0,198258,Assoc-voc,Private,Sales,0,0,40,39,0
31,Male,White,Married-civ-spouse,0,113364,Assoc-acdm,Private,Machine-op-inspct,0,0,20,39,0
33,Female,White,Separated,4,178587,Some-college,Private,Prof-specialty,0,0,37,39,0
28,Male,White,Married-civ-spouse,0,205337,HS-grad,Private,Machine-op-inspct,0,0,40,39,0
51,Male,White,Married-civ-spouse,0,41474,10th,Private,Other-service,0,0,40,26,0
52,Female,White,Married-civ-spouse,5,229983,Prof-school,Private,Prof-specialty,3103,0,30,39,1
51,Male,White,Married-civ-spouse,0,175897,9th,Self-emp-not-inc,Craft-repair,0,0,20,39,0
43,Male,White,Married-civ-spouse,0,115562,Bachelors,Private,Prof-specialty,0,0,42,39,1
34,Male,White,Never-married,2,114639,Some-college,Private,Handlers-cleaners,0,0,20,39,0
35,Female,White,Widowed,4,188972,HS-grad,Private,Exec-managerial,0,0,30,39,0
65,Male,White,Married-civ-spouse,0,113323,Assoc-acdm,Private,Exec-managerial,3818,0,40,39,0
30,Male,White,Married-civ-spouse,0,154843,HS-grad,Private,Machine-op-inspct,0,0,40,39,0
47,Male,White,Divorced,1,74305,Bachelors,Private,Craft-repair,0,0,40,39,0
50,Male,White,Married-civ-spouse,0,88842,Bachelors,Private,Transport-moving,7298,0,40,39,1
43,Male,White,Married-civ-spouse,0,214541,HS-grad,Other,Other,0,0,35,39,0
37,Male,White,Married-civ-spouse,0,192939,Bachelors,Private,Craft-repair,0,0,40,39,1
46,Female,White,Divorced,1,222115,Bachelors,Local-gov,Adm-clerical,99999,0,40,39,1
32,Male,White,Married-civ-spouse,0,209103,Some-college,Private,Exec-managerial,3464,0,40,39,0
23,Male,White,Never-married,3,163870,Some-college,Private,Craft-repair,0,0,40,39,0
27,Female,White,Never-married,1,36440,Prof-school,Private,Prof-specialty,0,0,65,39,1
54,Male,White,Married-civ-spouse,0,175339,HS-grad,Self-emp-inc,Sales,0,0,50,39,1
41,Male,White,Married-civ-spouse,0,121718,Some-college,Private,Craft-repair,0,0,40,22,0
34,Male,White,Married-civ-spouse,0,345705,Bachelors,Private,Sales,0,1977,50,39,1
40,Female,White,Married-civ-spouse,5,114580,HS-grad,Private,Exec-managerial,0,0,24,39,1
34,Male,White,Never-married,1,394447,Bachelors,Private,Prof-specialty,2463,0,50,10,0
46,Male,Black,Married-civ-spouse,0,403911,Assoc-voc,Private,Craft-repair,0,0,40,39,1
42,Male,White,Married-civ-spouse,0,373403,HS-grad,Self-emp-not-inc,Farming-fishing,0,0,50,39,0
18,Female,White,Never-married,3,240183,HS-grad,Private,Other-service,0,0,20,39,0
24,Male,White,Never-married,3,314165,Some-college,Private,Exec-managerial,0,0,20,39,0
27,Male,White,Never-married,1,256764,Assoc-acdm,Private,Sales,0,0,40,39,0
29,Male,White,Married-civ-spouse,0,183111,Assoc-voc,Private,Machine-op-inspct,0,0,40,39,0
39,Male,White,Married-civ-spouse,0,229651,Bachelors,Local-gov,Prof-specialty,0,0,50,39,1
64,Male,White,Married-civ-spouse,0,134960,Bachelors,Self-emp-not-inc,Exec-managerial,15024,0,35,39,1
44,Male,White,Married-civ-spouse,0,79531,HS-grad,Private,Craft-repair,0,0,45,39,0
39,Male,White,Married-civ-spouse,0,148443,HS-grad,Self-emp-not-inc,Farming-fishing,0,0,60,39,0
26,Male,White,Married-civ-spouse,0,102460,Some-college,Private,Adm-clerical,0,0,40,39,0
37,Male,Black,Married-civ-spouse,0,360743,Some-college,Private,Craft-repair,0,0,40,39,0
24,Female,White,Never-married,1,311376,Bachelors,Private,Prof-specialty,0,0,40,39,0
49,Male,White,Married-civ-spouse,0,123681,Masters,Private,Prof-specialty,0,0,43,39,1
34,Female,White,Divorced,1,183557,HS-grad,Private,Machine-op-inspct,0,0,25,39,0
35,Male,White,Married-civ-spouse,0,168475,Some-college,Self-emp-not-inc,Craft-repair,0,0,60,39,1
19,Male,White,Never-married,3,219189,12th,Private,Other-service,0,0,25,39,0
35,Female,White,Never-married,1,412379,HS-grad,Private,Other-service,0,0,40,39,0
43,Male,White,Married-civ-spouse,0,180599,Prof-school,Private,Prof-specialty,15024,0,60,39,1
42,Female,White,Never-married,1,170230,Masters,Federal-gov,Exec-managerial,14084,0,60,39,1
46,Female,Black,Divorced,1,233014,HS-grad,Other,Other,0,0,40,39,0
17,Male,White,Never-married,3,104025,11th,Other,Other,0,0,18,39,0
63,Male,White,Never-married,1,264968,Bachelors,Private,Adm-clerical,0,0,40,39,0
47,Male,White,Married-civ-spouse,0,205730,HS-grad,Private,Craft-repair,0,0,56,39,1
36,Male,Black,Never-married,3,266461,HS-grad,Private,Transport-moving,0,0,48,39,0
55,Female,White,Married-civ-spouse,5,141727,Bachelors,Private,Adm-clerical,3464,0,40,39,0
23,Male,White,Divorced,3,208503,Some-college,Self-emp-not-inc,Adm-clerical,0,0,40,39,0
23,Male,White,Never-married,3,262744,Some-college,Private,Adm-clerical,0,0,40,39,0
39,Male,White,Never-married,3,257726,Some-college,Private,Machine-op-inspct,0,0,40,39,0
54,Female,White,Married-spouse-absent,1,278329,HS-grad,Private,Exec-managerial,0,0,43,39,0
44,Male,White,Married-civ-spouse,0,193494,Some-college,Private,Transport-moving,0,0,72,39,1
30,Male,White,Married-civ-spouse,0,173854,HS-grad,Self-emp-not-inc,Craft-repair,0,0,60,39,0
45,Male,White,Married-civ-spouse,0,170850,HS-grad,Private,Machine-op-inspct,0,0,44,39,1
21,Female,White,Never-married,3,248512,Some-college,Private,Adm-clerical,0,0,40,39,0
49,Male,White,Divorced,1,122066,Some-college,Self-emp-inc,Sales,0,0,25,39,0
57,Male,White,Divorced,1,21626,Some-college,Federal-gov,Other-service,0,0,40,39,0
46,Male,White,Married-civ-spouse,0,184632,Assoc-voc,Private,Craft-repair,0,0,50,39,0
59,Male,White,Never-married,1,161944,Bachelors,Local-gov,Adm-clerical,0,0,38,39,0
17,Male,White,Never-married,3,237272,10th,Never-worked,Other,0,0,30,39,0
50,Male,White,Married-civ-spouse,0,153064,HS-grad,Local-gov,Exec-managerial,5178,0,40,39,1
46,Male,White,Married-civ-spouse,0,305160,1st-4th,Private,Handlers-cleaners,0,0,40,26,0
25,Male,White,Married-civ-spouse,0,169905,Some-college,Local-gov,Farming-fishing,0,0,40,39,0
44,Male,White,Married-civ-spouse,0,138991,Some-college,Self-emp-inc,Exec-managerial,0,0,50,39,1
47,Male,White,Married-civ-spouse,0,173938,Bachelors,Private,Exec-managerial,0,0,57,39,1
63,Male,White,Married-civ-spouse,0,308028,Masters,Private,Tech-support,5013,0,40,39,0
18,Male,White,Never-married,3,258474,10th,Self-emp-not-inc,Farming-fishing,0,0,40,39,0
27,Female,White,Never-married,1,158156,HS-grad,Private,Other-service,0,0,42,39,0
24,Male,White,Never-married,3,109869,Some-college,Private,Other-service,0,0,40,39,0
35,Male,White,Married-civ-spouse,0,230054,7th-8th,Private,Machine-op-inspct,0,0,40,26,0
20,Male,White,Never-married,3,148940,HS-grad,Private,Handlers-cleaners,0,0,40,39,0
24,Male,Black,Never-married,1,382146,Some-college,Private,Prof-specialty,0,0,40,39,0
63,Male,White,Married-civ-spouse,0,222289,Bachelors,Other,Other,7688,0,54,39,1
61,Female,White,Divorced,4,171429,11th,Private,Other-service,0,0,36,39,0
51,Male,White,Married-civ-spouse,0,189183,Bachelors,Self-emp-inc,Exec-managerial,0,0,40,39,0
38,Male,White,Married-civ-spouse,0,321943,Doctorate,State-gov,Prof-specialty,0,0,40,39,1
28,Female,White,Married-civ-spouse,5,96020,Bachelors,Private,Exec-managerial,0,0,50,39,1
40,Female,White,Divorced,4,179735,Assoc-voc,Private,Adm-clerical,0,0,50,39,0
32,Male,White,Married-civ-spouse,0,132601,Prof-school,Private,Prof-specialty,0,0,40,39,1
24,Male,White,Never-married,1,145964,Bachelors,Private,Exec-managerial,0,0,40,39,0
22,Female,White,Never-married,3,64292,Bachelors,State-gov,Prof-specialty,0,0,43,39,0
38,Male,White,Married-civ-spouse,0,342635,Bachelors,Self-emp-not-inc,Prof-specialty,0,0,70,39,0
39,Female,Black,Divorced,4,226374,10th,Private,Other-service,0,0,40,39,0
44,Male,White,Married-civ-spouse,0,191256,HS-grad,Private,Transport-moving,0,0,65,39,1
27,Male,White,Never-married,1,163862,HS-grad,Private,Transport-moving,0,0,40,39,0
28,Female,White,Married-civ-spouse,5,377095,Bachelors,Private,Exec-managerial,0,0,40,39,0
27,Female,White,Never-married,1,175034,Bachelors,Private,Adm-clerical,0,0,40,39,0
27,Male,White,Married-civ-spouse,0,208249,HS-grad,Private,Handlers-cleaners,0,0,62,39,0
25,Male,White,Married-civ-spouse,0,182227,HS-grad,Private,Craft-repair,0,1579,40,39,0
51,Male,White,Married-civ-spouse,0,162943,Prof-school,Self-emp-inc,Prof-specialty,0,0,40,39,1
39,Male,White,Married-civ-spouse,0,324420,1st-4th,Private,Craft-repair,0,0,45,26,0
29,Male,Asian-Pac-Islander,Married-civ-spouse,0,205249,Masters,Private,Exec-managerial,0,0,40,24,0
43,Male,White,Married-civ-spouse,0,193494,Some-college,Private,Prof-specialty,0,0,40,39,0
27,Female,White,Never-married,1,47907,Bachelors,Private,Adm-clerical,0,0,43,39,0
25,Female,White,Never-married,3,192149,Bachelors,Private,Adm-clerical,0,0,40,39,0
23,Male,White,Never-married,1,695136,HS-grad,Private,Handlers-cleaners,0,0,30,39,0
50,Female,White,Married-civ-spouse,5,266945,HS-grad,Private,Machine-op-inspct,3137,0,40,8,0
38,Female,Black,Divorced,4,745768,Some-college,Local-gov,Exec-managerial,0,0,45,39,0
42,Male,White,Separated,4,175935,HS-grad,Other,Other,0,0,40,39,0
32,Male,White,Married-civ-spouse,0,164197,Bachelors,Private,Craft-repair,0,0,44,39,1
50,Female,White,Married-civ-spouse,5,166220,Assoc-acdm,Private,Sales,3942,0,40,39,0
26,Female,White,Never-married,1,171114,Some-college,Private,Farming-fishing,0,0,38,39,0
20,Male,White,Never-married,3,174714,Some-college,Private,Prof-specialty,0,0,15,39,0
63,Female,White,Married-civ-spouse,5,86590,HS-grad,Local-gov,Exec-managerial,0,0,32,39,0
53,Male,Asian-Pac-Islander,Never-married,1,137547,Prof-school,Self-emp-not-inc,Prof-specialty,27828,0,40,30,1
18,Male,White,Never-married,3,268952,12th,Private,Other-service,0,0,20,39,0
45,Male,White,Separated,4,207540,Doctorate,Private,Exec-managerial,0,0,40,39,1
26,Female,White,Never-married,3,231638,HS-grad,Private,Exec-managerial,0,0,40,39,0
18,Male,White,Never-married,3,334427,10th,Private,Farming-fishing,0,0,36,39,0
19,Female,White,Never-married,3,134974,Some-college,Other,Other,0,0,20,39,0
57,Female,White,Widowed,1,182028,Assoc-acdm,Private,Adm-clerical,0,0,35,39,0
57,Female,White,Married-civ-spouse,5,222216,Some-college,Self-emp-not-inc,Exec-managerial,0,0,60,39,0
28,Female,White,Divorced,1,47783,Some-college,Private,Other-service,0,0,30,39,0
23,Male,White,Never-married,1,236601,Some-college,Private,Tech-support,0,0,48,39,0
54,Female,White,Never-married,1,163557,HS-grad,Local-gov,Adm-clerical,0,0,30,39,0
31,Female,Black,Never-married,3,255830,Assoc-acdm,State-gov,Adm-clerical,0,0,45,39,0
19,Male,White,Never-married,3,299598,HS-grad,Private,Handlers-cleaners,0,0,16,39,0
50,Female,White,Married-civ-spouse,5,156606,Some-college,Self-emp-not-inc,Exec-managerial,0,0,30,39,0
37,Male,White,Married-civ-spouse,0,342084,Some-college,Self-emp-inc,Exec-managerial,0,0,60,39,1
32,Female,Black,Divorced,1,143604,HS-grad,Private,Other-service,0,0,16,39,0
21,Female,Asian-Pac-Islander,Never-married,3,143582,Bachelors,Private,Prof-specialty,0,0,45,39,0
25,Male,White,Never-married,4,113436,Some-college,Self-emp-not-inc,Craft-repair,0,0,35,39,0
26,Male,White,Never-married,1,557236,HS-grad,Private,Transport-moving,0,0,40,39,0
33,Male,White,Never-married,1,182556,HS-grad,Private,Other-service,0,0,40,39,0
56,Male,White,Married-civ-spouse,0,275943,Some-college,Other,Other,0,0,40,27,0
70,Female,White,Never-married,4,88638,Masters,Local-gov,Prof-specialty,7896,0,50,39,1
45,Male,White,Married-civ-spouse,0,185385,HS-grad,Private,Craft-repair,0,0,47,39,1
63,Female,White,Divorced,4,217994,Some-college,Federal-gov,Exec-managerial,0,0,40,39,0
64,Female,White,Widowed,2,253296,HS-grad,Self-emp-not-inc,Other-service,0,0,40,39,0
19,Female,Black,Never-married,3,206874,Assoc-voc,Private,Adm-clerical,0,0,40,39,0
25,Male,White,Never-married,1,187540,Some-college,Private,Craft-repair,0,0,40,39,0
53,Male,White,Divorced,1,157881,Some-college,Self-emp-inc,Exec-managerial,0,0,60,39,0
40,Female,White,Never-married,3,111829,Masters,Private,Adm-clerical,0,0,40,39,0
67,Female,White,Widowed,1,176931,7th-8th,Local-gov,Other-service,0,0,20,39,0
41,Female,White,Never-married,1,182108,Doctorate,Private,Machine-op-inspct,0,0,40,39,1
50,Male,Asian-Pac-Islander,Divorced,1,304260,Assoc-acdm,Private,Adm-clerical,0,0,40,39,0
47,Female,Asian-Pac-Islander,Widowed,1,217509,HS-grad,Private,Priv-house-serv,0,0,45,37,0
43,Male,White,Married-civ-spouse,0,114537,Assoc-voc,State-gov,Protective-serv,0,0,40,39,0
32,Female,White,Divorced,4,640383,Bachelors,Other,Other,0,0,40,39,0
47,Male,Black,Divorced,2,359766,7th-8th,Private,Handlers-cleaners,0,0,40,39,0
56,Female,White,Divorced,4,346635,Masters,Self-emp-not-inc,Sales,0,2339,60,39,0
38,Male,White,Married-civ-spouse,0,607848,Bachelors,Private,Sales,0,0,40,39,1
40,Male,Asian-Pac-Islander,Married-civ-spouse,0,506329,Doctorate,State-gov,Prof-specialty,0,0,40,36,1
33,Male,White,Married-civ-spouse,0,80933,HS-grad,Self-emp-not-inc,Transport-moving,0,0,60,39,0
44,Male,White,Married-civ-spouse,0,166597,Masters,State-gov,Adm-clerical,0,0,40,39,1
45,Male,Asian-Pac-Islander,Married-civ-spouse,0,209912,Bachelors,Private,Exec-managerial,0,0,40,19,1
36,Male,White,Married-civ-spouse,0,223433,Assoc-voc,Local-gov,Protective-serv,0,0,53,39,1
36,Female,White,Divorced,4,214807,HS-grad,Private,Handlers-cleaners,0,0,37,39,0
24,Male,White,Never-married,3,205839,Some-college,Private,Handlers-cleaners,0,0,40,39,0
41,Female,White,Married-civ-spouse,5,343079,Bachelors,Local-gov,Prof-specialty,0,1740,20,39,0
28,Female,White,Married-civ-spouse,5,233796,Some-college,Private,Adm-clerical,7298,0,32,39,1
53,Female,White,Divorced,1,324021,Some-college,Local-gov,Other-service,0,0,40,39,0
30,Female,White,Never-married,3,426017,11th,Private,Other-service,0,0,19,39,0
36,Male,White,Never-married,2,182074,HS-grad,Private,Adm-clerical,0,0,40,39,0
58,Female,White,Married-spouse-absent,4,197665,HS-grad,Self-emp-not-inc,Other-service,0,0,45,39,0
47,Female,Amer-Indian-Eskimo,Divorced,1,89806,Some-college,Other,Other,0,0,35,39,0
45,Male,Black,Married-civ-spouse,0,273194,HS-grad,Private,Machine-op-inspct,3137,0,35,39,0
27,Male,White,Married-civ-spouse,0,206125,10th,Local-gov,Craft-repair,0,0,60,39,0
56,Male,White,Married-civ-spouse,0,26716,Bachelors,Self-emp-not-inc,Exec-managerial,0,0,20,39,1
51,Male,White,Divorced,3,106151,11th,Private,Transport-moving,0,0,40,39,0
68,Male,White,Married-civ-spouse,0,213720,HS-grad,Private,Sales,0,0,40,39,0
75,Male,White,Married-civ-spouse,0,184335,11th,Self-emp-not-inc,Exec-managerial,0,0,30,39,0
26,Male,White,Never-married,1,135645,Bachelors,Private,Sales,0,0,40,39,0
33,Male,White,Divorced,1,118267,Assoc-acdm,Self-emp-not-inc,Sales,0,0,60,39,0
37,Male,Asian-Pac-Islander,Separated,1,341672,Bachelors,Private,Tech-support,0,0,40,30,0
39,Female,White,Married-civ-spouse,5,327435,Bachelors,Private,Prof-specialty,0,0,36,39,1
18,Female,Black,Never-married,3,311795,12th,Private,Sales,0,0,20,39,0
48,Male,White,Married-civ-spouse,0,195437,11th,Private,Transport-moving,0,0,40,39,1
31,Female,White,Divorced,3,118941,Some-college,Private,Other-service,0,0,20,39,0
32,Female,White,Never-married,1,187901,Assoc-voc,Private,Exec-managerial,0,0,23,39,0
41,Female,Black,Divorced,4,130408,HS-grad,Private,Sales,0,0,38,39,0
45,Male,White,Married-civ-spouse,0,352094,Some-college,Federal-gov,Tech-support,7688,0,40,13,1
65,Female,Black,Never-married,1,143570,Some-college,Local-gov,Prof-specialty,0,0,40,39,0
24,Male,White,Never-married,3,206861,Bachelors,Private,Adm-clerical,0,0,40,39,0
28,Female,Black,Never-married,1,210945,Bachelors,Local-gov,Prof-specialty,0,0,60,39,0
38,Male,White,Married-civ-spouse,0,154410,HS-grad,Private,Craft-repair,0,2051,40,31,0
20,Female,White,Married-civ-spouse,2,173945,11th,Other,Other,0,0,39,39,0
38,Male,White,Married-civ-spouse,0,91857,HS-grad,Private,Craft-repair,0,0,44,39,0
26,Male,White,Divorced,4,213258,HS-grad,Self-emp-not-inc,Farming-fishing,0,0,65,39,0
38,Female,Black,Divorced,4,214542,Some-college,Federal-gov,Handlers-cleaners,0,0,40,39,0
37,Female,White,Divorced,1,179088,Some-college,Private,Adm-clerical,0,0,40,39,0
55,Female,White,Widowed,4,171015,HS-grad,Private,Sales,0,0,40,39,0
69,Male,White,Married-civ-spouse,0,61958,HS-grad,Local-gov,Craft-repair,1424,0,6,39,0
59,Female,White,Divorced,1,87247,10th,Other,Other,0,0,40,9,0
35,Female,White,Married-civ-spouse,5,187089,Assoc-voc,Private,Exec-managerial,0,0,42,39,1
56,Male,White,Married-civ-spouse,0,671292,HS-grad,State-gov,Transport-moving,0,0,38,39,1
40,Male,White,Married-civ-spouse,0,247880,Bachelors,Private,Tech-support,0,0,40,39,1
33,Male,White,Married-civ-spouse,0,199227,Bachelors,Private,Exec-managerial,0,0,55,39,1
28,Female,White,Never-married,4,36601,Some-college,Private,Other-service,0,0,35,39,0
75,Male,White,Widowed,1,192813,Masters,Self-emp-not-inc,Sales,0,0,45,39,0
26,Male,White,Never-married,1,389856,HS-grad,Private,Transport-moving,0,0,40,39,0
23,Male,Black,Never-married,3,93076,HS-grad,State-gov,Other-service,0,0,40,39,0
24,Male,White,Never-married,1,213427,HS-grad,Private,Adm-clerical,0,0,40,39,0
37,Male,White,Married-civ-spouse,0,68899,HS-grad,Self-emp-not-inc,Craft-repair,0,2129,40,39,0
61,Male,White,Married-civ-spouse,0,181219,Bachelors,Private,Prof-specialty,0,1848,40,39,1
27,Male,Black,Never-married,3,215873,HS-grad,Private,Machine-op-inspct,0,0,40,39,0
29,Male,White,Never-married,1,413227,Bachelors,Private,Other-service,0,0,35,39,0
17,Male,White,Never-married,3,209650,12th,Private,Other-service,0,0,16,39,0
19,Male,White,Never-married,3,217039,Some-college,Private,Adm-clerical,0,0,28,39,0
57,Female,White,Divorced,1,197875,HS-grad,Federal-gov,Adm-clerical,0,0,40,39,0
27,Female,White,Never-married,1,153475,Bachelors,Private,Sales,0,0,40,39,0
19,Female,White,Never-married,1,35865,Some-college,Private,Handlers-cleaners,0,0,35,39,0
23,Female,White,Never-married,3,122272,Bachelors,Private,Adm-clerical,0,0,30,39,0
28,Male,Other,Never-married,1,224629,Masters,Private,Exec-managerial,0,0,30,5,0
21,Male,White,Never-married,1,260254,HS-grad,Private,Craft-repair,0,0,40,39,0
32,Male,White,Never-married,1,226696,Bachelors,Private,Exec-managerial,0,0,55,39,1
38,Male,White,Married-civ-spouse,0,67317,Bachelors,Self-emp-not-inc,Farming-fishing,0,0,60,39,0
37,Male,White,Married-civ-spouse,0,188540,HS-grad,Private,Exec-managerial,0,1902,45,39,1
20,Male,White,Never-married,3,56322,Some-college,Private,Other-service,0,0,20,39,0
35,Female,White,Divorced,4,483530,Some-college,State-gov,Tech-support,0,0,40,39,0
44,Male,White,Never-married,1,197344,HS-grad,Private,Handlers-cleaners,0,0,50,39,0
55,Male,White,Married-civ-spouse,0,296991,Prof-school,State-gov,Prof-specialty,15024,0,40,39,1
34,Male,White,Married-civ-spouse,0,229531,Assoc-acdm,Local-gov,Prof-specialty,0,0,60,39,0
55,Male,White,Divorced,3,164857,Some-college,Private,Machine-op-inspct,0,0,40,39,0
36,Male,White,Married-civ-spouse,0,180859,Assoc-voc,Private,Handlers-cleaners,0,0,38,39,0
43,Female,White,Divorced,1,223861,Assoc-voc,Local-gov,Exec-managerial,0,0,40,39,0
38,Male,White,Married-civ-spouse,0,197365,HS-grad,Self-emp-not-inc,Tech-support,0,0,50,39,0
29,Female,White,Married-spouse-absent,1,178649,HS-grad,Private,Other-service,0,0,20,10,0
27,Female,White,Never-married,1,126060,HS-grad,Private,Exec-managerial,0,0,40,39,0
34,Male,White,Married-civ-spouse,0,283921,HS-grad,Private,Transport-moving,0,0,50,39,0
41,Male,White,Married-civ-spouse,0,36651,Masters,Federal-gov,Exec-managerial,0,1848,40,39,1
35,Female,Black,Separated,1,269300,HS-grad,Private,Other-service,0,0,40,39,0
34,Female,White,Married-civ-spouse,5,196791,Assoc-acdm,Self-emp-not-inc,Prof-specialty,0,0,25,39,1
54,Male,White,Married-civ-spouse,0,172991,HS-grad,Other,Other,0,0,40,39,0
53,Male,White,Married-civ-spouse,0,175456,Some-college,Self-emp-not-inc,Farming-fishing,0,0,30,39,0
18,Male,White,Never-married,3,200047,12th,Private,Adm-clerical,0,0,35,39,0
82,Male,White,Widowed,1,120408,Some-college,Self-emp-inc,Sales,0,0,20,39,0
50,Female,White,Married-civ-spouse,5,102346,Bachelors,Private,Exec-managerial,0,2415,20,39,1
30,Male,White,Married-civ-spouse,0,78980,Assoc-voc,Private,Machine-op-inspct,0,0,40,39,1
42,Male,White,Married-civ-spouse,0,192381,HS-grad,Private,Craft-repair,0,0,40,39,1
20,Male,White,Never-married,1,115057,HS-grad,Private,Craft-repair,0,0,40,39,0
44,Female,White,Never-married,3,191893,HS-grad,Private,Other-service,0,0,24,39,0
25,Male,White,Never-married,1,356017,11th,Private,Other-service,0,0,99,39,0
45,Male,White,Married-civ-spouse,0,149640,Some-college,Private,Craft-repair,0,0,40,39,0
28,Female,White,Never-married,1,227840,HS-grad,Private,Transport-moving,0,0,40,39,0
41,Male,White,Never-married,1,195124,HS-grad,Self-emp-not-inc,Sales,0,0,50,0,0
47,Female,White,Divorced,1,275095,Some-college,Private,Machine-op-inspct,0,0,40,39,0
25,Male,Other,Married-civ-spouse,0,195201,HS-grad,Private,Sales,0,0,50,39,0
36,Male,White,Married-civ-spouse,0,161141,Assoc-acdm,Private,Prof-specialty,0,0,40,39,0
46,Male,White,Married-civ-spouse,0,326857,Masters,Private,Sales,0,2415,65,39,1
34,Male,White,Married-civ-spouse,0,252646,Some-college,Private,Prof-specialty,7298,0,50,39,1
31,Female,White,Widowed,4,243605,Bachelors,Private,Sales,0,1380,40,5,0
63,Male,White,Married-spouse-absent,1,100099,HS-grad,Private,Craft-repair,0,0,40,39,0
35,Female,White,Married-civ-spouse,5,139770,Assoc-voc,Other,Other,0,0,20,39,1
32,Female,White,Never-married,1,250585,Bachelors,Local-gov,Prof-specialty,0,0,50,39,0
49,Male,White,Married-civ-spouse,0,110015,Assoc-voc,Private,Craft-repair,0,0,45,12,0
25,Male,White,Never-married,2,66935,Bachelors,Private,Other-service,0,0,40,39,0
25,Male,White,Never-married,1,181576,Some-college,Private,Transport-moving,0,0,55,39,0
35,Female,Black,Never-married,1,269300,Bachelors,Self-emp-not-inc,Other-service,0,0,60,39,0
38,Male,White,Married-civ-spouse,0,159179,Prof-school,Self-emp-inc,Prof-specialty,0,0,45,39,1
42,Male,White,Married-civ-spouse,0,238188,HS-grad,Self-emp-not-inc,Transport-moving,0,0,96,39,0
49,Male,Black,Separated,1,173115,10th,Private,Exec-managerial,4416,0,99,39,0
48,Male,White,Married-civ-spouse,0,107373,10th,Private,Transport-moving,0,0,40,39,1
28,Male,Black,Never-married,2,315287,HS-grad,Private,Adm-clerical,0,0,40,0,0
18,Female,Black,Never-married,3,138917,11th,Private,Sales,0,0,10,39,0
31,Male,White,Never-married,4,48520,Assoc-acdm,Local-gov,Protective-serv,0,0,40,39,0
32,Male,White,Divorced,1,180871,Assoc-voc,Private,Sales,0,0,50,39,1
58,Male,White,Married-civ-spouse,0,113806,Bachelors,Self-emp-inc,Exec-managerial,7688,0,30,39,1
39,Male,White,Married-civ-spouse,0,86551,HS-grad,Private,Other-service,0,0,40,39,1
45,Female,White,Divorced,4,189890,Assoc-acdm,Private,Prof-specialty,5455,0,38,39,0
36,Male,White,Married-civ-spouse,0,209629,HS-grad,Private,Machine-op-inspct,0,0,40,39,0
43,Male,White,Divorced,3,185129,Bachelors,Private,Tech-support,0,0,40,39,0
62,Female,White,Divorced,1,114045,HS-grad,Local-gov,Other-service,0,0,35,39,0
55,Male,White,Married-civ-spouse,0,105582,Masters,Self-emp-not-inc,Sales,2228,0,50,39,0
50,Male,White,Married-civ-spouse,0,185846,HS-grad,Private,Sales,0,0,55,39,1
43,Male,White,Married-spouse-absent,1,96102,Masters,Private,Exec-managerial,0,0,50,39,0
27,Female,White,Never-married,1,68393,Bachelors,State-gov,Adm-clerical,0,0,40,39,0
26,Female,White,Never-married,1,335998,HS-grad,Private,Sales,0,0,38,39,0
21,Female,White,Never-married,3,221480,Some-college,Private,Tech-support,0,0,25,7,0
19,Female,White,Never-married,3,143857,Some-college,Private,Sales,0,0,35,39,0
34,Male,White,Married-civ-spouse,0,202450,HS-grad,Private,Craft-repair,0,0,55,39,1
39,Male,White,Divorced,4,154641,HS-grad,Self-emp-inc,Craft-repair,0,0,60,39,0
33,Male,White,Married-civ-spouse,0,263561,Some-college,Private,Craft-repair,0,0,60,39,1
64,Male,White,Married-civ-spouse,0,126233,HS-grad,Private,Exec-managerial,0,0,20,39,0
51,Male,White,Married-civ-spouse,0,172962,Doctorate,State-gov,Prof-specialty,0,0,40,39,1
35,Female,White,Divorced,3,226311,Some-college,Local-gov,Adm-clerical,0,0,38,39,0
24,Male,White,Married-civ-spouse,0,117959,HS-grad,Private,Handlers-cleaners,4386,0,40,39,1
34,Male,Black,Never-married,1,483777,HS-grad,Private,Handlers-cleaners,0,0,40,39,0
33,Male,White,Married-spouse-absent,1,205649,Assoc-acdm,Private,Craft-repair,0,0,20,39,0
25,Male,White,Separated,3,245369,HS-grad,Self-emp-not-inc,Craft-repair,0,0,35,39,0
41,Male,White,Married-civ-spouse,0,171615,Assoc-acdm,Private,Tech-support,0,0,45,39,1
59,Male,White,Never-married,1,279636,HS-grad,Private,Adm-clerical,0,0,50,13,0
47,Male,White,Married-civ-spouse,0,208872,Some-college,Private,Craft-repair,0,0,40,39,0
19,Male,White,Never-married,3,238474,Some-college,Private,Sales,0,0,25,39,0
17,Male,White,Never-married,3,73338,11th,Private,Sales,0,0,20,39,0
37,Male,White,Married-civ-spouse,0,171968,Assoc-voc,Private,Adm-clerical,0,0,40,39,0
27,Male,White,Never-married,2,280758,11th,Private,Craft-repair,0,0,60,39,0
22,Male,Black,Never-married,2,437994,Some-college,Private,Other-service,0,0,20,39,0
32,Male,White,Never-married,1,108467,Bachelors,Self-emp-inc,Exec-managerial,0,0,55,39,0
30,Male,White,Never-married,4,119164,Bachelors,Private,Other-service,0,0,40,0,0
52,Male,White,Married-civ-spouse,0,41496,Some-college,Self-emp-not-inc,Sales,0,0,45,39,0
18,Male,White,Never-married,3,101061,11th,Self-emp-inc,Farming-fishing,0,0,70,39,0
37,Male,White,Never-married,1,271767,Bachelors,Private,Exec-managerial,0,0,48,39,1
29,Male,Black,Married-civ-spouse,0,236992,HS-grad,Private,Other-service,0,0,50,39,0
36,Female,White,Never-married,1,234271,Some-college,Private,Craft-repair,0,0,40,39,0
44,Male,White,Divorced,1,130126,Prof-school,Private,Prof-specialty,0,0,45,39,1
42,Male,Black,Separated,2,228456,Bachelors,Private,Other-service,0,0,50,39,0
21,Female,White,Never-married,3,277530,HS-grad,Private,Exec-managerial,0,0,40,39,0
42,Male,White,Married-civ-spouse,0,349884,10th,Private,Craft-repair,0,0,35,39,0
45,Male,Asian-Pac-Islander,Married-civ-spouse,2,81132,Some-college,Private,Craft-repair,0,0,40,30,0
70,Male,White,Married-civ-spouse,0,133248,HS-grad,Other,Other,0,0,14,39,0
31,Male,White,Married-civ-spouse,0,201122,Bachelors,Private,Sales,0,1902,45,39,1
63,Male,White,Married-civ-spouse,0,301611,HS-grad,Other,Other,0,0,20,39,0
30,Male,Black,Married-civ-spouse,0,174704,11th,Private,Machine-op-inspct,0,0,40,39,0
46,Female,White,Divorced,1,309212,HS-grad,Private,Priv-house-serv,0,0,25,39,0
45,Male,White,Never-married,1,319122,Bachelors,Self-emp-not-inc,Sales,14084,0,45,39,1
29,Male,White,Never-married,3,92262,HS-grad,Local-gov,Protective-serv,0,0,48,39,0
18,Female,Black,Never-married,4,340117,11th,Other,Other,0,0,50,39,0
44,Male,White,Married-civ-spouse,0,96249,Some-college,Private,Sales,0,0,60,39,1
49,Male,White,Married-civ-spouse,0,334787,HS-grad,Private,Other-service,0,0,40,39,0
27,Male,White,Married-civ-spouse,0,217530,HS-grad,Private,Machine-op-inspct,0,0,40,26,0
59,Male,White,Married-civ-spouse,0,181070,HS-grad,Self-emp-not-inc,Sales,0,0,40,9,1
42,Male,White,Married-civ-spouse,0,54202,Prof-school,Self-emp-not-inc,Prof-specialty,0,0,50,39,1
18,Male,Black,Never-married,3,215110,HS-grad,Private,Handlers-cleaners,0,0,40,39,0
28,Male,White,Never-married,3,183885,HS-grad,Private,Other-service,0,0,30,39,0
39,Male,Black,Married-civ-spouse,0,548510,Bachelors,Private,Prof-specialty,0,0,30,39,0
35,Male,White,Never-married,2,244803,HS-grad,Private,Handlers-cleaners,0,0,40,29,0
36,Female,White,Married-civ-spouse,5,53606,Assoc-voc,Other,Other,3908,0,8,39,0
31,Male,Black,Married-civ-spouse,0,386331,HS-grad,Federal-gov,Adm-clerical,0,0,50,39,0
54,Male,White,Never-married,1,279129,Some-college,Private,Tech-support,0,0,40,39,0
36,Female,White,Divorced,4,22494,Some-college,Private,Exec-managerial,0,0,40,39,0
45,Male,White,Married-civ-spouse,0,126889,Bachelors,Private,Sales,0,1887,60,39,1
25,Male,White,Never-married,1,61956,Some-college,Private,Transport-moving,0,0,50,39,0
30,Male,White,Never-married,2,158002,Some-college,Private,Craft-repair,0,0,55,7,0
35,Male,White,Divorced,1,360814,9th,Private,Craft-repair,0,0,45,39,0
29,Male,Asian-Pac-Islander,Never-married,3,162312,Some-college,Self-emp-not-inc,Exec-managerial,0,0,45,35,0
55,Male,Black,Married-civ-spouse,0,106707,Assoc-acdm,Other,Other,0,0,20,39,1
66,Male,White,Married-civ-spouse,0,262285,Bachelors,Private,Prof-specialty,0,0,99,39,0
24,Male,White,Married-civ-spouse,0,537222,HS-grad,Private,Exec-managerial,0,0,50,39,0
52,Female,White,Widowed,1,112959,Some-college,Private,Sales,0,0,40,39,0
51,Female,White,Divorced,4,161482,HS-grad,Private,Other-service,0,0,38,39,0
21,Female,White,Never-married,1,39236,Some-college,State-gov,Tech-support,0,0,50,39,0
30,Female,White,Never-married,1,30290,HS-grad,Private,Machine-op-inspct,0,0,40,39,0
31,Female,White,Divorced,4,139000,HS-grad,Private,Sales,0,0,25,39,0
31,Male,White,Married-civ-spouse,0,279680,Some-college,Private,Handlers-cleaners,0,0,45,39,0
44,Male,Asian-Pac-Islander,Married-civ-spouse,0,149943,Prof-school,Self-emp-not-inc,Prof-specialty,0,0,60,36,1
47,Male,White,Married-civ-spouse,0,162187,Some-college,Local-gov,Transport-moving,0,1887,40,39,1
52,Male,White,Married-civ-spouse,0,51048,Bachelors,Self-emp-inc,Sales,0,0,55,39,0
70,Male,White,Married-civ-spouse,0,379819,Some-college,Self-emp-inc,Sales,10566,0,40,39,0
69,Female,White,Widowed,1,213249,Assoc-voc,Private,Sales,0,0,25,39,0
77,Male,White,Married-civ-spouse,0,83601,Prof-school,Private,Exec-managerial,0,0,40,39,0
29,Female,Asian-Pac-Islander,Married-civ-spouse,5,123677,HS-grad,Private,Machine-op-inspct,0,0,40,25,0
21,Male,Black,Never-married,3,181096,Some-college,Federal-gov,Tech-support,0,0,20,39,0
48,Female,White,Divorced,4,207058,HS-grad,Private,Adm-clerical,0,0,37,39,0
19,Male,White,Never-married,3,302945,Some-college,Private,Adm-clerical,0,0,10,37,0
39,Female,Black,Separated,3,318416,10th,Private,Other-service,0,0,12,39,0
21,Female,White,Never-married,3,166704,Some-college,State-gov,Other-service,0,0,14,39,0
30,Male,White,Married-civ-spouse,0,382368,HS-grad,Private,Handlers-cleaners,0,0,40,39,0
32,Male,White,Married-civ-spouse,0,185027,Assoc-acdm,Private,Craft-repair,0,1887,40,21,1
48,Male,White,Never-married,4,81154,Assoc-voc,Local-gov,Protective-serv,0,0,48,39,0
37,Male,White,Married-civ-spouse,0,549174,HS-grad,Private,Craft-repair,0,0,50,39,1
24,Male,White,Never-married,1,321435,Bachelors,Private,Exec-managerial,0,0,50,39,0
41,Male,White,Married-civ-spouse,0,32121,HS-grad,Private,Machine-op-inspct,0,0,40,39,1
71,Male,White,Married-civ-spouse,0,78277,HS-grad,Private,Craft-repair,0,0,15,39,0
22,Male,White,Never-married,3,317528,Some-college,Private,Sales,0,0,34,39,0
20,Female,White,Never-married,1,246250,Some-college,Private,Craft-repair,0,0,40,39,0
20,Male,White,Never-married,3,109952,Some-college,Private,Handlers-cleaners,0,0,25,39,0
52,Male,Black,Separated,4,131631,11th,Private,Machine-op-inspct,0,0,40,39,0
31,Male,Amer-Indian-Eskimo,Never-married,1,99844,HS-grad,Private,Craft-repair,0,0,45,39,0
44,Male,White,Divorced,1,29591,Bachelors,Federal-gov,Tech-support,0,2258,40,39,1
38,Male,White,Married-civ-spouse,0,414991,HS-grad,Self-emp-not-inc,Machine-op-inspct,0,0,70,0,0
46,Female,White,Married-civ-spouse,5,184883,9th,Private,Machine-op-inspct,0,0,40,39,0
25,Male,White,Never-married,1,222539,10th,Private,Transport-moving,2597,0,50,39,0
51,Male,White,Married-civ-spouse,0,170086,Bachelors,Self-emp-not-inc,Tech-support,0,0,45,39,1
41,Female,Black,Separated,4,216116,HS-grad,Private,Adm-clerical,0,0,40,0,0
50,Male,White,Married-civ-spouse,0,167380,7th-8th,Self-emp-not-inc,Farming-fishing,0,0,40,39,0
40,Female,White,Married-civ-spouse,5,220589,Some-college,Private,Sales,0,0,40,39,1
18,Female,Asian-Pac-Islander,Never-married,4,119422,HS-grad,Self-emp-inc,Other-service,0,0,30,19,0
42,Female,Asian-Pac-Islander,Married-spouse-absent,3,163003,Bachelors,Private,Tech-support,0,0,40,39,0
37,Male,White,Married-civ-spouse,0,231491,HS-grad,Private,Craft-repair,0,0,35,39,0
45,Male,Other,Married-civ-spouse,0,288437,HS-grad,Private,Transport-moving,4064,0,40,39,0
33,Female,White,Separated,3,166961,11th,Private,Sales,0,0,20,39,0
67,Male,Amer-Indian-Eskimo,Married-civ-spouse,0,126849,10th,Private,Transport-moving,0,0,20,39,0
34,Male,White,Married-civ-spouse,0,429897,Bachelors,Local-gov,Prof-specialty,0,0,45,26,1
90,Male,Black,Never-married,1,51744,HS-grad,Private,Other-service,0,2206,40,39,0
24,Female,Black,Married-spouse-absent,3,310380,Some-college,Private,Adm-clerical,0,0,45,39,0
28,Male,White,Never-married,3,181659,11th,Private,Transport-moving,0,0,50,39,0
34,Male,White,Never-married,1,405577,Some-college,Private,Adm-clerical,0,0,40,39,0
35,Female,White,Married-civ-spouse,5,90406,11th,Private,Sales,0,0,40,39,0
50,Male,White,Married-civ-spouse,0,24647,Some-college,State-gov,Adm-clerical,0,0,40,39,1
73,Male,White,Widowed,1,183213,Assoc-voc,Private,Prof-specialty,25124,0,60,39,1
53,Male,White,Married-civ-spouse,0,216931,Some-college,Local-gov,Protective-serv,4386,0,40,39,1
47,Female,White,Divorced,4,161311,HS-grad,Private,Machine-op-inspct,0,0,30,39,0
61,Female,Black,Widowed,1,199198,7th-8th,Private,Other-service,0,0,21,39,0
34,Male,White,Married-civ-spouse,0,157289,Some-college,Private,Craft-repair,0,0,40,39,0
54,Male,White,Never-married,1,174102,Some-college,Private,Exec-managerial,0,0,40,39,1
54,Male,White,Married-civ-spouse,0,152652,HS-grad,Private,Transport-moving,0,0,65,39,0
56,Male,White,Divorced,1,50791,Masters,Self-emp-not-inc,Sales,0,1876,60,39,0
41,Female,Black,Never-married,1,210259,Masters,Local-gov,Prof-specialty,0,0,40,39,0
49,Male,White,Married-civ-spouse,0,219718,Bachelors,Self-emp-not-inc,Sales,15024,0,40,39,1
27,Female,White,Separated,4,29807,HS-grad,Private,Handlers-cleaners,0,0,40,24,0
25,Female,White,Never-married,1,201635,Bachelors,Private,Exec-managerial,0,0,50,39,0
30,Male,White,Never-married,4,115963,7th-8th,Private,Machine-op-inspct,0,0,42,39,0
59,Male,White,Married-civ-spouse,0,165922,Bachelors,Private,Prof-specialty,15024,0,40,39,1
41,Male,White,Married-civ-spouse,3,191814,HS-grad,Private,Adm-clerical,0,0,40,39,0
31,Male,White,Married-civ-spouse,0,114937,Assoc-acdm,Private,Adm-clerical,0,0,40,39,1
29,Male,White,Never-married,1,40083,Doctorate,Private,Prof-specialty,0,0,40,2,0
42,Female,White,Never-married,3,245565,Bachelors,Private,Prof-specialty,0,0,12,9,0
35,Male,White,Married-civ-spouse,0,103986,Assoc-voc,Private,Tech-support,0,0,40,39,1
17,Female,White,Never-married,3,297246,11th,Private,Priv-house-serv,0,0,9,39,0
56,Female,White,Divorced,4,155657,Bachelors,Local-gov,Exec-managerial,0,0,40,39,0
42,Male,White,Divorced,1,121287,HS-grad,Private,Machine-op-inspct,0,0,45,39,0
19,Male,White,Never-married,3,198668,HS-grad,Private,Handlers-cleaners,0,0,40,39,0
51,Female,White,Married-civ-spouse,5,199005,Bachelors,Self-emp-not-inc,Exec-managerial,0,0,40,39,1
39,Female,White,Divorced,1,52978,Some-college,Private,Other-service,0,1721,55,39,0
43,Female,Black,Never-married,4,218542,HS-grad,State-gov,Adm-clerical,0,0,40,39,0
46,Male,White,Married-civ-spouse,0,55720,Masters,Private,Exec-managerial,0,0,45,39,1
49,Male,White,Divorced,4,362795,Masters,Self-emp-inc,Prof-specialty,99999,0,80,26,1
60,Male,White,Married-civ-spouse,0,240521,HS-grad,Private,Craft-repair,7298,0,40,39,1
42,Female,White,Divorced,1,190767,Bachelors,Private,Adm-clerical,0,0,40,39,0
52,Female,White,Separated,2,363405,HS-grad,Private,Adm-clerical,0,0,40,39,0
34,Male,White,Never-married,1,242984,Bachelors,Private,Sales,0,0,40,39,0
42,Female,White,Divorced,4,137907,HS-grad,Private,Adm-clerical,0,0,35,39,0
37,Male,White,Divorced,1,419053,HS-grad,Federal-gov,Craft-repair,0,0,40,39,0
34,Female,White,Married-civ-spouse,5,222548,Some-college,Other,Other,0,0,4,39,0
51,Male,White,Married-civ-spouse,0,252903,10th,Private,Sales,0,1977,40,39,1
23,Male,White,Never-married,3,190290,Bachelors,Private,Prof-specialty,0,0,40,39,0
47,Male,White,Divorced,1,122026,Assoc-voc,Private,Sales,0,0,50,39,0
29,Male,White,Never-married,1,180758,Masters,Private,Prof-specialty,0,0,40,39,0
52,Female,White,Separated,4,92968,Bachelors,Private,Exec-managerial,0,0,40,0,0
43,Male,White,Married-civ-spouse,0,117728,HS-grad,Private,Craft-repair,0,0,44,39,0
19,Female,White,Never-married,3,39756,Some-college,Private,Other-service,0,0,15,39,0
78,Male,Asian-Pac-Islander,Widowed,4,180239,Masters,Private,Craft-repair,0,0,40,35,0
62,Male,White,Married-civ-spouse,0,273454,7th-8th,Private,Protective-serv,0,0,40,5,0
28,Female,White,Never-married,2,194087,Some-college,Other,Other,0,0,40,39,0
46,Female,White,Never-married,1,82946,HS-grad,Private,Sales,0,0,40,39,0
44,Male,White,Never-married,1,165815,9th,Private,Machine-op-inspct,0,0,40,39,0
62,Male,White,Married-civ-spouse,0,29828,HS-grad,Private,Transport-moving,0,0,40,39,0
20,Male,White,Never-married,3,206671,Some-college,Other,Other,1055,0,50,39,0
63,Male,White,Married-civ-spouse,0,189253,Some-college,Self-emp-inc,Exec-managerial,0,0,45,39,1
42,Male,White,Married-civ-spouse,0,89073,HS-grad,Private,Prof-specialty,0,0,48,39,0
39,Male,White,Divorced,3,403489,11th,Private,Transport-moving,0,0,40,39,0
50,Male,White,Married-civ-spouse,0,371305,HS-grad,Self-emp-not-inc,Sales,0,1902,60,39,1
43,Female,White,Never-married,1,117471,HS-grad,State-gov,Adm-clerical,0,0,40,39,0
63,Male,White,Widowed,1,52144,Some-college,Self-emp-not-inc,Exec-managerial,0,0,35,39,0
59,Male,White,Married-civ-spouse,0,93655,Some-college,Other,Other,0,0,40,39,0
52,Male,White,Married-civ-spouse,0,23780,Assoc-voc,Private,Exec-managerial,0,1977,45,39,1
45,Male,White,Married-civ-spouse,0,167523,HS-grad,Private,Transport-moving,0,2179,45,39,0
33,Male,White,Never-married,1,111567,Assoc-voc,Private,Craft-repair,0,0,40,39,0
21,Male,White,Never-married,3,206861,Some-college,Private,Sales,0,0,20,0,0
61,Female,White,Widowed,2,203445,Some-college,Private,Adm-clerical,0,0,40,39,0
41,Female,White,Divorced,4,160467,Masters,Federal-gov,Prof-specialty,1506,0,40,39,0
44,Male,White,Married-civ-spouse,0,165815,HS-grad,Self-emp-inc,Transport-moving,0,0,96,39,0
44,Male,White,Married-civ-spouse,0,251305,Assoc-acdm,Federal-gov,Adm-clerical,0,0,40,39,1
43,Male,White,Divorced,4,37937,Masters,Private,Exec-managerial,0,0,50,39,0
44,Female,White,Married-spouse-absent,4,197389,HS-grad,Private,Machine-op-inspct,0,0,40,39,0
40,Male,White,Married-civ-spouse,0,373050,12th,Private,Other-service,0,0,40,0,0
31,Female,White,Married-civ-spouse,5,251167,HS-grad,Other,Other,0,0,30,26,0
19,Male,White,Never-married,3,255921,Some-college,Federal-gov,Handlers-cleaners,0,0,20,9,0
38,Male,White,Married-civ-spouse,0,77820,HS-grad,Self-emp-not-inc,Craft-repair,0,0,40,39,1
70,Male,White,Married-civ-spouse,0,141742,Assoc-voc,Private,Machine-op-inspct,9386,0,50,39,1
25,Male,White,Never-married,1,29599,HS-grad,Private,Farming-fishing,0,0,40,39,0
35,Male,White,Never-married,3,200445,HS-grad,Private,Machine-op-inspct,0,1974,40,39,0
27,Male,White,Married-civ-spouse,0,116662,HS-grad,Local-gov,Machine-op-inspct,0,0,40,39,0
63,Male,White,Married-civ-spouse,0,230823,12th,Private,Transport-moving,0,0,40,5,0
43,Male,White,Separated,4,104660,Bachelors,Private,Prof-specialty,0,0,45,39,0
37,Male,White,Separated,4,365465,HS-grad,Private,Craft-repair,0,0,70,30,0
36,Female,White,Never-married,1,116554,Bachelors,State-gov,Adm-clerical,0,0,40,39,0
42,Male,White,Married-spouse-absent,1,319588,Bachelors,Private,Transport-moving,0,0,60,39,0
70,Male,White,Married-civ-spouse,0,30713,HS-grad,Private,Farming-fishing,0,0,30,39,0
49,Male,White,Married-civ-spouse,0,151584,Some-college,Private,Craft-repair,0,0,40,39,1
20,Female,Asian-Pac-Islander,Never-married,3,70240,HS-grad,Private,Sales,0,0,24,30,0
39,Male,White,Married-civ-spouse,0,176186,Some-college,Private,Farming-fishing,0,0,50,39,1
62,Female,White,Never-married,1,122246,Some-college,Private,Craft-repair,8614,0,39,39,1
29,Male,White,Never-married,3,194197,Bachelors,Private,Exec-managerial,0,0,40,39,0
26,Male,Asian-Pac-Islander,Never-married,3,375313,Some-college,Other,Other,0,0,40,30,0
61,Male,Black,Never-married,1,63526,12th,Other,Other,0,0,52,39,0
26,Male,White,Married-civ-spouse,0,263444,HS-grad,Private,Machine-op-inspct,0,0,45,39,0
54,Female,White,Divorced,1,187686,Some-college,State-gov,Adm-clerical,0,0,38,39,0
50,Male,White,Married-civ-spouse,0,86373,HS-grad,Private,Machine-op-inspct,0,0,50,39,0
31,Male,Other,Never-married,1,237317,9th,Private,Craft-repair,0,0,45,39,0
28,Male,Asian-Pac-Islander,Never-married,1,330466,Bachelors,Private,Prof-specialty,0,0,40,17,0
44,Male,White,Married-civ-spouse,0,266135,Bachelors,Private,Prof-specialty,0,0,50,39,1
48,Male,White,Married-civ-spouse,0,413363,11th,Private,Transport-moving,0,2002,40,39,0
25,Male,Amer-Indian-Eskimo,Never-married,1,258276,Some-college,Private,Handlers-cleaners,0,0,40,39,0
37,Male,Black,Married-civ-spouse,0,140713,Some-college,Private,Adm-clerical,0,0,40,23,1
59,Male,White,Married-civ-spouse,0,142182,HS-grad,Private,Other-service,0,0,40,39,1
32,Female,White,Never-married,1,227931,Bachelors,Private,Exec-managerial,0,0,40,39,0
38,Male,White,Never-married,3,104089,Assoc-voc,Private,Craft-repair,0,0,40,39,0
23,Male,White,Never-married,1,55465,Some-college,Federal-gov,Handlers-cleaners,0,0,40,39,0
47,Female,Black,Married-civ-spouse,5,169324,Bachelors,Private,Exec-managerial,0,0,35,39,1
46,Male,White,Married-civ-spouse,0,162034,HS-grad,Other,Other,0,0,40,39,0
24,Female,White,Never-married,1,202959,Assoc-voc,Private,Adm-clerical,0,0,40,39,0
40,Female,Amer-Indian-Eskimo,Divorced,1,20109,Some-college,Private,Handlers-cleaners,0,0,84,39,0
20,Male,White,Never-married,1,218962,HS-grad,Private,Machine-op-inspct,0,0,40,39,0
48,Male,Black,Married-civ-spouse,0,233802,Masters,Private,Exec-managerial,0,0,45,39,0
62,Male,White,Married-civ-spouse,0,162678,Bachelors,State-gov,Exec-managerial,0,0,40,39,0
33,Male,White,Never-married,3,382764,Bachelors,Private,Exec-managerial,0,0,40,39,0
25,Male,White,Married-civ-spouse,0,86872,Bachelors,Private,Exec-managerial,0,0,55,39,1
40,Male,White,Married-civ-spouse,0,91959,Bachelors,Private,Prof-specialty,0,0,46,39,1
51,Male,White,Married-civ-spouse,0,167651,HS-grad,Other,Other,0,0,40,39,0
21,Female,White,Never-married,3,175166,Some-college,Other,Other,2176,0,40,39,0
56,Male,White,Married-civ-spouse,0,157639,Some-college,Private,Craft-repair,0,0,50,39,0
43,Male,White,Married-civ-spouse,0,51506,12th,Private,Transport-moving,0,0,40,39,0
21,Male,White,Never-married,3,275291,Some-college,Private,Sales,0,0,12,39,0
34,Male,White,Married-civ-spouse,0,56026,HS-grad,Private,Farming-fishing,0,0,60,39,1
38,Female,White,Married-civ-spouse,5,187264,HS-grad,Private,Exec-managerial,0,0,55,39,0
43,Male,White,Married-spouse-absent,4,262038,5th-6th,Private,Farming-fishing,0,0,35,26,0
20,Female,White,Never-married,1,142673,Some-college,Private,Adm-clerical,0,0,45,39,0
40,Male,White,Married-spouse-absent,3,182268,Preschool,Private,Adm-clerical,0,0,40,39,0
50,Male,Black,Married-civ-spouse,0,198400,HS-grad,Self-emp-inc,Sales,0,0,60,39,0
47,Female,Asian-Pac-Islander,Divorced,1,85129,HS-grad,Private,Other-service,0,0,40,39,0
27,Male,White,Married-civ-spouse,0,200733,HS-grad,Private,Machine-op-inspct,0,0,55,39,0
57,Male,White,Never-married,1,233382,Masters,Private,Exec-managerial,0,0,40,5,0
54,Female,White,Divorced,4,143865,HS-grad,Private,Sales,0,0,35,39,0
27,Male,Asian-Pac-Islander,Married-civ-spouse,0,165365,HS-grad,Private,Machine-op-inspct,2885,0,40,25,0
31,Male,White,Married-civ-spouse,0,473133,Masters,Private,Prof-specialty,5178,0,40,39,1
44,Male,White,Married-civ-spouse,0,164043,HS-grad,Private,Sales,0,0,40,39,0
50,Male,White,Married-civ-spouse,0,123044,Masters,Other,Other,0,0,60,39,1
31,Male,White,Married-civ-spouse,0,87891,Assoc-acdm,Private,Sales,0,0,60,39,0
46,Male,Black,Married-civ-spouse,0,330901,Some-college,Federal-gov,Exec-managerial,0,0,40,39,0
38,Female,White,Divorced,4,26987,HS-grad,Private,Other-service,0,0,40,39,0
32,Female,Black,Divorced,4,177531,10th,Private,Other-service,0,0,23,39,0
46,Male,White,Married-civ-spouse,0,119944,Masters,Self-emp-not-inc,Exec-managerial,0,0,50,39,1
43,Male,White,Married-civ-spouse,0,421837,Some-college,Self-emp-not-inc,Sales,7298,0,50,26,1
20,Male,Black,Married-civ-spouse,0,50397,Some-college,Private,Sales,0,0,35,39,0
62,Male,White,Married-civ-spouse,0,162245,Prof-school,Private,Prof-specialty,0,1628,70,39,0
20,Female,White,Never-married,3,41432,Some-college,Private,Adm-clerical,0,0,46,39,0
58,Female,White,Divorced,1,34878,Bachelors,Local-gov,Prof-specialty,0,0,50,39,0
38,Female,White,Married-civ-spouse,5,262882,HS-grad,Private,Machine-op-inspct,0,0,40,39,0
18,Male,White,Never-married,3,122775,HS-grad,Private,Other-service,0,0,35,39,0
27,Male,White,Never-married,1,258102,5th-6th,Private,Transport-moving,0,0,40,26,0
24,Male,White,Never-married,2,432376,Bachelors,Private,Sales,0,0,40,39,0
46,Female,Black,Divorced,4,101430,11th,Private,Handlers-cleaners,0,0,40,39,0
32,Male,White,Married-civ-spouse,0,97723,HS-grad,Private,Craft-repair,0,1672,40,39,0
49,Male,White,Married-civ-spouse,0,199029,Bachelors,Private,Sales,0,2415,55,39,1
45,Male,White,Married-civ-spouse,0,25649,Some-college,Private,Transport-moving,7298,0,50,39,1
21,Female,White,Never-married,1,152540,HS-grad,Private,Adm-clerical,0,0,35,39,0
37,Male,White,Married-civ-spouse,0,344480,Some-college,Private,Craft-repair,0,0,65,39,0
39,Male,White,Married-civ-spouse,0,188335,HS-grad,Self-emp-not-inc,Farming-fishing,0,0,40,39,0
40,Male,White,Divorced,1,321856,HS-grad,Private,Transport-moving,0,0,60,39,1
25,Male,Asian-Pac-Islander,Never-married,3,139012,Bachelors,Private,Sales,2174,0,40,40,0
40,Male,Black,Married-civ-spouse,0,346532,Some-college,Federal-gov,Adm-clerical,0,0,40,39,1
33,Male,White,Never-married,3,96128,11th,Private,Craft-repair,0,0,40,39,0
40,Male,White,Married-civ-spouse,0,119101,Some-college,Private,Craft-repair,0,1887,68,39,1
31,Male,Asian-Pac-Islander,Divorced,1,100252,Bachelors,Private,Other-service,99999,0,70,39,1
53,Male,White,Married-civ-spouse,0,151580,Some-college,Private,Prof-specialty,15024,0,40,39,1
60,Female,White,Married-civ-spouse,5,184362,HS-grad,Self-emp-not-inc,Sales,0,0,25,39,0
52,Male,White,Married-civ-spouse,0,204447,HS-grad,Private,Machine-op-inspct,4386,0,40,39,1
22,Female,White,Never-married,3,308334,HS-grad,Private,Other-service,0,0,19,39,0
34,Female,White,Divorced,1,211948,HS-grad,Private,Sales,0,1590,40,39,0
49,Female,White,Divorced,3,62793,HS-grad,Private,Sales,0,0,40,39,0
32,Male,White,Married-civ-spouse,0,330715,HS-grad,Private,Craft-repair,99999,0,40,39,1
55,Female,White,Divorced,1,92215,HS-grad,Private,Adm-clerical,0,0,40,39,0
19,Male,White,Never-married,3,231688,Some-college,Private,Machine-op-inspct,0,0,20,39,0
25,Male,White,Never-married,1,138765,Bachelors,Private,Prof-specialty,0,0,20,39,0
46,Male,White,Married-civ-spouse,0,220832,Some-college,Self-emp-not-inc,Exec-managerial,0,0,58,39,1
27,Male,Black,Never-married,1,108431,Some-college,Private,Craft-repair,0,0,40,39,0
42,Male,White,Married-civ-spouse,0,34278,Some-college,Private,Sales,0,0,50,39,1
47,Male,White,Married-civ-spouse,0,185866,Prof-school,Private,Prof-specialty,0,0,60,0,1
34,Female,Asian-Pac-Islander,Married-spouse-absent,4,20057,Some-college,State-gov,Adm-clerical,0,0,38,30,0
32,Male,White,Married-civ-spouse,0,164190,HS-grad,Private,Handlers-cleaners,0,0,30,39,0
29,Male,White,Never-married,1,214881,HS-grad,Private,Exec-managerial,0,0,40,39,0
25,Male,White,Married-civ-spouse,0,176729,Bachelors,Private,Craft-repair,0,0,60,39,1
31,Male,Black,Married-civ-spouse,0,248178,Some-college,Private,Other-service,0,0,35,39,0
57,Female,White,Never-married,2,262642,HS-grad,Private,Adm-clerical,0,0,40,39,0
40,Male,White,Married-civ-spouse,0,145441,Bachelors,Private,Prof-specialty,0,0,40,39,1
26,Male,White,Never-married,1,225279,Some-college,Private,Prof-specialty,0,1602,40,0,0
27,Female,Black,Never-married,4,37933,Some-college,Private,Adm-clerical,0,0,40,39,0
24,Male,White,Married-civ-spouse,0,192766,HS-grad,Private,Handlers-cleaners,0,0,40,39,0
77,Male,White,Never-married,1,145329,HS-grad,Self-emp-not-inc,Machine-op-inspct,401,0,20,39,0
39,Male,White,Married-spouse-absent,4,38312,Some-college,Private,Craft-repair,0,0,40,39,1
35,Male,White,Married-civ-spouse,0,38245,Some-college,Private,Craft-repair,0,0,60,39,0
35,Male,White,Never-married,3,147258,Assoc-voc,Self-emp-not-inc,Farming-fishing,0,0,65,39,0
23,Male,White,Divorced,1,151888,HS-grad,Private,Craft-repair,4650,0,50,21,0
49,Male,White,Married-civ-spouse,0,194895,Some-college,Local-gov,Handlers-cleaners,7298,0,40,39,1
26,Male,White,Never-married,3,177147,HS-grad,Private,Handlers-cleaners,0,0,40,39,0
25,Female,White,Never-married,3,209230,HS-grad,Private,Other-service,0,0,6,39,0
43,Female,Black,Never-married,4,122473,9th,Private,Machine-op-inspct,0,625,40,39,0
55,Male,White,Married-civ-spouse,0,102058,10th,Private,Exec-managerial,0,0,45,39,0
19,Male,White,Never-married,2,198663,HS-grad,Private,Machine-op-inspct,0,0,40,39,0
42,Male,White,Married-civ-spouse,0,251239,Some-college,Private,Exec-managerial,0,0,40,33,0
54,Female,White,Never-married,1,169785,Masters,Other,Other,0,0,40,39,0
34,Male,Asian-Pac-Islander,Never-married,1,149943,HS-grad,Private,Other-service,0,0,40,24,0
20,Male,White,Never-married,1,298227,Some-college,Private,Sales,0,0,35,39,0
20,Female,White,Never-married,3,192711,Some-college,Private,Handlers-cleaners,0,0,40,39,0
32,Female,Black,Divorced,4,110279,Assoc-acdm,Private,Prof-specialty,0,0,35,39,0
33,Male,Black,Never-married,1,100228,Some-college,Private,Machine-op-inspct,0,0,40,39,0
48,Male,White,Married-civ-spouse,0,123075,Masters,Local-gov,Prof-specialty,0,0,35,39,1
77,Male,White,Never-married,1,209507,Some-college,Self-emp-not-inc,Craft-repair,0,0,40,39,0
33,Male,White,Never-married,1,152933,Some-college,Private,Exec-managerial,0,0,45,39,0
28,Male,Black,Never-married,3,715938,Bachelors,Private,Craft-repair,0,0,40,39,0
46,Male,White,Married-civ-spouse,0,360096,Bachelors,Private,Exec-managerial,15024,0,60,39,1
49,Male,White,Married-civ-spouse,0,311671,Some-college,Federal-gov,Exec-managerial,0,0,40,39,1
23,Female,White,Divorced,3,247731,HS-grad,Local-gov,Adm-clerical,0,0,40,5,0
66,Female,White,Divorced,1,376506,Doctorate,Local-gov,Prof-specialty,3273,0,40,39,0
56,Male,White,Divorced,2,367200,HS-grad,Private,Craft-repair,0,0,40,39,0
62,Female,White,Widowed,1,174355,HS-grad,Private,Other-service,0,0,40,39,0
33,Male,Other,Married-civ-spouse,0,25610,Assoc-acdm,Private,Sales,0,0,40,24,1
47,Female,White,Divorced,1,22900,HS-grad,Private,Other-service,0,0,40,39,0
25,Male,White,Divorced,1,298225,HS-grad,Private,Craft-repair,0,0,50,39,0
27,Female,White,Married-civ-spouse,5,174163,Some-college,Other,Other,0,0,40,39,1
47,Male,White,Married-civ-spouse,0,168232,Bachelors,Private,Adm-clerical,7298,0,40,39,1
35,Male,White,Married-civ-spouse,0,191502,Bachelors,Private,Sales,0,0,60,39,1
22,Male,White,Never-married,1,83998,Some-college,Private,Sales,0,0,40,39,0
36,Female,White,Married-civ-spouse,5,175255,HS-grad,Local-gov,Other-service,0,0,35,39,0
31,Female,Black,Never-married,4,375680,Bachelors,Private,Prof-specialty,0,0,40,0,0
35,Female,White,Widowed,4,108293,Bachelors,Private,Prof-specialty,0,0,32,39,1
29,Male,Other,Never-married,1,162312,Assoc-voc,Private,Machine-op-inspct,0,0,40,39,0
26,Male,Black,Never-married,1,51961,Bachelors,Private,Adm-clerical,0,0,20,39,0
32,Female,White,Separated,4,372317,9th,Private,Other-service,0,0,23,26,0
28,Male,White,Married-civ-spouse,0,146949,HS-grad,Local-gov,Handlers-cleaners,0,0,40,39,0
53,Female,Amer-Indian-Eskimo,Married-civ-spouse,5,105728,HS-grad,State-gov,Other-service,0,0,28,39,1
50,Male,White,Married-civ-spouse,0,68898,Masters,Self-emp-not-inc,Sales,7688,0,55,39,1
62,Male,White,Divorced,1,345780,Assoc-voc,Private,Other-service,0,0,40,39,0
26,Male,White,Married-civ-spouse,0,304283,HS-grad,Private,Machine-op-inspct,0,0,40,39,0
57,Male,White,Divorced,4,426263,Masters,Private,Exec-managerial,0,0,40,39,1
63,Male,White,Married-civ-spouse,0,174181,Bachelors,Self-emp-not-inc,Prof-specialty,0,0,20,39,0
32,Male,White,Never-married,1,261059,Some-college,Private,Other-service,0,0,50,39,0
23,Female,White,Never-married,1,157951,Some-college,Private,Exec-managerial,0,0,50,39,0
42,Male,White,Married-civ-spouse,0,351161,Bachelors,Self-emp-not-inc,Prof-specialty,0,1887,40,39,1
26,Male,White,Never-married,1,38232,Bachelors,Private,Prof-specialty,0,0,50,39,0
30,Female,White,Never-married,1,186420,Bachelors,Private,Tech-support,0,0,35,39,0
35,Male,White,Divorced,4,267798,HS-grad,Private,Craft-repair,0,0,40,39,0
27,Female,Black,Married-civ-spouse,5,200227,Assoc-voc,Private,Adm-clerical,0,0,40,39,0
56,Male,White,Married-civ-spouse,0,335605,HS-grad,Self-emp-not-inc,Other-service,0,1887,50,2,1
67,Female,White,Widowed,2,92061,HS-grad,Other,Other,0,0,8,39,0
27,Male,White,Married-civ-spouse,0,132326,Some-college,Private,Craft-repair,0,0,40,39,0
26,Male,White,Married-civ-spouse,0,120268,HS-grad,Private,Other-service,0,0,50,39,0
34,Male,White,Married-civ-spouse,0,366198,Doctorate,State-gov,Prof-specialty,0,0,45,11,1
19,Female,White,Never-married,3,80710,HS-grad,Other,Other,0,0,40,39,0
55,Male,White,Married-civ-spouse,0,125000,Prof-school,Private,Exec-managerial,0,0,60,39,1
21,Female,White,Never-married,1,223352,HS-grad,Private,Other-service,1055,0,30,39,0
27,Female,White,Never-married,4,280699,Some-college,Other,Other,0,0,40,39,0
31,Male,White,Married-civ-spouse,0,176185,Bachelors,Local-gov,Machine-op-inspct,4064,0,40,0,0
46,Female,White,Divorced,1,37672,HS-grad,Other,Other,0,0,15,39,0
20,Female,White,Never-married,3,95989,Some-college,Other,Other,0,0,40,39,0
58,Male,White,Married-civ-spouse,0,200316,HS-grad,State-gov,Craft-repair,0,0,40,39,0
51,Male,White,Divorced,1,201127,HS-grad,Private,Sales,0,0,45,39,0
46,Male,White,Never-married,1,216999,Bachelors,Private,Exec-managerial,0,0,55,39,1
40,Male,Asian-Pac-Islander,Married-civ-spouse,0,73025,HS-grad,Private,Other-service,0,0,30,3,0
50,Male,White,Married-civ-spouse,0,94081,HS-grad,Private,Exec-managerial,0,0,40,39,1
20,Male,White,Never-married,2,216563,11th,Other,Other,0,0,40,39,0
24,Male,White,Married-spouse-absent,1,176580,5th-6th,Private,Farming-fishing,0,0,40,26,0
34,Male,White,Never-married,1,345705,HS-grad,Self-emp-not-inc,Craft-repair,0,0,45,39,1
35,Male,White,Never-married,1,246449,HS-grad,Private,Other-service,3325,0,50,39,0
32,Male,White,Married-civ-spouse,0,229051,Some-college,Private,Prof-specialty,0,0,40,39,0
24,Male,White,Married-civ-spouse,0,173679,Assoc-voc,Private,Other-service,0,0,20,39,0
24,Female,White,Never-married,3,233280,Assoc-acdm,Private,Sales,0,0,37,39,0
46,Female,White,Married-civ-spouse,5,142828,HS-grad,Private,Sales,0,0,40,39,1
56,Male,Black,Married-civ-spouse,0,132026,Bachelors,Private,Sales,7688,0,45,39,1
53,Male,White,Married-civ-spouse,0,134793,Some-college,Self-emp-inc,Exec-managerial,15024,0,50,39,1
49,Female,White,Divorced,4,154493,HS-grad,State-gov,Exec-managerial,0,0,44,39,0
20,Male,Black,Never-married,3,236523,10th,Other,Other,0,0,40,39,0
65,Female,White,Separated,1,174904,HS-grad,Other,Other,0,0,40,39,0
27,Male,Black,Divorced,3,306747,Bachelors,Private,Handlers-cleaners,0,0,40,39,0
40,Male,White,Married-civ-spouse,0,224799,Bachelors,Private,Prof-specialty,0,0,45,39,0
36,Female,White,Divorced,1,130926,Bachelors,Private,Adm-clerical,3674,0,40,39,0
26,Male,White,Divorced,1,75654,HS-grad,Private,Craft-repair,0,0,55,39,0
38,Male,White,Married-civ-spouse,0,192939,HS-grad,Self-emp-not-inc,Craft-repair,0,0,50,39,0
33,Male,White,Married-civ-spouse,0,187560,Assoc-voc,Private,Sales,0,0,36,39,0
20,Female,White,Divorced,1,197207,HS-grad,Self-emp-not-inc,Sales,0,0,30,39,0
48,Female,Black,Never-married,1,155509,HS-grad,Private,Adm-clerical,0,0,16,38,0
64,Male,White,Married-civ-spouse,0,179436,Bachelors,Self-emp-inc,Exec-managerial,15024,0,55,39,1
33,Male,White,Never-married,1,204042,Some-college,Private,Transport-moving,0,0,55,39,0
45,Male,White,Married-civ-spouse,0,266860,Masters,Private,Exec-managerial,15024,0,50,39,1
42,Male,White,Married-civ-spouse,0,33521,Assoc-acdm,Private,Sales,0,0,45,39,1
22,Female,White,Widowed,3,120518,HS-grad,Private,Adm-clerical,0,0,40,39,0
31,Male,White,Married-civ-spouse,0,124827,Assoc-voc,Private,Sales,0,0,40,39,1
28,Male,White,Married-civ-spouse,0,420054,HS-grad,Self-emp-not-inc,Craft-repair,0,0,40,22,0
23,Female,White,Never-married,3,193090,Bachelors,Private,Adm-clerical,0,0,30,39,0
41,Male,White,Married-civ-spouse,0,36999,Masters,State-gov,Prof-specialty,0,0,75,39,1
20,Male,White,Never-married,3,262749,Some-college,Private,Machine-op-inspct,0,0,40,39,0
45,Female,White,Divorced,1,170915,HS-grad,Federal-gov,Tech-support,4865,0,40,39,0
24,Male,White,Married-civ-spouse,0,166036,Some-college,Self-emp-not-inc,Transport-moving,0,0,60,39,0
67,Male,White,Married-civ-spouse,0,318533,HS-grad,Private,Adm-clerical,0,0,35,39,0
55,Male,White,Divorced,1,145574,HS-grad,Self-emp-not-inc,Exec-managerial,34095,0,60,39,0
36,Male,White,Married-civ-spouse,0,150601,Prof-school,Private,Prof-specialty,0,0,50,0,0
63,Male,Asian-Pac-Islander,Married-civ-spouse,0,76860,Bachelors,Private,Protective-serv,0,0,40,30,1
51,Male,Amer-Indian-Eskimo,Married-civ-spouse,0,35211,Masters,Local-gov,Prof-specialty,0,0,40,39,0
25,Female,White,Never-married,1,557082,HS-grad,Private,Adm-clerical,0,0,38,39,0
82,Male,White,Widowed,1,42435,10th,Other,Other,0,0,20,39,0
21,Female,White,Never-married,3,177265,Assoc-acdm,Private,Other-service,0,0,30,39,0
19,Female,White,Never-married,3,87653,Some-college,Private,Other-service,0,0,25,39,0
60,Male,Black,Married-civ-spouse,0,55621,Assoc-acdm,Federal-gov,Other-service,0,0,40,39,0
27,Female,White,Never-married,4,177398,HS-grad,Private,Other-service,0,0,64,39,0
38,Male,White,Never-married,1,238980,Some-college,Self-emp-not-inc,Sales,0,0,60,39,0
33,Male,White,Married-civ-spouse,0,167474,Assoc-acdm,Local-gov,Adm-clerical,0,0,40,39,0
19,Female,White,Divorced,1,517036,HS-grad,Private,Craft-repair,0,0,40,8,0
53,Male,White,Married-civ-spouse,0,186303,Some-college,Local-gov,Protective-serv,0,1887,40,39,1
48,Male,White,Married-civ-spouse,0,213140,HS-grad,Self-emp-inc,Exec-managerial,0,0,80,39,0
26,Male,White,Divorced,3,247025,Assoc-voc,Private,Craft-repair,0,0,40,39,0
76,Male,White,Never-married,1,243768,5th-6th,Private,Handlers-cleaners,0,0,20,39,0
34,Male,White,Married-civ-spouse,0,209808,Some-college,Private,Adm-clerical,0,0,40,39,1
27,Female,White,Never-married,4,29174,Bachelors,Local-gov,Prof-specialty,0,0,40,39,0
28,Male,Amer-Indian-Eskimo,Never-married,2,259351,10th,Private,Other-service,0,0,40,26,0
45,Female,Black,Divorced,4,132563,Prof-school,Local-gov,Prof-specialty,0,1726,40,39,0
21,Female,Black,Never-married,4,267040,10th,Private,Prof-specialty,0,0,40,39,0
50,Male,White,Never-married,3,144968,HS-grad,Private,Tech-support,0,0,15,39,0
17,Female,White,Never-married,3,246308,11th,Local-gov,Prof-specialty,0,0,20,33,0
19,Male,Black,Never-married,3,174233,Some-college,Other,Other,0,0,24,39,0
30,Male,White,Married-civ-spouse,0,183620,HS-grad,Private,Sales,0,0,45,39,0
77,Male,White,Divorced,1,132728,Masters,Other,Other,0,0,45,39,0
24,Male,White,Never-married,1,153082,HS-grad,Private,Sales,0,0,30,39,0
48,Male,White,Married-civ-spouse,0,254291,Bachelors,Self-emp-inc,Exec-managerial,7298,0,50,39,1
49,Female,White,Divorced,1,31264,HS-grad,Private,Adm-clerical,0,0,35,39,0
29,Male,White,Never-married,1,271328,Bachelors,Private,Prof-specialty,4650,0,40,39,0
36,Male,White,Married-civ-spouse,0,398931,Bachelors,Private,Prof-specialty,0,1485,50,39,1
24,Male,Black,Never-married,2,258700,5th-6th,Private,Farming-fishing,0,0,40,26,0
45,Female,White,Widowed,1,187666,Assoc-voc,Private,Exec-managerial,0,0,45,39,0
79,Male,White,Married-civ-spouse,0,142171,7th-8th,Other,Other,1409,0,35,39,0
34,Male,White,Married-civ-spouse,0,253438,Some-college,Private,Exec-managerial,0,0,60,39,1
31,Female,White,Divorced,4,145791,Assoc-voc,Private,Tech-support,0,0,40,39,0
23,Female,White,Never-married,3,184589,Bachelors,Private,Prof-specialty,0,0,21,39,0
30,Male,White,Never-married,1,103596,HS-grad,Private,Protective-serv,0,0,99,39,0
43,Male,White,Married-civ-spouse,0,38876,HS-grad,Self-emp-not-inc,Farming-fishing,0,0,50,39,0
58,Male,White,Married-civ-spouse,0,248841,HS-grad,Self-emp-not-inc,Sales,15024,0,40,39,1
41,Male,White,Married-civ-spouse,0,138975,Bachelors,Private,Exec-managerial,7688,0,45,39,1
30,Male,White,Married-civ-spouse,0,157778,Some-college,Private,Prof-specialty,0,0,25,39,1
28,Male,Black,Never-married,1,162404,Bachelors,Private,Craft-repair,0,0,60,39,0
43,Male,White,Married-civ-spouse,0,188436,Masters,Self-emp-inc,Exec-managerial,5013,0,45,39,0
39,Male,White,Married-civ-spouse,0,61343,10th,Private,Machine-op-inspct,0,0,60,39,0
39,Male,Black,Married-civ-spouse,0,326342,11th,Private,Other-service,2635,0,37,39,0
24,Female,White,Never-married,1,184678,Bachelors,Local-gov,Prof-specialty,0,0,40,39,0
45,Female,White,Divorced,1,128736,10th,Private,Sales,0,0,40,39,0
21,Female,White,Never-married,3,148444,Some-college,Private,Sales,0,0,25,39,0
30,Female,White,Never-married,1,131776,Masters,Local-gov,Adm-clerical,0,0,40,39,0
51,Male,White,Married-civ-spouse,0,146813,Some-college,Private,Prof-specialty,0,0,40,39,1
26,Male,White,Married-AF-spouse,0,98155,HS-grad,Private,Sales,0,0,55,39,0
25,Male,White,Never-married,3,82560,Assoc-acdm,Private,Other-service,0,0,43,39,0
36,Male,White,Married-civ-spouse,0,20507,HS-grad,Private,Craft-repair,7688,0,50,39,1
46,Male,White,Married-civ-spouse,0,271828,HS-grad,Private,Machine-op-inspct,0,0,40,39,1
24,Male,White,Married-civ-spouse,0,174138,Assoc-acdm,Private,Craft-repair,0,0,40,39,0
20,Female,White,Never-married,3,108887,HS-grad,Private,Machine-op-inspct,0,0,40,39,0
90,Male,White,Married-civ-spouse,0,313986,11th,Private,Craft-repair,0,0,40,39,0
38,Female,White,Never-married,1,52963,Bachelors,Private,Adm-clerical,0,0,50,39,0
17,Female,White,Never-married,3,806316,11th,Other,Other,0,0,20,39,0
39,Male,Black,Never-married,1,315776,Masters,Private,Exec-managerial,8614,0,52,39,1
62,Female,White,Widowed,1,149617,Some-college,Private,Exec-managerial,0,0,16,39,0
38,Female,White,Married-civ-spouse,5,75826,Prof-school,Private,Prof-specialty,0,0,40,39,0
22,Male,White,Never-married,1,24008,HS-grad,Private,Adm-clerical,0,0,40,39,0
30,Female,Asian-Pac-Islander,Never-married,1,33811,Bachelors,Other,Other,0,0,99,39,0
44,Male,White,Married-civ-spouse,0,79531,Assoc-voc,Private,Craft-repair,0,0,40,39,1
50,Female,White,Married-civ-spouse,5,124076,Bachelors,Local-gov,Prof-specialty,0,0,40,39,1
73,Female,White,Widowed,1,123160,10th,Private,Other-service,0,0,10,39,0
24,Male,White,Never-married,1,200819,12th,Private,Sales,0,0,40,39,0
18,Female,White,Never-married,1,151866,Some-college,Private,Sales,0,0,20,39,0
59,Male,White,Married-civ-spouse,0,32537,HS-grad,Self-emp-not-inc,Farming-fishing,0,0,40,39,1
43,Male,White,Married-civ-spouse,0,225193,HS-grad,Private,Sales,0,0,40,39,0
36,Male,White,Married-civ-spouse,0,144169,HS-grad,Private,Craft-repair,0,0,50,39,0
27,Female,White,Never-married,3,162104,9th,Other,Other,0,0,40,39,0
69,Male,White,Married-civ-spouse,0,323016,Bachelors,Other,Other,99999,0,40,39,1
36,Female,White,Divorced,4,135293,Bachelors,Private,Prof-specialty,1506,0,45,0,0
42,Female,Black,Never-married,4,409902,HS-grad,Private,Exec-managerial,0,0,25,39,0
48,Male,Black,Married-civ-spouse,0,201177,Bachelors,State-gov,Exec-managerial,0,0,40,39,1
18,Female,Asian-Pac-Islander,Never-married,3,96483,HS-grad,Private,Other-service,0,0,20,39,0
27,Male,White,Married-civ-spouse,2,107812,Bachelors,Private,Sales,0,0,40,39,1
20,Male,White,Never-married,3,378546,HS-grad,Private,Craft-repair,0,0,25,39,0
52,Female,White,Divorced,1,312500,Assoc-voc,Federal-gov,Farming-fishing,0,0,40,39,0
58,Male,White,Married-civ-spouse,0,169982,Some-college,Other,Other,0,0,40,39,1
46,Female,White,Divorced,4,215943,HS-grad,Private,Prof-specialty,0,0,40,39,0
58,Male,White,Married-civ-spouse,0,81038,Some-college,Private,Sales,0,0,12,39,0
49,Male,White,Married-civ-spouse,0,177211,Bachelors,Private,Exec-managerial,0,0,50,39,1
49,Male,White,Married-civ-spouse,0,155489,Masters,Private,Prof-specialty,0,0,50,39,1
34,Male,White,Married-civ-spouse,0,197886,Bachelors,Private,Sales,0,0,60,39,1
34,Male,Asian-Pac-Islander,Separated,1,101709,HS-grad,Private,Transport-moving,0,0,40,39,0
49,Male,White,Divorced,4,159726,11th,Local-gov,Handlers-cleaners,0,0,40,39,0
52,Male,White,Divorced,1,190333,HS-grad,Self-emp-not-inc,Farming-fishing,0,0,25,39,0
40,Male,White,Divorced,3,133974,Some-college,Private,Machine-op-inspct,0,0,40,39,0
31,Male,White,Divorced,4,131568,7th-8th,Private,Transport-moving,0,0,20,39,0
54,Male,White,Married-civ-spouse,0,286989,Preschool,Private,Farming-fishing,0,0,60,39,0
27,Female,Black,Divorced,3,308995,Some-college,Other,Other,0,0,40,39,0
50,Female,White,Married-spouse-absent,4,74879,HS-grad,Private,Handlers-cleaners,0,0,40,39,0
60,Female,White,Never-married,1,101096,Doctorate,Private,Prof-specialty,0,0,65,39,1
57,Female,White,Widowed,4,210496,10th,Private,Other-service,0,0,40,39,0
54,Female,White,Married-civ-spouse,5,32778,HS-grad,Self-emp-not-inc,Sales,0,0,30,39,0
23,Female,White,Never-married,3,225724,Some-college,Private,Prof-specialty,0,0,25,39,0
55,Male,White,Married-civ-spouse,0,449576,5th-6th,Other,Other,0,0,48,26,0
22,Female,White,Never-married,3,163911,Some-college,Private,Adm-clerical,0,0,20,39,0
41,Male,White,Never-married,1,26892,Bachelors,State-gov,Adm-clerical,0,0,40,39,0
39,Female,Black,Never-married,4,179824,HS-grad,Private,Machine-op-inspct,0,0,36,39,0
27,Female,White,Never-married,1,126060,Bachelors,Private,Exec-managerial,0,0,40,39,0
51,Female,White,Separated,4,134808,HS-grad,Private,Handlers-cleaners,0,0,40,39,0
24,Male,White,Married-civ-spouse,0,217602,HS-grad,Private,Farming-fishing,0,0,60,39,0
69,Female,Black,Divorced,4,159522,7th-8th,Private,Machine-op-inspct,2964,0,40,39,0
34,Male,White,Never-married,3,684015,5th-6th,Private,Handlers-cleaners,0,0,40,8,0
53,Male,Black,Divorced,1,479621,Assoc-voc,Private,Tech-support,0,0,40,39,0
49,Male,White,Married-civ-spouse,0,163352,Prof-school,Self-emp-not-inc,Prof-specialty,0,0,85,39,1
34,Male,White,Married-civ-spouse,0,213226,Bachelors,Self-emp-not-inc,Exec-managerial,0,1485,35,0,0
23,Female,White,Never-married,1,200677,10th,Private,Machine-op-inspct,0,0,40,39,0
19,Male,White,Never-married,3,137578,Some-college,Other,Other,0,0,16,39,0
62,Female,White,Widowed,1,116104,HS-grad,Private,Adm-clerical,0,0,20,11,0
25,Female,White,Never-married,1,359985,5th-6th,Private,Adm-clerical,0,0,33,26,0
31,Female,Other,Never-married,1,175548,HS-grad,Private,Other-service,0,0,35,39,0
44,Male,White,Married-civ-spouse,0,167725,HS-grad,Private,Sales,0,0,24,39,0
45,Male,White,Never-married,3,49298,Bachelors,Private,Tech-support,0,0,40,39,0
44,Male,White,Married-civ-spouse,0,184105,Assoc-acdm,Private,Sales,4386,0,40,39,1
30,Female,White,Never-married,3,169583,HS-grad,Private,Sales,0,0,35,39,0
26,Female,White,Never-married,2,236068,Some-college,Private,Sales,0,0,20,39,0
18,Female,White,Never-married,3,163332,HS-grad,Private,Sales,0,0,22,39,0
25,Female,White,Divorced,1,371987,HS-grad,Private,Adm-clerical,0,0,40,39,0
36,Male,White,Married-civ-spouse,0,175643,HS-grad,Private,Craft-repair,0,0,35,39,0
19,Female,White,Never-married,3,260333,HS-grad,Private,Other-service,0,0,20,39,0
37,Male,White,Married-civ-spouse,0,174150,Masters,Private,Exec-managerial,0,0,40,39,1
31,Male,White,Married-civ-spouse,0,265807,Assoc-voc,Self-emp-not-inc,Exec-managerial,3137,0,50,39,0
19,Male,Black,Never-married,4,104112,HS-grad,Private,Sales,0,0,30,14,0
69,Male,White,Married-civ-spouse,0,159077,11th,Other,Other,0,0,48,39,0
58,Female,White,Divorced,4,300623,HS-grad,State-gov,Adm-clerical,0,0,40,39,0
25,Female,Asian-Pac-Islander,Never-married,3,89625,HS-grad,Private,Adm-clerical,0,0,40,39,0
47,Male,White,Married-civ-spouse,0,216414,Doctorate,State-gov,Prof-specialty,0,0,40,39,1
39,Female,White,Divorced,2,233428,HS-grad,Private,Exec-managerial,0,0,40,39,0
34,Female,Amer-Indian-Eskimo,Never-married,4,223678,HS-grad,Private,Other-service,0,0,32,39,0
30,Male,White,Never-married,1,200246,Assoc-voc,Private,Craft-repair,0,0,40,39,0
61,Male,White,Married-civ-spouse,0,268831,HS-grad,Self-emp-not-inc,Sales,0,0,53,39,0
49,Male,White,Married-civ-spouse,0,116143,HS-grad,Private,Machine-op-inspct,0,0,40,39,0
84,Male,Black,Married-civ-spouse,0,388384,7th-8th,Private,Prof-specialty,0,0,10,39,0
33,Male,White,Separated,1,174171,Some-college,State-gov,Tech-support,0,0,12,39,0
46,Male,White,Married-civ-spouse,0,80057,HS-grad,Federal-gov,Adm-clerical,0,0,40,11,1
77,Female,White,Widowed,1,154205,HS-grad,Private,Adm-clerical,0,0,10,39,0
29,Male,Other,Never-married,1,149943,Some-college,Private,Other-service,0,1590,40,0,0
55,Female,White,Divorced,4,193895,7th-8th,Other,Other,0,0,40,39,0
47,Male,White,Married-civ-spouse,0,186534,HS-grad,Private,Sales,0,0,55,39,1
76,Female,White,Widowed,1,316185,7th-8th,Private,Protective-serv,0,0,12,39,0
53,Male,White,Married-civ-spouse,0,251675,HS-grad,Private,Craft-repair,0,0,40,8,0
33,Male,White,Married-civ-spouse,0,198211,HS-grad,Private,Tech-support,0,0,40,39,0
34,Male,White,Divorced,3,223267,Some-college,Federal-gov,Protective-serv,0,0,72,39,0
36,Male,White,Married-civ-spouse,0,218490,Bachelors,Private,Prof-specialty,0,0,45,11,1
47,Male,White,Married-civ-spouse,0,192894,Bachelors,Self-emp-inc,Exec-managerial,0,1902,45,39,1
30,Male,White,Married-civ-spouse,0,75167,Bachelors,Private,Exec-managerial,0,0,55,39,0
56,Male,White,Married-civ-spouse,0,33323,HS-grad,Private,Machine-op-inspct,0,0,40,39,0
46,Female,White,Divorced,4,174995,HS-grad,Private,Adm-clerical,0,0,45,39,0
33,Male,Black,Never-married,3,53042,12th,Private,Craft-repair,0,0,40,39,0
21,Male,White,Married-civ-spouse,0,305874,Some-college,Private,Craft-repair,0,0,54,39,0
41,Female,White,Separated,4,185660,HS-grad,Private,Adm-clerical,0,0,40,39,0
43,Male,Other,Married-civ-spouse,0,116666,Prof-school,Self-emp-not-inc,Prof-specialty,0,0,35,39,1
41,Male,Black,Married-civ-spouse,0,174540,Some-college,Private,Prof-specialty,0,0,4,39,0
32,Female,White,Never-married,1,189461,HS-grad,Self-emp-not-inc,Other-service,0,0,60,39,0
32,Male,White,Married-civ-spouse,0,313729,HS-grad,Private,Adm-clerical,0,0,40,39,0
39,Male,White,Married-civ-spouse,0,129764,HS-grad,Private,Craft-repair,0,0,40,39,0
34,Male,Black,Never-married,1,90415,Assoc-voc,Private,Tech-support,0,0,40,39,0
57,Female,White,Married-civ-spouse,5,158077,Bachelors,Private,Sales,0,0,40,39,0
55,Male,White,Married-civ-spouse,0,750972,7th-8th,Private,Craft-repair,0,0,41,39,0
60,Male,White,Married-civ-spouse,0,76127,Assoc-acdm,Private,Adm-clerical,0,0,35,39,1
35,Male,White,Married-civ-spouse,0,169426,Assoc-acdm,Self-emp-not-inc,Craft-repair,0,0,40,39,0
50,Female,White,Divorced,4,299831,Some-college,Federal-gov,Adm-clerical,0,880,40,39,0
39,Female,White,Divorced,4,261504,12th,Private,Adm-clerical,0,0,40,39,0
18,Female,White,Never-married,3,434268,11th,Private,Adm-clerical,0,0,15,39,0
64,Female,White,Never-married,4,153894,Bachelors,Private,Sales,0,0,40,29,0
57,Female,White,Divorced,2,296152,Some-college,Private,Exec-managerial,594,0,10,39,0
35,Female,White,Widowed,1,318891,Assoc-acdm,State-gov,Exec-managerial,0,0,40,39,0
21,Female,White,Never-married,3,442131,HS-grad,Private,Handlers-cleaners,0,0,40,39,0
25,Female,Black,Never-married,4,295108,HS-grad,Private,Handlers-cleaners,0,0,25,39,0
28,Male,White,Never-married,1,56179,Some-college,Private,Exec-managerial,2174,0,55,39,0
35,Male,White,Never-married,1,273612,Bachelors,Private,Exec-managerial,0,0,45,39,0
21,Male,White,Never-married,1,234108,HS-grad,Private,Sales,0,0,40,39,0
19,Male,White,Never-married,3,163578,Some-college,Private,Sales,0,0,30,39,0
39,Male,White,Married-civ-spouse,0,50096,Some-college,Self-emp-not-inc,Farming-fishing,0,0,80,39,0
38,Male,White,Married-civ-spouse,0,297449,Bachelors,Private,Adm-clerical,7298,0,50,39,1
22,Male,White,Married-civ-spouse,0,190968,Some-college,Private,Craft-repair,2407,0,40,39,0
48,Male,White,Married-civ-spouse,0,355978,Masters,Private,Exec-managerial,0,0,40,39,0
23,Male,White,Never-married,2,45713,Some-college,Private,Craft-repair,0,0,40,39,0
32,Male,White,Married-civ-spouse,0,256362,HS-grad,Private,Craft-repair,0,0,40,39,1
31,Male,White,Separated,1,416415,HS-grad,Private,Adm-clerical,0,0,45,39,0
59,Male,White,Married-civ-spouse,0,189664,Some-college,Private,Sales,0,0,40,39,0
28,Male,Amer-Indian-Eskimo,Married-civ-spouse,0,29444,HS-grad,Private,Handlers-cleaners,0,0,40,39,0
19,Male,White,Never-married,1,213644,HS-grad,Private,Machine-op-inspct,0,0,40,39,0
51,Male,White,Married-civ-spouse,0,290688,5th-6th,Self-emp-not-inc,Craft-repair,0,0,40,39,0
34,Male,White,Married-civ-spouse,0,180284,Some-college,Private,Handlers-cleaners,0,0,50,39,0
74,Male,White,Married-civ-spouse,0,54732,Some-college,Private,Sales,0,0,20,39,1
42,Female,Black,Divorced,4,163069,Some-college,State-gov,Adm-clerical,0,0,40,39,0
50,Male,White,Married-civ-spouse,0,140516,Bachelors,Self-emp-inc,Adm-clerical,0,0,40,39,0
17,Male,White,Never-married,3,228373,10th,Other,Other,0,0,30,39,0
23,Male,White,Never-married,3,257683,Bachelors,Private,Prof-specialty,0,0,40,39,0
25,Male,Black,Married-civ-spouse,0,253267,Some-college,Private,Adm-clerical,0,1902,36,39,1
32,Male,White,Divorced,3,194141,HS-grad,Private,Machine-op-inspct,0,0,50,39,0
29,Male,White,Married-civ-spouse,0,125190,HS-grad,Self-emp-not-inc,Craft-repair,0,0,40,39,0
43,Male,White,Married-civ-spouse,0,58447,Doctorate,Private,Prof-specialty,99999,0,55,39,1
65,Male,White,Married-civ-spouse,0,83800,Some-college,Private,Handlers-cleaners,0,0,27,39,0
32,Male,White,Married-civ-spouse,0,29312,10th,Private,Transport-moving,0,0,80,39,1
70,Female,White,Widowed,2,237065,5th-6th,Private,Other-service,2346,0,40,0,0
36,Female,White,Divorced,4,274809,HS-grad,Private,Adm-clerical,0,0,50,39,0
40,Male,White,Married-civ-spouse,0,165108,Bachelors,Self-emp-not-inc,Adm-clerical,0,0,40,9,0
38,Male,White,Married-civ-spouse,2,218184,5th-6th,Local-gov,Handlers-cleaners,0,0,40,26,0
44,Male,White,Married-civ-spouse,0,315406,11th,Self-emp-not-inc,Farming-fishing,0,0,88,39,0
38,Female,White,Never-married,1,103474,Bachelors,Private,Tech-support,0,0,45,39,0
42,Male,White,Married-civ-spouse,0,110028,HS-grad,Private,Craft-repair,0,0,40,39,0
31,Male,Asian-Pac-Islander,Married-civ-spouse,0,251659,Some-college,Private,Other-service,0,1485,55,0,1
25,Male,White,Never-married,3,164938,HS-grad,Private,Machine-op-inspct,4416,0,40,39,0
50,Male,Black,Married-civ-spouse,0,213654,HS-grad,Self-emp-not-inc,Sales,0,0,40,39,0
25,Male,Asian-Pac-Islander,Never-married,3,190650,Bachelors,Private,Prof-specialty,0,0,40,36,0
37,Male,White,Married-civ-spouse,0,189878,Some-college,Local-gov,Protective-serv,0,0,60,39,0
18,Male,White,Never-married,3,168288,HS-grad,Private,Handlers-cleaners,0,0,40,39,0
60,Male,White,Married-civ-spouse,0,120163,Bachelors,Other,Other,0,0,40,39,0
38,Male,White,Married-civ-spouse,0,188612,Some-college,Local-gov,Craft-repair,0,0,45,39,0
40,Male,White,Married-civ-spouse,0,76625,HS-grad,Self-emp-inc,Handlers-cleaners,0,0,40,39,0
28,Male,White,Married-civ-spouse,0,300915,HS-grad,Private,Transport-moving,0,0,60,39,0
34,Male,Black,Never-married,2,62165,Some-college,Private,Sales,0,0,30,39,0
57,Male,White,Married-civ-spouse,0,73051,Bachelors,Private,Exec-managerial,0,0,40,39,0
50,Male,White,Married-civ-spouse,0,231495,HS-grad,Private,Other-service,0,0,40,39,0
22,Male,Black,Married-civ-spouse,0,68678,HS-grad,Private,Sales,0,0,40,39,0
50,Female,White,Widowed,4,198362,Assoc-voc,Private,Exec-managerial,0,0,40,39,0
65,Male,White,Married-civ-spouse,0,221881,11th,Other,Other,0,0,40,26,0
20,Male,White,Never-married,1,189203,Assoc-acdm,Other,Other,0,0,20,39,0
27,Male,White,Never-married,1,704108,Bachelors,Private,Prof-specialty,0,0,50,39,0
43,Male,White,Married-civ-spouse,0,183479,HS-grad,Self-emp-not-inc,Craft-repair,0,0,30,39,0
19,Female,Amer-Indian-Eskimo,Never-married,3,243941,Some-college,Private,Sales,0,1721,25,39,0
48,Female,White,Divorced,4,164423,HS-grad,Private,Machine-op-inspct,0,0,40,39,0
28,Female,White,Divorced,1,183175,Some-college,Private,Adm-clerical,0,0,40,39,0
25,Male,Amer-Indian-Eskimo,Never-married,4,130397,10th,Private,Farming-fishing,0,0,40,39,0
24,Female,White,Never-married,1,128487,Bachelors,Private,Adm-clerical,0,0,40,39,0
41,Male,White,Married-civ-spouse,0,198425,Some-college,Private,Craft-repair,0,0,45,39,0
21,Male,White,Never-married,3,228255,Some-college,Private,Other-service,0,0,30,39,0
41,Male,White,Married-civ-spouse,0,145441,Masters,Self-emp-inc,Exec-managerial,0,0,50,39,1
42,Female,Amer-Indian-Eskimo,Divorced,3,134220,Assoc-voc,Private,Exec-managerial,0,0,40,39,0
31,Male,White,Married-civ-spouse,0,112115,Some-college,Private,Sales,0,0,40,39,0
39,Male,White,Married-civ-spouse,0,269455,HS-grad,Private,Farming-fishing,0,0,45,39,0
50,Male,White,Married-spouse-absent,1,45961,Bachelors,State-gov,Prof-specialty,6849,0,40,39,0
20,Female,White,Never-married,1,238384,HS-grad,Private,Sales,0,0,30,39,0
45,Male,White,Divorced,4,208802,Prof-school,Self-emp-inc,Prof-specialty,25236,0,36,39,1
23,Female,White,Never-married,3,209483,Bachelors,Private,Adm-clerical,0,0,50,39,0
23,Male,White,Married-civ-spouse,0,38707,Some-college,Private,Transport-moving,0,0,60,39,1
22,Male,White,Separated,3,196943,Some-college,Other,Other,0,0,25,39,0
46,Male,White,Married-civ-spouse,0,164877,Some-college,Private,Craft-repair,0,0,44,39,0
33,Male,White,Married-civ-spouse,0,202729,Bachelors,Self-emp-not-inc,Craft-repair,0,0,40,39,1
27,Male,White,Never-married,1,68037,Some-college,Private,Exec-managerial,0,0,45,39,0
29,Male,White,Married-civ-spouse,0,160786,10th,Self-emp-not-inc,Craft-repair,0,0,35,39,1
34,Male,White,Married-civ-spouse,0,325658,HS-grad,Private,Transport-moving,0,0,40,39,0
58,Male,Asian-Pac-Islander,Married-civ-spouse,0,216824,HS-grad,Self-emp-not-inc,Farming-fishing,0,0,30,39,0
47,Male,White,Married-civ-spouse,0,212120,Bachelors,Private,Exec-managerial,0,0,45,39,1
83,Male,White,Divorced,1,272248,HS-grad,Self-emp-inc,Sales,0,0,20,39,0
41,Male,White,Married-civ-spouse,0,353541,HS-grad,Private,Machine-op-inspct,0,0,40,26,0
63,Male,White,Married-civ-spouse,0,106648,HS-grad,Other,Other,0,0,25,39,0
19,Male,White,Never-married,3,254247,12th,Private,Adm-clerical,0,0,38,0,0
25,Male,White,Married-civ-spouse,0,294400,7th-8th,Private,Craft-repair,0,0,60,39,0
36,Female,Black,Never-married,1,250807,11th,Private,Craft-repair,0,0,40,39,0
39,Male,White,Divorced,4,237943,HS-grad,Private,Machine-op-inspct,0,1726,40,39,0
79,Male,White,Married-civ-spouse,0,103684,HS-grad,Self-emp-not-inc,Farming-fishing,0,0,40,39,0
22,Male,White,Never-married,1,156773,Some-college,State-gov,Prof-specialty,0,0,15,0,0
76,Male,White,Married-civ-spouse,0,33213,Masters,Self-emp-not-inc,Prof-specialty,0,0,30,0,1
52,Male,White,Married-civ-spouse,0,104501,Some-college,Self-emp-not-inc,Tech-support,0,0,60,39,1
40,Male,White,Married-civ-spouse,0,143069,HS-grad,Private,Machine-op-inspct,0,0,40,39,0
56,Male,White,Married-civ-spouse,0,178202,Some-college,Private,Machine-op-inspct,0,0,40,39,0
39,Male,White,Never-married,3,356838,HS-grad,Private,Farming-fishing,0,0,12,39,0
24,Male,White,Never-married,3,410439,Some-college,Private,Craft-repair,0,0,15,39,0
34,Male,White,Married-civ-spouse,0,31391,HS-grad,Local-gov,Protective-serv,0,0,53,39,1
32,Male,Asian-Pac-Islander,Never-married,2,154571,Some-college,Private,Other-service,0,0,40,0,0
31,Female,Black,Never-married,1,178623,Bachelors,Private,Prof-specialty,14084,0,60,39,1
64,Female,White,Widowed,1,258006,Some-college,Private,Adm-clerical,0,0,40,5,0
45,Female,White,Divorced,3,235924,Bachelors,Private,Exec-managerial,0,0,40,39,0
42,Female,White,Divorced,1,132481,Assoc-acdm,Private,Prof-specialty,0,0,24,39,0
21,Male,White,Never-married,3,286853,HS-grad,Private,Other-service,0,0,35,39,0
30,Male,White,Separated,1,252646,Some-college,Private,Transport-moving,0,0,20,39,0
29,Male,White,Married-civ-spouse,3,203697,Bachelors,Private,Prof-specialty,0,0,75,39,0
31,Male,White,Married-civ-spouse,0,594187,HS-grad,Private,Machine-op-inspct,0,0,40,39,0
47,Male,White,Married-civ-spouse,0,145290,HS-grad,Private,Machine-op-inspct,0,0,45,39,0
46,Male,Asian-Pac-Islander,Married-civ-spouse,0,137354,Masters,Private,Tech-support,0,0,40,30,1
36,Female,White,Never-married,1,350783,HS-grad,Private,Prof-specialty,0,0,38,39,0
43,Female,White,Never-married,4,52498,Bachelors,Self-emp-not-inc,Prof-specialty,0,0,50,39,0
52,Male,White,Married-civ-spouse,0,291096,Assoc-acdm,Federal-gov,Other-service,7298,0,40,39,1
52,Male,White,Divorced,1,23780,Some-college,Federal-gov,Adm-clerical,0,0,40,39,0
37,Male,White,Married-civ-spouse,0,34146,HS-grad,Private,Craft-repair,0,0,68,39,0
71,Male,White,Never-married,1,182395,Bachelors,Private,Craft-repair,11678,0,45,39,1
32,Male,White,Married-civ-spouse,0,129020,HS-grad,Private,Exec-managerial,0,0,40,39,0
41,Female,Black,Separated,4,88904,Bachelors,Local-gov,Prof-specialty,0,0,40,39,0
29,Female,White,Never-married,3,108574,Assoc-voc,Private,Priv-house-serv,0,0,40,39,0
60,Male,White,Married-civ-spouse,0,189098,HS-grad,Self-emp-inc,Other-service,0,0,40,39,0
46,Male,White,Married-civ-spouse,0,148738,HS-grad,Private,Handlers-cleaners,0,1740,35,39,0
39,Female,White,Divorced,4,81487,Some-college,Private,Exec-managerial,0,625,40,39,0
35,Male,White,Married-civ-spouse,0,328466,9th,Private,Other-service,0,0,40,26,0
67,Male,White,Widowed,1,102693,HS-grad,Other,Other,1086,0,35,39,0
29,Male,White,Never-married,1,34292,Some-college,Private,Adm-clerical,0,0,60,39,0
39,Male,White,Married-civ-spouse,0,306646,Some-college,Private,Sales,3103,0,50,39,1
50,Male,White,Married-civ-spouse,0,174964,10th,Other,Other,0,0,99,39,0
21,Male,White,Never-married,1,129699,HS-grad,Private,Adm-clerical,0,0,40,39,0
55,Male,White,Married-spouse-absent,1,124137,HS-grad,Private,Machine-op-inspct,0,0,40,31,0
73,Female,White,Widowed,4,153127,Some-college,Private,Priv-house-serv,0,0,10,39,0
32,Female,White,Divorced,4,185732,11th,Private,Other-service,0,0,40,39,0
29,Male,White,Divorced,1,183627,11th,Private,Craft-repair,0,0,40,39,0
24,Male,Black,Never-married,1,175254,Some-college,Private,Transport-moving,0,0,40,39,0
18,Female,White,Never-married,3,201901,HS-grad,Private,Handlers-cleaners,0,1719,15,39,0
50,Male,White,Married-civ-spouse,0,274528,Some-college,Private,Sales,0,0,40,39,0
49,Male,White,Married-civ-spouse,0,23776,Some-college,Private,Adm-clerical,0,0,40,39,0
46,Female,Black,Never-married,1,312015,HS-grad,State-gov,Other-service,0,0,40,39,0
66,Male,White,Married-civ-spouse,0,274451,9th,Self-emp-not-inc,Farming-fishing,0,0,25,39,1
32,Male,White,Never-married,4,186824,HS-grad,Private,Machine-op-inspct,0,0,40,39,0
41,Male,White,Married-civ-spouse,0,121718,Assoc-voc,Private,Tech-support,0,1848,48,39,1
27,Male,Black,Married-civ-spouse,0,259873,HS-grad,Self-emp-not-inc,Other-service,0,0,60,39,1
52,Female,Black,Divorced,1,561489,Masters,Self-emp-inc,Exec-managerial,0,0,50,39,0
46,Male,White,Married-civ-spouse,0,197332,Masters,Private,Prof-specialty,7688,0,46,39,1
36,Male,White,Married-civ-spouse,0,67728,HS-grad,Private,Craft-repair,5013,0,40,22,0
39,Male,Asian-Pac-Islander,Married-civ-spouse,0,139012,Bachelors,Private,Adm-clerical,0,0,40,30,1
43,Male,White,Married-civ-spouse,0,194636,Bachelors,Private,Craft-repair,0,0,48,39,1
52,Female,White,Separated,1,189728,HS-grad,Private,Priv-house-serv,0,0,50,39,0
39,Female,White,Divorced,4,300760,HS-grad,Private,Tech-support,0,0,50,39,0
53,Female,White,Divorced,1,157947,HS-grad,Private,Adm-clerical,0,0,40,39,0
42,Male,White,Married-civ-spouse,0,191196,Bachelors,Self-emp-inc,Exec-managerial,0,1977,60,0,1
27,Male,White,Never-married,1,223751,Some-college,Private,Craft-repair,0,0,45,39,0
53,Female,White,Divorced,1,181755,Masters,Local-gov,Prof-specialty,0,0,35,39,1
32,Male,White,Separated,1,170108,HS-grad,Self-emp-not-inc,Sales,0,0,50,39,0
38,Male,White,Married-civ-spouse,0,290306,HS-grad,Private,Craft-repair,0,0,40,39,1
17,Male,White,Never-married,3,342752,11th,Private,Other-service,0,0,15,39,0
67,Female,White,Married-civ-spouse,5,431426,Assoc-acdm,Self-emp-not-inc,Exec-managerial,20051,0,4,39,1
23,Female,White,Divorced,4,289116,HS-grad,Self-emp-not-inc,Other-service,0,0,50,39,0
26,Female,White,Never-married,1,104045,Bachelors,Private,Exec-managerial,0,0,40,39,0
45,Female,White,Married-civ-spouse,5,61751,HS-grad,Private,Other-service,0,0,35,39,0
35,Male,White,Married-spouse-absent,1,169104,Some-college,Private,Craft-repair,0,0,40,39,0
44,Male,White,Married-civ-spouse,0,198282,Bachelors,Private,Exec-managerial,15024,0,60,39,1
22,Female,White,Never-married,3,188544,Assoc-voc,Private,Adm-clerical,0,0,30,39,0
20,Male,Black,Never-married,2,221095,HS-grad,Private,Craft-repair,0,0,40,39,0
22,Female,White,Never-married,3,174461,Some-college,Private,Adm-clerical,0,0,15,39,0
24,Female,White,Never-married,3,198259,HS-grad,Private,Sales,0,0,30,39,0
48,Female,Other,Divorced,4,208748,5th-6th,Private,Machine-op-inspct,0,0,40,6,0
35,Male,White,Never-married,1,39207,HS-grad,Federal-gov,Adm-clerical,0,0,40,39,0
44,Male,White,Married-civ-spouse,0,116632,Masters,Private,Exec-managerial,0,0,50,39,1
52,Female,White,Never-married,1,172493,HS-grad,Private,Sales,0,0,36,39,0
46,Female,White,Divorced,1,35961,Assoc-acdm,Private,Sales,0,0,25,11,0
17,Female,Black,Never-married,3,75333,10th,Private,Sales,0,0,24,39,0
60,Male,White,Divorced,3,113440,Bachelors,Private,Exec-managerial,0,0,60,39,0
38,Female,White,Married-civ-spouse,5,100295,7th-8th,Private,Machine-op-inspct,0,0,50,2,1
22,Female,White,Never-married,1,317019,Some-college,Private,Other-service,0,0,30,39,0
30,Male,White,Married-civ-spouse,0,37646,Some-college,Private,Handlers-cleaners,0,0,40,39,0
60,Male,White,Married-civ-spouse,0,116707,Some-college,Private,Sales,7298,0,40,39,1
27,Male,White,Married-civ-spouse,0,208577,Some-college,Self-emp-not-inc,Exec-managerial,0,0,45,39,1
45,Male,Asian-Pac-Islander,Separated,1,112453,HS-grad,Other,Other,0,0,4,39,0
24,Female,White,Never-married,1,96844,Some-college,Private,Adm-clerical,0,0,17,39,0
19,Male,White,Never-married,1,97261,HS-grad,Private,Farming-fishing,0,0,40,39,0
38,Male,White,Separated,3,129150,10th,Other,Other,0,0,35,39,0
45,Male,White,Married-civ-spouse,0,170099,Assoc-acdm,Local-gov,Handlers-cleaners,0,0,40,39,0
53,Male,White,Married-civ-spouse,0,204397,HS-grad,Local-gov,Exec-managerial,0,0,60,39,0
27,Female,White,Never-married,1,660870,Bachelors,Private,Prof-specialty,0,0,60,39,0
34,Female,White,Never-married,1,118584,Bachelors,Private,Exec-managerial,0,0,40,39,0
47,Male,White,Married-civ-spouse,0,107231,Doctorate,Self-emp-not-inc,Prof-specialty,0,0,35,39,1
41,Male,White,Married-civ-spouse,0,223671,HS-grad,Self-emp-inc,Sales,0,1887,55,39,1
33,Male,White,Married-civ-spouse,0,43716,Some-college,State-gov,Craft-repair,0,0,4,39,0
51,Female,Black,Married-civ-spouse,5,147954,HS-grad,Private,Adm-clerical,3411,0,38,39,0
34,Female,White,Divorced,4,46144,Some-college,Private,Handlers-cleaners,0,0,40,39,0
42,Male,White,Married-civ-spouse,0,383493,Masters,Private,Prof-specialty,0,0,50,39,1
45,Male,White,Never-married,3,358701,12th,Private,Other-service,0,0,10,26,0
44,Male,White,Married-civ-spouse,0,344060,Prof-school,Federal-gov,Prof-specialty,0,0,40,39,1
57,Male,White,Married-civ-spouse,0,159319,Masters,Private,Exec-managerial,0,0,50,39,1
28,Male,White,Married-civ-spouse,0,365411,9th,Private,Machine-op-inspct,0,0,42,39,0
51,Male,White,Married-civ-spouse,0,410114,Masters,Private,Craft-repair,0,0,40,39,1
31,Female,White,Married-civ-spouse,5,323020,Some-college,Self-emp-not-inc,Other-service,0,0,30,39,0
57,Female,White,Divorced,4,190748,Some-college,Local-gov,Exec-managerial,0,0,35,39,0
17,Male,White,Never-married,3,143331,11th,Private,Sales,0,0,20,39,0
22,Female,Asian-Pac-Islander,Never-married,2,229987,Some-college,Private,Tech-support,0,0,32,39,0
39,Male,White,Married-civ-spouse,0,222641,Bachelors,Self-emp-inc,Sales,0,0,40,39,0
20,Female,White,Never-married,3,326624,HS-grad,Other,Other,0,0,40,39,0
28,Female,Black,Never-married,1,205562,Masters,Other,Other,0,0,40,39,0
33,Male,White,Never-married,1,182926,Bachelors,Self-emp-not-inc,Transport-moving,0,0,40,0,0
23,Female,White,Never-married,1,250630,Bachelors,Private,Sales,0,0,40,39,0
17,Female,White,Never-married,3,216086,11th,Private,Other-service,0,0,30,39,0
34,Female,White,Divorced,1,106169,Masters,Local-gov,Prof-specialty,0,0,50,39,0
23,Female,White,Never-married,1,257621,Bachelors,Private,Sales,0,0,45,39,0
35,Male,White,Married-civ-spouse,0,86648,Masters,Private,Prof-specialty,0,1977,45,39,1
17,Male,White,Never-married,3,183110,11th,Private,Handlers-cleaners,0,0,16,39,0
32,Female,White,Divorced,4,282622,HS-grad,Other,Other,0,0,28,39,0
25,Male,Other,Married-civ-spouse,0,232991,5th-6th,Private,Machine-op-inspct,0,0,40,26,0
35,Female,White,Separated,4,193106,HS-grad,Private,Adm-clerical,0,0,32,39,0
21,Male,White,Never-married,1,50411,HS-grad,Private,Farming-fishing,0,0,40,39,0
42,Male,White,Divorced,1,83411,Some-college,Private,Exec-managerial,0,1408,40,39,0
19,Male,White,Never-married,3,144161,HS-grad,Private,Transport-moving,0,0,30,39,0
23,Male,White,Never-married,3,403107,5th-6th,Private,Other-service,0,0,40,8,0
40,Male,White,Married-civ-spouse,0,224658,Bachelors,Private,Sales,0,0,45,39,1
19,Male,White,Married-civ-spouse,0,378114,HS-grad,Private,Craft-repair,0,0,25,39,0
38,Female,White,Never-married,1,203761,Assoc-voc,Private,Tech-support,2354,0,40,39,0
23,Male,Asian-Pac-Islander,Never-married,3,96635,Some-college,Private,Machine-op-inspct,0,0,30,39,0
51,Male,White,Married-civ-spouse,0,108435,HS-grad,Local-gov,Craft-repair,0,0,40,39,0
17,Male,White,Never-married,3,113301,11th,Private,Handlers-cleaners,0,0,12,0,0
58,Female,Black,Divorced,4,298643,HS-grad,Federal-gov,Adm-clerical,0,0,40,39,0
38,Female,Black,Divorced,4,96185,HS-grad,Private,Other-service,0,0,32,39,0
35,Female,White,Divorced,4,169638,Some-college,Private,Sales,0,0,36,39,0
21,Male,White,Never-married,3,253583,HS-grad,Private,Handlers-cleaners,0,0,40,39,0
53,Male,White,Married-civ-spouse,0,257940,HS-grad,Private,Machine-op-inspct,2829,0,40,39,0
57,Male,White,Married-civ-spouse,0,170603,Some-college,Federal-gov,Adm-clerical,0,0,40,39,1
55,Male,White,Married-civ-spouse,0,141807,Bachelors,Self-emp-not-inc,Exec-managerial,0,0,40,39,1
22,Female,White,Never-married,3,500720,HS-grad,Private,Adm-clerical,0,0,40,26,0
63,Male,White,Married-civ-spouse,0,159715,10th,Self-emp-not-inc,Machine-op-inspct,0,0,40,39,0
47,Male,White,Married-civ-spouse,0,324791,Masters,Local-gov,Prof-specialty,0,1887,50,39,1
57,Male,Other,Married-civ-spouse,0,137658,HS-grad,Other,Other,0,0,5,4,0
26,Male,White,Married-civ-spouse,0,293690,Bachelors,Private,Craft-repair,0,0,58,39,1
32,Male,White,Married-civ-spouse,0,200246,Bachelors,Private,Exec-managerial,0,0,40,39,1
36,Male,White,Married-civ-spouse,0,164898,HS-grad,Private,Exec-managerial,0,0,40,39,0
51,Male,White,Married-civ-spouse,0,162632,HS-grad,Private,Transport-moving,7298,0,60,39,1
29,Male,White,Never-married,3,131088,HS-grad,Private,Handlers-cleaners,0,0,25,39,0
58,Male,White,Married-civ-spouse,0,154950,Bachelors,Private,Tech-support,0,0,40,39,1
31,Female,Amer-Indian-Eskimo,Divorced,4,78602,Assoc-acdm,Private,Other-service,0,0,40,39,0
28,Male,White,Married-civ-spouse,0,163862,Bachelors,Federal-gov,Exec-managerial,5178,0,40,39,1
66,Male,White,Married-civ-spouse,0,107744,Some-college,Other,Other,0,0,40,39,0
46,Male,White,Separated,1,277946,Assoc-acdm,Self-emp-not-inc,Craft-repair,0,0,40,39,0
41,Male,White,Married-civ-spouse,0,195661,Some-college,Private,Transport-moving,0,0,54,39,0
49,Male,White,Divorced,1,318331,HS-grad,Private,Machine-op-inspct,0,0,40,39,0
27,Male,White,Married-civ-spouse,0,285897,HS-grad,Private,Prof-specialty,0,1848,45,39,1
37,Female,White,Married-civ-spouse,5,76767,Prof-school,State-gov,Prof-specialty,0,0,39,39,1
58,Male,White,Married-civ-spouse,0,89922,Assoc-voc,Self-emp-inc,Exec-managerial,15024,0,40,39,1
65,Male,White,Married-civ-spouse,0,66360,11th,Self-emp-inc,Exec-managerial,6418,0,35,39,1
54,Male,White,Widowed,1,199741,HS-grad,Self-emp-not-inc,Craft-repair,0,2001,35,39,0
41,Male,White,Married-civ-spouse,0,307468,HS-grad,Private,Transport-moving,0,0,50,39,0
23,Male,White,Married-civ-spouse,0,107452,Some-college,Private,Transport-moving,0,0,40,39,0
31,Male,Asian-Pac-Islander,Never-married,1,198751,Bachelors,Private,Craft-repair,0,0,40,40,0
20,Male,White,Never-married,3,316702,Some-college,Private,Prof-specialty,0,0,20,39,0
42,Male,White,Divorced,3,217597,HS-grad,Self-emp-not-inc,Sales,0,0,50,0,0
47,Male,Amer-Indian-Eskimo,Married-civ-spouse,0,137354,Some-college,Private,Craft-repair,0,0,40,39,0
48,Male,White,Married-civ-spouse,0,160220,Assoc-voc,Private,Sales,0,0,40,39,1
21,Female,Amer-Indian-Eskimo,Married-civ-spouse,5,75763,Some-college,Private,Sales,0,0,40,39,0
27,Female,Other,Married-civ-spouse,1,291547,Bachelors,Other,Other,0,0,6,26,0
48,Female,Black,Never-married,1,130561,Some-college,State-gov,Prof-specialty,0,0,24,39,0
47,Male,White,Married-civ-spouse,0,199832,HS-grad,Private,Craft-repair,0,0,40,39,0
32,Male,White,Divorced,1,153588,HS-grad,Private,Craft-repair,0,0,40,39,0
50,Female,White,Married-civ-spouse,5,133963,Bachelors,Private,Prof-specialty,0,1977,40,39,1
67,Male,White,Married-civ-spouse,0,243256,9th,Other,Other,0,0,15,39,0
52,Male,White,Married-civ-spouse,0,185407,Bachelors,Self-emp-not-inc,Exec-managerial,0,0,50,39,1
65,Male,White,Married-civ-spouse,0,115513,Bachelors,Other,Other,5556,0,48,39,1
49,Female,Black,Divorced,1,120629,Bachelors,Private,Exec-managerial,27828,0,60,39,1
25,Male,White,Never-married,2,71351,1st-4th,Private,Other-service,0,0,25,8,0
30,Male,White,Married-civ-spouse,0,39054,HS-grad,Private,Exec-managerial,0,0,65,39,1
49,Male,White,Married-civ-spouse,0,246739,Some-college,Self-emp-inc,Craft-repair,0,0,45,39,1
56,Female,White,Divorced,1,119254,10th,Other,Other,0,0,40,39,0
41,Male,White,Separated,1,274363,Some-college,Private,Sales,0,0,80,39,1
19,Female,White,Never-married,1,47176,Some-college,Self-emp-not-inc,Craft-repair,0,0,15,39,0
56,Male,White,Married-civ-spouse,0,391926,HS-grad,Local-gov,Exec-managerial,0,0,40,39,0
35,Male,White,Married-civ-spouse,0,22463,HS-grad,Private,Craft-repair,0,0,40,39,0
27,Male,White,Married-civ-spouse,0,110931,HS-grad,Private,Adm-clerical,0,0,40,39,0
48,Male,White,Married-civ-spouse,0,28497,HS-grad,Private,Craft-repair,0,0,40,39,0
44,Male,White,Married-civ-spouse,0,282722,Prof-school,Self-emp-not-inc,Prof-specialty,99999,0,50,39,1
44,Male,White,Married-civ-spouse,0,241851,Assoc-voc,Local-gov,Transport-moving,4386,0,40,39,1
63,Female,White,Never-married,1,257659,Masters,Other,Other,0,0,3,39,0
62,Male,White,Married-civ-spouse,0,197286,HS-grad,Other,Other,0,0,40,39,0
43,Male,White,Married-civ-spouse,0,32451,HS-grad,Self-emp-not-inc,Craft-repair,0,0,40,39,0
37,Male,White,Married-civ-spouse,0,160920,Assoc-acdm,Private,Adm-clerical,0,0,40,39,0
32,Female,White,Never-married,3,86808,Some-college,Private,Other-service,0,0,38,39,0
23,Female,White,Never-married,3,107801,Some-college,Private,Adm-clerical,0,1617,25,39,0
25,Female,White,Never-married,1,202560,Some-college,Private,Other-service,0,0,40,39,0
20,Female,White,Never-married,3,163665,HS-grad,Other,Other,0,0,20,39,0
42,Male,White,Married-civ-spouse,0,149909,Some-college,Private,Sales,0,0,25,39,1
27,Male,White,Never-married,3,329005,HS-grad,Private,Craft-repair,0,0,40,39,0
25,Male,White,Married-civ-spouse,0,164488,Bachelors,Private,Prof-specialty,0,0,40,0,0
24,Male,White,Married-civ-spouse,0,176389,HS-grad,Private,Craft-repair,0,0,40,39,0
46,Female,White,Never-married,1,46537,Masters,Federal-gov,Prof-specialty,0,0,40,39,0
25,Male,White,Married-civ-spouse,0,306908,Bachelors,Private,Prof-specialty,0,0,50,39,0
23,Male,White,Never-married,2,191910,Some-college,Other,Other,0,0,40,39,0
42,Female,White,Divorced,1,29393,Some-college,Private,Machine-op-inspct,0,0,40,39,0
51,Male,White,Divorced,4,74160,Masters,Self-emp-not-inc,Prof-specialty,0,0,60,39,1
54,Female,White,Widowed,4,169785,Masters,Local-gov,Prof-specialty,0,0,38,39,0
56,Female,White,Married-civ-spouse,5,571017,Some-college,Local-gov,Adm-clerical,0,0,15,39,0
46,Female,White,Divorced,4,154940,Some-college,Private,Sales,0,0,40,39,0
50,Male,White,Married-civ-spouse,0,152810,Bachelors,Private,Sales,0,0,40,39,1
25,Male,White,Married-civ-spouse,0,67467,HS-grad,Private,Tech-support,0,0,40,39,0
38,Male,White,Married-civ-spouse,0,79619,Bachelors,Private,Sales,0,0,42,39,1
20,Female,White,Never-married,3,121023,Some-college,Other,Other,0,0,40,39,0
23,Female,White,Never-married,1,304386,HS-grad,Local-gov,Other-service,0,0,40,39,0
44,Female,White,Never-married,1,38434,Masters,Federal-gov,Prof-specialty,0,0,40,39,0
29,Female,Other,Divorced,1,31161,HS-grad,Federal-gov,Exec-managerial,0,0,40,39,0
56,Male,White,Married-civ-spouse,0,189975,Some-college,Private,Craft-repair,0,1902,60,39,1
43,Male,White,Never-married,1,125461,Bachelors,Local-gov,Prof-specialty,0,0,40,39,0
25,Female,White,Never-married,3,124111,Some-college,Private,Adm-clerical,0,0,40,39,0
23,Male,White,Never-married,1,177526,Bachelors,Private,Exec-managerial,0,0,40,39,0
45,Male,White,Never-married,1,72896,HS-grad,Private,Machine-op-inspct,0,0,40,39,0
40,Male,White,Married-civ-spouse,0,187164,HS-grad,Private,Exec-managerial,0,1672,45,39,0
45,Female,White,Divorced,4,339681,Masters,Local-gov,Prof-specialty,1506,0,45,39,0
33,Male,White,Never-married,1,112358,Some-college,Private,Other-service,0,0,32,39,0
52,Male,White,Married-civ-spouse,0,163998,HS-grad,Private,Sales,99999,0,45,39,1
60,Male,Black,Divorced,1,134152,9th,Other,Other,0,0,35,39,0
33,Male,White,Married-civ-spouse,0,140206,Prof-school,Private,Prof-specialty,0,0,40,39,1
35,Male,White,Married-civ-spouse,0,105138,Bachelors,Private,Tech-support,0,0,40,39,1
42,Male,White,Married-civ-spouse,0,211517,11th,Private,Machine-op-inspct,0,0,40,39,0
41,Female,White,Married-civ-spouse,5,75409,Bachelors,State-gov,Prof-specialty,0,0,40,39,1
33,Male,White,Married-civ-spouse,0,276221,Doctorate,Private,Prof-specialty,0,0,40,39,0
44,Male,White,Married-civ-spouse,0,198096,Bachelors,Private,Sales,7688,0,40,39,1
52,Male,White,Married-spouse-absent,1,236180,Bachelors,Private,Other-service,0,0,50,39,0
46,Male,White,Divorced,1,95636,Some-college,Private,Handlers-cleaners,0,0,45,39,0
64,Female,White,Widowed,1,210082,HS-grad,Private,Adm-clerical,0,0,40,39,0
25,Male,White,Married-civ-spouse,0,175128,HS-grad,Private,Transport-moving,0,0,40,39,0
41,Male,White,Married-civ-spouse,0,94113,Masters,Self-emp-inc,Exec-managerial,0,0,60,39,1
29,Male,White,Married-civ-spouse,0,391867,Assoc-voc,Private,Craft-repair,0,0,40,39,1
26,Female,White,Separated,3,186151,HS-grad,Private,Tech-support,0,0,40,39,0
50,Male,White,Married-civ-spouse,0,109277,HS-grad,Private,Machine-op-inspct,0,0,40,39,1
32,Male,Other,Married-civ-spouse,0,209184,Bachelors,Private,Sales,0,0,40,33,0
41,Female,White,Divorced,4,132633,11th,Private,Priv-house-serv,0,0,25,13,0
32,Male,White,Married-civ-spouse,0,123291,12th,Private,Machine-op-inspct,0,0,40,39,0
49,Male,White,Married-civ-spouse,0,188330,HS-grad,Private,Sales,0,0,40,39,1
51,Male,White,Married-civ-spouse,0,186845,Bachelors,Self-emp-not-inc,Farming-fishing,0,0,8,39,0
26,Male,White,Never-married,1,172230,HS-grad,Private,Adm-clerical,0,0,40,39,0
21,Female,White,Married-spouse-absent,3,131620,HS-grad,Private,Machine-op-inspct,0,0,40,6,0
29,Male,White,Never-married,4,228075,HS-grad,Private,Adm-clerical,0,0,35,26,0
21,Female,White,Never-married,3,197583,Some-college,Private,Adm-clerical,0,0,20,39,0
29,Male,White,Married-civ-spouse,0,444304,Bachelors,Private,Prof-specialty,0,0,40,39,1
39,Male,White,Married-civ-spouse,0,293291,HS-grad,Private,Machine-op-inspct,0,0,50,39,1
44,Male,White,Divorced,4,316120,Prof-school,Federal-gov,Prof-specialty,0,0,40,39,1
51,Male,Black,Married-civ-spouse,0,427781,HS-grad,Private,Transport-moving,0,0,40,39,0
31,Female,White,Married-civ-spouse,5,101697,Assoc-voc,Private,Prof-specialty,0,0,40,39,0
38,Male,White,Married-civ-spouse,0,58972,HS-grad,Self-emp-not-inc,Exec-managerial,0,0,50,39,0
68,Male,White,Married-civ-spouse,0,76371,HS-grad,Private,Handlers-cleaners,0,0,45,39,1
50,Male,White,Married-civ-spouse,0,159670,HS-grad,Federal-gov,Adm-clerical,0,0,40,39,1
34,Male,White,Married-civ-spouse,0,24266,Assoc-voc,Private,Craft-repair,7688,0,40,39,1
47,Male,White,Married-civ-spouse,0,213140,Assoc-voc,Private,Craft-repair,7688,0,40,39,1
38,Male,Black,Divorced,1,204556,HS-grad,Private,Craft-repair,0,0,40,39,0
22,Female,Black,Never-married,3,141040,HS-grad,Private,Sales,0,0,35,39,0
29,Male,White,Married-civ-spouse,0,173851,HS-grad,Private,Craft-repair,0,0,40,39,0
22,Male,White,Never-married,3,127768,Some-college,Private,Other-service,0,0,32,39,1
38,Male,White,Married-civ-spouse,0,86643,Bachelors,Local-gov,Prof-specialty,0,0,45,39,1
70,Female,White,Married-civ-spouse,5,121993,HS-grad,Private,Adm-clerical,0,0,5,39,0
51,Male,White,Married-civ-spouse,0,73670,Doctorate,Federal-gov,Prof-specialty,4386,0,52,39,1
35,Male,Black,Separated,1,538583,11th,Private,Transport-moving,3674,0,40,39,0
17,Male,White,Never-married,3,191260,9th,Private,Other-service,1055,0,24,39,0
24,Male,White,Never-married,3,354351,HS-grad,Private,Craft-repair,0,0,40,39,0
66,Male,White,Married-civ-spouse,0,213149,Some-college,Other,Other,0,1825,40,39,1
42,Male,Black,Never-married,1,242564,7th-8th,Private,Handlers-cleaners,0,2205,40,39,0
80,Male,White,Married-civ-spouse,0,172826,HS-grad,Other,Other,0,0,8,39,0
38,Male,White,Married-civ-spouse,0,111499,HS-grad,Private,Sales,0,1977,99,39,1
35,Male,White,Separated,4,233786,11th,Private,Other-service,0,0,20,39,0
32,Male,White,Married-civ-spouse,0,171091,HS-grad,Self-emp-not-inc,Sales,0,0,40,39,0
68,Female,White,Divorced,1,198554,Some-college,Self-emp-not-inc,Transport-moving,0,0,20,39,0
55,Female,Black,Widowed,4,148590,10th,Private,Craft-repair,0,0,40,39,0
23,Male,Asian-Pac-Islander,Never-married,3,128604,HS-grad,Private,Sales,0,0,48,35,0
28,Female,Black,Never-married,1,261278,Assoc-voc,Private,Tech-support,0,0,40,39,0
26,Male,White,Never-married,1,288781,Bachelors,Local-gov,Adm-clerical,0,0,42,39,0
52,Female,White,Never-married,3,102346,Some-college,Self-emp-not-inc,Prof-specialty,0,0,35,39,0
19,Male,White,Never-married,3,117201,HS-grad,Other,Other,0,0,30,39,0
40,Male,White,Married-civ-spouse,0,111483,Bachelors,Private,Exec-managerial,7298,0,40,39,1
30,Male,Black,Married-civ-spouse,0,83066,HS-grad,Local-gov,Other-service,0,0,40,39,0
50,Male,Black,Married-civ-spouse,0,234143,Masters,Local-gov,Exec-managerial,0,0,45,39,1
40,Male,White,Married-civ-spouse,0,138975,HS-grad,Private,Craft-repair,0,0,56,39,0
41,Male,White,Married-civ-spouse,0,204046,HS-grad,Private,Craft-repair,0,0,40,39,0
46,Male,White,Married-civ-spouse,0,220269,Some-college,Private,Tech-support,0,0,40,39,1
36,Female,Black,Widowed,4,146625,11th,Private,Other-service,0,0,12,39,0
21,Female,White,Never-married,3,222490,Some-college,Private,Handlers-cleaners,0,0,40,39,0
27,Female,White,Never-married,1,116531,Bachelors,Private,Exec-managerial,0,0,40,39,0
33,Female,White,Divorced,1,97939,Assoc-acdm,Private,Machine-op-inspct,0,0,42,39,0
34,Male,White,Never-married,1,54850,Bachelors,Private,Exec-managerial,0,1590,50,39,0
36,Male,White,Married-civ-spouse,0,35429,Some-college,Private,Exec-managerial,0,0,60,39,0
44,Male,White,Married-civ-spouse,0,103111,Prof-school,Self-emp-not-inc,Prof-specialty,0,0,60,39,1
46,Male,White,Married-civ-spouse,0,148599,Masters,Self-emp-not-inc,Craft-repair,0,0,50,39,1
40,Female,White,Divorced,4,520586,Some-college,Private,Adm-clerical,0,0,39,39,0
35,Male,White,Married-civ-spouse,0,38948,Some-college,Private,Prof-specialty,0,0,40,39,1
49,Male,White,Married-civ-spouse,0,126268,Bachelors,Self-emp-not-inc,Craft-repair,0,0,50,39,0
31,Male,White,Married-civ-spouse,0,188246,Masters,Private,Prof-specialty,0,0,50,39,0
42,Female,Black,Married-civ-spouse,5,390781,Bachelors,Private,Adm-clerical,0,0,40,39,0
22,Female,White,Never-married,3,122272,Bachelors,Private,Adm-clerical,0,0,35,39,0
53,Male,White,Divorced,1,284329,Masters,Self-emp-not-inc,Exec-managerial,0,0,50,39,1
33,Male,White,Separated,2,259931,11th,Private,Machine-op-inspct,0,0,30,39,0
45,Male,White,Divorced,4,54260,Some-college,Private,Craft-repair,0,0,99,39,0
22,Male,White,Never-married,1,72310,11th,Private,Transport-moving,0,0,65,39,0
37,Female,Black,Divorced,4,175390,HS-grad,Private,Machine-op-inspct,0,0,40,39,0
27,Female,White,Divorced,4,106758,HS-grad,Private,Adm-clerical,0,0,45,39,0
26,Female,White,Never-married,1,391349,Bachelors,Private,Adm-clerical,0,0,40,39,0
51,Male,White,Married-civ-spouse,0,185283,Some-college,Private,Exec-managerial,0,0,45,39,1
31,Female,White,Never-married,1,203463,Bachelors,Self-emp-not-inc,Tech-support,0,0,40,39,0
30,Female,White,Divorced,4,156025,HS-grad,Private,Exec-managerial,0,0,40,39,0
65,Female,White,Divorced,4,461715,HS-grad,Private,Sales,0,0,25,0,0
21,Male,White,Never-married,3,306850,HS-grad,Private,Transport-moving,0,0,40,39,0
27,Male,White,Never-married,3,209205,Bachelors,Private,Tech-support,0,0,40,39,0
34,Male,White,Married-civ-spouse,0,399386,Assoc-voc,Private,Craft-repair,0,0,53,39,0
61,Male,White,Married-civ-spouse,0,117387,11th,Self-emp-not-inc,Exec-managerial,0,0,20,39,0
26,Female,Black,Separated,4,375980,HS-grad,Private,Sales,0,0,37,39,0
23,Female,White,Never-married,3,185554,Bachelors,Private,Prof-specialty,0,0,40,39,0
43,Male,White,Never-married,4,147110,Some-college,Private,Adm-clerical,0,0,48,39,1
30,Male,Black,Never-married,3,247156,HS-grad,Private,Transport-moving,0,0,40,39,0
27,Female,White,Never-married,1,252813,Prof-school,Private,Prof-specialty,0,0,45,39,0
24,Male,Black,Married-civ-spouse,0,420779,HS-grad,Private,Farming-fishing,0,0,35,39,0
31,Male,White,Married-civ-spouse,0,420749,Assoc-acdm,Private,Craft-repair,0,0,40,39,1
54,Male,White,Married-civ-spouse,0,226497,Some-college,Self-emp-not-inc,Sales,0,0,50,39,0
55,Female,Black,Separated,1,123382,HS-grad,Other,Other,0,2001,40,39,0
41,Male,Black,Widowed,4,142579,Bachelors,Private,Sales,0,0,50,39,0
60,Male,White,Married-civ-spouse,0,135470,5th-6th,Private,Craft-repair,0,0,40,26,0
42,Male,White,Never-married,3,125461,Bachelors,Local-gov,Exec-managerial,4650,0,35,39,0
20,Female,Asian-Pac-Islander,Never-married,3,308654,Some-college,Local-gov,Protective-serv,0,0,20,39,0
33,Male,Other,Never-married,1,121195,HS-grad,Private,Machine-op-inspct,0,0,50,39,0
35,Male,White,Married-civ-spouse,0,335704,Some-college,Self-emp-not-inc,Exec-managerial,0,0,40,39,0
26,Male,White,Married-civ-spouse,0,108542,Some-college,Private,Adm-clerical,0,0,40,39,1
28,Male,White,Never-married,1,290267,Bachelors,Other,Other,0,0,18,39,0
53,Female,White,Married-civ-spouse,5,155314,HS-grad,Local-gov,Adm-clerical,0,0,40,39,1
36,Male,White,Married-civ-spouse,0,156667,Bachelors,Private,Prof-specialty,0,1902,50,39,1
28,Male,White,Married-civ-spouse,0,272913,10th,Private,Handlers-cleaners,0,0,30,26,0
26,Female,White,Never-married,1,86483,Some-college,Private,Exec-managerial,0,0,40,39,0
18,Male,White,Never-married,3,120243,11th,Other,Other,0,0,27,39,0
48,Male,White,Married-civ-spouse,0,141944,HS-grad,Private,Machine-op-inspct,4386,0,40,39,1
46,Male,White,Divorced,1,182715,7th-8th,Private,Exec-managerial,0,0,40,39,0
46,Female,White,Divorced,1,140782,Assoc-acdm,Private,Prof-specialty,0,0,50,39,0
27,Female,White,Never-married,3,230563,HS-grad,Private,Adm-clerical,0,0,40,39,0
31,Female,Black,Separated,4,309974,Some-college,Private,Tech-support,0,0,40,39,0
39,Male,White,Married-civ-spouse,0,218490,Bachelors,Private,Exec-managerial,0,1977,40,39,1
23,Female,Asian-Pac-Islander,Never-married,2,244408,Some-college,Private,Adm-clerical,0,0,24,40,0
32,Male,Amer-Indian-Eskimo,Separated,1,199529,Some-college,Private,Tech-support,0,1980,40,39,0
22,Male,White,Never-married,3,306779,Some-college,Private,Handlers-cleaners,0,0,50,39,0
43,Female,White,Divorced,3,98130,Bachelors,Local-gov,Prof-specialty,0,0,39,39,0
56,Male,Black,Married-civ-spouse,0,104945,7th-8th,Private,Other-service,0,0,40,39,0
23,Male,White,Never-married,1,42706,Some-college,Private,Prof-specialty,0,0,45,39,0
32,Female,White,Divorced,4,118551,HS-grad,Private,Other-service,0,0,80,39,0
22,Male,White,Never-married,3,32732,Some-college,Other,Other,0,0,50,39,0
23,Male,White,Never-married,1,72953,HS-grad,Other,Other,0,0,40,39,0
34,Male,White,Married-civ-spouse,0,198613,HS-grad,Self-emp-inc,Exec-managerial,0,2002,40,39,0
31,Male,White,Married-civ-spouse,0,161765,Some-college,Private,Sales,0,2051,57,39,0
74,Male,White,Married-civ-spouse,0,104001,HS-grad,Self-emp-not-inc,Sales,0,0,40,39,1
49,Male,White,Married-civ-spouse,0,291783,Bachelors,Private,Craft-repair,0,0,40,39,1
27,Male,White,Never-married,1,386036,Some-college,Private,Transport-moving,0,0,48,39,0
45,Male,White,Never-married,1,347321,HS-grad,Private,Craft-repair,0,0,40,39,0
25,Female,Black,Married-civ-spouse,5,396633,Some-college,Private,Adm-clerical,0,0,56,39,1
43,Male,White,Separated,1,350661,Prof-school,Private,Tech-support,0,0,50,4,1
45,Female,Black,Never-married,4,246392,HS-grad,Private,Priv-house-serv,0,0,30,39,0
31,Male,White,Married-civ-spouse,0,49325,HS-grad,Private,Machine-op-inspct,0,0,40,39,0
23,Male,White,Married-civ-spouse,0,184813,Some-college,Private,Other-service,0,0,20,39,0
37,Male,White,Married-civ-spouse,0,48268,HS-grad,Private,Exec-managerial,0,0,55,39,0
26,Male,White,Married-civ-spouse,0,224361,Some-college,Private,Craft-repair,0,0,40,39,0
48,Female,White,Separated,2,97883,HS-grad,Self-emp-not-inc,Other-service,0,0,25,39,0
28,Male,White,Never-married,3,791084,Some-college,Private,Craft-repair,0,0,50,39,0
24,Male,White,Never-married,3,33016,Some-college,Private,Craft-repair,0,0,40,39,0
19,Male,Black,Never-married,3,158603,10th,Other,Other,0,0,25,39,0
39,Male,White,Married-civ-spouse,0,286789,Bachelors,Private,Exec-managerial,0,0,40,39,1
20,Male,White,Never-married,3,174685,HS-grad,Private,Other-service,0,0,40,39,0
33,Female,White,Divorced,3,203463,HS-grad,Private,Other-service,0,0,40,39,0
42,Male,Black,Divorced,1,55764,Assoc-acdm,State-gov,Prof-specialty,0,0,40,39,0
42,Male,White,Married-civ-spouse,0,201495,Some-college,Local-gov,Protective-serv,0,0,72,39,1
27,Male,White,Married-civ-spouse,0,197905,Some-college,Private,Other-service,0,0,40,39,0
34,Female,White,Married-civ-spouse,5,191856,Some-college,Private,Exec-managerial,7298,0,40,39,1
18,Male,White,Never-married,3,101795,10th,Private,Handlers-cleaners,0,0,40,39,0
42,Female,White,Divorced,3,198422,Some-college,Private,Adm-clerical,0,0,40,39,0
32,Female,White,Married-civ-spouse,5,143162,10th,Other,Other,0,0,40,39,0
24,Male,White,Never-married,3,201680,HS-grad,Private,Craft-repair,0,0,40,39,0
42,Male,White,Divorced,1,162003,HS-grad,Private,Machine-op-inspct,0,0,55,39,0
39,Male,White,Divorced,1,134475,Bachelors,Self-emp-not-inc,Adm-clerical,0,1762,40,39,0
44,Male,White,Never-married,3,111483,HS-grad,Private,Adm-clerical,0,1504,50,39,0
35,Male,Asian-Pac-Islander,Never-married,1,93034,HS-grad,Private,Machine-op-inspct,0,0,40,1,0
30,Female,White,Divorced,4,79448,Some-college,Private,Adm-clerical,0,0,10,39,0
38,Male,White,Divorced,1,175120,HS-grad,Private,Craft-repair,0,0,40,39,0
30,Male,White,Married-civ-spouse,0,108023,Some-college,Private,Craft-repair,0,0,40,39,0
18,Female,White,Never-married,3,128538,HS-grad,Other,Other,0,0,20,39,0
28,Male,White,Never-married,3,70034,7th-8th,Private,Adm-clerical,0,0,40,32,0
29,Male,White,Never-married,1,145592,HS-grad,Private,Craft-repair,0,0,40,13,0
55,Male,White,Married-civ-spouse,0,222615,Masters,Self-emp-inc,Exec-managerial,0,0,60,39,0
33,Male,White,Divorced,3,314913,11th,Other,Other,0,0,53,39,0
26,Female,Black,Never-married,1,245029,Bachelors,Private,Adm-clerical,0,0,40,39,0
20,Male,White,Never-married,4,197752,Some-college,Private,Craft-repair,0,0,40,39,0
31,Female,White,Divorced,4,137537,Bachelors,Local-gov,Prof-specialty,0,0,40,39,0
37,Male,Black,Married-civ-spouse,0,415500,Some-college,Private,Machine-op-inspct,0,0,40,39,1
21,Male,White,Never-married,1,91819,Assoc-voc,Private,Other-service,0,0,30,39,0
37,Male,White,Married-civ-spouse,0,545483,Assoc-acdm,Private,Farming-fishing,0,0,40,39,0
22,Male,White,Never-married,3,237498,HS-grad,Private,Other-service,0,0,40,39,0
23,Female,White,Divorced,4,344278,Some-college,Private,Exec-managerial,0,0,25,39,0
25,Male,White,Married-civ-spouse,0,102460,Bachelors,Private,Exec-managerial,0,0,40,39,0
37,Male,White,Married-civ-spouse,0,186934,Some-college,State-gov,Other-service,0,0,40,39,0
39,Male,White,Married-civ-spouse,0,173476,Prof-school,Private,Craft-repair,7688,0,40,39,1
32,Male,White,Divorced,3,183801,HS-grad,Private,Craft-repair,0,0,40,39,0
36,Female,Black,Widowed,4,240323,Some-college,Private,Adm-clerical,0,0,40,39,0
62,Female,Black,Separated,1,416829,11th,Private,Other-service,0,0,21,39,0
30,Male,White,Never-married,1,316471,Bachelors,Private,Adm-clerical,0,0,50,39,0
22,Female,White,Never-married,4,374116,HS-grad,Private,Sales,0,0,35,39,0
36,Male,White,Divorced,4,484024,HS-grad,Private,Machine-op-inspct,0,0,40,39,0
24,Male,White,Never-married,1,241752,HS-grad,Private,Handlers-cleaners,0,0,40,39,0
37,Male,White,Never-married,1,123785,HS-grad,Private,Other-service,0,0,75,39,0
65,Female,White,Widowed,1,225473,Some-college,Self-emp-not-inc,Craft-repair,0,0,35,39,0
41,Male,White,Married-civ-spouse,0,160785,HS-grad,Local-gov,Craft-repair,0,0,40,39,0
24,Male,Black,Never-married,3,214014,HS-grad,Private,Craft-repair,0,0,40,39,0
23,Female,Amer-Indian-Eskimo,Never-married,4,99399,Some-college,Other,Other,0,0,25,39,0
24,Female,Black,Never-married,1,241857,Some-college,Private,Adm-clerical,0,0,35,39,0
33,Male,White,Married-civ-spouse,0,433375,1st-4th,Private,Craft-repair,0,0,35,26,0
40,Female,White,Never-married,4,321187,Bachelors,Local-gov,Prof-specialty,0,0,45,39,0
28,Female,White,Never-married,1,281860,Bachelors,Federal-gov,Prof-specialty,0,0,40,39,0
39,Female,White,Divorced,1,191227,Bachelors,Private,Exec-managerial,13550,0,50,39,1
41,Female,White,Never-married,3,154194,HS-grad,Private,Sales,0,0,40,39,0
43,Male,White,Married-civ-spouse,0,60001,Some-college,Private,Sales,0,0,40,39,1
46,Male,White,Married-civ-spouse,0,268022,Masters,Private,Exec-managerial,0,0,55,0,1
34,Female,Black,Never-married,3,176117,Some-college,Private,Sales,0,0,35,39,0
45,Male,White,Married-civ-spouse,0,122206,Assoc-acdm,Self-emp-inc,Exec-managerial,0,0,50,39,1
34,Female,White,Divorced,1,120461,Some-college,Private,Adm-clerical,0,0,50,39,0
37,Female,White,Divorced,4,39606,Assoc-voc,Private,Sales,0,0,40,39,0
48,Male,White,Divorced,1,192161,Bachelors,Private,Handlers-cleaners,0,0,43,39,0
38,Male,White,Married-civ-spouse,0,95336,Bachelors,Private,Sales,0,0,50,39,1
47,Male,White,Married-civ-spouse,0,149700,Bachelors,Private,Tech-support,15024,0,40,39,1
35,Male,White,Married-civ-spouse,0,182570,Assoc-acdm,Local-gov,Protective-serv,0,0,40,39,1
21,Male,White,Never-married,3,239577,Some-college,Private,Adm-clerical,0,0,40,39,0
30,Male,Black,Married-civ-spouse,0,178383,Some-college,Self-emp-inc,Craft-repair,0,0,70,39,0
33,Female,Black,Never-married,1,176673,HS-grad,Private,Machine-op-inspct,0,0,40,39,0
27,Male,White,Married-civ-spouse,0,31659,Bachelors,Private,Machine-op-inspct,0,1887,60,39,1
56,Male,White,Married-civ-spouse,0,53366,11th,Self-emp-not-inc,Craft-repair,0,0,20,39,0
51,Female,Black,Never-married,1,302146,11th,Private,Other-service,0,0,40,39,0
23,Female,White,Never-married,4,60847,Assoc-voc,Private,Sales,0,0,60,39,0
49,Female,White,Never-married,1,136455,Bachelors,Private,Prof-specialty,0,0,45,39,0
31,Male,White,Never-married,1,332379,7th-8th,Private,Craft-repair,0,0,40,39,0
25,Male,White,Married-civ-spouse,0,203408,Some-college,Local-gov,Other-service,0,0,40,39,0
51,Female,White,Widowed,4,191965,HS-grad,Private,Other-service,0,0,32,39,0
31,Male,White,Married-civ-spouse,0,196125,HS-grad,Private,Handlers-cleaners,0,0,40,39,0
33,Male,White,Married-civ-spouse,1,228696,1st-4th,Private,Craft-repair,0,2603,32,26,0
45,Male,White,Married-civ-spouse,0,171335,Masters,Federal-gov,Sales,0,0,50,39,1
64,Female,White,Separated,2,251292,5th-6th,Private,Other-service,0,0,20,5,0
47,Male,White,Married-civ-spouse,0,191858,Assoc-acdm,Federal-gov,Adm-clerical,0,0,40,39,1
56,Male,White,Married-civ-spouse,0,37394,Masters,Private,Exec-managerial,0,0,40,39,0
27,Male,White,Never-married,1,190525,HS-grad,Private,Sales,0,0,50,39,1
39,Male,White,Married-civ-spouse,0,106347,HS-grad,Private,Transport-moving,0,0,40,39,0
28,Female,White,Married-civ-spouse,5,168514,Assoc-acdm,Private,Exec-managerial,0,0,40,39,0
43,Male,White,Married-civ-spouse,0,304906,Bachelors,Self-emp-inc,Sales,0,0,45,39,1
45,Male,White,Married-civ-spouse,0,206459,Masters,Local-gov,Adm-clerical,0,0,35,39,0
47,Male,White,Married-civ-spouse,0,408788,Assoc-voc,Private,Prof-specialty,0,0,40,39,1
64,Male,White,Married-civ-spouse,0,146272,Some-college,Other,Other,3411,0,15,39,0
54,Male,Asian-Pac-Islander,Married-civ-spouse,0,93449,Masters,State-gov,Prof-specialty,0,0,40,19,1
66,Male,White,Married-civ-spouse,0,140576,7th-8th,Private,Craft-repair,0,0,40,39,0
26,Male,White,Married-civ-spouse,0,39092,Some-college,Private,Exec-managerial,4064,0,50,39,0
61,Male,White,Married-civ-spouse,0,139391,Some-college,Other,Other,99999,0,30,39,1
49,Male,Black,Married-civ-spouse,0,245305,10th,Private,Transport-moving,0,0,42,39,1
29,Male,White,Never-married,1,192384,HS-grad,Private,Craft-repair,0,0,40,39,0
52,Female,White,Married-spouse-absent,1,218550,Some-college,Private,Adm-clerical,14084,0,16,39,1
35,Male,White,Never-married,1,87556,Masters,Private,Prof-specialty,0,0,45,39,1
23,Female,Asian-Pac-Islander,Married-civ-spouse,3,168009,10th,Private,Machine-op-inspct,0,0,40,40,0
52,Female,White,Never-married,3,346668,Masters,Local-gov,Prof-specialty,0,0,40,39,0
27,Male,White,Married-civ-spouse,0,219863,HS-grad,Private,Transport-moving,0,0,40,39,0
31,Female,Black,Divorced,4,202822,Some-college,Private,Adm-clerical,0,0,40,39,0
34,Male,Black,Never-married,2,209213,Bachelors,Local-gov,Prof-specialty,0,0,15,39,0
35,Male,White,Divorced,4,361888,Some-college,Private,Machine-op-inspct,0,0,40,39,0
22,Female,White,Never-married,3,65225,10th,Private,Other-service,0,0,40,39,0
27,Female,White,Never-married,1,21306,Assoc-acdm,State-gov,Adm-clerical,0,0,40,11,0
47,Male,White,Married-civ-spouse,0,117628,HS-grad,Federal-gov,Craft-repair,0,0,40,39,1
37,Male,White,Married-civ-spouse,0,119929,HS-grad,Self-emp-not-inc,Craft-repair,0,0,40,39,0
52,Female,White,Divorced,1,129177,HS-grad,Federal-gov,Adm-clerical,0,0,40,39,0
34,Male,White,Never-married,3,150154,HS-grad,Private,Adm-clerical,0,0,40,39,0
43,Female,Other,Married-civ-spouse,5,197397,Some-college,Private,Prof-specialty,0,0,6,33,0
20,Male,White,Never-married,3,223515,Assoc-acdm,State-gov,Other-service,0,1719,20,39,0
33,Male,White,Separated,1,103435,Assoc-voc,Private,Prof-specialty,0,0,45,39,0
29,Male,White,Never-married,3,108594,HS-grad,Private,Craft-repair,0,0,40,39,0
42,Female,White,Married-civ-spouse,5,19700,Bachelors,Local-gov,Prof-specialty,0,0,50,39,1
45,Male,White,Widowed,4,214627,Doctorate,Private,Prof-specialty,15020,0,40,20,1
67,Male,White,Married-civ-spouse,0,150264,Doctorate,Other,Other,0,0,20,2,1
31,Female,White,Never-married,3,79190,HS-grad,Private,Other-service,0,0,35,39,0
60,Male,White,Married-civ-spouse,0,95490,HS-grad,Self-emp-not-inc,Sales,0,0,45,39,0
25,Female,Black,Married-civ-spouse,5,180884,Some-college,State-gov,Adm-clerical,0,0,40,39,0
37,Male,White,Never-married,1,34378,1st-4th,Private,Other-service,0,0,40,39,0
22,Female,White,Never-married,3,59924,HS-grad,Private,Other-service,0,0,40,39,0
28,Male,White,Married-civ-spouse,0,303954,HS-grad,Private,Craft-repair,0,1848,42,39,1
31,Male,White,Married-civ-spouse,0,113838,HS-grad,Private,Machine-op-inspct,0,0,45,39,0
46,Male,White,Never-married,3,465974,11th,Private,Transport-moving,0,0,30,39,0
25,Male,White,Married-civ-spouse,0,277444,Bachelors,Private,Sales,0,0,50,39,0
30,Female,White,Married-civ-spouse,5,430283,HS-grad,Private,Adm-clerical,7298,0,40,39,1
27,Female,White,Never-married,1,199903,Bachelors,Private,Prof-specialty,0,0,40,39,0
67,Male,White,Married-civ-spouse,0,125926,Some-college,Other,Other,0,0,8,39,0
47,Male,White,Married-civ-spouse,0,127678,Some-college,Self-emp-inc,Sales,0,0,80,39,0
35,Male,White,Divorced,1,195516,HS-grad,Local-gov,Exec-managerial,0,0,40,39,0
30,Male,White,Married-civ-spouse,0,437825,Bachelors,Private,Sales,0,0,20,29,0
46,Male,White,Married-civ-spouse,0,192208,10th,Private,Craft-repair,0,0,45,39,0
40,Male,White,Married-civ-spouse,0,102606,Masters,Private,Exec-managerial,0,0,40,39,1
57,Male,White,Married-civ-spouse,0,33725,Bachelors,Self-emp-inc,Craft-repair,0,0,50,39,1
46,Male,White,Never-married,1,90758,Masters,Private,Tech-support,0,0,35,39,1
52,Male,Black,Married-civ-spouse,0,358554,HS-grad,Private,Machine-op-inspct,0,0,40,39,1
59,Female,White,Widowed,1,24384,HS-grad,Private,Priv-house-serv,0,0,40,39,0
21,Male,White,Never-married,3,260847,Some-college,Private,Sales,0,0,30,39,0
31,Female,White,Never-married,4,27856,HS-grad,Private,Other-service,0,0,8,39,0
32,Male,White,Divorced,1,119522,Bachelors,Other,Other,0,0,50,39,0
29,Female,White,Divorced,3,196116,Prof-school,Private,Prof-specialty,2174,0,72,39,0
35,Male,White,Married-civ-spouse,0,148581,HS-grad,Private,Craft-repair,0,1740,40,39,0
37,Female,White,Divorced,1,89491,Masters,Local-gov,Exec-managerial,0,0,40,39,0
38,Female,White,Divorced,4,346766,HS-grad,State-gov,Adm-clerical,0,0,40,39,0
18,Male,White,Never-married,3,115215,HS-grad,Private,Other-service,0,0,25,39,0
30,Male,White,Separated,1,296509,7th-8th,Private,Farming-fishing,0,0,45,26,0
31,Female,Black,Separated,4,295697,HS-grad,Private,Other-service,0,0,40,39,0
36,Male,White,Married-civ-spouse,0,359001,Some-college,Local-gov,Protective-serv,0,0,48,39,0
52,Male,White,Married-civ-spouse,0,53497,Assoc-voc,Private,Craft-repair,0,0,40,39,0
27,Female,White,Never-married,3,333990,Assoc-voc,Private,Exec-managerial,0,0,40,39,0
55,Male,White,Married-civ-spouse,0,199713,9th,Private,Craft-repair,0,0,48,39,0
38,Female,White,Never-married,1,255941,Masters,Private,Exec-managerial,10520,0,50,39,1
18,Female,White,Never-married,4,274746,HS-grad,Other,Other,0,0,20,39,0
19,Female,White,Separated,4,97215,Some-college,Private,Sales,0,0,25,39,0
23,Male,White,Never-married,3,173535,HS-grad,Private,Sales,0,0,40,39,0
29,Male,White,Never-married,1,229341,HS-grad,Self-emp-not-inc,Craft-repair,0,0,50,39,1
35,Male,White,Married-civ-spouse,0,144608,HS-grad,Private,Machine-op-inspct,0,0,40,39,0
19,Female,White,Never-married,3,466458,Some-college,Private,Adm-clerical,0,0,20,39,0
29,Male,White,Married-civ-spouse,0,490332,Some-college,Private,Transport-moving,0,0,45,39,1
28,Male,Asian-Pac-Islander,Never-married,3,107218,Bachelors,State-gov,Tech-support,0,0,20,39,0
43,Male,White,Married-civ-spouse,0,225165,11th,Self-emp-not-inc,Craft-repair,0,0,55,39,0
60,Male,White,Married-civ-spouse,0,53707,HS-grad,Private,Prof-specialty,0,0,40,39,1
25,Male,White,Married-civ-spouse,0,104097,Bachelors,Private,Craft-repair,2829,0,60,39,0
63,Male,Black,Married-civ-spouse,0,205246,HS-grad,Private,Machine-op-inspct,0,0,40,39,0
35,Male,White,Never-married,3,190226,HS-grad,Local-gov,Protective-serv,0,0,40,39,0
18,Male,White,Never-married,1,216508,12th,Other,Other,0,0,25,39,0
53,Male,White,Married-civ-spouse,0,254285,Masters,Private,Prof-specialty,0,0,40,39,1
29,Female,White,Married-civ-spouse,5,137476,Bachelors,Private,Prof-specialty,0,0,35,39,1
19,Male,White,Never-married,3,137578,HS-grad,Self-emp-not-inc,Other-service,0,0,53,39,0
31,Male,White,Married-civ-spouse,0,102884,HS-grad,Private,Machine-op-inspct,0,0,50,39,0
61,Male,White,Married-civ-spouse,0,92178,11th,Self-emp-not-inc,Other-service,0,0,40,39,0
49,Male,White,Never-married,1,174702,Some-college,Other,Other,0,0,35,39,0
39,Male,White,Married-civ-spouse,0,164898,HS-grad,Private,Craft-repair,0,0,40,39,0
42,Male,White,Married-civ-spouse,0,510072,HS-grad,Private,Craft-repair,0,0,40,39,1
34,Male,White,Married-civ-spouse,0,159255,HS-grad,Private,Exec-managerial,0,0,60,39,1
52,Male,White,Married-civ-spouse,0,168553,HS-grad,Private,Craft-repair,0,1977,40,39,1
43,Male,Amer-Indian-Eskimo,Married-civ-spouse,0,98989,HS-grad,State-gov,Other-service,0,0,40,39,0
49,Male,White,Married-civ-spouse,0,224393,Bachelors,Private,Exec-managerial,0,0,55,39,1
24,Male,White,Never-married,3,222993,HS-grad,Private,Machine-op-inspct,0,0,40,39,0
31,Female,White,Married-civ-spouse,5,286282,Bachelors,Self-emp-not-inc,Adm-clerical,0,0,20,39,0
33,Female,Other,Married-civ-spouse,5,170336,HS-grad,Private,Adm-clerical,0,0,19,39,0
46,Female,White,Never-married,4,188027,Some-college,Private,Exec-managerial,0,0,45,39,0
60,Male,White,Divorced,1,232337,7th-8th,Private,Machine-op-inspct,0,0,40,39,0
31,Female,White,Divorced,4,164569,Some-college,Private,Other-service,0,0,48,39,0
37,Male,White,Married-civ-spouse,0,112271,11th,Private,Craft-repair,0,0,40,39,1
20,Female,White,Never-married,3,111252,Some-college,Other,Other,0,0,30,39,0
43,Male,White,Married-civ-spouse,0,115323,Bachelors,Private,Exec-managerial,3103,0,40,39,1
29,Female,White,Married-civ-spouse,5,46442,Bachelors,Private,Prof-specialty,0,1902,50,39,1
32,Male,White,Never-married,1,296466,Masters,Local-gov,Prof-specialty,0,0,60,39,0
53,Male,White,Divorced,1,102615,11th,Private,Transport-moving,0,0,40,2,0
66,Male,Black,Married-civ-spouse,0,314347,HS-grad,Other,Other,0,0,40,39,0
44,Male,White,Never-married,3,116632,Assoc-acdm,Private,Farming-fishing,0,0,40,39,0
41,Female,White,Married-civ-spouse,5,297186,HS-grad,Private,Transport-moving,0,0,40,39,0
33,Male,White,Married-civ-spouse,0,78307,Bachelors,Federal-gov,Prof-specialty,0,0,40,39,0
22,Female,White,Never-married,4,187052,11th,Private,Sales,0,0,30,39,0
30,Male,White,Never-married,1,467108,Bachelors,Private,Prof-specialty,0,0,45,39,0
28,Female,White,Never-married,1,407672,Bachelors,Local-gov,Prof-specialty,0,0,40,39,0
37,Female,White,Divorced,4,129263,Some-college,Private,Exec-managerial,0,0,60,39,0
70,Male,White,Married-civ-spouse,0,77219,HS-grad,Private,Craft-repair,0,0,37,39,0
46,Female,White,Divorced,1,167882,HS-grad,Private,Tech-support,0,0,43,39,0
32,Male,White,Married-civ-spouse,0,425622,HS-grad,Private,Transport-moving,0,0,55,39,0
46,Male,White,Divorced,1,199925,Bachelors,Federal-gov,Prof-specialty,0,0,40,39,0
39,Male,White,Never-married,1,140854,HS-grad,Private,Prof-specialty,0,0,50,39,0
47,Male,White,Married-civ-spouse,0,228583,Some-college,Private,Craft-repair,0,0,40,0,0
37,Male,White,Never-married,1,334291,Bachelors,Private,Exec-managerial,0,0,50,39,0
47,Male,White,Married-civ-spouse,0,189123,11th,Private,Adm-clerical,0,1485,58,39,0
26,Female,Black,Never-married,3,132572,Bachelors,Private,Adm-clerical,0,0,40,39,0
40,Female,White,Never-married,1,299813,11th,Private,Machine-op-inspct,0,0,37,6,0
37,Female,White,Never-married,3,201141,HS-grad,Private,Adm-clerical,0,0,37,39,0
27,Female,White,Never-married,3,174645,HS-grad,Private,Adm-clerical,0,0,40,39,0
31,Male,White,Married-civ-spouse,0,223327,HS-grad,Private,Exec-managerial,0,0,40,39,1
39,Female,White,Married-civ-spouse,5,103925,Bachelors,Private,Prof-specialty,7688,0,32,39,1
61,Male,White,Married-civ-spouse,0,61040,Some-college,Self-emp-inc,Sales,7688,0,36,39,1
31,Male,White,Never-married,3,132601,HS-grad,Private,Other-service,0,0,40,39,0
40,Female,White,Divorced,1,175398,Assoc-voc,Private,Prof-specialty,0,0,20,39,0
47,Male,White,Married-civ-spouse,0,76034,Some-college,Private,Other-service,0,0,57,39,1
20,Male,White,Never-married,3,53738,Some-college,Other,Other,0,0,60,39,0
35,Male,White,Never-married,3,98776,HS-grad,State-gov,Tech-support,0,0,40,39,0
54,Male,White,Divorced,1,156877,HS-grad,Other,Other,0,0,20,39,0
36,Male,White,Married-civ-spouse,0,188834,HS-grad,Private,Craft-repair,0,0,40,39,0
21,Male,White,Never-married,1,236696,Some-college,Private,Other-service,0,0,57,39,0
21,Female,Black,Never-married,3,380219,Some-college,Other,Other,0,0,40,39,0
47,Male,White,Married-civ-spouse,0,328216,Some-college,Private,Tech-support,7298,0,40,39,1
36,Male,White,Never-married,1,125933,Prof-school,Self-emp-not-inc,Prof-specialty,0,0,55,39,1
26,Male,White,Never-married,3,283715,HS-grad,Private,Craft-repair,0,0,40,39,0
38,Female,White,Married-civ-spouse,5,205359,11th,Private,Adm-clerical,0,0,32,39,0
18,Female,Asian-Pac-Islander,Never-married,3,91670,Some-college,Other,Other,0,0,40,39,0
63,Male,White,Married-civ-spouse,0,111963,Some-college,Private,Prof-specialty,0,0,16,39,0
64,Female,Black,Divorced,1,316246,Bachelors,Federal-gov,Adm-clerical,0,0,40,39,0
51,Male,White,Married-civ-spouse,0,145409,Some-college,Private,Craft-repair,3103,0,48,39,1
44,Female,White,Never-married,1,196456,Masters,Local-gov,Prof-specialty,0,1669,40,39,0
50,Female,White,Divorced,4,202044,Bachelors,Private,Prof-specialty,0,0,45,39,0
18,Female,Black,Never-married,3,173585,HS-grad,Private,Sales,0,0,18,39,0
24,Male,White,Never-married,1,291979,HS-grad,Private,Farming-fishing,0,0,40,39,0
29,Male,White,Never-married,1,193152,HS-grad,Private,Handlers-cleaners,0,1408,40,39,0
43,Female,White,Divorced,4,108945,Some-college,Private,Prof-specialty,0,0,38,39,0
45,Male,White,Married-civ-spouse,0,187033,HS-grad,Private,Craft-repair,0,2051,40,39,0
31,Male,White,Married-civ-spouse,0,164190,10th,Private,Transport-moving,0,0,40,39,0
38,Female,White,Married-civ-spouse,5,258888,Some-college,Private,Adm-clerical,0,0,35,39,1
21,Male,White,Never-married,4,191444,11th,Private,Farming-fishing,0,0,40,39,0
63,Male,White,Married-civ-spouse,0,344128,Bachelors,Self-emp-not-inc,Sales,0,0,50,39,1
23,Male,Black,Separated,4,430828,Some-college,Local-gov,Exec-managerial,0,0,40,39,0
25,Male,White,Separated,1,133373,HS-grad,Private,Craft-repair,0,0,40,39,0
55,Male,White,Married-civ-spouse,0,286967,10th,Local-gov,Craft-repair,0,0,45,39,0
64,Male,White,Married-civ-spouse,0,159715,Some-college,Private,Craft-repair,0,0,20,39,0
27,Male,White,Married-civ-spouse,0,228476,Bachelors,Private,Sales,0,0,50,39,1
59,Male,White,Married-civ-spouse,0,113959,HS-grad,Private,Adm-clerical,0,0,45,39,1
21,Male,White,Never-married,3,126314,Some-college,Private,Other-service,0,0,10,39,0
20,Male,Amer-Indian-Eskimo,Never-married,3,27337,HS-grad,Private,Handlers-cleaners,0,0,48,39,0
52,Male,White,Married-civ-spouse,0,81436,Prof-school,Self-emp-inc,Sales,0,0,40,39,1
43,Female,White,Married-spouse-absent,4,134782,Assoc-acdm,State-gov,Other-service,0,0,30,39,0
44,Male,Asian-Pac-Islander,Married-civ-spouse,0,156687,HS-grad,Self-emp-not-inc,Farming-fishing,0,0,42,24,0
61,Female,Black,Divorced,1,202952,10th,Private,Other-service,0,0,24,39,0
46,Male,White,Married-civ-spouse,0,357338,Bachelors,Private,Tech-support,0,0,40,39,0
24,Male,White,Never-married,1,23438,Assoc-voc,Private,Adm-clerical,0,0,30,39,1
49,Female,White,Widowed,4,120629,Some-college,Private,Sales,0,0,30,39,0
38,Male,White,Married-civ-spouse,0,59660,Bachelors,Private,Sales,7298,0,40,39,1
46,Female,White,Divorced,1,175754,Masters,Local-gov,Prof-specialty,0,1876,60,39,0
55,Female,White,Widowed,4,294395,Assoc-voc,State-gov,Prof-specialty,6849,0,40,39,0
20,Male,White,Never-married,1,219262,9th,Private,Transport-moving,0,0,50,39,0
19,Male,White,Never-married,3,141418,Some-college,Other,Other,0,0,15,39,0
38,Male,White,Divorced,1,289430,HS-grad,Local-gov,Protective-serv,0,0,56,39,0
25,Male,White,Married-civ-spouse,0,458549,1st-4th,Private,Farming-fishing,0,0,96,26,0
32,Male,White,Never-married,3,193285,HS-grad,Private,Craft-repair,0,0,40,39,0
27,Male,White,Divorced,1,327766,Some-college,Private,Craft-repair,0,0,45,39,0
41,Male,White,Married-civ-spouse,0,204235,Assoc-voc,Private,Sales,0,0,40,39,1
24,Male,White,Never-married,3,417668,Bachelors,Private,Prof-specialty,0,0,30,39,0
33,Male,White,Married-civ-spouse,0,315143,HS-grad,Private,Sales,0,0,40,5,1
19,Male,White,Never-married,1,225775,Some-college,Private,Adm-clerical,0,0,40,39,0
20,Female,White,Never-married,3,323573,HS-grad,Private,Other-service,0,0,20,39,0
50,Male,White,Married-civ-spouse,0,281504,Some-college,Other,Other,0,0,40,39,0
27,Female,White,Married-civ-spouse,5,175821,HS-grad,Private,Adm-clerical,0,0,34,39,0
54,Male,White,Divorced,1,117674,Some-college,Self-emp-not-inc,Craft-repair,0,0,40,0,0
17,Male,White,Never-married,3,29571,12th,Private,Handlers-cleaners,0,0,15,39,0
39,Male,White,Married-civ-spouse,0,224566,Bachelors,Private,Exec-managerial,0,0,60,39,1
51,Male,White,Married-civ-spouse,0,96609,Some-college,Private,Craft-repair,0,0,40,39,0
43,Male,White,Married-civ-spouse,0,114859,Some-college,Local-gov,Transport-moving,0,0,17,39,0
36,Male,White,Divorced,4,108320,Masters,State-gov,Prof-specialty,5455,0,30,39,0
50,Male,White,Married-spouse-absent,1,67794,HS-grad,Self-emp-inc,Sales,0,0,60,39,0
43,Female,Black,Divorced,4,38537,Some-college,State-gov,Exec-managerial,0,0,38,0,0
17,Male,White,Never-married,1,168807,7th-8th,Private,Craft-repair,0,0,45,39,0
45,Male,White,Married-civ-spouse,0,287920,Masters,Local-gov,Prof-specialty,0,0,50,39,1
24,Female,White,Never-married,3,103064,HS-grad,Private,Sales,0,0,55,39,0
50,Male,White,Married-civ-spouse,0,175339,HS-grad,Private,Handlers-cleaners,0,0,40,39,1
59,Male,White,Married-civ-spouse,0,279232,10th,Private,Transport-moving,0,0,40,33,0
42,Male,White,Married-civ-spouse,0,70655,HS-grad,Local-gov,Craft-repair,0,0,44,39,0
29,Female,Black,Married-civ-spouse,5,197288,HS-grad,Private,Adm-clerical,0,0,40,39,0
48,Male,White,Married-civ-spouse,0,370119,Some-college,Self-emp-not-inc,Exec-managerial,0,0,40,39,1
23,Female,White,Never-married,1,64292,HS-grad,Private,Adm-clerical,0,0,40,39,0
40,Male,White,Married-civ-spouse,0,352612,10th,Private,Craft-repair,0,0,40,39,0
46,Female,White,Divorced,4,110702,Some-college,Self-emp-inc,Exec-managerial,2036,0,60,39,0
26,Female,White,Never-married,1,109419,Assoc-voc,Private,Adm-clerical,0,0,45,39,0
51,Male,Asian-Pac-Islander,Married-civ-spouse,0,45334,Some-college,Federal-gov,Protective-serv,0,0,70,0,0
42,Male,White,Never-married,3,34037,Bachelors,Self-emp-not-inc,Farming-fishing,0,0,35,39,0
45,Female,White,Divorced,4,178344,Assoc-voc,Self-emp-inc,Sales,0,0,30,39,0
46,Male,White,Married-civ-spouse,0,353512,HS-grad,Private,Machine-op-inspct,0,0,40,39,1
33,Male,White,Married-civ-spouse,0,401104,HS-grad,Private,Handlers-cleaners,0,0,50,39,1
26,Female,White,Never-married,3,104045,HS-grad,Private,Other-service,0,0,30,39,0
47,Male,White,Married-civ-spouse,0,168191,Some-college,Self-emp-inc,Craft-repair,0,0,40,39,0
17,Male,White,Never-married,3,202521,10th,Private,Other-service,0,0,15,39,0
28,Male,Black,Married-civ-spouse,0,69107,HS-grad,Private,Handlers-cleaners,0,0,40,39,0
75,Male,White,Married-civ-spouse,0,125197,HS-grad,Self-emp-inc,Adm-clerical,0,0,26,39,0
39,Male,White,Married-civ-spouse,0,113481,Bachelors,Private,Exec-managerial,0,0,45,39,1
47,Male,Asian-Pac-Islander,Married-civ-spouse,0,120781,Masters,Private,Exec-managerial,15024,0,40,0,1
43,Female,White,Divorced,4,118600,Bachelors,Local-gov,Prof-specialty,0,625,40,39,0
28,Male,White,Divorced,1,191027,HS-grad,Self-emp-not-inc,Farming-fishing,0,0,40,39,0
31,Male,White,Never-married,2,156464,Bachelors,Local-gov,Prof-specialty,0,0,40,0,0
24,Male,Asian-Pac-Islander,Married-civ-spouse,0,123983,11th,Private,Transport-moving,0,0,40,40,0
34,Female,White,Never-married,4,301591,HS-grad,Private,Exec-managerial,0,0,35,39,0
61,Male,White,Married-civ-spouse,0,159046,7th-8th,Private,Transport-moving,0,0,40,39,0
50,Male,White,Married-civ-spouse,0,211319,Bachelors,Private,Exec-managerial,7298,0,50,39,1
45,Female,Black,Never-married,1,125194,11th,Private,Machine-op-inspct,0,0,40,39,0
30,Male,White,Never-married,1,189759,Bachelors,Private,Transport-moving,4865,0,40,39,0
19,Male,White,Never-married,1,247679,HS-grad,Private,Craft-repair,0,0,45,39,0
25,Male,Black,Never-married,3,237865,Some-college,Other,Other,0,0,40,0,0
62,Female,White,Separated,1,41793,Masters,Local-gov,Prof-specialty,0,0,50,0,0
30,Male,White,Married-civ-spouse,0,196385,Some-college,Private,Craft-repair,0,0,45,39,1
24,Female,White,Divorced,4,196742,HS-grad,Private,Other-service,0,0,40,39,0
34,Male,Black,Married-civ-spouse,0,225548,Bachelors,Private,Protective-serv,0,0,30,39,0
49,Male,White,Married-civ-spouse,0,118567,Some-college,State-gov,Farming-fishing,0,0,40,39,0
35,Female,White,Never-married,1,343403,Some-college,Private,Sales,0,0,40,39,0
43,Male,White,Married-civ-spouse,0,193490,7th-8th,Private,Craft-repair,0,0,45,39,0
37,Female,Black,Married-civ-spouse,5,287306,Assoc-acdm,Local-gov,Prof-specialty,99999,0,40,0,1
20,Male,White,Never-married,1,231231,Some-college,Private,Sales,0,0,30,39,0
41,Male,White,Married-civ-spouse,0,106900,Masters,State-gov,Prof-specialty,7298,0,60,39,1
19,Male,White,Never-married,3,170720,12th,Private,Other-service,0,0,16,39,0
50,Male,White,Married-civ-spouse,0,185846,HS-grad,Private,Sales,0,0,40,39,0
27,Male,Black,Never-married,1,162404,HS-grad,Local-gov,Protective-serv,2174,0,40,39,0
71,Male,White,Married-civ-spouse,0,172046,7th-8th,Self-emp-not-inc,Farming-fishing,0,0,50,39,0
21,Female,White,Married-civ-spouse,2,146499,Assoc-voc,Private,Adm-clerical,0,1579,40,39,0
37,Male,White,Married-civ-spouse,0,308691,Bachelors,Private,Craft-repair,0,0,45,39,1
27,Female,White,Widowed,4,60374,HS-grad,Private,Craft-repair,0,1594,26,39,0
51,Male,White,Married-civ-spouse,0,166459,Assoc-voc,Self-emp-inc,Exec-managerial,0,0,40,39,0
29,Female,White,Never-married,1,340534,HS-grad,Private,Adm-clerical,0,0,44,39,0
45,Male,Black,Married-civ-spouse,0,153312,Masters,Local-gov,Prof-specialty,0,0,10,39,1
56,Male,White,Married-civ-spouse,0,244605,HS-grad,Private,Craft-repair,0,0,40,39,0
52,Male,White,Married-civ-spouse,0,75839,Some-college,Private,Tech-support,0,0,40,39,0
30,Male,White,Divorced,1,77266,HS-grad,Private,Transport-moving,0,0,55,39,0
22,Female,Black,Never-married,3,100587,Some-college,Private,Other-service,0,0,15,39,0
44,Male,White,Married-civ-spouse,0,155930,Bachelors,Self-emp-not-inc,Exec-managerial,0,0,60,39,0
32,Male,White,Married-civ-spouse,0,188246,Some-college,Private,Sales,0,0,40,39,1
30,Male,White,Married-civ-spouse,0,142675,12th,Private,Craft-repair,0,0,50,39,0
23,Male,White,Married-civ-spouse,0,54012,HS-grad,Private,Transport-moving,0,0,60,39,0
48,Female,White,Never-married,4,102076,Bachelors,Local-gov,Adm-clerical,0,0,35,39,0
34,Male,White,Married-civ-spouse,0,123270,HS-grad,Private,Craft-repair,0,0,40,39,1
48,Male,White,Married-civ-spouse,0,30840,Some-college,Self-emp-not-inc,Prof-specialty,5013,0,45,39,0
47,Male,White,Never-married,3,88564,5th-6th,Private,Machine-op-inspct,0,0,20,39,0
17,Female,White,Never-married,3,121425,11th,Private,Adm-clerical,0,0,16,39,0
21,Male,White,Never-married,3,216181,Some-college,Private,Sales,0,0,35,39,0
46,Male,White,Married-civ-spouse,0,120131,Bachelors,Private,Other-service,0,0,30,39,1
25,Female,White,Married-civ-spouse,5,47353,10th,Private,Other-service,0,0,40,39,0
53,Male,White,Married-civ-spouse,0,33304,Some-college,Private,Transport-moving,0,0,40,39,1
27,Male,White,Never-married,1,133937,Some-college,Private,Exec-managerial,0,0,45,39,0
22,Female,White,Never-married,1,189924,Some-college,Private,Other-service,0,0,50,39,0
36,Male,White,Never-married,1,191161,HS-grad,Private,Sales,0,0,50,39,0
43,Female,White,Divorced,1,174662,Some-college,Other,Other,0,0,40,39,0
32,Male,White,Divorced,4,46746,Some-college,Private,Craft-repair,0,0,40,39,0
65,Male,White,Never-married,1,89681,Masters,Private,Prof-specialty,0,0,99,39,0
30,Female,White,Never-married,3,234919,Some-college,Private,Sales,0,0,40,8,0
28,Male,White,Married-civ-spouse,0,138692,Bachelors,Private,Prof-specialty,0,1887,40,39,1
61,Female,White,Widowed,1,162432,HS-grad,Private,Exec-managerial,0,0,40,39,0
18,Male,White,Never-married,3,23233,10th,Other,Other,0,0,40,39,0
41,Male,White,Married-civ-spouse,0,195258,Some-college,Local-gov,Protective-serv,0,0,40,39,1
59,Male,White,Divorced,1,199240,HS-grad,Self-emp-not-inc,Prof-specialty,0,0,20,9,0
28,Female,White,Married-civ-spouse,5,377869,Some-college,Private,Sales,4064,0,25,39,0
55,Male,White,Married-civ-spouse,0,182273,Some-college,Self-emp-inc,Sales,0,0,40,39,0
27,Male,White,Married-civ-spouse,0,305647,Assoc-acdm,Private,Adm-clerical,0,0,40,39,1
40,Female,White,Divorced,4,202872,Some-college,Private,Adm-clerical,0,0,24,39,0
54,Male,White,Married-civ-spouse,0,215990,HS-grad,Private,Exec-managerial,0,0,40,39,1
51,Male,White,Married-civ-spouse,0,420917,Bachelors,Local-gov,Prof-specialty,0,0,45,39,0
31,Male,White,Married-civ-spouse,0,263000,Assoc-voc,State-gov,Protective-serv,0,0,38,39,0
32,Male,White,Married-civ-spouse,0,186993,HS-grad,Local-gov,Transport-moving,0,0,40,39,0
36,Male,White,Married-civ-spouse,0,301614,HS-grad,Private,Craft-repair,0,0,40,39,0
33,Female,White,Married-civ-spouse,5,258498,Some-college,Private,Craft-repair,0,0,60,39,0
41,Male,White,Married-civ-spouse,0,100451,HS-grad,Private,Craft-repair,7688,0,38,39,1
29,Male,Black,Never-married,1,203833,Bachelors,Private,Prof-specialty,0,0,40,39,0
51,Male,White,Never-married,1,305147,Bachelors,Private,Prof-specialty,0,0,40,39,0
37,Female,White,Separated,3,243587,Some-college,Self-emp-not-inc,Other-service,0,0,40,5,0
25,Female,Asian-Pac-Islander,Married-spouse-absent,4,150553,9th,Private,Adm-clerical,0,0,40,40,0
55,Female,Black,Separated,4,123382,Assoc-voc,Local-gov,Prof-specialty,0,0,35,39,0
29,Female,White,Separated,1,247053,HS-grad,Private,Other-service,0,0,40,39,0
24,Male,White,Never-married,1,240137,1st-4th,Private,Handlers-cleaners,0,0,55,26,0
53,Male,White,Married-civ-spouse,0,548361,HS-grad,Private,Craft-repair,0,0,40,39,0
27,Female,White,Divorced,1,198346,Bachelors,Private,Adm-clerical,0,0,35,39,0
19,Female,White,Never-married,3,440417,Some-college,Other,Other,0,0,15,39,0
20,Male,White,Never-married,3,131230,HS-grad,Private,Machine-op-inspct,0,1590,40,39,0
56,Male,White,Married-civ-spouse,0,314727,HS-grad,Private,Craft-repair,0,0,35,39,1
32,Male,White,Married-civ-spouse,0,255885,Bachelors,Private,Exec-managerial,0,0,43,39,1
55,Male,White,Married-civ-spouse,0,234213,HS-grad,Private,Transport-moving,0,0,60,39,0
39,Male,Amer-Indian-Eskimo,Never-married,3,116666,HS-grad,Local-gov,Protective-serv,4650,0,48,39,0
23,Male,White,Never-married,3,56774,HS-grad,Private,Craft-repair,0,0,40,39,0
34,Male,White,Married-civ-spouse,0,174789,Some-college,Private,Other-service,0,0,50,39,0
36,Male,White,Married-civ-spouse,0,183892,Some-college,Private,Craft-repair,7298,0,44,39,1
54,Male,Asian-Pac-Islander,Married-civ-spouse,0,86837,HS-grad,Private,Craft-repair,0,1902,40,39,1
26,Female,White,Never-married,1,58098,Some-college,Private,Adm-clerical,0,1974,40,39,0
34,Male,White,Married-civ-spouse,0,202450,HS-grad,Self-emp-inc,Craft-repair,0,0,50,39,0
51,Female,White,Divorced,4,137253,HS-grad,Private,Prof-specialty,0,0,40,39,1
38,Female,White,Divorced,1,436361,HS-grad,Private,Other-service,0,0,75,39,0
31,Male,White,Divorced,1,329301,HS-grad,Private,Transport-moving,0,0,55,39,0
38,Female,White,Divorced,4,85074,Assoc-acdm,Private,Adm-clerical,0,0,40,39,0
44,Male,White,Never-married,1,296326,Bachelors,State-gov,Adm-clerical,0,0,40,39,0
45,Male,White,Married-civ-spouse,0,242391,Bachelors,Private,Exec-managerial,0,0,40,39,1
39,Male,White,Married-civ-spouse,0,70995,Bachelors,Private,Transport-moving,15024,0,99,39,1
43,Female,White,Married-civ-spouse,5,176069,HS-grad,Self-emp-not-inc,Other-service,0,0,16,39,0
48,Male,White,Married-civ-spouse,0,166929,Bachelors,Private,Adm-clerical,0,0,45,0,1
42,Female,Black,Divorced,1,129684,HS-grad,Private,Exec-managerial,5455,0,50,39,0
32,Male,White,Married-civ-spouse,0,281540,Some-college,Private,Tech-support,0,0,50,39,0
24,Male,White,Married-civ-spouse,0,118657,12th,Private,Machine-op-inspct,0,0,40,39,0
33,Male,White,Never-married,1,158416,HS-grad,Private,Machine-op-inspct,0,0,40,39,0
49,Female,Black,Divorced,1,148398,HS-grad,Private,Machine-op-inspct,0,0,40,39,0
23,Male,White,Never-married,3,191444,HS-grad,Other,Other,0,0,40,39,0
27,Male,Black,Never-married,3,214695,HS-grad,Private,Sales,0,0,60,39,0
36,Male,White,Married-civ-spouse,0,202662,Masters,Private,Prof-specialty,0,0,40,39,1
69,Female,White,Widowed,1,171050,HS-grad,Other,Other,0,0,9,39,0
31,Female,White,Divorced,1,257863,Some-college,Private,Other-service,0,0,15,39,0
43,Male,White,Married-civ-spouse,0,172826,Some-college,Self-emp-inc,Sales,99999,0,55,39,1
20,Male,White,Never-married,3,278391,Some-college,Private,Adm-clerical,0,0,25,27,0
76,Male,White,Married-civ-spouse,0,173542,Bachelors,Other,Other,0,0,10,39,0
50,Male,White,Married-civ-spouse,0,146603,Prof-school,Self-emp-not-inc,Prof-specialty,0,0,40,39,1
27,Male,White,Never-married,1,333296,Bachelors,Private,Other-service,0,0,30,0,0
25,Male,White,Married-civ-spouse,0,161027,Bachelors,Private,Tech-support,5178,0,40,39,1
37,Female,Black,Married-spouse-absent,4,97136,Some-college,Local-gov,Adm-clerical,0,0,40,39,0
24,Male,Black,Never-married,1,493034,Bachelors,Private,Prof-specialty,0,0,40,39,0
68,Male,White,Never-married,1,168794,Preschool,Private,Machine-op-inspct,0,0,10,39,0
22,Male,White,Never-married,3,388247,Some-college,Private,Sales,0,0,40,39,0
70,Male,White,Married-civ-spouse,0,173736,Bachelors,Other,Other,0,0,6,39,0
53,Male,White,Divorced,1,539864,Some-college,Private,Craft-repair,0,0,20,39,0
58,Male,White,Widowed,1,33309,HS-grad,Self-emp-not-inc,Farming-fishing,0,0,80,39,0
59,Male,White,Divorced,4,277034,HS-grad,Private,Tech-support,0,0,60,39,1
30,Male,White,Married-civ-spouse,0,24292,Bachelors,Private,Sales,0,0,45,39,1
26,Male,White,Married-civ-spouse,0,86646,Some-college,Self-emp-not-inc,Craft-repair,0,0,45,39,0
18,Male,White,Never-married,2,189041,HS-grad,Other,Other,0,0,40,39,0
18,Female,White,Never-married,3,243900,HS-grad,Private,Adm-clerical,0,0,15,39,0
20,Male,White,Never-married,1,42706,Some-college,Private,Adm-clerical,0,0,25,39,0
21,Male,White,Never-married,3,182823,Bachelors,Private,Sales,0,0,30,39,0
28,Male,White,Never-married,1,113635,11th,Other,Other,0,0,30,39,0
48,Male,White,Married-civ-spouse,0,331482,Prof-school,Private,Tech-support,0,1977,40,39,1
50,Male,White,Married-civ-spouse,0,123429,Bachelors,Self-emp-inc,Prof-specialty,0,0,45,22,1
28,Male,White,Married-civ-spouse,0,158834,Masters,State-gov,Exec-managerial,0,0,50,39,1
37,Male,White,Married-civ-spouse,0,163998,Assoc-acdm,Self-emp-inc,Sales,0,0,50,39,1
34,Female,Asian-Pac-Islander,Never-married,1,110978,Prof-school,Private,Prof-specialty,0,0,40,39,0
30,Male,White,Married-civ-spouse,0,113364,Some-college,Private,Handlers-cleaners,0,0,40,31,0
24,Male,White,Never-married,3,142528,Some-college,Private,Sales,0,0,20,39,0
27,Male,White,Married-civ-spouse,0,151402,HS-grad,Self-emp-not-inc,Farming-fishing,0,1573,70,39,0
55,Male,White,Married-civ-spouse,0,144084,10th,Private,Other-service,0,0,40,39,0
27,Male,White,Married-civ-spouse,0,114967,9th,Private,Craft-repair,0,0,40,39,0
45,Female,White,Divorced,4,208049,HS-grad,State-gov,Tech-support,0,0,40,39,0
24,Male,White,Separated,1,215443,HS-grad,Private,Other-service,0,0,40,39,0
35,Male,White,Married-civ-spouse,0,329759,HS-grad,Local-gov,Craft-repair,0,0,40,39,0
65,Male,White,Married-civ-spouse,0,193216,HS-grad,Private,Sales,9386,0,40,39,1
40,Male,White,Never-married,1,187702,Some-college,Private,Exec-managerial,0,0,50,39,1
36,Female,White,Separated,1,177616,5th-6th,Private,Machine-op-inspct,0,0,40,39,0
31,Male,White,Divorced,3,199883,12th,Private,Transport-moving,0,0,40,39,0
46,Male,White,Married-civ-spouse,0,72896,9th,Private,Machine-op-inspct,0,0,43,39,0
20,Female,White,Never-married,3,157332,Some-college,Private,Adm-clerical,0,0,25,39,0
35,Male,White,Divorced,4,287701,Assoc-acdm,Private,Craft-repair,0,0,45,39,1
52,Male,White,Married-civ-spouse,0,234286,HS-grad,Self-emp-inc,Exec-managerial,15024,0,40,39,1
42,Female,Black,Never-married,2,191765,HS-grad,Private,Adm-clerical,0,2339,40,38,0
41,Male,White,Married-civ-spouse,0,206470,Bachelors,Private,Prof-specialty,0,0,40,11,0
56,Male,White,Married-civ-spouse,0,98361,Masters,Private,Prof-specialty,0,0,40,0,1
59,Female,White,Divorced,1,247187,HS-grad,Private,Adm-clerical,0,0,40,39,0
29,Male,White,Never-married,1,115064,HS-grad,Private,Other-service,0,0,40,39,0
53,Female,White,Divorced,4,35305,Bachelors,Local-gov,Prof-specialty,0,0,57,39,0
43,Male,White,Divorced,1,233130,Bachelors,Private,Sales,0,0,40,39,1
30,Male,White,Married-civ-spouse,0,229051,9th,Private,Other-service,0,0,37,39,0
45,Male,White,Married-civ-spouse,0,192776,Bachelors,Private,Craft-repair,7298,0,55,39,1
22,Female,White,Never-married,1,306967,Some-college,Private,Adm-clerical,0,0,25,39,0
29,Male,White,Married-civ-spouse,0,209472,HS-grad,Private,Machine-op-inspct,0,0,38,39,0
34,Female,White,Never-married,2,136862,1st-4th,Private,Other-service,0,0,40,13,0
42,Male,White,Married-civ-spouse,0,175674,HS-grad,Self-emp-not-inc,Sales,0,0,60,39,0
57,Male,White,Married-civ-spouse,0,132717,Bachelors,Local-gov,Exec-managerial,0,0,45,39,0
39,Female,White,Divorced,4,56118,HS-grad,Private,Other-service,0,0,40,39,0
34,Female,Black,Never-married,4,188245,HS-grad,Local-gov,Prof-specialty,0,0,35,39,0
52,Male,White,Married-civ-spouse,0,192390,HS-grad,Private,Machine-op-inspct,0,0,40,39,1
37,Male,White,Married-civ-spouse,0,325538,Masters,Federal-gov,Prof-specialty,0,0,40,0,1
19,Female,White,Never-married,3,35507,Some-college,Other,Other,0,0,45,39,0
65,Male,White,Married-civ-spouse,0,36039,HS-grad,Other,Other,0,0,40,39,1
20,Female,White,Married-civ-spouse,5,24896,HS-grad,Private,Adm-clerical,0,0,20,39,0
37,Male,White,Married-civ-spouse,0,231180,HS-grad,Private,Machine-op-inspct,0,0,40,39,0
39,Male,White,Married-civ-spouse,0,163237,Some-college,Self-emp-inc,Farming-fishing,0,0,65,39,0
33,Male,White,Married-civ-spouse,0,144949,Masters,Private,Prof-specialty,15024,0,40,39,1
23,Female,White,Married-civ-spouse,2,344394,Some-college,Federal-gov,Adm-clerical,0,0,40,39,0
31,Male,White,Separated,1,342730,Assoc-acdm,Private,Transport-moving,0,0,45,39,0
55,Female,White,Divorced,4,129762,HS-grad,Private,Adm-clerical,0,0,40,39,0
22,Female,White,Never-married,3,172766,Some-college,Private,Sales,0,0,40,39,0
77,Female,White,Never-married,1,149912,Bachelors,Private,Prof-specialty,0,0,10,39,0
42,Male,White,Married-civ-spouse,0,247695,HS-grad,Private,Machine-op-inspct,0,0,45,39,1
37,Male,White,Widowed,4,200863,Some-college,Private,Craft-repair,0,0,40,39,0
36,Male,Black,Never-married,1,225516,Assoc-acdm,Private,Sales,10520,0,43,39,1
36,Male,White,Married-civ-spouse,0,174938,Bachelors,Private,Prof-specialty,0,1887,50,39,1
45,Male,White,Married-spouse-absent,4,201865,Bachelors,Private,Exec-managerial,0,0,40,39,0
41,Male,White,Married-civ-spouse,0,208330,Some-college,Private,Sales,0,0,51,39,0
64,Female,White,Separated,1,104361,Some-college,State-gov,Adm-clerical,0,0,65,39,0
31,Male,White,Divorced,3,286675,HS-grad,Private,Craft-repair,0,0,50,39,0
29,Male,White,Married-civ-spouse,0,351731,Some-college,Private,Prof-specialty,0,0,40,39,0
35,Male,White,Never-married,3,172186,Some-college,Private,Craft-repair,0,0,40,39,0
76,Male,White,Widowed,1,203910,HS-grad,Private,Other-service,0,0,17,39,0
26,Male,White,Never-married,3,167350,12th,Private,Handlers-cleaners,0,0,40,39,0
67,Female,White,Divorced,1,141085,HS-grad,Self-emp-not-inc,Prof-specialty,0,0,20,39,0
22,Male,White,Never-married,3,207782,Assoc-acdm,Private,Handlers-cleaners,0,0,20,39,0
32,Male,White,Married-civ-spouse,0,127651,Bachelors,Federal-gov,Prof-specialty,0,0,40,39,1
50,Male,White,Married-civ-spouse,0,50178,HS-grad,Private,Tech-support,0,0,40,39,1
28,Male,White,Married-civ-spouse,0,215014,HS-grad,Private,Transport-moving,0,0,50,39,0
37,Male,White,Married-civ-spouse,0,80324,HS-grad,Self-emp-not-inc,Exec-managerial,0,0,60,39,1
27,Female,White,Married-civ-spouse,5,218785,HS-grad,Private,Exec-managerial,0,0,40,39,0
22,Male,White,Never-married,2,191444,HS-grad,Private,Sales,0,0,40,39,0
62,Male,White,Married-civ-spouse,0,92178,10th,Private,Machine-op-inspct,0,0,40,39,0
35,Male,White,Never-married,1,182898,HS-grad,Private,Adm-clerical,8614,0,40,39,1
57,Male,White,Married-civ-spouse,0,32694,Masters,State-gov,Prof-specialty,0,0,50,39,1
49,Female,White,Divorced,1,148254,HS-grad,Self-emp-not-inc,Farming-fishing,0,0,28,39,0
41,Male,White,Married-civ-spouse,0,107584,HS-grad,Private,Machine-op-inspct,0,0,40,39,0
50,Female,White,Married-spouse-absent,1,142073,HS-grad,Private,Exec-managerial,0,0,55,39,0
33,Male,White,Never-married,3,153151,HS-grad,Private,Handlers-cleaners,4416,0,40,39,0
25,Male,White,Never-married,3,113436,Some-college,Private,Adm-clerical,0,0,15,39,0
56,Male,White,Married-civ-spouse,0,122390,Assoc-voc,Private,Sales,15024,0,40,39,1
45,Female,White,Married-spouse-absent,4,190088,HS-grad,Private,Adm-clerical,0,0,30,39,0
30,Male,White,Married-civ-spouse,0,310889,Assoc-voc,Private,Exec-managerial,0,0,50,39,1
46,Female,White,Married-civ-spouse,3,176319,HS-grad,Self-emp-not-inc,Sales,7298,0,40,39,1
27,Female,Black,Married-civ-spouse,5,161087,HS-grad,Private,Prof-specialty,0,0,40,39,0
34,Male,White,Married-civ-spouse,0,192900,Some-college,Private,Craft-repair,0,0,40,39,1
22,Male,White,Married-civ-spouse,2,243923,HS-grad,Private,Transport-moving,0,0,80,39,0
71,Male,White,Never-married,1,77253,HS-grad,Private,Handlers-cleaners,0,0,17,39,0
50,Male,White,Never-married,1,187830,Bachelors,Private,Exec-managerial,0,0,50,39,1
32,Male,White,Married-civ-spouse,0,180799,Some-college,Private,Transport-moving,0,0,60,39,1
41,Male,Black,Separated,1,327606,12th,Private,Craft-repair,0,0,40,39,0
46,Male,White,Married-civ-spouse,0,315423,Some-college,Private,Sales,0,2042,50,39,0
20,Female,White,Never-married,3,107801,Assoc-acdm,Private,Other-service,0,2205,18,39,0
55,Female,White,Divorced,1,175942,HS-grad,Private,Priv-house-serv,0,0,40,10,0
44,Male,White,Married-civ-spouse,0,173888,7th-8th,Private,Transport-moving,0,0,80,39,1
20,Male,White,Never-married,3,178628,Some-college,State-gov,Adm-clerical,0,0,40,39,0
54,Male,White,Never-married,1,35459,HS-grad,Private,Sales,0,0,40,39,0
46,Male,White,Divorced,1,192323,HS-grad,State-gov,Exec-managerial,0,0,40,39,0
41,Female,White,Never-married,1,182108,Masters,Private,Prof-specialty,27828,0,35,39,1
52,Male,White,Married-civ-spouse,0,221936,HS-grad,Private,Sales,0,0,40,39,0
34,Female,White,Never-married,4,154548,Some-college,Private,Adm-clerical,0,0,38,39,0
53,Male,White,Married-civ-spouse,0,128272,Doctorate,Self-emp-inc,Exec-managerial,0,0,70,39,1
58,Male,White,Married-civ-spouse,0,183810,Some-college,Private,Exec-managerial,0,0,40,39,0
29,Male,White,Never-married,1,115677,Bachelors,Private,Prof-specialty,0,0,40,39,0
46,Male,Asian-Pac-Islander,Married-civ-spouse,0,14878,Prof-school,Local-gov,Prof-specialty,0,0,40,30,1
33,Female,White,Never-married,1,251521,11th,Private,Adm-clerical,0,0,35,39,0
45,Male,White,Married-civ-spouse,0,242184,7th-8th,Self-emp-not-inc,Exec-managerial,0,0,55,39,1
26,Male,White,Never-married,3,523067,Some-college,Private,Prof-specialty,0,0,3,8,0
24,Male,White,Never-married,1,278130,Assoc-voc,Private,Machine-op-inspct,0,0,40,39,0
22,Female,Black,Never-married,3,251196,Some-college,Private,Protective-serv,0,0,20,39,0
26,Male,White,Never-married,1,159732,HS-grad,Private,Machine-op-inspct,0,0,52,39,0
22,Male,White,Never-married,3,148294,11th,Private,Craft-repair,0,0,35,39,0
44,Male,White,Never-married,3,275094,1st-4th,Private,Other-service,0,0,10,39,0
18,Male,White,Never-married,3,57108,11th,Private,Sales,0,0,16,39,0
26,Male,Other,Never-married,2,138152,12th,Private,Craft-repair,0,0,48,13,0
59,Male,White,Married-civ-spouse,0,146391,Assoc-voc,Private,Tech-support,7298,0,40,39,1
57,Male,White,Married-civ-spouse,0,61474,Some-college,Private,Exec-managerial,7688,0,45,39,1
30,Female,White,Never-married,1,161690,Assoc-voc,Private,Prof-specialty,0,0,40,39,0
36,Male,White,Divorced,4,112497,Prof-school,Self-emp-not-inc,Prof-specialty,25236,0,40,39,1
51,Male,White,Never-married,1,210736,HS-grad,Self-emp-inc,Exec-managerial,10520,0,40,39,1
36,Male,White,Married-civ-spouse,0,143123,Prof-school,Private,Prof-specialty,0,0,50,39,1
23,Male,White,Never-married,3,238831,Some-college,Private,Adm-clerical,0,0,40,39,0
43,Female,White,Never-married,1,315971,Masters,Self-emp-not-inc,Exec-managerial,0,0,40,39,0
20,Female,White,Never-married,3,176178,HS-grad,Private,Sales,0,0,35,39,0
28,Female,White,Never-married,4,261725,HS-grad,Private,Other-service,0,0,40,26,0
34,Female,White,Divorced,4,171159,Some-college,Private,Adm-clerical,0,0,30,39,0
47,Female,White,Never-married,1,154940,Masters,Local-gov,Prof-specialty,0,0,45,39,1
63,Male,White,Married-civ-spouse,0,137940,Prof-school,Self-emp-inc,Prof-specialty,15024,0,50,39,1
35,Male,White,Married-civ-spouse,0,475324,Bachelors,Private,Exec-managerial,0,0,45,39,0
23,Male,White,Married-civ-spouse,0,236804,11th,Private,Other-service,0,0,40,39,0
31,Male,White,Married-civ-spouse,0,176185,Masters,Private,Exec-managerial,0,0,60,10,1
51,Male,White,Married-civ-spouse,0,285747,Masters,State-gov,Prof-specialty,0,1977,60,39,1
23,Female,White,Never-married,1,335453,Bachelors,State-gov,Tech-support,0,0,20,39,0
31,Male,White,Married-civ-spouse,0,183801,Masters,Private,Prof-specialty,0,1902,43,39,1
61,Male,White,Married-civ-spouse,0,357437,HS-grad,Private,Other-service,0,0,40,39,0
59,Male,White,Divorced,1,380357,Bachelors,Private,Exec-managerial,0,0,40,39,0
29,Male,White,Married-civ-spouse,0,180299,Some-college,Private,Transport-moving,0,0,35,39,0
39,Male,White,Married-civ-spouse,0,239409,HS-grad,State-gov,Protective-serv,0,0,50,39,0
25,Female,White,Never-married,3,192321,Assoc-acdm,Other,Other,0,0,80,39,0
48,Female,Other,Divorced,2,224870,HS-grad,Private,Machine-op-inspct,0,0,38,7,0
36,Male,White,Never-married,1,33983,Assoc-voc,Private,Adm-clerical,0,0,42,39,1
70,Female,White,Widowed,4,28471,9th,Other,Other,0,0,25,39,0
27,Male,White,Married-civ-spouse,0,276776,Some-college,Federal-gov,Tech-support,0,0,40,39,1
34,Male,White,Divorced,3,346762,11th,Other,Other,0,0,84,39,0
47,Female,White,Divorced,4,97176,Some-college,Private,Exec-managerial,0,0,40,39,0
62,Male,White,Married-civ-spouse,0,186696,HS-grad,Private,Craft-repair,0,0,40,39,0
21,Female,White,Never-married,3,349365,Some-college,Private,Adm-clerical,0,0,15,39,0
35,Male,White,Married-civ-spouse,0,287548,Some-college,Private,Sales,0,0,55,39,1
44,Female,White,Divorced,4,135056,Masters,Local-gov,Prof-specialty,0,0,16,0,0
30,Female,White,Divorced,1,271933,HS-grad,Private,Adm-clerical,0,0,40,39,0
50,Male,White,Married-civ-spouse,0,176157,Masters,Private,Exec-managerial,0,0,50,39,1
25,Male,White,Never-married,4,98281,12th,Private,Handlers-cleaners,0,0,43,39,0
56,Male,White,Married-civ-spouse,0,208451,Bachelors,Private,Prof-specialty,0,0,40,39,1
29,Male,White,Never-married,3,185647,Some-college,Private,Tech-support,0,0,60,39,0
40,Male,Other,Married-civ-spouse,0,145439,5th-6th,Private,Other-service,4064,0,40,26,0
75,Female,White,Divorced,1,31195,HS-grad,Local-gov,Adm-clerical,0,0,20,39,0
46,Male,White,Married-civ-spouse,0,284799,Some-college,Self-emp-inc,Sales,0,0,60,39,0
48,Female,Asian-Pac-Islander,Separated,4,238360,Bachelors,Private,Adm-clerical,0,0,40,30,0
23,Male,White,Never-married,1,595461,7th-8th,Private,Craft-repair,0,0,40,26,0
28,Female,White,Never-married,1,206088,Bachelors,Private,Sales,0,0,40,39,0
29,Male,White,Never-married,3,133937,Doctorate,Private,Prof-specialty,0,0,40,39,0
54,Male,White,Married-civ-spouse,0,159755,Some-college,Private,Protective-serv,0,0,40,39,1
20,Male,White,Never-married,3,256240,HS-grad,Private,Other-service,0,0,30,39,0
34,Male,Amer-Indian-Eskimo,Married-civ-spouse,0,245487,7th-8th,Private,Transport-moving,0,0,45,26,0
35,Female,Black,Married-spouse-absent,4,240467,HS-grad,Private,Adm-clerical,0,0,40,39,0
40,Male,White,Married-civ-spouse,0,181265,Some-college,Private,Craft-repair,0,0,52,39,0
52,Male,Black,Married-civ-spouse,0,142757,HS-grad,State-gov,Protective-serv,0,0,40,39,1
39,Male,White,Divorced,1,181553,Bachelors,Private,Exec-managerial,0,0,55,39,0
34,Male,White,Divorced,1,23778,Bachelors,Self-emp-inc,Exec-managerial,0,0,50,39,0
25,Male,White,Married-civ-spouse,0,200318,HS-grad,Private,Transport-moving,0,0,60,39,0
18,Female,White,Never-married,3,270544,12th,Private,Adm-clerical,0,0,30,39,0
56,Male,White,Never-married,1,134195,Masters,Private,Sales,0,0,50,39,0
33,Male,White,Married-civ-spouse,0,153588,HS-grad,Private,Machine-op-inspct,0,0,40,39,0
31,Male,White,Married-civ-spouse,0,226443,Bachelors,Private,Prof-specialty,0,0,40,39,0
29,Female,White,Never-married,1,154017,HS-grad,Private,Sales,0,0,10,39,0
35,Male,White,Married-civ-spouse,0,105803,Some-college,Private,Craft-repair,0,0,50,39,1
26,Female,White,Never-married,1,212798,Bachelors,Private,Exec-managerial,0,0,45,39,0
41,Male,White,Never-married,3,220460,HS-grad,Private,Sales,0,0,40,39,0
36,Male,Black,Separated,1,288103,11th,Private,Machine-op-inspct,0,0,40,39,0
40,Female,White,Married-civ-spouse,5,226505,HS-grad,Private,Adm-clerical,0,0,46,39,1
31,Female,White,Never-married,3,139455,Bachelors,Federal-gov,Exec-managerial,0,0,40,5,0
58,Female,White,Married-civ-spouse,5,154537,HS-grad,Self-emp-inc,Exec-managerial,0,0,20,39,1
36,Male,White,Married-civ-spouse,0,410034,Bachelors,Local-gov,Prof-specialty,0,1887,40,39,1
30,Male,White,Married-civ-spouse,0,391114,HS-grad,Private,Handlers-cleaners,0,0,60,39,0
19,Female,White,Never-married,3,125591,Some-college,Private,Other-service,0,0,40,39,0
30,Male,White,Married-civ-spouse,0,321990,Masters,Self-emp-inc,Exec-managerial,15024,0,60,0,1
36,Male,White,Never-married,3,156352,9th,Private,Handlers-cleaners,0,0,40,39,0
39,Male,White,Married-civ-spouse,0,365739,HS-grad,Private,Craft-repair,0,0,40,39,1
30,Female,White,Never-married,3,184687,HS-grad,Private,Prof-specialty,0,0,30,39,0
29,Female,Black,Never-married,3,543477,Some-college,Private,Adm-clerical,0,0,40,39,0
54,Male,White,Married-civ-spouse,0,114674,Some-college,Federal-gov,Exec-managerial,0,0,40,39,1
42,Female,Black,Divorced,4,403187,HS-grad,Private,Handlers-cleaners,0,0,40,39,0
52,Male,White,Married-civ-spouse,0,160703,Doctorate,Private,Prof-specialty,0,0,65,39,1
30,Male,Amer-Indian-Eskimo,Never-married,3,23037,Some-college,State-gov,Other-service,0,0,84,39,0
31,Male,White,Never-married,1,131568,9th,Private,Machine-op-inspct,0,0,40,39,0
42,Male,White,Married-civ-spouse,0,204235,HS-grad,Private,Sales,0,0,40,39,0
35,Male,White,Married-civ-spouse,0,120301,Some-college,Self-emp-not-inc,Exec-managerial,0,0,45,39,0
28,Female,Black,Never-married,1,135567,Bachelors,Local-gov,Adm-clerical,4101,0,60,39,0
59,Female,White,Widowed,4,169639,Assoc-acdm,Private,Exec-managerial,0,0,40,39,0
47,Male,White,Divorced,1,138107,Bachelors,Private,Exec-managerial,0,2258,40,39,1
40,Female,White,Married-civ-spouse,5,198873,Prof-school,Private,Prof-specialty,15024,0,30,39,1
29,Male,White,Divorced,4,151382,Assoc-voc,Private,Handlers-cleaners,0,0,50,39,0
18,Male,White,Never-married,3,36348,Some-college,Other,Other,0,0,48,39,0
48,Male,Black,Married-civ-spouse,0,215389,HS-grad,Federal-gov,Transport-moving,0,0,40,39,1
55,Male,White,Married-civ-spouse,0,208640,HS-grad,Other,Other,0,0,30,39,1
47,Female,Black,Divorced,1,97419,Bachelors,Local-gov,Prof-specialty,0,0,40,39,0
49,Male,White,Married-civ-spouse,0,155489,Bachelors,Private,Craft-repair,0,0,40,39,0
26,Male,Asian-Pac-Islander,Divorced,1,133756,HS-grad,Private,Farming-fishing,0,0,40,30,0
29,Male,White,Never-married,1,208406,HS-grad,Other,Other,0,0,35,39,0
56,Female,White,Married-civ-spouse,5,129836,HS-grad,Private,Other-service,0,0,10,39,0
42,Female,White,Divorced,1,178134,Some-college,Private,Adm-clerical,0,0,30,39,0
26,Female,White,Never-married,1,266639,Bachelors,Self-emp-inc,Adm-clerical,0,0,40,39,0
39,Male,White,Married-civ-spouse,0,336793,Masters,Self-emp-not-inc,Craft-repair,0,0,55,39,1
22,Male,White,Never-married,3,151888,HS-grad,Private,Other-service,0,0,40,39,0
20,Male,White,Never-married,1,32426,Some-college,Private,Sales,0,0,25,39,0
36,Male,White,Divorced,1,103886,Some-college,Local-gov,Handlers-cleaners,0,0,50,39,0
50,Male,White,Married-civ-spouse,0,156877,11th,Private,Transport-moving,0,0,70,39,1
28,Female,White,Divorced,1,312588,10th,Private,Other-service,0,0,40,39,0
20,Male,White,Never-married,3,138768,HS-grad,Private,Handlers-cleaners,0,0,40,39,0
59,Male,White,Married-civ-spouse,0,115389,Some-college,Federal-gov,Craft-repair,0,0,36,39,0
34,Male,White,Married-civ-spouse,0,204461,Bachelors,Private,Prof-specialty,0,0,55,39,1
51,Male,White,Married-civ-spouse,0,32372,12th,Self-emp-not-inc,Other-service,0,0,99,39,0
33,Male,White,Married-civ-spouse,0,191335,Assoc-acdm,Private,Craft-repair,0,1902,50,39,1
23,Female,White,Never-married,3,296613,Some-college,Other,Other,0,0,32,39,0
30,Male,Black,Never-married,3,77143,Bachelors,Private,Exec-managerial,0,0,40,11,0
23,Male,White,Married-civ-spouse,0,419554,HS-grad,Private,Exec-managerial,0,0,54,39,0
33,Male,White,Married-spouse-absent,4,609789,Assoc-acdm,Private,Machine-op-inspct,0,0,40,39,0
43,Male,White,Never-married,4,83756,Some-college,Private,Exec-managerial,0,0,50,39,0
39,Female,Black,Divorced,4,155961,HS-grad,Private,Adm-clerical,0,0,38,39,0
33,Male,White,Divorced,1,157747,9th,Private,Handlers-cleaners,0,0,70,39,0
38,Male,Asian-Pac-Islander,Married-civ-spouse,0,180303,Bachelors,Private,Exec-managerial,0,0,50,24,1
40,Male,White,Divorced,1,220563,12th,Private,Craft-repair,0,0,40,39,0
35,Male,White,Never-married,1,99156,Bachelors,Private,Sales,0,0,50,39,0
25,Female,Black,Never-married,1,198587,Some-college,Private,Tech-support,2174,0,50,39,0
36,Female,White,Divorced,4,272090,Bachelors,Private,Prof-specialty,0,0,45,8,0
38,Female,Black,Divorced,4,197113,Some-college,Private,Adm-clerical,0,0,20,39,0
36,Male,White,Never-married,1,329980,Bachelors,Private,Exec-managerial,27828,0,40,39,1
32,Male,White,Married-civ-spouse,0,201988,Prof-school,Private,Sales,4508,0,40,0,0
66,Male,White,Married-civ-spouse,0,201197,Bachelors,Private,Prof-specialty,0,0,45,39,1
31,Male,White,Married-civ-spouse,0,222654,Bachelors,Private,Exec-managerial,0,0,40,39,0
29,Male,White,Married-civ-spouse,0,77760,HS-grad,Private,Adm-clerical,0,0,45,39,0
24,Male,White,Married-civ-spouse,0,190143,Bachelors,Private,Sales,0,0,40,39,0
37,Male,White,Married-civ-spouse,0,28887,HS-grad,State-gov,Machine-op-inspct,0,0,40,39,1
50,Male,White,Married-civ-spouse,0,162632,HS-grad,Private,Exec-managerial,0,0,45,39,0
38,Male,White,Married-civ-spouse,0,187046,11th,Private,Craft-repair,0,0,45,39,0
38,Female,White,Married-civ-spouse,5,215419,HS-grad,Private,Adm-clerical,0,0,36,39,1
80,Female,White,Married-spouse-absent,1,202483,HS-grad,Private,Adm-clerical,0,0,16,39,0
21,Male,White,Never-married,3,109667,Some-college,Private,Other-service,0,0,40,39,0
19,Male,White,Never-married,3,339123,Some-college,Private,Exec-managerial,0,0,40,39,0
36,Female,Black,Separated,4,127809,HS-grad,Private,Other-service,0,0,30,39,0
31,Male,White,Married-civ-spouse,0,236861,HS-grad,Private,Craft-repair,0,0,60,39,0
66,Female,White,Married-civ-spouse,5,220543,HS-grad,Self-emp-inc,Adm-clerical,0,0,40,39,1
54,Male,White,Married-civ-spouse,0,206964,Some-college,Private,Sales,0,0,40,39,1
74,Male,White,Married-civ-spouse,0,211075,HS-grad,Private,Other-service,0,0,30,39,0
32,Male,Black,Separated,1,44777,HS-grad,Federal-gov,Machine-op-inspct,0,0,46,39,0
21,Male,Black,Never-married,3,275726,HS-grad,Private,Craft-repair,0,0,40,39,0
33,Male,White,Married-civ-spouse,0,368675,Some-college,Local-gov,Protective-serv,0,0,40,39,0
45,Male,White,Divorced,3,386940,Bachelors,Private,Exec-managerial,0,1408,40,39,0
26,Male,White,Married-civ-spouse,0,169121,Bachelors,Private,Sales,0,0,48,39,1
38,Female,White,Never-married,1,181943,Bachelors,Private,Adm-clerical,0,0,35,39,0
25,Female,Black,Never-married,1,323545,HS-grad,Private,Tech-support,0,0,40,39,0
28,Male,Other,Separated,1,232945,HS-grad,Private,Handlers-cleaners,0,0,30,39,0
27,Male,White,Divorced,4,151382,7th-8th,Private,Machine-op-inspct,0,974,40,39,0
60,Male,White,Married-civ-spouse,0,177665,HS-grad,Private,Craft-repair,0,0,35,39,0
43,Male,Amer-Indian-Eskimo,Divorced,4,75435,HS-grad,Self-emp-not-inc,Craft-repair,0,0,30,39,0
65,Male,White,Married-civ-spouse,0,118474,11th,Self-emp-not-inc,Exec-managerial,9386,0,59,0,1
39,Male,White,Married-civ-spouse,0,154410,HS-grad,Private,Adm-clerical,0,0,40,39,1
32,Male,White,Divorced,1,80058,11th,Private,Sales,0,0,43,39,1
48,Male,Asian-Pac-Islander,Married-civ-spouse,0,167918,Masters,Self-emp-not-inc,Sales,0,0,50,19,0
35,Male,White,Married-civ-spouse,0,207202,10th,Private,Transport-moving,0,0,70,39,0
29,Female,White,Never-married,3,173652,Some-college,Private,Adm-clerical,0,0,40,39,0
21,Male,White,Never-married,3,56520,Some-college,Private,Adm-clerical,0,0,40,39,0
19,Male,White,Married-civ-spouse,3,342384,11th,Self-emp-not-inc,Craft-repair,0,2129,55,39,0
77,Male,White,Married-civ-spouse,0,235775,HS-grad,Private,Other-service,0,0,25,5,0
48,Male,White,Married-civ-spouse,0,216214,11th,Private,Machine-op-inspct,0,0,40,39,0
18,Female,White,Never-married,3,156608,11th,Other,Other,0,0,25,39,0
29,Male,Asian-Pac-Islander,Married-civ-spouse,0,87507,Doctorate,Private,Prof-specialty,0,0,60,19,0
30,Male,White,Married-civ-spouse,0,109282,Bachelors,Self-emp-inc,Sales,0,0,52,39,1
53,Female,White,Divorced,1,283320,Bachelors,Private,Tech-support,0,0,40,39,0
35,Male,White,Married-civ-spouse,0,113322,Assoc-voc,Private,Sales,0,0,40,39,0
66,Female,White,Widowed,1,167711,HS-grad,Private,Sales,0,0,40,39,1
55,Male,White,Married-civ-spouse,0,254627,HS-grad,Private,Other-service,0,0,40,39,0
40,Male,White,Divorced,1,26598,Bachelors,State-gov,Prof-specialty,0,0,40,39,0
51,Male,White,Married-civ-spouse,0,118259,HS-grad,Self-emp-not-inc,Craft-repair,3137,0,60,39,0
27,Male,White,Never-married,3,233421,Some-college,Private,Adm-clerical,0,0,20,39,0
41,Male,White,Divorced,4,74581,Bachelors,Local-gov,Prof-specialty,0,0,65,39,0
23,Female,White,Never-married,3,117363,Bachelors,Private,Adm-clerical,0,0,40,39,0
37,Male,White,Married-civ-spouse,0,183800,Assoc-acdm,Self-emp-inc,Sales,0,1887,40,39,1
24,Female,White,Never-married,3,234640,Assoc-voc,Private,Other-service,0,0,35,39,0
52,Male,Other,Married-civ-spouse,0,137658,11th,Private,Machine-op-inspct,0,0,40,6,0
39,Female,White,Divorced,1,76767,Some-college,Private,Adm-clerical,0,0,60,39,0
34,Male,White,Never-married,1,49469,Bachelors,Private,Sales,99999,0,50,39,1
50,Male,White,Married-civ-spouse,0,134766,Bachelors,Private,Exec-managerial,0,1902,50,39,1
21,Male,White,Never-married,1,292264,HS-grad,Private,Craft-repair,0,0,35,39,0
35,Male,White,Married-civ-spouse,0,211073,Some-college,Local-gov,Protective-serv,0,0,61,39,1
20,Male,White,Never-married,2,113307,7th-8th,Private,Machine-op-inspct,0,0,40,39,0
46,Male,Other,Married-civ-spouse,0,211226,Assoc-acdm,Private,Transport-moving,0,0,36,39,0
38,Female,White,Divorced,4,411797,Assoc-voc,Private,Adm-clerical,0,0,40,39,0
23,Male,Asian-Pac-Islander,Never-married,2,176123,HS-grad,Private,Tech-support,0,0,40,40,0
42,Male,White,Married-civ-spouse,0,79036,Bachelors,Self-emp-not-inc,Farming-fishing,0,0,65,39,0
19,Female,White,Never-married,3,230874,Some-college,Other,Other,0,0,40,39,0
42,Male,White,Married-civ-spouse,0,145711,Masters,Private,Prof-specialty,0,1902,50,39,1
39,Male,White,Married-civ-spouse,0,193689,Some-college,Private,Machine-op-inspct,0,0,40,39,0
41,Male,White,Married-civ-spouse,0,225892,Some-college,Private,Craft-repair,0,0,48,39,1
18,Female,White,Never-married,3,201901,11th,Private,Sales,0,0,10,39,0
18,Male,White,Never-married,3,126071,HS-grad,Private,Craft-repair,0,0,40,39,0
52,Male,White,Married-civ-spouse,0,294991,Bachelors,Private,Prof-specialty,0,0,40,39,1
51,Male,Black,Divorced,3,189551,HS-grad,Private,Craft-repair,0,0,40,39,0
37,Male,White,Married-civ-spouse,0,241463,HS-grad,Self-emp-not-inc,Exec-managerial,0,1848,65,39,1
26,Male,White,Married-civ-spouse,0,117125,9th,Self-emp-not-inc,Craft-repair,0,0,40,32,0
24,Female,White,Never-married,3,270517,HS-grad,Private,Other-service,0,0,40,26,0
20,Female,White,Never-married,3,108887,Some-college,Private,Adm-clerical,0,0,25,39,0
39,Male,White,Married-civ-spouse,0,30916,HS-grad,Private,Craft-repair,0,0,40,39,0
27,Female,White,Never-married,1,85126,HS-grad,Private,Machine-op-inspct,0,0,40,39,0
34,Male,White,Married-civ-spouse,0,33117,Some-college,Private,Other-service,0,0,40,39,0
31,Male,White,Never-married,3,142675,Some-college,Private,Exec-managerial,0,0,40,39,0
47,Male,Black,Married-civ-spouse,0,232628,HS-grad,Private,Craft-repair,0,0,40,39,0
50,Male,White,Married-civ-spouse,0,410186,HS-grad,Private,Craft-repair,0,0,40,39,0
45,Male,White,Married-civ-spouse,0,207277,Bachelors,Private,Exec-managerial,0,0,50,39,1
20,Male,White,Never-married,3,24967,HS-grad,Private,Farming-fishing,0,0,47,39,0
47,Male,White,Married-civ-spouse,0,120131,HS-grad,Private,Exec-managerial,0,0,40,39,0
44,Male,White,Married-civ-spouse,0,219155,Some-college,Private,Sales,0,0,50,9,1
48,Female,Asian-Pac-Islander,Married-spouse-absent,4,148121,Bachelors,Local-gov,Adm-clerical,0,0,40,30,0
38,Female,White,Divorced,4,201454,Some-college,Private,Adm-clerical,0,0,40,39,0
29,Female,White,Divorced,4,19793,Some-college,Other,Other,0,0,8,39,0
23,Male,White,Never-married,2,447488,9th,Private,Machine-op-inspct,0,0,35,26,0
53,Male,White,Married-civ-spouse,0,238481,Assoc-voc,Private,Exec-managerial,0,1485,40,39,0
42,Male,White,Married-civ-spouse,0,39539,HS-grad,Self-emp-not-inc,Farming-fishing,0,0,99,39,1
18,Male,White,Never-married,3,343161,11th,Other,Other,0,0,16,39,0
64,Male,White,Married-civ-spouse,0,143716,Masters,Other,Other,0,0,2,39,0
26,Male,White,Married-civ-spouse,0,49092,HS-grad,Private,Craft-repair,0,0,40,39,0
55,Male,White,Married-civ-spouse,0,211678,Assoc-voc,Private,Machine-op-inspct,0,0,45,39,0
35,Female,White,Never-married,1,150488,Bachelors,State-gov,Prof-specialty,0,0,40,39,0
32,Male,Asian-Pac-Islander,Married-civ-spouse,0,167106,HS-grad,Private,Sales,0,0,40,17,0
39,Female,White,Married-civ-spouse,5,122011,Masters,State-gov,Prof-specialty,5178,0,38,39,1
35,Male,White,Married-spouse-absent,1,127930,HS-grad,Self-emp-not-inc,Farming-fishing,0,0,60,39,0
49,Female,White,Married-civ-spouse,2,323773,11th,Private,Priv-house-serv,0,0,40,39,0
28,Male,White,Married-civ-spouse,0,277746,10th,Private,Machine-op-inspct,0,0,40,39,0
26,Female,White,Never-married,1,188569,Some-college,Private,Adm-clerical,0,0,25,39,0
50,Male,White,Married-civ-spouse,0,306790,Some-college,Private,Craft-repair,0,0,40,39,1
33,Male,White,Married-civ-spouse,0,201763,Bachelors,Self-emp-inc,Sales,0,0,50,39,1
59,Male,White,Divorced,1,70720,Bachelors,Private,Sales,0,0,55,39,1
35,Male,White,Married-civ-spouse,0,167140,Bachelors,Private,Prof-specialty,5013,0,40,39,0
31,Female,White,Never-married,1,33124,Prof-school,Private,Prof-specialty,0,0,99,39,0
44,Male,White,Married-civ-spouse,0,33126,Some-college,Self-emp-inc,Exec-managerial,0,0,80,39,0
38,Male,White,Married-civ-spouse,0,165466,HS-grad,Private,Adm-clerical,0,0,60,39,1
43,Male,Black,Divorced,1,164790,Some-college,State-gov,Adm-clerical,0,0,50,39,1
27,Female,White,Married-civ-spouse,5,300783,Some-college,Private,Sales,0,0,42,39,1
44,Male,White,Married-civ-spouse,0,186916,Some-college,Private,Transport-moving,0,1887,60,39,1
20,Female,White,Never-married,3,203353,Some-college,Other,Other,0,0,40,39,0
29,Male,White,Never-married,1,95108,HS-grad,Other,Other,0,0,40,39,0
35,Male,White,Never-married,1,33975,Masters,Private,Prof-specialty,0,0,45,39,1
47,Male,White,Divorced,1,160131,Some-college,Self-emp-not-inc,Craft-repair,0,0,40,39,0
37,Male,White,Married-civ-spouse,0,227597,Some-college,Private,Craft-repair,0,0,40,39,0
26,Male,White,Married-civ-spouse,0,248990,HS-grad,Private,Craft-repair,0,0,40,26,0
63,Male,White,Married-civ-spouse,0,264600,10th,Private,Adm-clerical,0,0,45,39,0
27,Female,White,Never-married,3,289147,HS-grad,Private,Machine-op-inspct,0,0,40,39,0
36,Female,Asian-Pac-Islander,Married-civ-spouse,5,130620,Bachelors,Private,Prof-specialty,0,0,35,30,1
53,Male,White,Never-married,1,150393,HS-grad,Other,Other,0,1504,35,39,0
45,Female,White,Divorced,4,125489,Masters,Private,Prof-specialty,0,0,50,39,0
19,Male,White,Never-married,3,67759,HS-grad,Private,Machine-op-inspct,0,0,43,39,0
61,Male,White,Married-civ-spouse,0,176731,HS-grad,Local-gov,Handlers-cleaners,0,0,40,39,0
17,Female,Black,Never-married,3,452406,11th,Private,Sales,0,0,15,39,0
22,Male,White,Married-civ-spouse,0,175431,HS-grad,Private,Other-service,0,0,20,39,0
32,Female,White,Never-married,3,228265,HS-grad,Private,Handlers-cleaners,0,0,30,39,0
33,Male,White,Never-married,2,216908,10th,Other,Other,0,0,40,39,0
22,Male,White,Never-married,4,83315,HS-grad,Private,Adm-clerical,0,0,40,39,0
33,Male,White,Married-civ-spouse,0,204742,Some-college,Private,Sales,0,0,44,39,0
58,Female,White,Married-civ-spouse,5,147653,Some-college,Private,Adm-clerical,0,0,32,39,0
70,Female,White,Widowed,2,280639,HS-grad,Self-emp-not-inc,Other-service,2329,0,20,39,0
20,Female,White,Never-married,1,247794,HS-grad,Private,Sales,0,0,84,39,0
63,Male,White,Divorced,1,101996,Masters,Federal-gov,Prof-specialty,0,0,40,39,1
18,Male,Black,Never-married,3,115630,11th,Private,Adm-clerical,0,0,20,39,0
18,Male,White,Never-married,3,342852,HS-grad,State-gov,Adm-clerical,0,0,40,39,0
54,Male,White,Married-civ-spouse,0,175262,7th-8th,Private,Machine-op-inspct,0,0,40,39,0
61,Male,White,Married-civ-spouse,0,97128,Bachelors,Private,Sales,0,0,45,39,1
21,Male,White,Never-married,3,307371,Some-college,Private,Protective-serv,0,0,15,39,0
41,Male,White,Married-civ-spouse,0,35166,Prof-school,Private,Prof-specialty,15024,0,50,39,1
43,Male,White,Married-civ-spouse,0,403276,HS-grad,Private,Craft-repair,0,0,40,39,0
48,Male,White,Married-civ-spouse,0,101299,Assoc-acdm,Private,Prof-specialty,0,0,45,39,0
29,Male,White,Never-married,1,133327,Some-college,Local-gov,Farming-fishing,0,0,40,39,0
51,Male,White,Divorced,1,68898,Assoc-voc,State-gov,Tech-support,0,2444,39,39,1
45,Female,White,Divorced,4,168837,Some-college,Private,Sales,0,0,40,39,0
45,Female,White,Separated,1,59380,Bachelors,Private,Exec-managerial,0,0,55,39,0
43,Female,White,Divorced,1,218309,Bachelors,Private,Sales,0,0,50,39,0
35,Female,White,Never-married,3,184117,Bachelors,Private,Adm-clerical,0,0,40,39,0
20,Male,White,Never-married,3,197997,HS-grad,Private,Farming-fishing,0,0,40,39,0
34,Female,White,Never-married,1,185408,Some-college,Private,Exec-managerial,0,0,40,39,0
36,Male,White,Married-civ-spouse,0,67728,Bachelors,Self-emp-not-inc,Sales,0,0,50,39,1
59,Male,White,Married-civ-spouse,0,135647,11th,Private,Sales,0,0,60,39,0
56,Male,White,Married-civ-spouse,0,101338,Bachelors,Federal-gov,Sales,0,0,40,39,0
47,Male,White,Married-civ-spouse,0,387468,Some-college,Private,Prof-specialty,0,0,40,34,1
42,Male,White,Divorced,1,104647,HS-grad,Private,Other-service,0,0,40,39,0
38,Male,White,Married-civ-spouse,0,165472,Bachelors,Private,Prof-specialty,0,0,40,39,1
53,Male,White,Married-civ-spouse,0,95469,Bachelors,Private,Adm-clerical,0,1902,40,39,1
21,Female,Black,Married-civ-spouse,5,224209,HS-grad,Other,Other,0,0,30,39,0
50,Female,White,Divorced,1,269095,HS-grad,Private,Adm-clerical,0,0,40,39,0
80,Male,White,Married-civ-spouse,0,562336,HS-grad,Self-emp-not-inc,Farming-fishing,0,0,20,39,0
43,Female,Black,Married-civ-spouse,5,122975,HS-grad,Private,Machine-op-inspct,0,0,21,38,0
31,Male,White,Married-civ-spouse,0,211242,Assoc-acdm,Private,Exec-managerial,0,0,55,39,1
57,Male,White,Married-civ-spouse,0,180920,10th,Private,Craft-repair,0,0,43,39,0
63,Male,White,Married-civ-spouse,0,221072,Bachelors,Private,Craft-repair,0,0,49,0,0
38,Female,White,Divorced,4,275338,Bachelors,Private,Sales,1151,0,40,39,0
37,Female,Black,Never-married,4,148143,HS-grad,Private,Machine-op-inspct,0,0,40,39,0
40,Female,Black,Never-married,1,55191,Some-college,Private,Adm-clerical,0,0,40,39,0
22,Female,White,Never-married,2,137862,Some-college,Private,Adm-clerical,0,0,16,39,0
18,Male,White,Never-married,3,298860,11th,Private,Sales,0,0,20,39,0
50,Female,White,Divorced,4,233369,Some-college,Private,Prof-specialty,0,0,40,39,0
44,Female,White,Never-married,1,162643,HS-grad,Private,Adm-clerical,0,0,43,39,0
61,Male,White,Married-civ-spouse,0,110920,10th,Private,Sales,0,0,40,39,0
51,Male,White,Married-civ-spouse,0,142835,11th,Private,Machine-op-inspct,0,0,40,39,0
33,Male,White,Never-married,1,193246,HS-grad,Self-emp-not-inc,Exec-managerial,0,0,55,10,0
39,Male,White,Married-civ-spouse,0,129150,Bachelors,Private,Tech-support,0,0,50,39,1
22,Male,Black,Never-married,2,429346,HS-grad,Private,Adm-clerical,0,0,40,39,0
62,Male,White,Married-civ-spouse,0,84756,9th,Private,Other-service,0,0,35,39,0
37,Male,White,Divorced,3,245053,Some-college,Private,Handlers-cleaners,0,1504,40,39,0
73,Male,White,Married-civ-spouse,0,243030,Bachelors,Other,Other,0,0,30,39,0
37,Male,White,Married-civ-spouse,0,162834,HS-grad,Self-emp-not-inc,Sales,0,1902,45,39,1
54,Male,Black,Married-civ-spouse,0,186884,Some-college,Local-gov,Transport-moving,0,0,30,39,0
37,Male,Black,Married-civ-spouse,0,382802,Doctorate,Self-emp-inc,Prof-specialty,0,0,99,39,1
52,Male,White,Married-civ-spouse,0,338816,Some-college,Private,Exec-managerial,15024,0,45,39,1
42,Male,White,Never-married,1,121055,Some-college,Private,Sales,0,0,45,39,0
59,Male,White,Married-civ-spouse,0,258579,Some-college,Private,Transport-moving,3103,0,35,39,1
73,Female,White,Married-civ-spouse,5,148003,Some-college,Private,Adm-clerical,20051,0,36,39,1
44,Male,White,Married-civ-spouse,0,35910,Bachelors,Private,Exec-managerial,0,1902,56,39,1
35,Male,White,Married-civ-spouse,0,301862,HS-grad,Private,Machine-op-inspct,0,0,40,39,0
26,Female,White,Never-married,4,78424,Assoc-voc,Private,Sales,0,0,54,39,0
31,Male,White,Married-spouse-absent,1,161745,Bachelors,Self-emp-not-inc,Exec-managerial,0,1980,60,39,0
32,Male,White,Married-civ-spouse,0,130057,Bachelors,Private,Exec-managerial,0,0,45,39,1
38,Female,White,Never-married,4,103925,HS-grad,Private,Adm-clerical,0,0,35,39,0
33,Male,White,Divorced,1,190511,7th-8th,Private,Handlers-cleaners,2176,0,35,39,0
62,Male,White,Married-civ-spouse,0,199193,HS-grad,Private,Handlers-cleaners,0,0,25,39,0
49,Male,White,Married-civ-spouse,0,168211,Some-college,Private,Craft-repair,0,1485,40,39,1
44,Female,Asian-Pac-Islander,Married-civ-spouse,5,52028,1st-4th,Private,Other-service,0,0,40,40,0
44,Male,White,Married-civ-spouse,0,230684,HS-grad,Self-emp-not-inc,Transport-moving,0,0,55,39,0
25,Male,White,Married-civ-spouse,0,306352,Assoc-voc,Private,Tech-support,0,0,40,26,0
53,Male,White,Married-civ-spouse,0,194995,5th-6th,Private,Craft-repair,0,0,45,22,0
45,Male,White,Married-civ-spouse,0,281911,HS-grad,Self-emp-inc,Craft-repair,0,0,48,39,0
32,Male,White,Never-married,1,226535,HS-grad,Private,Craft-repair,0,0,40,39,0
41,Female,Black,Divorced,1,39581,Some-college,Private,Adm-clerical,0,0,24,8,0
29,Male,Asian-Pac-Islander,Never-married,1,67053,HS-grad,State-gov,Other-service,0,0,40,37,0
31,Female,White,Never-married,3,110714,Some-college,State-gov,Other-service,0,0,37,39,0
44,Male,White,Separated,1,355728,Some-college,Private,Exec-managerial,0,1980,45,9,0
39,Female,White,Divorced,4,75891,Bachelors,Private,Tech-support,0,0,40,39,0
34,Female,White,Divorced,4,168906,Some-college,Self-emp-not-inc,Adm-clerical,0,0,50,39,0
75,Male,White,Widowed,4,146576,Bachelors,Self-emp-not-inc,Prof-specialty,0,0,48,39,1
23,Male,White,Married-civ-spouse,0,235853,HS-grad,Private,Transport-moving,0,0,40,39,0
27,Male,White,Married-civ-spouse,0,103164,11th,Private,Craft-repair,0,0,40,39,0
33,Male,White,Married-civ-spouse,0,233107,9th,Private,Craft-repair,0,0,33,26,0
30,Male,Asian-Pac-Islander,Married-civ-spouse,0,154568,Bachelors,Private,Craft-repair,0,0,36,40,1
46,Female,White,Divorced,4,166809,HS-grad,Private,Adm-clerical,0,0,40,39,0
46,Male,White,Divorced,1,233511,Bachelors,Private,Craft-repair,0,0,48,39,0
23,Female,Black,Never-married,2,141264,Some-college,Private,Exec-managerial,0,0,40,39,0
61,Male,White,Married-civ-spouse,0,101602,Doctorate,Other,Other,0,0,25,39,1
39,Female,White,Divorced,4,270059,Some-college,Private,Adm-clerical,0,0,35,39,0
66,Female,Black,Never-married,2,142501,HS-grad,Private,Other-service,0,0,3,39,0
52,Male,White,Divorced,1,204226,HS-grad,Private,Sales,0,0,45,39,0
31,Male,White,Never-married,1,61308,10th,Private,Other-service,0,0,40,39,0
24,Male,White,Married-civ-spouse,0,235071,11th,Private,Craft-repair,0,0,50,39,1
44,Male,White,Married-spouse-absent,4,157236,Some-college,Private,Handlers-cleaners,0,0,40,31,0
48,Male,White,Married-civ-spouse,0,191858,Some-college,Private,Craft-repair,0,0,40,39,0
26,Male,White,Never-married,1,35917,Some-college,Private,Transport-moving,0,0,50,39,0
52,Male,White,Married-civ-spouse,0,81859,HS-grad,Private,Machine-op-inspct,0,0,48,39,1
41,Male,White,Divorced,1,167725,Some-college,Private,Machine-op-inspct,0,0,40,39,0
26,Male,White,Never-married,2,120238,Bachelors,Private,Sales,0,0,40,39,0
44,Male,White,Married-civ-spouse,0,280362,Assoc-acdm,Federal-gov,Craft-repair,0,0,40,39,1
33,Male,White,Married-civ-spouse,0,169496,Bachelors,Private,Exec-managerial,0,0,50,39,1
44,Male,White,Married-civ-spouse,0,244974,Bachelors,State-gov,Protective-serv,0,0,44,39,1
28,Female,White,Married-civ-spouse,5,33662,Masters,Local-gov,Prof-specialty,7298,0,40,39,1
36,Male,White,Married-civ-spouse,0,188571,HS-grad,Private,Craft-repair,0,0,40,39,0
47,Male,Asian-Pac-Islander,Divorced,1,162924,Bachelors,Self-emp-not-inc,Exec-managerial,0,0,60,24,0
56,Male,White,Never-married,1,295067,Bachelors,Private,Exec-managerial,14084,0,45,39,1
27,Male,Amer-Indian-Eskimo,Never-married,2,23940,HS-grad,Private,Handlers-cleaners,0,0,40,39,0
69,Male,White,Married-civ-spouse,0,170877,HS-grad,Self-emp-not-inc,Sales,0,0,48,39,0
44,Male,White,Married-civ-spouse,0,100479,Assoc-acdm,Local-gov,Prof-specialty,0,0,48,39,0
22,Male,White,Never-married,1,324637,Some-college,Private,Sales,0,0,42,39,0
61,Male,White,Married-civ-spouse,0,125155,HS-grad,Private,Machine-op-inspct,0,0,40,39,0
33,Male,White,Married-civ-spouse,0,144064,Doctorate,Private,Prof-specialty,0,0,55,39,1
36,Male,White,Married-civ-spouse,0,188069,Some-college,Private,Exec-managerial,0,0,50,39,1
49,Male,Black,Divorced,1,411273,10th,Private,Machine-op-inspct,0,0,40,39,0
48,Male,White,Married-civ-spouse,0,180532,Assoc-voc,Private,Craft-repair,0,0,40,39,0
47,Male,White,Married-civ-spouse,0,197836,HS-grad,Private,Sales,0,0,45,39,0
37,Male,White,Never-married,1,103323,HS-grad,Private,Craft-repair,0,0,40,39,0
58,Female,White,Divorced,4,203735,HS-grad,Private,Exec-managerial,0,0,40,39,0
20,Female,White,Never-married,3,256504,Some-college,Private,Sales,0,0,6,39,0
40,Male,Black,Separated,1,140108,9th,State-gov,Machine-op-inspct,0,0,40,39,0
39,Female,White,Widowed,4,225330,Bachelors,Private,Prof-specialty,0,0,50,31,1
26,Male,White,Married-civ-spouse,2,421561,11th,Private,Other-service,0,0,25,39,0
54,Male,White,Divorced,1,192654,Bachelors,Self-emp-not-inc,Transport-moving,0,0,65,39,0
47,Female,Black,Married-civ-spouse,5,183522,Some-college,Private,Exec-managerial,0,0,40,39,1
29,Male,White,Married-civ-spouse,0,207064,HS-grad,Private,Machine-op-inspct,0,0,40,39,0
41,Male,White,Married-civ-spouse,0,70884,HS-grad,State-gov,Tech-support,0,0,40,39,0
65,Male,White,Married-civ-spouse,0,361721,Assoc-voc,Private,Transport-moving,0,0,20,39,0
43,Male,White,Married-civ-spouse,0,274731,Bachelors,Private,Prof-specialty,0,0,40,39,1
32,Male,White,Never-married,1,97723,Some-college,Private,Craft-repair,0,0,38,39,0
21,Male,White,Married-civ-spouse,0,305874,Some-college,Private,Other-service,0,0,40,39,0
20,Male,White,Married-civ-spouse,0,227626,HS-grad,Private,Adm-clerical,0,0,60,39,0
44,Female,White,Married-civ-spouse,5,109912,Doctorate,Private,Exec-managerial,15024,0,32,39,1
28,Male,Black,Never-married,3,154863,Bachelors,Private,Adm-clerical,0,0,35,39,0
23,Male,White,Never-married,3,38238,Bachelors,Private,Other-service,0,0,40,39,0
19,Female,White,Never-married,3,307496,Some-college,Private,Other-service,0,0,16,39,0
22,Female,Other,Married-civ-spouse,5,291547,5th-6th,Other,Other,0,0,40,26,0
32,Female,White,Married-civ-spouse,5,56328,Bachelors,Self-emp-not-inc,Prof-specialty,0,0,8,39,1
22,Female,White,Never-married,3,185452,Bachelors,Private,Exec-managerial,0,0,40,39,0
49,Male,White,Never-married,1,126754,Bachelors,Private,Exec-managerial,0,0,45,39,1
36,Female,Asian-Pac-Islander,Never-married,1,222294,Bachelors,Private,Exec-managerial,0,0,40,39,0
37,Male,White,Married-civ-spouse,0,31368,Some-college,Private,Craft-repair,0,0,40,39,0
33,Male,White,Separated,1,100154,10th,Private,Handlers-cleaners,0,0,40,39,0
19,Male,White,Never-married,3,351802,HS-grad,Private,Machine-op-inspct,0,0,35,39,0
28,Male,White,Married-civ-spouse,0,461929,7th-8th,Private,Farming-fishing,0,0,40,26,0
46,Female,White,Divorced,4,346978,Bachelors,Private,Prof-specialty,0,0,40,39,0
28,Female,Black,Never-married,3,144521,HS-grad,Private,Other-service,0,0,40,39,0
41,Female,White,Divorced,1,152742,Assoc-voc,Private,Tech-support,3325,0,40,39,0
47,Male,White,Married-civ-spouse,0,23545,Some-college,Private,Handlers-cleaners,0,0,40,39,0
30,Male,White,Married-civ-spouse,0,296453,Bachelors,Private,Adm-clerical,7298,0,40,39,1
39,Female,White,Divorced,1,74163,12th,Private,Sales,0,0,40,39,0
44,Male,White,Married-civ-spouse,0,180609,HS-grad,State-gov,Protective-serv,0,0,40,39,0
55,Male,Asian-Pac-Islander,Married-civ-spouse,0,88876,Masters,Federal-gov,Exec-managerial,0,0,60,39,1
24,Female,White,Divorced,4,191948,HS-grad,Private,Sales,0,0,30,39,0
32,Male,Asian-Pac-Islander,Married-civ-spouse,0,82393,Bachelors,Federal-gov,Prof-specialty,0,0,56,39,1
43,Male,Black,Married-civ-spouse,0,403467,Bachelors,Private,Exec-managerial,7688,0,40,39,1
38,Male,White,Married-civ-spouse,0,227615,1st-4th,Private,Handlers-cleaners,0,0,40,26,0
52,Female,White,Separated,1,200419,Assoc-acdm,Private,Prof-specialty,0,0,50,39,0
60,Male,White,Never-married,4,201965,Some-college,Private,Prof-specialty,0,0,40,39,1
38,Female,White,Married-civ-spouse,5,51838,HS-grad,Private,Prof-specialty,0,0,40,39,0
29,Male,White,Divorced,1,87905,HS-grad,Private,Other-service,10520,0,40,39,1
29,Female,Black,Never-married,3,261375,HS-grad,Private,Adm-clerical,0,0,60,39,0
43,Female,White,Never-married,1,203642,Bachelors,Private,Prof-specialty,0,0,40,39,1
28,Male,White,Never-married,1,487347,HS-grad,Private,Transport-moving,0,0,45,39,0
55,Female,Amer-Indian-Eskimo,Divorced,1,223716,Some-college,Local-gov,Exec-managerial,0,0,40,39,0
36,Male,White,Married-civ-spouse,0,105021,Bachelors,Private,Prof-specialty,0,0,55,39,0
67,Female,White,Widowed,1,74335,HS-grad,Other,Other,0,0,10,11,0
33,Male,White,Never-married,1,163110,Bachelors,State-gov,Prof-specialty,0,0,20,39,0
27,Female,White,Separated,4,80165,Some-college,Private,Adm-clerical,0,0,20,39,0
50,Male,White,Married-civ-spouse,0,176867,Doctorate,Self-emp-not-inc,Prof-specialty,3781,0,40,39,0
34,Male,White,Married-civ-spouse,0,209538,Bachelors,Self-emp-inc,Sales,0,0,50,39,1
45,Male,White,Married-civ-spouse,0,199058,Masters,Private,Exec-managerial,7298,0,50,39,1
34,Female,White,Married-civ-spouse,5,177596,Assoc-voc,Private,Exec-managerial,0,0,40,33,1
35,Male,White,Divorced,1,202027,Bachelors,Private,Exec-managerial,27828,0,50,39,1
24,Male,White,Never-married,3,55424,Bachelors,Private,Exec-managerial,0,0,40,39,0
65,Male,White,Married-civ-spouse,0,266081,HS-grad,Other,Other,0,0,40,39,0
43,Male,White,Married-civ-spouse,0,131899,Bachelors,Private,Exec-managerial,0,0,40,39,1
33,Female,White,Divorced,1,424719,Bachelors,Private,Exec-managerial,0,0,40,39,0
31,Female,White,Married-civ-spouse,5,162442,Bachelors,Self-emp-not-inc,Exec-managerial,0,0,40,39,1
75,Female,White,Widowed,1,188612,HS-grad,Private,Adm-clerical,0,0,40,39,0
32,Male,White,Married-civ-spouse,0,44392,Assoc-acdm,Private,Handlers-cleaners,0,0,40,39,0
43,Male,Black,Married-civ-spouse,0,310969,Prof-school,State-gov,Prof-specialty,0,0,40,39,0
62,Male,White,Married-civ-spouse,0,88055,Bachelors,Private,Machine-op-inspct,0,0,40,39,0
29,Male,White,Never-married,1,329426,HS-grad,Local-gov,Protective-serv,0,0,40,39,0
30,Male,White,Never-married,4,227359,Some-college,Private,Craft-repair,0,0,40,39,0
64,Male,White,Married-civ-spouse,0,213945,HS-grad,Self-emp-not-inc,Craft-repair,0,0,50,39,0
37,Male,Black,Never-married,1,635913,Bachelors,Private,Exec-managerial,0,0,60,39,1
29,Male,White,Married-civ-spouse,0,272913,HS-grad,Private,Adm-clerical,0,0,30,26,0
67,Male,White,Married-civ-spouse,0,73559,HS-grad,Self-emp-inc,Exec-managerial,9386,0,50,39,1
26,Male,White,Never-married,1,142689,Bachelors,Private,Prof-specialty,0,0,45,0,0
24,Female,White,Never-married,1,314182,HS-grad,Private,Transport-moving,0,0,50,39,0
38,Male,White,Divorced,4,82622,Some-college,Private,Craft-repair,0,0,40,39,0
56,Male,White,Married-civ-spouse,0,212864,Bachelors,Private,Prof-specialty,0,0,40,39,1
61,Male,White,Married-civ-spouse,0,151369,Prof-school,Federal-gov,Prof-specialty,0,0,50,39,1
49,Male,White,Married-civ-spouse,0,199326,Some-college,Self-emp-not-inc,Sales,0,0,50,39,0
42,Male,White,Married-civ-spouse,0,572751,Preschool,Private,Craft-repair,0,0,40,27,0
23,Male,White,Never-married,3,219535,HS-grad,Private,Exec-managerial,0,0,40,39,0
48,Female,Black,Never-married,4,207982,Some-college,Private,Other-service,0,0,40,39,0
34,Male,Other,Separated,1,228881,Some-college,Private,Machine-op-inspct,0,0,40,39,0
32,Male,White,Never-married,1,198211,Some-college,State-gov,Adm-clerical,0,0,38,39,0
47,Male,White,Married-civ-spouse,0,229737,HS-grad,Private,Craft-repair,0,0,45,39,1
29,Male,White,Married-civ-spouse,0,423024,5th-6th,Private,Farming-fishing,0,0,40,26,0
52,Male,White,Married-civ-spouse,0,204322,Assoc-voc,Private,Tech-support,5013,0,40,39,0
42,Male,White,Married-civ-spouse,0,213464,Some-college,Private,Craft-repair,0,0,40,39,0
39,Male,White,Never-married,1,206520,HS-grad,Private,Adm-clerical,0,0,45,39,0
45,Female,White,Divorced,4,107682,HS-grad,Private,Adm-clerical,0,0,40,39,0
47,Male,White,Never-married,2,225456,HS-grad,Private,Tech-support,0,0,50,39,0
55,Female,White,Married-civ-spouse,5,170166,Bachelors,Self-emp-not-inc,Exec-managerial,0,0,25,39,0
66,Male,Asian-Pac-Islander,Married-civ-spouse,0,180211,Bachelors,Private,Craft-repair,0,0,30,30,0
62,Male,White,Married-civ-spouse,0,244087,Doctorate,Private,Prof-specialty,15024,0,50,39,1
50,Female,White,Married-civ-spouse,5,259377,Masters,Local-gov,Prof-specialty,15024,0,40,39,1
68,Male,White,Married-civ-spouse,0,128472,Doctorate,Private,Prof-specialty,0,0,55,39,1
18,Female,White,Never-married,3,60981,Some-college,Private,Sales,2176,0,35,39,0
26,Male,Black,Never-married,3,154093,HS-grad,Private,Transport-moving,0,0,40,39,0
32,Female,White,Never-married,1,177794,Masters,Local-gov,Prof-specialty,0,0,40,39,0
37,Male,White,Married-civ-spouse,0,125933,HS-grad,Federal-gov,Adm-clerical,0,0,40,39,1
27,Female,White,Never-married,1,34273,Assoc-voc,Private,Prof-specialty,0,1876,36,2,0
41,Male,White,Married-civ-spouse,0,160785,Assoc-voc,Private,Exec-managerial,0,0,40,39,1
53,Male,White,Separated,3,242859,Some-college,Private,Adm-clerical,0,0,40,5,0
66,Male,White,Married-civ-spouse,0,196674,Bachelors,Private,Sales,0,0,15,39,1
34,Female,White,Married-civ-spouse,5,199864,Some-college,Private,Adm-clerical,0,2057,40,39,0
29,Male,White,Never-married,4,82242,Prof-school,Private,Prof-specialty,27828,0,45,11,1
19,Female,White,Never-married,1,258026,HS-grad,Other,Other,0,0,16,39,0
47,Male,Asian-Pac-Islander,Married-civ-spouse,0,191411,Masters,Private,Prof-specialty,0,0,45,19,0
40,Male,White,Married-civ-spouse,0,129298,HS-grad,Self-emp-not-inc,Other-service,0,0,45,39,0
18,Female,White,Married-civ-spouse,5,207438,HS-grad,Self-emp-not-inc,Other-service,0,0,40,39,0
47,Male,White,Married-civ-spouse,0,121124,5th-6th,Self-emp-not-inc,Sales,0,0,55,22,1
37,Male,White,Married-civ-spouse,0,267085,Some-college,Private,Adm-clerical,0,0,40,39,0
48,Female,Black,Divorced,1,118717,Bachelors,Private,Prof-specialty,0,0,40,39,0
21,Female,White,Never-married,2,140764,HS-grad,Private,Adm-clerical,0,0,45,39,0
65,Male,White,Married-civ-spouse,0,28367,HS-grad,Self-emp-not-inc,Sales,0,0,55,39,0
26,Female,White,Married-spouse-absent,4,219815,Some-college,Private,Adm-clerical,0,0,40,39,0
29,Female,Black,Never-married,4,146343,HS-grad,Private,Other-service,0,0,25,39,0
30,Female,White,Divorced,3,70377,HS-grad,Private,Prof-specialty,0,0,40,39,0
51,Male,White,Never-married,2,129525,HS-grad,Self-emp-inc,Sales,0,0,40,0,0
55,Male,White,Married-civ-spouse,0,266343,HS-grad,Private,Prof-specialty,0,0,46,39,0
35,Male,White,Married-civ-spouse,0,454915,9th,Self-emp-not-inc,Craft-repair,0,0,40,39,0
21,Male,White,Never-married,3,160968,Some-college,Private,Handlers-cleaners,0,0,40,39,0
29,Female,White,Never-married,1,334221,Some-college,Private,Other-service,0,0,18,39,0
35,Male,White,Married-civ-spouse,0,102268,Bachelors,Private,Exec-managerial,0,0,45,39,0
18,Female,White,Never-married,2,92008,HS-grad,Private,Handlers-cleaners,0,0,28,39,0
42,Male,White,Married-civ-spouse,0,32185,Bachelors,Self-emp-not-inc,Farming-fishing,0,0,60,39,1
18,Male,White,Never-married,3,117372,11th,Self-emp-inc,Sales,0,0,15,39,0
34,Male,White,Divorced,1,245173,HS-grad,Private,Sales,0,1669,45,39,0
50,Female,Black,Divorced,4,218382,Some-college,Local-gov,Other-service,0,0,40,39,0
31,Female,Amer-Indian-Eskimo,Never-married,3,50442,Some-college,Local-gov,Exec-managerial,0,0,32,39,0
26,Male,White,Never-married,3,306513,Some-college,Private,Handlers-cleaners,0,0,40,39,0
32,Female,White,Never-married,3,131379,HS-grad,Private,Other-service,0,0,40,39,0
31,Female,Black,Married-civ-spouse,5,305692,Some-college,Private,Sales,0,0,40,39,0
23,Male,White,Married-civ-spouse,0,34113,HS-grad,Private,Craft-repair,0,0,45,39,0
46,Male,White,Married-civ-spouse,0,36228,HS-grad,Local-gov,Craft-repair,0,1902,40,39,0
47,Male,White,Married-civ-spouse,0,148995,Masters,Private,Exec-managerial,0,0,65,39,1
44,Male,White,Married-civ-spouse,0,56651,Bachelors,Local-gov,Exec-managerial,0,0,52,39,0
29,Female,White,Never-married,1,137618,Some-college,Private,Other-service,0,0,41,39,1
63,Female,Black,Widowed,1,166425,Some-college,Other,Other,0,0,24,39,0
54,Male,White,Divorced,1,163815,Masters,Self-emp-not-inc,Sales,0,0,60,39,0
46,Male,White,Married-civ-spouse,0,207022,Bachelors,Federal-gov,Exec-managerial,7688,0,40,39,1
57,Male,White,Married-civ-spouse,0,120302,HS-grad,Private,Machine-op-inspct,0,0,40,39,0
23,Male,White,Never-married,1,186666,Some-college,Private,Machine-op-inspct,0,0,40,39,0
49,Male,White,Married-civ-spouse,0,111066,Bachelors,Self-emp-not-inc,Craft-repair,0,0,50,39,1
49,Male,Other,Married-civ-spouse,0,61307,7th-8th,Private,Machine-op-inspct,0,0,38,39,0
32,Male,White,Never-married,1,86723,HS-grad,Private,Other-service,0,0,52,39,0
31,Male,White,Married-civ-spouse,0,308540,Some-college,Private,Craft-repair,0,0,40,39,1
33,Male,White,Married-civ-spouse,0,289716,10th,Local-gov,Transport-moving,0,0,40,39,0
43,Male,White,Married-civ-spouse,0,41834,HS-grad,State-gov,Transport-moving,0,0,38,39,1
35,Male,White,Married-civ-spouse,0,214816,Bachelors,Private,Exec-managerial,0,0,40,39,1
53,Female,White,Divorced,4,117058,HS-grad,Private,Other-service,0,0,40,39,0
62,Male,Black,Married-civ-spouse,0,224953,10th,Private,Machine-op-inspct,0,0,40,39,0
31,Male,White,Married-civ-spouse,0,227146,Bachelors,Private,Sales,0,0,55,39,1
38,Male,White,Married-civ-spouse,0,226357,HS-grad,Private,Craft-repair,0,0,40,39,0
48,Male,White,Married-civ-spouse,0,141511,Masters,Private,Exec-managerial,0,0,40,39,1
17,Female,White,Never-married,3,285169,11th,Private,Priv-house-serv,0,0,40,39,0
21,Female,White,Never-married,1,65225,Some-college,Private,Adm-clerical,0,0,30,39,0
21,Female,White,Never-married,3,126613,Some-college,Private,Other-service,0,0,40,39,0
78,Male,White,Married-civ-spouse,0,385242,Bachelors,Self-emp-inc,Exec-managerial,9386,0,45,39,1
28,Male,White,Married-civ-spouse,0,110145,HS-grad,Private,Adm-clerical,0,0,40,39,0
18,Male,White,Never-married,3,39411,11th,Private,Handlers-cleaners,0,0,24,39,0
32,Male,White,Married-civ-spouse,0,204567,Bachelors,Private,Sales,99999,0,60,39,1
52,Male,White,Married-civ-spouse,0,156953,HS-grad,Private,Handlers-cleaners,0,0,40,39,1
68,Female,White,Divorced,1,145638,Some-college,Private,Sales,0,0,40,39,0
40,Male,White,Married-civ-spouse,0,144371,Bachelors,Self-emp-inc,Craft-repair,0,0,15,39,0
24,Male,White,Married-civ-spouse,0,43387,Bachelors,Private,Exec-managerial,0,0,55,9,1
35,Female,White,Never-married,4,84848,Some-college,Federal-gov,Handlers-cleaners,0,0,40,39,0
40,Male,Black,Married-spouse-absent,3,180123,HS-grad,Local-gov,Farming-fishing,0,0,40,39,0
43,Male,White,Married-civ-spouse,0,145441,Prof-school,Self-emp-not-inc,Prof-specialty,0,0,30,39,1
59,Male,White,Married-civ-spouse,0,31137,HS-grad,Self-emp-not-inc,Farming-fishing,0,0,70,39,0
27,Female,White,Married-civ-spouse,5,191822,HS-grad,Private,Sales,0,0,50,39,0
20,Male,White,Married-civ-spouse,3,66917,11th,Private,Farming-fishing,0,0,40,26,0
28,Male,White,Separated,1,424884,10th,Other,Other,0,0,30,39,0
36,Female,White,Married-civ-spouse,5,187983,Bachelors,Private,Prof-specialty,0,0,40,39,0
46,Female,White,Divorced,1,148254,HS-grad,Private,Exec-managerial,0,0,60,39,0
51,Male,Black,Married-civ-spouse,0,84399,HS-grad,Private,Machine-op-inspct,0,0,40,39,0
18,Male,White,Never-married,3,132652,11th,Private,Other-service,0,0,20,39,0
45,Male,White,Married-civ-spouse,0,83064,Bachelors,Private,Sales,0,0,50,39,0
23,Female,White,Never-married,1,200973,HS-grad,Private,Adm-clerical,0,0,40,39,0
34,Male,White,Married-civ-spouse,0,49707,HS-grad,Self-emp-not-inc,Exec-managerial,0,0,70,39,0
49,Male,White,Married-civ-spouse,0,129513,Masters,Private,Sales,0,0,45,39,0
30,Male,White,Married-civ-spouse,0,176185,Assoc-acdm,Self-emp-not-inc,Sales,0,0,60,20,0
25,Female,White,Never-married,1,193820,Bachelors,Private,Sales,0,1876,40,39,0
23,Male,White,Never-married,4,145111,HS-grad,Private,Transport-moving,0,0,50,39,0
20,Female,White,Never-married,3,187158,Some-college,Private,Adm-clerical,0,0,15,39,0
49,Male,White,Married-civ-spouse,0,184428,Masters,Local-gov,Adm-clerical,0,0,40,39,0
20,Male,Black,Never-married,1,107242,HS-grad,Private,Machine-op-inspct,0,0,40,0,0
53,Male,Black,Divorced,1,107123,HS-grad,Private,Other-service,0,0,40,39,0
67,Female,Black,Widowed,4,159542,5th-6th,Other,Other,0,0,40,39,0
19,Female,White,Never-married,3,166153,HS-grad,Private,Sales,0,0,30,39,0
18,Male,White,Never-married,3,152171,11th,Local-gov,Protective-serv,0,0,10,39,0
43,Male,White,Married-civ-spouse,0,200508,Bachelors,Other,Other,0,0,40,39,0
29,Female,White,Never-married,1,250819,Some-college,Private,Adm-clerical,0,0,40,39,0
79,Male,White,Married-civ-spouse,0,165209,HS-grad,Other,Other,0,0,40,39,0
37,Male,White,Married-civ-spouse,0,289653,HS-grad,Federal-gov,Adm-clerical,0,0,50,39,1
38,Male,White,Married-civ-spouse,0,197077,HS-grad,Private,Other-service,0,0,40,39,0
41,Male,Asian-Pac-Islander,Married-civ-spouse,0,116379,Masters,Private,Prof-specialty,0,0,55,36,1
53,Female,White,Divorced,1,135105,Bachelors,Other,Other,0,0,50,39,0
34,Male,White,Never-married,1,252529,Bachelors,State-gov,Prof-specialty,0,0,48,39,0
20,Male,White,Never-married,1,189203,Assoc-acdm,Other,Other,0,0,40,39,0
49,Female,White,Never-married,4,176684,Assoc-voc,Private,Exec-managerial,0,0,40,39,0
37,Male,White,Married-civ-spouse,0,124293,Some-college,Private,Adm-clerical,0,0,50,39,0
55,Female,White,Separated,4,100569,HS-grad,Self-emp-not-inc,Farming-fishing,0,0,55,39,0
31,Female,White,Never-married,1,188096,Bachelors,Private,Prof-specialty,0,0,72,39,1
31,Male,White,Never-married,1,187560,HS-grad,Private,Adm-clerical,2174,0,40,39,0
38,Female,White,Married-civ-spouse,5,175972,Some-college,Private,Other-service,0,0,40,39,0
45,Female,Asian-Pac-Islander,Widowed,1,75673,Assoc-voc,Private,Adm-clerical,0,0,40,39,0
53,Male,White,Married-civ-spouse,0,96062,Some-college,Private,Exec-managerial,0,1740,40,39,0
18,Male,Black,Never-married,3,234648,11th,Other,Other,0,0,15,39,0
32,Female,White,Divorced,4,76773,Some-college,Private,Machine-op-inspct,0,0,40,39,0
47,Male,White,Divorced,1,77102,Masters,Self-emp-not-inc,Prof-specialty,0,0,40,39,0
21,Female,White,Never-married,4,270043,10th,Other,Other,0,0,30,39,0
34,Female,White,Married-civ-spouse,5,317219,Some-college,Other,Other,0,0,20,39,1
25,Male,White,Married-civ-spouse,0,344804,HS-grad,Private,Other-service,0,0,50,26,0
34,Male,White,Divorced,4,119411,HS-grad,Local-gov,Protective-serv,0,0,40,32,0
52,Male,White,Married-civ-spouse,0,164135,HS-grad,Private,Exec-managerial,0,0,50,39,1
51,Male,White,Married-civ-spouse,0,204322,Assoc-voc,Private,Handlers-cleaners,0,0,40,39,1
34,Male,White,Married-civ-spouse,0,30497,Bachelors,Private,Exec-managerial,15024,0,60,39,1
25,Male,White,Divorced,1,499233,HS-grad,Private,Adm-clerical,0,0,40,39,0
20,Female,White,Never-married,3,126822,Some-college,State-gov,Prof-specialty,0,0,15,39,0
46,Male,White,Divorced,1,149640,Bachelors,Private,Prof-specialty,0,0,45,9,1
43,Male,Black,Never-married,1,129853,10th,Private,Machine-op-inspct,0,0,40,39,0
42,Female,Black,Never-married,4,196797,HS-grad,Private,Transport-moving,0,0,38,39,0
24,Female,Asian-Pac-Islander,Never-married,2,86745,Bachelors,Private,Adm-clerical,0,0,16,39,0
42,Male,White,Married-civ-spouse,0,511068,Bachelors,Private,Prof-specialty,7688,0,40,39,1
20,Male,White,Never-married,3,104164,HS-grad,Private,Handlers-cleaners,0,0,40,39,0
19,Male,White,Never-married,3,202184,Some-college,Local-gov,Adm-clerical,0,0,15,39,0
33,Female,Black,Never-married,3,133278,HS-grad,Private,Adm-clerical,0,0,40,39,0
31,Male,Asian-Pac-Islander,Married-civ-spouse,0,86143,HS-grad,Other,Other,0,0,40,30,0
53,Male,White,Never-married,1,149650,HS-grad,Private,Sales,0,2559,48,39,1
35,Male,Asian-Pac-Islander,Married-civ-spouse,0,193961,Bachelors,Private,Prof-specialty,0,0,40,30,1
37,Male,White,Married-civ-spouse,0,348739,Bachelors,Private,Prof-specialty,0,0,45,39,1
65,Male,White,Married-civ-spouse,0,209280,Masters,State-gov,Prof-specialty,6514,0,35,39,1
59,Female,White,Married-spouse-absent,4,426001,HS-grad,Private,Adm-clerical,0,0,20,33,0
49,Male,White,Married-civ-spouse,0,122066,HS-grad,Private,Exec-managerial,0,0,30,18,0
61,Male,White,Married-civ-spouse,0,101500,Assoc-voc,Private,Adm-clerical,0,0,40,39,0
35,Male,White,Married-civ-spouse,0,179668,Some-college,Private,Prof-specialty,0,0,40,39,1
32,Male,White,Married-civ-spouse,0,157287,Bachelors,Private,Sales,0,0,40,39,0
35,Male,White,Married-civ-spouse,0,154410,Bachelors,Private,Exec-managerial,0,0,50,39,1
27,Male,Black,Never-married,3,194652,HS-grad,Private,Craft-repair,0,0,40,39,0
24,Male,White,Never-married,1,83141,Bachelors,Private,Exec-managerial,0,0,40,39,0
26,Male,White,Never-married,1,166295,Bachelors,Local-gov,Prof-specialty,0,2339,55,39,0
28,Male,White,Never-married,3,162298,HS-grad,Private,Craft-repair,0,0,40,39,0
32,Female,White,Divorced,1,169240,HS-grad,Private,Machine-op-inspct,0,0,38,39,0
45,Male,White,Married-civ-spouse,0,201080,Masters,Self-emp-not-inc,Sales,0,0,40,39,1
44,Male,Black,Married-civ-spouse,0,169980,11th,Private,Other-service,0,0,60,39,0
48,Female,Black,Divorced,4,95244,Some-college,Private,Other-service,0,0,35,39,0
23,Female,White,Never-married,1,120773,HS-grad,Private,Adm-clerical,0,0,40,39,0
20,Female,White,Never-married,3,215247,Some-college,Private,Adm-clerical,0,0,20,39,0
62,Male,White,Married-civ-spouse,0,162347,Prof-school,Self-emp-not-inc,Prof-specialty,0,0,15,39,1
25,Male,White,Married-civ-spouse,0,169990,HS-grad,Private,Sales,0,0,40,39,0
66,Male,White,Married-civ-spouse,0,126511,Some-college,Private,Exec-managerial,0,0,45,39,0
41,Male,White,Divorced,4,154374,Some-college,Self-emp-not-inc,Other-service,0,0,45,39,0
25,Female,Black,Never-married,3,191782,11th,Private,Machine-op-inspct,0,0,40,39,0
17,Female,White,Never-married,3,156501,12th,Private,Other-service,0,0,16,39,0
45,Female,Black,Never-married,1,151267,Bachelors,Private,Adm-clerical,0,0,40,39,1
47,Male,White,Married-civ-spouse,0,197038,Bachelors,Federal-gov,Prof-specialty,0,0,50,39,0
41,Male,White,Married-civ-spouse,0,84610,Bachelors,Private,Exec-managerial,0,1902,60,39,1
26,Male,White,Never-married,1,190330,Bachelors,Private,Other-service,0,0,30,39,0
32,Female,White,Never-married,1,163604,Masters,Private,Prof-specialty,0,0,20,39,0
22,Female,White,Never-married,3,264874,HS-grad,Private,Craft-repair,0,0,40,39,0
21,Male,White,Never-married,3,301853,Some-college,Other,Other,0,0,40,39,0
58,Male,White,Married-civ-spouse,0,322691,Bachelors,Private,Machine-op-inspct,0,0,40,39,1
23,Female,White,Never-married,3,107882,Bachelors,Private,Adm-clerical,0,0,40,39,0
30,Male,Black,Never-married,4,363296,HS-grad,Private,Handlers-cleaners,0,0,72,39,0
20,Male,White,Never-married,3,147344,Some-college,Private,Handlers-cleaners,0,0,20,39,0
51,Male,White,Married-civ-spouse,0,61270,HS-grad,Private,Handlers-cleaners,0,0,40,39,1
19,Female,White,Never-married,3,151506,HS-grad,Private,Other-service,0,0,30,39,0
20,Female,White,Never-married,1,396722,Some-college,Private,Sales,0,0,40,39,0
28,Female,White,Married-civ-spouse,2,59335,Bachelors,Private,Adm-clerical,0,0,15,39,0
47,Male,White,Divorced,1,203067,Bachelors,Local-gov,Prof-specialty,0,0,50,39,0
24,Male,White,Never-married,3,214542,Some-college,Private,Craft-repair,0,0,60,2,0
57,Male,White,Married-civ-spouse,0,134195,HS-grad,Private,Sales,0,0,40,39,0
28,Male,White,Married-civ-spouse,0,141350,Bachelors,Private,Exec-managerial,0,0,45,39,0
49,Male,White,Married-civ-spouse,0,213140,HS-grad,Self-emp-inc,Exec-managerial,0,1902,60,39,1
30,Male,White,Married-civ-spouse,0,111415,Bachelors,Private,Exec-managerial,0,0,45,39,1
27,Female,Other,Never-married,1,147638,Masters,Other,Other,0,0,40,24,0
43,Female,White,Divorced,4,188199,9th,Private,Handlers-cleaners,0,0,40,39,0
64,Male,Asian-Pac-Islander,Married-civ-spouse,0,86837,Assoc-acdm,Federal-gov,Other-service,0,0,40,39,1
31,Female,White,Never-married,1,100734,Doctorate,Private,Prof-specialty,0,0,28,39,0
42,Male,White,Never-married,1,183765,Bachelors,Self-emp-not-inc,Prof-specialty,0,0,50,0,0
43,Female,Black,Separated,1,50197,10th,Private,Other-service,0,0,40,39,0
53,Male,White,Married-civ-spouse,0,311350,Bachelors,Private,Exec-managerial,0,0,50,39,1
45,Female,White,Never-married,1,132847,HS-grad,Private,Handlers-cleaners,0,0,40,39,0
54,Male,White,Married-civ-spouse,0,177927,Masters,Private,Prof-specialty,0,0,60,39,0
42,Male,Asian-Pac-Islander,Married-civ-spouse,0,102343,Prof-school,State-gov,Prof-specialty,0,0,72,19,1
22,Female,White,Never-married,1,401762,HS-grad,Private,Adm-clerical,0,0,55,39,0
29,Female,Black,Never-married,1,251854,Bachelors,Private,Adm-clerical,0,0,40,39,0
40,Male,White,Never-married,1,208470,HS-grad,Private,Craft-repair,0,0,40,39,0
53,Male,White,Divorced,1,123703,HS-grad,Private,Transport-moving,0,0,40,39,0
44,Male,White,Divorced,1,260046,HS-grad,Private,Transport-moving,0,0,40,39,0
28,Male,White,Married-civ-spouse,0,182826,HS-grad,Self-emp-not-inc,Prof-specialty,0,0,35,39,0
55,Male,White,Married-civ-spouse,0,141326,HS-grad,Private,Craft-repair,0,0,40,39,1
25,Female,White,Separated,4,157900,Some-college,Private,Adm-clerical,0,0,40,39,0
28,Male,Other,Never-married,3,197113,HS-grad,Private,Machine-op-inspct,0,0,50,33,0
47,Male,White,Married-civ-spouse,0,30575,Some-college,State-gov,Prof-specialty,0,0,50,39,0
31,Male,White,Divorced,1,204829,HS-grad,Private,Machine-op-inspct,0,0,40,39,0
30,Male,White,Married-civ-spouse,0,226443,Masters,Local-gov,Prof-specialty,0,1887,45,39,1
36,Male,White,Married-civ-spouse,0,107302,HS-grad,Private,Tech-support,0,0,50,39,0
49,Male,White,Married-civ-spouse,0,98092,HS-grad,Private,Craft-repair,0,0,40,39,1
23,Male,White,Never-married,3,308498,Some-college,Private,Craft-repair,0,0,15,39,0
20,Female,White,Never-married,3,250037,Some-college,Other,Other,0,0,18,0,0
34,Male,White,Married-civ-spouse,0,112115,Prof-school,Private,Prof-specialty,0,1977,55,39,1
27,Female,White,Separated,3,89718,Some-college,Self-emp-inc,Sales,0,0,40,39,0
27,Male,Black,Never-married,1,209891,Some-college,Private,Handlers-cleaners,0,0,50,39,0
48,Female,White,Divorced,4,145886,Bachelors,Local-gov,Prof-specialty,0,0,60,39,0
45,Male,White,Married-civ-spouse,0,264052,HS-grad,State-gov,Craft-repair,0,0,40,39,0
62,Female,White,Divorced,1,244933,Masters,Private,Prof-specialty,0,0,45,39,0
31,Female,White,Never-married,3,113129,Some-college,State-gov,Other-service,0,0,65,39,0
34,Male,White,Married-civ-spouse,0,243165,Bachelors,Private,Other-service,0,0,30,39,1
44,Female,White,Separated,1,195488,12th,Other,Other,0,0,36,33,0
52,Male,White,Divorced,4,187830,HS-grad,Local-gov,Tech-support,4934,0,36,39,1
19,Female,Amer-Indian-Eskimo,Never-married,3,126501,11th,Private,Adm-clerical,0,0,15,35,0
26,Female,White,Never-married,1,28856,Bachelors,Private,Tech-support,0,0,40,39,0
28,Female,Black,Never-married,4,30771,Some-college,Private,Adm-clerical,0,0,40,39,0
46,Female,White,Married-civ-spouse,5,243190,HS-grad,Private,Adm-clerical,7688,0,40,39,1
30,Male,White,Never-married,1,426431,Masters,Private,Prof-specialty,10520,0,40,39,1
29,Female,White,Married-civ-spouse,5,218785,Some-college,Private,Adm-clerical,0,0,65,39,0
42,Male,White,Married-civ-spouse,0,174575,Bachelors,Local-gov,Prof-specialty,5178,0,40,39,1
44,Male,White,Divorced,1,212894,Prof-school,Private,Prof-specialty,0,0,55,39,1
46,Male,White,Married-civ-spouse,0,105444,Bachelors,Private,Exec-managerial,0,0,50,39,1
31,Male,White,Married-civ-spouse,0,152156,HS-grad,Private,Craft-repair,0,0,45,39,0
29,Male,White,Divorced,1,212895,Some-college,Self-emp-not-inc,Machine-op-inspct,0,0,48,39,0
24,Male,Asian-Pac-Islander,Never-married,1,67222,Bachelors,Private,Machine-op-inspct,0,0,45,3,0
32,Female,White,Never-married,2,168981,HS-grad,Private,Adm-clerical,0,0,35,39,0
57,Female,White,Widowed,1,96346,HS-grad,Private,Prof-specialty,0,0,57,39,0
32,Male,White,Separated,1,209317,HS-grad,Private,Exec-managerial,0,0,40,0,0
43,Female,White,Divorced,1,260696,Bachelors,Private,Exec-managerial,0,0,40,39,0
53,Male,Black,Married-civ-spouse,0,347446,9th,Private,Machine-op-inspct,0,0,40,39,0
43,Male,White,Separated,4,244172,HS-grad,Private,Transport-moving,0,0,40,26,0
29,Male,White,Married-spouse-absent,1,308944,HS-grad,Private,Craft-repair,0,0,40,39,0
37,Male,White,Married-civ-spouse,0,409189,Some-college,Private,Craft-repair,0,0,45,39,0
37,Male,White,Married-civ-spouse,0,359591,10th,Private,Craft-repair,0,0,40,39,0
33,Male,White,Never-married,3,31703,Some-college,State-gov,Other-service,0,0,40,39,0
37,Female,White,Married-civ-spouse,5,177895,Some-college,Private,Tech-support,5013,0,40,39,0
32,Female,White,Never-married,4,167049,12th,State-gov,Adm-clerical,0,0,40,39,0
20,Male,White,Never-married,3,131611,Some-college,Private,Adm-clerical,0,0,48,39,0
31,Male,White,Divorced,1,200117,HS-grad,Private,Adm-clerical,0,0,40,39,0
41,Male,White,Married-civ-spouse,0,113491,Some-college,Private,Prof-specialty,0,0,40,39,1
50,Female,White,Divorced,4,192964,HS-grad,Private,Sales,0,0,65,39,0
33,Female,White,Never-married,4,228528,10th,Private,Craft-repair,0,0,35,39,0
21,Male,White,Never-married,2,405684,HS-grad,Other,Other,0,0,35,26,0
58,Male,Black,Married-civ-spouse,0,103540,7th-8th,Private,Transport-moving,0,0,40,39,0
23,Male,Black,Never-married,1,1038553,HS-grad,Private,Exec-managerial,0,0,45,39,0
23,Female,Asian-Pac-Islander,Never-married,3,161478,Some-college,Private,Sales,0,0,40,39,0
22,Male,White,Never-married,1,310152,Some-college,Private,Protective-serv,0,0,40,39,0
24,Male,White,Never-married,1,32950,Bachelors,Local-gov,Prof-specialty,0,0,35,39,0
41,Male,White,Married-civ-spouse,0,144594,7th-8th,Self-emp-not-inc,Craft-repair,0,2179,40,39,0
44,Male,White,Married-civ-spouse,0,167005,HS-grad,Private,Adm-clerical,0,0,48,39,1
43,Male,White,Married-civ-spouse,0,161240,HS-grad,Local-gov,Protective-serv,0,0,45,39,1
24,Male,Asian-Pac-Islander,Never-married,1,147719,Masters,State-gov,Prof-specialty,0,0,20,19,0
46,Male,White,Divorced,4,81136,Assoc-voc,Other,Other,0,0,30,39,0
46,Female,Black,Separated,3,239439,HS-grad,Private,Machine-op-inspct,0,0,40,39,0
58,Male,White,Married-civ-spouse,0,56392,Some-college,Private,Sales,0,0,40,39,0
49,Male,White,Married-civ-spouse,0,337768,Masters,Local-gov,Exec-managerial,0,0,50,39,1
51,Male,White,Married-civ-spouse,0,454063,Doctorate,State-gov,Exec-managerial,7298,0,40,39,1
42,Male,White,Married-civ-spouse,0,248406,HS-grad,Self-emp-not-inc,Transport-moving,0,0,40,39,0
22,Male,White,Never-married,3,217961,Some-college,Private,Transport-moving,0,1719,30,39,0
28,Female,White,Never-married,1,334368,Assoc-voc,Private,Prof-specialty,4650,0,40,39,0
45,Male,White,Married-civ-spouse,0,34446,HS-grad,Self-emp-not-inc,Transport-moving,0,0,50,39,0
44,Male,White,Never-married,1,157217,Bachelors,Self-emp-not-inc,Sales,0,0,42,39,0
55,Female,White,Married-civ-spouse,5,334308,HS-grad,Private,Exec-managerial,0,0,30,39,1
39,Male,White,Married-civ-spouse,0,401832,Some-college,Private,Exec-managerial,0,0,48,39,0
27,Female,White,Never-married,1,240809,Some-college,Private,Adm-clerical,0,0,56,39,0
23,Male,White,Married-civ-spouse,0,384651,Some-college,Private,Handlers-cleaners,0,0,40,39,0
23,Female,White,Never-married,1,174461,HS-grad,Private,Other-service,0,0,40,39,0
43,Male,White,Married-civ-spouse,0,33729,Bachelors,Self-emp-inc,Sales,0,0,45,39,1
18,Female,White,Never-married,3,27920,11th,Private,Exec-managerial,0,0,25,39,0
36,Female,White,Never-married,1,111499,Masters,Private,Exec-managerial,14084,0,40,39,1
28,Female,Black,Never-married,4,251854,Some-college,Local-gov,Adm-clerical,0,0,40,39,0
63,Female,White,Divorced,1,28334,Masters,Private,Exec-managerial,0,0,40,39,1
60,Female,White,Widowed,4,225883,Some-college,Private,Sales,0,0,27,39,0
54,Male,White,Married-civ-spouse,0,200783,Some-college,Private,Sales,0,0,40,39,0
62,Male,White,Married-civ-spouse,0,225652,7th-8th,Other,Other,3411,0,50,39,0
51,Male,Black,Separated,1,277024,HS-grad,Local-gov,Protective-serv,0,0,40,39,0
33,Male,White,Married-civ-spouse,0,111363,Bachelors,Private,Exec-managerial,0,0,40,39,1
40,Female,White,Never-married,1,84232,HS-grad,Other,Other,0,0,4,39,0
50,Male,White,Married-civ-spouse,0,138022,Some-college,Private,Prof-specialty,0,0,40,39,0
30,Female,Black,Never-married,3,103649,Some-college,Private,Other-service,0,0,40,39,0
35,Male,White,Divorced,3,166193,HS-grad,Private,Machine-op-inspct,0,0,40,39,0
19,Male,Black,Never-married,1,282721,Some-college,State-gov,Other-service,0,0,12,39,0
31,Female,White,Divorced,4,165949,HS-grad,Private,Other-service,0,0,40,39,0
71,Male,White,Married-civ-spouse,0,105200,HS-grad,Private,Protective-serv,6767,0,20,39,0
29,Female,White,Divorced,1,363963,HS-grad,Private,Other-service,0,0,40,39,0
35,Female,Black,Never-married,4,199674,HS-grad,Local-gov,Other-service,0,0,40,39,0
28,Male,White,Divorced,3,66473,HS-grad,Private,Machine-op-inspct,0,0,40,39,0
26,Male,White,Married-civ-spouse,0,402998,Bachelors,Private,Prof-specialty,0,0,58,39,1
72,Female,Black,Widowed,4,497280,9th,Private,Other-service,0,0,20,39,0
42,Male,White,Married-civ-spouse,0,36271,Bachelors,Private,Sales,0,0,40,39,1
41,Male,White,Divorced,4,188738,HS-grad,Self-emp-not-inc,Craft-repair,0,0,27,39,0
26,Male,White,Never-married,1,157028,Masters,Private,Prof-specialty,0,0,55,39,1
41,Female,Black,Never-married,4,282882,HS-grad,Private,Sales,0,0,40,39,0
24,Male,White,Married-civ-spouse,0,161092,Some-college,Private,Adm-clerical,7298,0,40,39,1
30,Female,White,Divorced,1,258170,HS-grad,Private,Adm-clerical,0,0,40,39,0
36,Male,White,Married-civ-spouse,0,49626,HS-grad,Private,Exec-managerial,0,0,40,39,0
53,Male,White,Married-civ-spouse,0,123011,Masters,Private,Exec-managerial,0,0,45,39,1
27,Male,White,Never-married,1,208725,Assoc-acdm,Private,Sales,0,0,42,39,0
50,Male,White,Married-civ-spouse,0,127315,Bachelors,Self-emp-inc,Exec-managerial,15024,0,60,39,1
30,Male,White,Married-civ-spouse,0,340917,Some-college,Private,Machine-op-inspct,0,0,40,39,0
52,Male,White,Married-civ-spouse,0,128378,Bachelors,Private,Prof-specialty,0,0,40,39,1
58,Male,White,Married-civ-spouse,0,143266,Bachelors,Self-emp-inc,Prof-specialty,0,0,40,39,0
30,Male,White,Married-civ-spouse,0,152453,11th,Private,Other-service,0,0,40,26,0
34,Male,White,Married-civ-spouse,0,227359,Some-college,Private,Other-service,0,0,42,39,0
54,Male,White,Married-civ-spouse,0,178946,HS-grad,Private,Craft-repair,0,0,48,39,1
25,Male,White,Married-civ-spouse,0,227886,Bachelors,Local-gov,Adm-clerical,0,0,40,39,0
35,Female,White,Never-married,1,225330,Bachelors,Private,Adm-clerical,0,0,40,39,0
31,Male,White,Never-married,1,213002,12th,Private,Sales,4650,0,50,39,0
51,Female,Amer-Indian-Eskimo,Widowed,1,251487,7th-8th,Private,Machine-op-inspct,0,0,40,39,0
22,Male,White,Married-civ-spouse,0,202871,Assoc-voc,Private,Other-service,0,0,44,39,0
25,Female,White,Divorced,4,120535,HS-grad,Private,Sales,0,0,40,39,0
55,Female,Black,Divorced,4,143372,HS-grad,Private,Sales,0,0,40,39,0
27,Female,Black,Never-married,4,139903,HS-grad,Private,Sales,0,0,30,39,0
56,Male,White,Married-civ-spouse,0,199763,Some-college,Private,Craft-repair,0,0,45,39,0
55,Female,White,Married-civ-spouse,5,113912,Assoc-voc,Private,Prof-specialty,0,0,20,39,0
33,Male,Other,Married-civ-spouse,0,452924,HS-grad,Private,Machine-op-inspct,0,0,40,26,0
27,Male,White,Married-civ-spouse,0,302406,Some-college,Private,Sales,0,0,40,39,1
49,Female,White,Separated,4,304246,Masters,Local-gov,Prof-specialty,0,0,70,39,0
21,Female,White,Never-married,3,34616,Some-college,Private,Sales,0,0,20,39,0
50,Male,White,Married-civ-spouse,0,201689,7th-8th,Self-emp-inc,Craft-repair,0,1977,63,0,1
62,Female,White,Widowed,4,143943,Bachelors,Private,Tech-support,0,0,7,39,0
29,Male,White,Married-civ-spouse,0,241431,Masters,Private,Sales,7298,0,40,39,1
28,Female,Black,Married-civ-spouse,5,285294,Bachelors,Private,Sales,15024,0,45,39,1
36,Male,White,Married-civ-spouse,0,109133,Bachelors,Self-emp-not-inc,Sales,0,0,50,39,1
57,Male,White,Married-civ-spouse,0,192869,HS-grad,Self-emp-not-inc,Farming-fishing,0,0,72,39,0
62,Male,White,Married-civ-spouse,0,225657,HS-grad,Other,Other,0,0,24,39,0
50,Female,White,Divorced,1,153931,HS-grad,Private,Adm-clerical,0,0,40,39,0
76,Male,White,Married-civ-spouse,0,79445,10th,Other,Other,1173,0,40,39,0
20,Male,White,Never-married,3,217807,Some-college,Private,Handlers-cleaners,0,0,35,39,0
27,Male,White,Married-civ-spouse,0,36851,Assoc-voc,Private,Sales,0,0,35,39,0
23,Male,White,Never-married,1,113466,HS-grad,Private,Craft-repair,0,0,40,39,0
28,Female,White,Never-married,1,264498,Bachelors,Private,Prof-specialty,0,0,40,39,0
25,Male,White,Never-married,2,362826,HS-grad,Private,Handlers-cleaners,0,0,45,39,0
21,Female,White,Never-married,3,205940,Some-college,Other,Other,0,0,40,39,0
61,Male,White,Married-civ-spouse,0,93997,7th-8th,Private,Machine-op-inspct,0,0,40,22,0
51,Male,White,Married-civ-spouse,0,246820,HS-grad,Self-emp-not-inc,Craft-repair,7298,0,48,39,1
36,Male,White,Married-civ-spouse,0,186110,Some-college,Private,Transport-moving,0,0,40,39,0
25,Male,Black,Never-married,1,390657,Some-college,Private,Other-service,0,0,40,39,0
47,Female,White,Divorced,1,106252,Bachelors,Self-emp-not-inc,Sales,0,0,50,39,0
41,Male,White,Married-civ-spouse,0,144995,Masters,Local-gov,Exec-managerial,0,0,55,39,0
26,Male,White,Never-married,3,245465,Assoc-acdm,Private,Sales,0,0,30,39,0
28,Male,Amer-Indian-Eskimo,Married-civ-spouse,0,124685,Some-college,Private,Exec-managerial,0,0,55,39,0
50,Male,White,Married-civ-spouse,0,52565,Some-college,Self-emp-inc,Sales,0,1485,40,39,0
42,Male,White,Married-civ-spouse,0,40151,Assoc-voc,Private,Other-service,0,0,30,39,0
46,Female,White,Divorced,3,164427,HS-grad,Private,Adm-clerical,0,0,45,39,0
29,Male,White,Married-civ-spouse,0,118520,HS-grad,State-gov,Protective-serv,0,0,42,39,0
55,Male,White,Married-civ-spouse,0,316027,7th-8th,Other,Other,0,0,40,0,0
48,Male,White,Married-civ-spouse,0,102112,Assoc-acdm,Private,Prof-specialty,0,0,50,39,1
57,Female,Black,Divorced,4,199546,Masters,Local-gov,Other-service,0,0,40,39,0
27,Male,White,Never-married,1,38606,Bachelors,Private,Sales,0,1504,45,39,0
43,Male,White,Married-civ-spouse,0,169383,Bachelors,Private,Exec-managerial,0,0,45,39,1
28,Male,White,Married-civ-spouse,0,251905,Bachelors,Private,Prof-specialty,0,0,50,39,0
31,Female,Black,Never-married,4,207685,HS-grad,Private,Other-service,0,0,34,39,0
51,Female,White,Married-civ-spouse,5,34361,Some-college,Private,Exec-managerial,0,0,20,39,1
19,Male,White,Never-married,1,28967,Some-college,Other,Other,0,0,40,39,0
26,Male,White,Never-married,1,108658,HS-grad,Private,Machine-op-inspct,0,0,40,39,0
44,Male,White,Married-civ-spouse,0,147206,Some-college,Private,Craft-repair,7688,0,45,39,1
34,Female,White,Married-civ-spouse,5,238305,Some-college,Private,Other-service,0,1628,12,0,0
32,Male,White,Married-civ-spouse,0,154087,HS-grad,Private,Transport-moving,0,0,40,39,0
22,Male,White,Divorced,1,356567,Assoc-voc,Private,Tech-support,0,0,60,39,0
38,Male,White,Married-civ-spouse,0,231037,5th-6th,Private,Sales,0,0,40,26,0
35,Male,White,Divorced,1,410034,Some-college,Private,Sales,0,0,50,39,0
46,Male,White,Married-civ-spouse,0,256014,Assoc-voc,Self-emp-not-inc,Exec-managerial,0,0,60,39,0
39,Male,White,Married-civ-spouse,0,290321,Assoc-voc,Federal-gov,Prof-specialty,0,0,50,39,0
34,Female,White,Never-married,4,100950,Assoc-voc,Private,Prof-specialty,0,0,40,11,0
44,Female,White,Divorced,1,343591,HS-grad,Private,Craft-repair,14344,0,40,39,1
23,Male,White,Never-married,1,495888,HS-grad,Private,Other-service,0,0,40,8,0
29,Male,White,Married-civ-spouse,0,266043,9th,Private,Transport-moving,0,0,40,39,0
51,Male,White,Married-civ-spouse,0,36186,Bachelors,Federal-gov,Prof-specialty,0,0,40,39,1
45,Male,White,Married-civ-spouse,0,235646,Bachelors,Private,Exec-managerial,0,0,40,39,1
20,Female,White,Never-married,1,107658,Some-college,Private,Tech-support,0,0,10,39,0
54,Female,Asian-Pac-Islander,Married-spouse-absent,1,161334,Masters,State-gov,Prof-specialty,0,0,40,3,0
47,Female,White,Divorced,4,236805,Some-college,Private,Sales,0,0,60,39,0
37,Male,Other,Married-civ-spouse,0,292370,Bachelors,Private,Prof-specialty,0,0,50,0,1
41,Male,White,Never-married,3,193882,HS-grad,Federal-gov,Adm-clerical,0,0,40,39,0
20,Female,Black,Never-married,3,244406,HS-grad,Private,Adm-clerical,0,0,40,39,0
33,Male,White,Never-married,1,255004,Some-college,Private,Sales,0,0,50,39,0
36,Male,White,Never-married,1,348960,HS-grad,Private,Tech-support,0,0,50,39,0
51,Female,White,Never-married,1,216475,Bachelors,Private,Sales,0,1564,43,39,1
53,Male,White,Divorced,1,181677,Some-college,Federal-gov,Handlers-cleaners,0,0,40,39,0
46,Female,White,Widowed,2,82572,HS-grad,Self-emp-not-inc,Other-service,0,0,40,39,0
50,Female,White,Married-civ-spouse,5,287927,HS-grad,Private,Prof-specialty,0,0,16,39,0
51,Male,White,Married-civ-spouse,0,33863,Masters,Local-gov,Prof-specialty,0,0,45,39,0
46,Male,Amer-Indian-Eskimo,Married-civ-spouse,0,26781,HS-grad,Private,Craft-repair,0,0,40,39,0
24,Female,Black,Separated,3,257500,HS-grad,Private,Machine-op-inspct,0,0,40,39,0
66,Male,White,Married-civ-spouse,0,102423,Assoc-voc,Private,Adm-clerical,0,0,30,39,0
38,Female,White,Married-civ-spouse,5,146091,Doctorate,Private,Exec-managerial,99999,0,36,39,1
33,Male,White,Married-civ-spouse,0,357954,HS-grad,Private,Handlers-cleaners,0,0,35,19,0
38,Male,White,Never-married,1,329980,HS-grad,Local-gov,Craft-repair,0,1876,40,2,0
45,Male,White,Married-civ-spouse,0,82797,Bachelors,Private,Exec-managerial,0,0,45,39,1
55,Female,White,Divorced,1,169071,Some-college,Private,Other-service,0,0,20,39,0
29,Male,White,Married-civ-spouse,0,134890,Bachelors,Private,Tech-support,0,0,40,39,1
32,Male,White,Married-civ-spouse,0,195576,11th,Private,Machine-op-inspct,0,0,40,39,0
36,Male,Asian-Pac-Islander,Married-civ-spouse,0,153078,Bachelors,Private,Exec-managerial,0,0,60,0,1
20,Female,White,Never-married,3,96862,Some-college,Other,Other,0,0,8,39,0
32,Female,White,Divorced,1,198183,Some-college,Private,Exec-managerial,0,0,38,39,0
35,Male,White,Married-civ-spouse,0,31269,HS-grad,Private,Exec-managerial,0,0,40,39,0
30,Female,White,Never-married,1,280927,Bachelors,Private,Adm-clerical,0,0,40,39,0
40,Male,White,Married-civ-spouse,0,207578,HS-grad,Self-emp-inc,Adm-clerical,0,0,50,39,1
51,Male,White,Married-civ-spouse,0,148431,HS-grad,Private,Craft-repair,0,0,40,39,0
39,Male,White,Married-civ-spouse,0,410034,HS-grad,Federal-gov,Adm-clerical,0,0,40,39,0
44,Female,White,Divorced,2,102085,Some-college,Private,Adm-clerical,0,0,40,39,0
19,Female,White,Never-married,1,145844,Assoc-acdm,Private,Exec-managerial,0,0,50,39,0
40,Female,Black,Divorced,1,390781,HS-grad,State-gov,Other-service,0,0,48,39,0
32,Male,White,Divorced,1,204374,HS-grad,Private,Handlers-cleaners,0,0,40,39,0
35,Female,Black,Married-spouse-absent,4,170092,HS-grad,Private,Other-service,0,0,20,39,0
25,Female,White,Never-married,3,276249,Masters,Local-gov,Prof-specialty,0,0,40,39,0
40,Female,White,Divorced,1,105936,Bachelors,Private,Prof-specialty,0,0,40,39,0
31,Female,White,Separated,1,196227,HS-grad,Private,Other-service,0,0,40,39,0
58,Female,White,Married-civ-spouse,5,97562,HS-grad,Private,Sales,0,0,38,39,0
36,Male,White,Married-civ-spouse,0,116133,HS-grad,Self-emp-inc,Transport-moving,0,0,57,39,0
23,Male,White,Never-married,1,440456,Bachelors,Private,Other-service,0,0,40,39,0
36,Female,White,Divorced,4,318972,Some-college,Local-gov,Adm-clerical,0,0,65,39,0
49,Male,Asian-Pac-Islander,Married-civ-spouse,0,86701,Some-college,Self-emp-inc,Craft-repair,0,0,56,39,1
25,Female,White,Never-married,3,419658,HS-grad,Private,Other-service,0,0,8,39,0
59,Male,Black,Divorced,2,61885,12th,Private,Transport-moving,0,0,35,39,0
42,Male,White,Married-civ-spouse,0,144778,HS-grad,Private,Craft-repair,0,0,50,39,0
39,Male,White,Never-married,1,114844,Bachelors,Private,Sales,0,1876,50,39,0
49,Male,White,Married-civ-spouse,0,196707,HS-grad,Private,Machine-op-inspct,7298,0,43,39,1
36,Male,White,Married-civ-spouse,0,257942,HS-grad,Private,Sales,0,0,40,39,0
44,Female,White,Separated,4,223308,Masters,Private,Sales,0,0,48,39,0
31,Male,White,Married-civ-spouse,0,149184,Bachelors,Local-gov,Protective-serv,0,0,97,39,1
57,Male,Black,Married-civ-spouse,0,103540,5th-6th,Private,Transport-moving,0,0,50,39,0
52,Female,White,Divorced,4,48947,Some-college,Private,Adm-clerical,0,0,45,39,0
19,Male,White,Never-married,3,318002,HS-grad,Private,Adm-clerical,0,0,40,39,0
35,Female,White,Divorced,4,270059,Some-college,Private,Sales,0,0,30,39,0
42,Male,White,Married-civ-spouse,0,171424,Bachelors,Private,Tech-support,7298,0,45,39,1
49,Male,White,Married-civ-spouse,0,82649,Bachelors,Private,Prof-specialty,5013,0,45,39,0
35,Male,White,Married-civ-spouse,0,259846,HS-grad,Private,Craft-repair,0,0,55,39,0
27,Male,Asian-Pac-Islander,Never-married,2,341672,Some-college,Private,Adm-clerical,0,0,40,19,0
37,Female,White,Divorced,4,334314,HS-grad,Federal-gov,Adm-clerical,0,0,40,39,0
60,Male,Amer-Indian-Eskimo,Married-civ-spouse,0,148522,Some-college,Private,Craft-repair,0,0,40,39,0
31,Male,White,Never-married,1,467108,Bachelors,Self-emp-inc,Prof-specialty,0,0,45,39,1
44,Male,White,Married-civ-spouse,0,165304,Some-college,Local-gov,Exec-managerial,0,1485,40,39,1
54,Male,White,Married-civ-spouse,0,256916,HS-grad,Private,Exec-managerial,0,0,45,39,0
38,Male,White,Married-civ-spouse,0,122493,Bachelors,Federal-gov,Prof-specialty,4064,0,40,39,0
35,Male,White,Married-civ-spouse,0,241306,HS-grad,Private,Adm-clerical,0,0,45,39,0
34,Female,White,Divorced,1,544268,HS-grad,Self-emp-inc,Sales,0,0,50,39,0
36,Male,White,Married-civ-spouse,0,183612,HS-grad,Private,Prof-specialty,0,1977,40,39,1
29,Male,White,Married-civ-spouse,0,133420,Some-college,Private,Craft-repair,5013,0,40,39,0
32,Female,Black,Separated,4,239659,Some-college,Private,Machine-op-inspct,0,0,70,39,0
21,Male,White,Never-married,3,306114,Some-college,Private,Adm-clerical,0,0,20,39,0
32,Female,White,Married-civ-spouse,5,29235,Some-college,Local-gov,Protective-serv,0,0,40,10,1
47,Male,White,Married-civ-spouse,0,315110,Some-college,Self-emp-not-inc,Prof-specialty,0,0,20,39,0
39,Male,White,Married-civ-spouse,0,190023,Bachelors,Self-emp-not-inc,Sales,0,0,60,39,0
33,Female,White,Never-married,4,175479,5th-6th,Private,Other-service,0,0,40,26,0
55,Male,Asian-Pac-Islander,Married-civ-spouse,0,117357,Doctorate,State-gov,Prof-specialty,0,0,70,0,1
42,Female,Black,Never-married,4,157367,HS-grad,Private,Adm-clerical,0,0,35,0,0
66,Male,White,Married-civ-spouse,0,182378,7th-8th,Other,Other,0,0,30,39,0
26,Female,White,Never-married,1,197764,Bachelors,Local-gov,Prof-specialty,0,0,40,39,0
17,Female,White,Never-married,3,53611,12th,Private,Other-service,0,0,6,39,0
51,Male,White,Married-civ-spouse,0,30008,HS-grad,Private,Transport-moving,0,0,60,39,0
36,Male,White,Never-married,3,206520,Bachelors,Self-emp-not-inc,Craft-repair,0,0,40,39,0
45,Female,Black,Married-spouse-absent,4,160187,HS-grad,Local-gov,Adm-clerical,0,0,40,39,0
21,Male,White,Never-married,1,285522,Some-college,Private,Craft-repair,0,0,40,39,0
31,Male,White,Never-married,3,173495,HS-grad,Private,Other-service,0,0,35,39,0
43,Male,Amer-Indian-Eskimo,Married-civ-spouse,0,195385,HS-grad,Federal-gov,Exec-managerial,0,0,40,39,0
53,Male,White,Married-civ-spouse,0,177647,HS-grad,Federal-gov,Tech-support,0,0,40,10,1
19,Female,White,Never-married,3,28455,Some-college,Other,Other,0,0,40,39,0
60,Male,White,Divorced,1,210064,HS-grad,Private,Protective-serv,0,0,40,39,0
35,Male,White,Married-civ-spouse,0,258037,HS-grad,Local-gov,Craft-repair,0,0,40,5,1
40,Female,White,Never-married,1,289748,Bachelors,Private,Exec-managerial,4650,0,48,39,0
26,Male,White,Never-married,1,180957,Masters,Local-gov,Prof-specialty,0,0,50,39,0
35,Male,White,Married-civ-spouse,0,107302,Masters,Private,Sales,0,0,40,19,0
22,Female,White,Separated,3,110677,Some-college,Private,Other-service,0,0,40,39,0
30,Male,White,Never-married,3,398662,HS-grad,Private,Machine-op-inspct,0,0,40,39,0
51,Male,White,Married-civ-spouse,0,203953,HS-grad,Other,Other,0,0,40,39,1
38,Male,White,Married-civ-spouse,0,65324,Prof-school,Private,Prof-specialty,0,0,40,39,1
52,Female,Black,Married-spouse-absent,2,82285,Bachelors,Private,Other-service,0,0,40,14,0
26,Male,White,Never-married,1,184120,Bachelors,Private,Prof-specialty,0,0,50,39,0
28,Male,White,Never-married,3,37215,Bachelors,Other,Other,0,0,45,39,0
42,Female,White,Never-married,1,331651,Masters,Private,Prof-specialty,8614,0,50,39,1
54,Male,White,Married-civ-spouse,0,203635,HS-grad,Private,Adm-clerical,7298,0,60,39,1
30,Male,White,Married-civ-spouse,0,167990,Assoc-voc,Self-emp-not-inc,Prof-specialty,15024,0,65,39,1
44,Male,White,Never-married,4,98466,10th,Private,Farming-fishing,0,0,35,39,0
39,Female,Black,Never-married,1,148015,HS-grad,Private,Machine-op-inspct,0,0,52,39,0
44,Male,White,Married-civ-spouse,0,298885,HS-grad,Private,Craft-repair,0,0,40,39,0
43,Female,White,Divorced,4,220589,HS-grad,Private,Exec-managerial,0,0,40,39,0
39,Female,White,Never-married,1,168894,Some-college,Private,Adm-clerical,0,0,40,39,0
50,Male,White,Married-civ-spouse,0,22211,Masters,Private,Prof-specialty,7688,0,50,39,1
39,Male,White,Married-civ-spouse,0,230329,Bachelors,Private,Sales,0,0,40,2,1
61,Male,White,Married-civ-spouse,0,160942,Masters,Private,Sales,3103,0,50,39,0
42,Male,White,Married-civ-spouse,0,146659,Doctorate,Private,Prof-specialty,0,1902,50,39,1
21,Male,White,Married-civ-spouse,0,99199,HS-grad,Self-emp-not-inc,Craft-repair,0,0,40,39,0
65,Male,White,Married-civ-spouse,0,205024,HS-grad,Local-gov,Other-service,0,0,8,39,0
44,Male,White,Divorced,1,121012,9th,Private,Craft-repair,0,0,40,39,0
18,Male,White,Never-married,3,62972,11th,Private,Other-service,0,0,16,39,0
22,Male,White,Never-married,3,51262,HS-grad,Private,Machine-op-inspct,0,0,40,39,0
19,Female,White,Never-married,3,258633,Some-college,Private,Adm-clerical,0,0,25,0,0
23,Male,White,Married-civ-spouse,0,60668,10th,Private,Craft-repair,0,0,40,32,0
63,Male,White,Married-civ-spouse,0,117681,Assoc-voc,Self-emp-not-inc,Farming-fishing,0,0,40,39,0
28,Male,White,Married-civ-spouse,0,183780,HS-grad,Private,Transport-moving,0,1740,40,39,0
27,Male,White,Married-civ-spouse,0,120126,Some-college,Self-emp-not-inc,Exec-managerial,0,0,40,39,0
21,Female,White,Never-married,3,199915,Some-college,Private,Other-service,0,0,40,39,0
26,Male,Black,Married-civ-spouse,3,293984,10th,Private,Craft-repair,0,0,40,39,0
20,Male,White,Never-married,3,157145,Some-college,Self-emp-not-inc,Farming-fishing,0,2258,10,39,0
32,Male,Amer-Indian-Eskimo,Divorced,4,190784,Some-college,Private,Machine-op-inspct,0,0,40,39,0
64,Male,White,Married-civ-spouse,0,208862,HS-grad,Other,Other,0,0,50,39,1
37,Male,Black,Married-civ-spouse,0,360743,Some-college,Private,Handlers-cleaners,0,0,40,39,1
58,Female,White,Married-civ-spouse,5,186791,Some-college,Self-emp-inc,Transport-moving,0,0,40,39,1
40,Female,White,Married-civ-spouse,5,70645,Some-college,Other,Other,0,0,20,39,0
26,Female,White,Divorced,1,101150,HS-grad,Private,Exec-managerial,0,0,41,39,0
36,Male,White,Divorced,1,36270,HS-grad,Self-emp-not-inc,Transport-moving,0,0,60,39,0
42,Male,Black,Married-civ-spouse,0,197583,Assoc-acdm,Private,Exec-managerial,0,0,40,0,1
24,Male,White,Never-married,3,100345,Bachelors,Private,Prof-specialty,0,0,20,39,0
42,Male,White,Married-civ-spouse,0,52781,Masters,Federal-gov,Prof-specialty,0,1902,40,39,1
62,Male,White,Married-civ-spouse,0,203525,7th-8th,Local-gov,Craft-repair,2829,0,40,39,0
42,Male,Amer-Indian-Eskimo,Married-civ-spouse,0,304302,HS-grad,State-gov,Transport-moving,0,0,40,39,0
27,Female,Black,Never-married,1,135308,Bachelors,Private,Sales,0,0,40,39,0
49,Male,White,Married-civ-spouse,0,481987,HS-grad,Other,Other,0,0,60,39,0
22,Male,White,Never-married,1,41763,Some-college,Private,Other-service,0,0,25,39,0
37,Female,White,Divorced,4,335716,HS-grad,Private,Sales,0,0,40,39,0
23,Female,White,Never-married,1,46645,Bachelors,Private,Prof-specialty,0,0,25,39,0
32,Male,White,Married-civ-spouse,0,157747,Some-college,Private,Prof-specialty,0,0,40,39,0
24,Male,White,Married-civ-spouse,0,168997,Some-college,Private,Craft-repair,0,0,40,39,0
48,Male,White,Married-civ-spouse,0,168216,Some-college,Private,Sales,0,0,40,39,1
63,Female,White,Divorced,1,39181,Doctorate,Federal-gov,Exec-managerial,0,2559,60,39,1
35,Male,White,Never-married,3,82622,HS-grad,Private,Other-service,0,0,40,39,0
60,Female,Black,Married-civ-spouse,5,218085,HS-grad,Self-emp-not-inc,Other-service,0,0,50,39,0
51,Male,Black,Married-civ-spouse,0,226735,HS-grad,Private,Transport-moving,0,0,40,39,0
48,Female,White,Divorced,4,171095,Assoc-acdm,Private,Exec-managerial,0,0,40,9,0
57,Male,White,Married-civ-spouse,0,173832,Bachelors,Private,Sales,0,1902,40,39,1
18,Male,White,Never-married,3,188476,11th,Private,Exec-managerial,0,0,20,39,0
34,Male,White,Married-civ-spouse,0,114691,HS-grad,Self-emp-not-inc,Prof-specialty,0,0,40,39,1
30,Male,White,Married-civ-spouse,0,340917,Masters,Private,Exec-managerial,15024,0,60,39,1
55,Male,White,Married-civ-spouse,0,422249,HS-grad,Self-emp-not-inc,Craft-repair,0,0,50,39,0
41,Female,White,Divorced,4,344572,HS-grad,Other,Other,0,0,40,39,0
40,Female,White,Married-civ-spouse,5,247469,Doctorate,Private,Prof-specialty,0,0,30,39,1
31,Male,White,Married-civ-spouse,0,1033222,Some-college,State-gov,Machine-op-inspct,0,0,40,39,0
43,Male,White,Married-civ-spouse,0,191196,Some-college,Private,Exec-managerial,0,0,55,39,1
30,Female,Black,Never-married,1,131588,HS-grad,Private,Craft-repair,0,0,45,39,0
19,Male,Black,Never-married,3,355477,HS-grad,Private,Other-service,0,0,25,39,0
48,Female,White,Never-married,1,160647,Some-college,Private,Exec-managerial,0,0,40,21,1
42,Male,White,Divorced,3,152676,HS-grad,Private,Exec-managerial,0,0,40,39,0
23,Female,White,Never-married,1,208908,Bachelors,Private,Other-service,0,0,30,39,0
41,Female,White,Divorced,4,163322,11th,Private,Exec-managerial,0,0,36,39,0
28,Male,Black,Married-civ-spouse,0,78356,Masters,State-gov,Exec-managerial,0,0,40,23,0
62,Female,White,Widowed,4,110586,Some-college,Private,Priv-house-serv,0,0,40,39,0
47,Female,Other,Married-civ-spouse,5,103020,7th-8th,Private,Machine-op-inspct,0,0,40,33,0
49,Male,White,Married-civ-spouse,0,181363,Masters,Private,Exec-managerial,0,0,45,39,1
43,Female,White,Widowed,4,184846,HS-grad,Private,Machine-op-inspct,0,0,60,39,0
56,Female,White,Widowed,1,143931,Bachelors,State-gov,Prof-specialty,0,0,40,39,0
62,Male,White,Married-civ-spouse,0,170984,Some-college,Private,Craft-repair,0,0,45,39,0
23,Female,White,Married-civ-spouse,3,449101,HS-grad,Other,Other,0,0,30,39,0
43,Male,White,Married-civ-spouse,0,220109,Some-college,Private,Other-service,0,1672,44,39,0
41,Male,White,Married-civ-spouse,0,217902,HS-grad,Private,Exec-managerial,0,0,40,39,1
32,Male,White,Married-civ-spouse,0,134727,HS-grad,Self-emp-not-inc,Machine-op-inspct,0,0,40,39,0
36,Female,White,Never-married,1,101460,HS-grad,Private,Other-service,0,0,18,39,0
55,Male,White,Married-civ-spouse,0,227856,Bachelors,Self-emp-inc,Exec-managerial,0,2415,50,39,1
30,Male,White,Never-married,2,193380,Bachelors,State-gov,Prof-specialty,0,0,35,39,0
48,Female,White,Widowed,4,155372,HS-grad,Private,Machine-op-inspct,0,0,36,39,0
33,Female,White,Divorced,4,170148,HS-grad,Private,Adm-clerical,0,0,45,39,0
36,Female,White,Divorced,1,36397,Bachelors,State-gov,Prof-specialty,0,0,55,39,0
41,Male,White,Married-civ-spouse,0,351161,HS-grad,Private,Sales,0,1848,45,39,1
51,Male,White,Married-civ-spouse,0,40641,Some-college,Private,Exec-managerial,0,0,60,39,1
35,Female,Asian-Pac-Islander,Never-married,1,196899,Bachelors,Private,Handlers-cleaners,0,0,50,14,0
46,Male,White,Divorced,1,84402,Bachelors,Private,Prof-specialty,0,0,45,39,1
38,Male,White,Married-civ-spouse,0,112158,HS-grad,Self-emp-not-inc,Exec-managerial,0,0,99,39,0
64,Female,White,Never-married,1,151364,Some-college,Private,Adm-clerical,0,0,40,39,0
79,Male,White,Married-civ-spouse,0,266119,Bachelors,Private,Sales,0,0,40,39,0
35,Male,Black,Never-married,1,341102,9th,Private,Handlers-cleaners,0,0,40,39,0
27,Male,White,Married-civ-spouse,0,263614,Assoc-acdm,Private,Craft-repair,0,0,45,39,1
61,Female,Black,Divorced,4,227468,HS-grad,Private,Adm-clerical,0,0,40,39,0
39,Male,White,Married-civ-spouse,0,43712,HS-grad,Private,Exec-managerial,7298,0,40,39,1
35,Male,White,Married-civ-spouse,0,52738,Some-college,Private,Machine-op-inspct,0,0,46,39,0
36,Male,White,Married-civ-spouse,0,89622,HS-grad,Self-emp-not-inc,Craft-repair,0,0,80,39,1
51,Male,Black,Married-civ-spouse,0,192973,Bachelors,Self-emp-inc,Protective-serv,0,0,40,39,1
39,Male,White,Married-civ-spouse,0,278403,HS-grad,Private,Transport-moving,0,0,65,39,0
21,Female,White,Never-married,3,34616,Some-college,Private,Other-service,0,0,25,39,0
21,Male,Black,Married-civ-spouse,0,202373,Some-college,Private,Handlers-cleaners,0,0,40,39,0
29,Male,White,Never-married,1,107812,Some-college,Private,Prof-specialty,0,0,15,39,0
33,Male,White,Married-civ-spouse,0,79923,Masters,Private,Prof-specialty,0,0,45,39,1
27,Female,White,Never-married,1,216481,Bachelors,Private,Prof-specialty,0,0,40,39,0
38,Male,White,Married-civ-spouse,0,179579,Some-college,Private,Prof-specialty,0,0,50,0,1
21,Female,White,Never-married,4,204226,Some-college,Other,Other,0,0,35,39,0
36,Male,White,Married-civ-spouse,0,147258,Assoc-voc,Self-emp-not-inc,Farming-fishing,0,0,60,39,1
21,Female,White,Never-married,3,141453,HS-grad,Private,Other-service,0,0,40,39,0
25,Male,White,Never-married,3,213383,Some-college,Private,Tech-support,0,0,40,39,0
24,Female,Asian-Pac-Islander,Married-civ-spouse,3,216984,Some-college,Private,Other-service,0,0,35,39,0
49,Male,White,Married-civ-spouse,0,246891,Bachelors,Self-emp-inc,Adm-clerical,0,0,40,39,1
31,Female,White,Widowed,4,83446,HS-grad,Private,Craft-repair,0,0,40,39,0
42,Female,White,Divorced,1,91468,HS-grad,Federal-gov,Adm-clerical,0,0,40,39,0
76,Female,White,Widowed,1,25319,Masters,Federal-gov,Prof-specialty,0,0,15,39,0
39,Female,White,Divorced,1,204756,Some-college,Other,Other,0,0,20,39,0
46,Male,White,Married-civ-spouse,0,229737,Bachelors,Private,Sales,0,0,50,19,1
31,Male,White,Married-civ-spouse,0,119432,Bachelors,Private,Sales,0,0,40,39,1
48,Male,White,Married-civ-spouse,0,128432,HS-grad,Private,Other-service,0,0,40,39,0
27,Male,White,Divorced,1,188711,Some-college,Other,Other,0,0,30,39,0
42,Male,White,Married-civ-spouse,0,185764,Some-college,Private,Machine-op-inspct,0,0,60,39,0
21,Female,White,Never-married,3,199444,HS-grad,Private,Adm-clerical,0,0,44,39,0
38,Male,White,Married-civ-spouse,0,119177,Bachelors,Private,Sales,0,0,40,39,1
57,Male,White,Married-civ-spouse,0,176897,HS-grad,Other,Other,0,0,60,39,0
50,Female,White,Divorced,1,187465,11th,Private,Sales,0,0,40,39,0
22,Male,White,Never-married,1,100345,Bachelors,Private,Craft-repair,13550,0,55,39,1
28,Male,White,Never-married,4,184831,Some-college,Private,Craft-repair,0,0,40,39,0
28,Male,White,Divorced,3,210867,11th,Private,Sales,0,0,40,39,0
44,Male,White,Married-civ-spouse,0,68748,Some-college,Private,Sales,0,0,48,39,0
25,Female,Black,Never-married,3,195914,Some-college,Private,Sales,3418,0,30,39,0
19,Female,Asian-Pac-Islander,Never-married,3,86150,11th,Private,Sales,0,0,19,30,0
59,Female,White,Divorced,1,261816,Some-college,Private,Exec-managerial,0,0,52,28,0
30,Male,White,Never-married,1,187560,Bachelors,Private,Sales,0,0,40,39,0
41,Female,White,Divorced,4,133692,Bachelors,Local-gov,Protective-serv,0,0,40,39,0
36,Female,White,Never-married,4,58337,10th,Private,Sales,0,0,35,0,0
21,Male,White,Married-civ-spouse,0,243842,HS-grad,Private,Farming-fishing,0,0,40,39,0
25,Male,White,Married-civ-spouse,0,45474,Bachelors,Local-gov,Prof-specialty,0,0,60,39,0
25,Male,White,Never-married,3,113035,Some-college,Private,Exec-managerial,0,0,40,39,0
24,Female,Black,Never-married,3,219519,Some-college,Federal-gov,Adm-clerical,0,0,40,39,0
18,Male,White,Never-married,3,201686,11th,Federal-gov,Machine-op-inspct,0,0,4,39,0
41,Female,White,Separated,4,176069,HS-grad,Private,Machine-op-inspct,0,0,40,39,0
48,Female,White,Divorced,4,43206,Prof-school,Private,Prof-specialty,0,0,25,39,0
52,Female,White,Divorced,1,103794,Assoc-voc,Self-emp-not-inc,Prof-specialty,0,0,35,39,0
37,Female,White,Divorced,4,80680,Bachelors,Local-gov,Prof-specialty,1151,0,35,39,0
23,Female,Black,Never-married,3,196508,Some-college,Private,Handlers-cleaners,0,0,40,39,0
23,Female,White,Never-married,1,132300,Bachelors,Private,Sales,0,0,40,39,0
41,Male,White,Married-civ-spouse,0,510072,Bachelors,Federal-gov,Exec-managerial,0,0,40,39,1
51,Female,White,Never-married,1,103995,Assoc-acdm,Self-emp-inc,Sales,0,0,25,39,0
40,Female,White,Married-civ-spouse,5,253370,HS-grad,Other,Other,0,0,35,39,1
40,Male,White,Never-married,1,192259,Masters,Private,Prof-specialty,0,0,35,39,0
20,Male,White,Never-married,3,117618,Some-college,Private,Exec-managerial,0,0,40,39,0
45,Male,White,Married-civ-spouse,0,103538,HS-grad,Private,Adm-clerical,0,0,40,39,1
39,Male,White,Married-civ-spouse,0,191502,Assoc-voc,Private,Craft-repair,0,0,40,39,0
35,Male,White,Never-married,1,111387,9th,Private,Craft-repair,0,0,40,39,0
26,Female,Black,Never-married,1,151626,Bachelors,Private,Prof-specialty,0,0,45,39,0
37,Male,White,Married-civ-spouse,0,218184,Bachelors,Local-gov,Prof-specialty,0,1887,40,39,1
28,Male,White,Married-civ-spouse,0,109001,Masters,Private,Prof-specialty,0,0,38,39,1
35,Male,White,Married-civ-spouse,0,105138,Prof-school,Federal-gov,Prof-specialty,0,0,55,39,0
22,Male,White,Never-married,3,325179,Some-college,Private,Prof-specialty,0,0,50,39,0
36,Female,White,Divorced,4,192150,HS-grad,Federal-gov,Adm-clerical,0,0,40,39,0
29,Female,White,Separated,1,77009,11th,Private,Sales,0,2754,42,39,0
23,Female,White,Never-married,3,388811,HS-grad,Private,Adm-clerical,0,0,40,39,0
28,Female,White,Never-married,1,196690,HS-grad,Private,Machine-op-inspct,0,0,40,39,0
40,Female,White,Separated,4,282678,Masters,Self-emp-not-inc,Exec-managerial,0,0,20,39,0
43,Male,White,Married-civ-spouse,0,244945,Bachelors,Self-emp-inc,Prof-specialty,0,0,60,39,0
63,Male,White,Married-civ-spouse,0,247986,Prof-school,Other,Other,0,0,30,39,1
56,Female,Black,Widowed,4,311249,HS-grad,Private,Adm-clerical,0,0,38,39,0
30,Female,White,Separated,3,191571,HS-grad,Private,Other-service,0,0,36,39,0
30,Male,White,Married-civ-spouse,0,40338,HS-grad,Local-gov,Craft-repair,0,0,40,39,0
51,Female,White,Divorced,4,179646,HS-grad,Private,Adm-clerical,0,0,40,39,0
27,Female,White,Never-married,1,207611,HS-grad,Private,Other-service,0,0,52,39,0
17,Male,White,Never-married,4,193769,9th,Private,Other-service,0,0,20,39,0
50,Female,White,Married-civ-spouse,5,28952,Some-college,Private,Sales,0,0,39,39,0
41,Female,White,Married-spouse-absent,1,235167,5th-6th,Private,Priv-house-serv,0,0,32,26,0
42,Male,Asian-Pac-Islander,Married-civ-spouse,0,303044,HS-grad,Self-emp-not-inc,Farming-fishing,0,0,40,1,1
42,Male,White,Married-civ-spouse,0,78765,Some-college,Private,Craft-repair,3103,0,45,39,1
41,Male,White,Married-civ-spouse,0,204235,Prof-school,Self-emp-not-inc,Prof-specialty,0,0,50,39,1
27,Male,White,Never-married,1,142712,Masters,Private,Tech-support,0,0,40,0,0
36,Male,Black,Never-married,3,181721,10th,Private,Farming-fishing,0,0,60,39,0
27,Female,White,Never-married,3,31935,Some-college,State-gov,Tech-support,0,0,80,39,0
26,Male,Black,Never-married,1,199600,HS-grad,Private,Sales,0,0,40,39,0
36,Male,White,Divorced,1,416745,Assoc-acdm,Private,Exec-managerial,0,0,48,39,0
59,Female,White,Widowed,1,188003,Bachelors,Self-emp-not-inc,Prof-specialty,0,0,50,39,1
33,Female,Black,Never-married,4,348416,HS-grad,Private,Adm-clerical,0,0,40,39,0
30,Female,White,Never-married,1,53158,Assoc-acdm,Private,Tech-support,0,0,40,39,0
38,Female,White,Divorced,1,309122,10th,Private,Machine-op-inspct,0,0,40,39,0
46,Male,White,Married-civ-spouse,0,159869,Bachelors,Private,Exec-managerial,0,0,40,39,1
24,Female,White,Never-married,1,184756,Bachelors,Private,Exec-managerial,0,0,40,39,0
28,Female,White,Divorced,1,148645,Assoc-acdm,Private,Prof-specialty,0,0,40,39,0
48,Male,White,Married-civ-spouse,0,199590,HS-grad,Private,Other-service,0,0,40,26,1
58,Male,White,Married-civ-spouse,0,49884,HS-grad,Self-emp-not-inc,Farming-fishing,0,0,50,39,0
25,Male,White,Never-married,3,60358,Bachelors,Private,Exec-managerial,0,0,40,39,0
30,Female,Black,Never-married,4,275232,Assoc-acdm,Private,Prof-specialty,0,0,36,39,0
47,Male,White,Married-civ-spouse,0,189123,HS-grad,State-gov,Other-service,0,0,40,39,0
53,Male,White,Married-civ-spouse,0,149217,HS-grad,Private,Craft-repair,0,0,40,33,0
26,Female,White,Married-civ-spouse,5,134004,Some-college,Private,Exec-managerial,0,0,40,39,0
71,Male,White,Married-civ-spouse,0,238479,10th,Self-emp-not-inc,Craft-repair,0,0,8,39,0
42,Male,Black,Separated,4,267252,Masters,Local-gov,Exec-managerial,0,0,45,39,1
39,Female,White,Separated,1,56648,HS-grad,Private,Sales,0,0,47,39,0
58,Male,White,Separated,1,244830,Bachelors,Federal-gov,Prof-specialty,4787,0,40,39,1
52,Male,White,Married-civ-spouse,0,133403,Some-college,Private,Craft-repair,0,0,55,39,0
22,Male,White,Never-married,3,191324,Some-college,Private,Protective-serv,0,0,25,39,0
26,Male,White,Never-married,3,208994,Some-college,Other,Other,0,0,12,39,0
32,Female,White,Divorced,1,235862,Some-college,Private,Exec-managerial,0,0,45,39,0
26,Male,White,Never-married,3,108542,HS-grad,Private,Craft-repair,0,0,35,39,0
50,Female,Black,Divorced,4,150941,HS-grad,Private,Machine-op-inspct,0,0,44,39,0
44,Male,White,Married-civ-spouse,0,101593,Bachelors,Private,Sales,0,0,60,39,0
24,Male,White,Never-married,3,92609,Bachelors,Private,Exec-managerial,0,0,45,39,0
35,Male,White,Divorced,1,276552,HS-grad,Private,Craft-repair,0,0,40,39,0
35,Female,White,Divorced,4,186886,HS-grad,Private,Exec-managerial,0,0,55,39,0
22,Male,White,Never-married,3,113936,HS-grad,Private,Handlers-cleaners,0,0,40,39,0
24,Male,White,Never-married,3,265567,11th,Private,Craft-repair,0,0,35,39,0
22,Male,White,Never-married,3,138768,Some-college,Private,Exec-managerial,0,0,50,39,0
65,Male,White,Married-civ-spouse,0,145628,10th,Self-emp-not-inc,Craft-repair,0,0,40,39,0
22,Female,White,Never-married,3,211013,Some-college,Other,Other,0,0,40,26,0
38,Male,White,Married-civ-spouse,0,198867,11th,Self-emp-not-inc,Craft-repair,0,0,40,39,0
32,Female,Black,Married-civ-spouse,5,438711,Some-college,State-gov,Prof-specialty,0,0,40,39,0
41,Male,Black,Never-married,1,197093,Some-college,Private,Other-service,0,0,20,39,0
31,Male,White,Married-civ-spouse,0,126501,Some-college,Private,Craft-repair,0,0,40,39,0
25,Male,White,Never-married,1,378322,HS-grad,Private,Craft-repair,0,2001,50,39,0
36,Female,White,Divorced,4,300829,Assoc-acdm,Private,Adm-clerical,0,0,42,39,0
49,Male,White,Married-civ-spouse,0,340755,Masters,Private,Sales,0,0,40,39,1
31,Male,Black,Never-married,1,300687,HS-grad,Private,Other-service,0,0,40,39,0
39,Female,White,Divorced,1,235259,Some-college,Private,Adm-clerical,0,0,40,39,0
32,Male,White,Married-civ-spouse,0,157887,HS-grad,Local-gov,Craft-repair,0,0,40,39,0
32,Female,Other,Married-civ-spouse,5,199655,Some-college,Private,Adm-clerical,0,1740,40,0,0
38,Female,White,Separated,4,391040,Assoc-voc,Private,Tech-support,0,0,20,39,0
45,Female,White,Widowed,4,27184,HS-grad,Other,Other,0,0,38,39,0
37,Female,White,Never-married,1,65291,Assoc-voc,Local-gov,Protective-serv,0,0,40,39,0
39,Male,White,Never-married,3,115215,HS-grad,Private,Transport-moving,0,0,40,39,0
20,Male,White,Never-married,3,182342,Some-college,Private,Farming-fishing,0,0,40,39,0
22,Male,White,Never-married,3,203263,HS-grad,Private,Craft-repair,0,0,50,39,0
50,Male,White,Married-civ-spouse,0,143953,HS-grad,Private,Sales,0,0,65,39,1
31,Male,White,Never-married,1,111567,9th,Private,Sales,0,0,43,39,1
20,Male,White,Never-married,3,329530,9th,Private,Priv-house-serv,0,0,40,26,0
59,Male,White,Married-civ-spouse,0,32855,7th-8th,Self-emp-not-inc,Farming-fishing,0,0,70,39,0
35,Male,Amer-Indian-Eskimo,Married-civ-spouse,0,22055,Some-college,Private,Prof-specialty,0,0,60,39,0
24,Female,Asian-Pac-Islander,Never-married,3,289448,Assoc-voc,Private,Adm-clerical,0,0,40,30,0
19,Male,White,Never-married,3,184710,Some-college,Private,Tech-support,0,0,30,39,0
38,Male,White,Married-civ-spouse,0,107302,Some-college,Private,Sales,0,0,60,39,1
51,Male,White,Married-civ-spouse,0,186338,HS-grad,Private,Craft-repair,0,0,40,39,1
59,Male,White,Married-civ-spouse,0,368005,11th,Private,Craft-repair,0,0,40,39,0
38,Female,Amer-Indian-Eskimo,Never-married,3,84570,Some-college,Local-gov,Adm-clerical,0,0,40,39,0
45,Female,White,Divorced,1,255348,Some-college,Private,Exec-managerial,0,0,40,39,0
34,Male,White,Married-civ-spouse,0,177675,Bachelors,Private,Tech-support,0,0,40,39,1
47,Male,White,Married-civ-spouse,0,318593,HS-grad,Self-emp-not-inc,Exec-managerial,0,0,25,39,0
25,Female,White,Married-spouse-absent,4,64860,Some-college,Private,Adm-clerical,0,0,22,39,0
49,Female,Black,Divorced,4,114797,Bachelors,Private,Exec-managerial,0,0,40,39,0
38,Male,Asian-Pac-Islander,Married-civ-spouse,0,200289,Doctorate,State-gov,Prof-specialty,0,0,40,36,0
34,Female,Black,Never-married,4,235124,HS-grad,Private,Other-service,0,0,35,39,0
34,Female,White,Never-married,1,190385,Masters,Private,Prof-specialty,0,0,40,39,1
18,Male,White,Never-married,3,25837,11th,Other,Other,0,0,72,39,0
52,Female,White,Married-civ-spouse,5,99682,Some-college,Private,Sales,0,0,52,2,1
34,Female,White,Divorced,3,110554,HS-grad,Private,Sales,0,0,35,39,0
39,Female,White,Separated,4,680390,HS-grad,Private,Machine-op-inspct,0,0,24,39,0
62,Male,White,Divorced,1,206063,Some-college,Local-gov,Other-service,0,0,45,39,0
30,Male,White,Married-civ-spouse,0,175931,HS-grad,Private,Craft-repair,0,0,40,39,0
30,Male,White,Never-married,4,55481,Masters,Private,Tech-support,0,0,45,27,0
29,Male,White,Married-civ-spouse,0,535978,Some-college,Private,Craft-repair,0,0,45,39,0
25,Male,White,Married-civ-spouse,0,176729,HS-grad,Private,Craft-repair,0,0,40,39,1
48,Male,White,Married-civ-spouse,0,182313,Some-college,Private,Handlers-cleaners,0,0,40,39,0
47,Male,White,Married-civ-spouse,0,88500,HS-grad,Self-emp-not-inc,Farming-fishing,0,0,35,39,0
54,Male,White,Married-civ-spouse,0,234938,HS-grad,Private,Sales,4064,0,55,39,0
20,Male,White,Never-married,3,132320,HS-grad,Self-emp-not-inc,Transport-moving,0,0,45,39,0
26,Male,White,Never-married,1,224563,Bachelors,Private,Adm-clerical,0,0,40,39,0
34,Female,White,Never-married,1,118941,11th,Private,Other-service,0,0,40,21,0
42,Female,White,Divorced,1,108502,HS-grad,Private,Sales,0,0,42,39,0
37,Male,White,Married-civ-spouse,0,328466,HS-grad,Private,Craft-repair,0,0,72,26,0
18,Male,White,Never-married,3,87157,12th,Private,Other-service,0,0,25,39,0
42,Female,White,Never-married,1,132633,HS-grad,Private,Priv-house-serv,0,0,40,0,0
46,Female,White,Widowed,4,117310,Assoc-acdm,Private,Tech-support,6497,0,40,39,0
35,Female,White,Married-civ-spouse,5,82051,Some-college,Self-emp-inc,Sales,0,0,40,39,0
24,Male,White,Never-married,1,43475,Bachelors,State-gov,Prof-specialty,0,0,40,39,0
38,Male,White,Married-civ-spouse,0,87556,Bachelors,Private,Exec-managerial,7688,0,55,39,1
47,Male,Black,Divorced,4,379118,HS-grad,Private,Other-service,0,0,9,39,0
65,Male,White,Divorced,1,204042,HS-grad,Private,Protective-serv,0,0,20,39,0
20,Female,White,Never-married,1,346341,Some-college,Other,Other,0,0,35,39,0
39,Male,White,Divorced,1,342642,HS-grad,Private,Sales,0,0,60,39,0
64,Male,White,Married-civ-spouse,0,267198,Prof-school,Other,Other,0,0,16,39,0
59,Male,White,Divorced,1,207391,HS-grad,Private,Machine-op-inspct,0,0,40,39,0
43,Male,White,Divorced,1,178417,Bachelors,Private,Prof-specialty,0,0,40,39,0
38,Male,White,Married-civ-spouse,0,269318,Some-college,Self-emp-inc,Exec-managerial,7298,0,40,39,1
28,Male,White,Married-civ-spouse,0,52603,Bachelors,Private,Sales,0,0,50,39,1
59,Male,White,Married-civ-spouse,0,75804,HS-grad,Self-emp-not-inc,Farming-fishing,0,0,65,39,1
49,Male,White,Divorced,4,59612,10th,Self-emp-not-inc,Farming-fishing,0,0,70,39,0
73,Female,White,Widowed,1,139049,HS-grad,Other,Other,0,0,22,39,1
40,Male,White,Married-civ-spouse,0,77975,Some-college,Private,Exec-managerial,0,0,40,39,0
87,Male,White,Widowed,1,90338,HS-grad,Other,Other,0,0,2,39,0
49,Male,White,Widowed,1,182211,HS-grad,Self-emp-not-inc,Farming-fishing,0,0,55,39,0
19,Female,Black,Never-married,3,225294,HS-grad,Private,Other-service,0,0,40,39,0
50,Female,White,Divorced,4,24139,Masters,Local-gov,Prof-specialty,0,0,65,39,0
32,Male,White,Married-civ-spouse,0,291147,Some-college,Private,Sales,0,0,50,39,0
67,Female,White,Widowed,1,174693,Some-college,Private,Sales,0,0,25,27,0
44,Male,White,Married-civ-spouse,0,182370,HS-grad,Private,Craft-repair,0,0,40,39,0
64,Male,White,Married-civ-spouse,0,239450,Some-college,Private,Sales,0,0,40,39,0
40,Male,White,Married-civ-spouse,0,179508,HS-grad,Private,Machine-op-inspct,0,0,55,39,0
30,Female,Other,Married-civ-spouse,5,33811,Bachelors,Other,Other,0,0,40,36,1
45,Male,White,Married-civ-spouse,0,188386,HS-grad,Private,Handlers-cleaners,0,1628,45,39,0
34,Male,White,Married-civ-spouse,0,112564,HS-grad,Private,Transport-moving,0,0,45,39,0
55,Male,White,Married-civ-spouse,0,149168,HS-grad,Self-emp-not-inc,Farming-fishing,0,0,30,39,0
31,Male,White,Never-married,1,176969,Bachelors,Private,Exec-managerial,0,0,55,39,0
34,Male,White,Never-married,4,206609,Some-college,Private,Sales,0,0,35,39,0
36,Female,White,Never-married,1,293528,Assoc-voc,Private,Tech-support,0,0,3,39,0
44,Female,White,Divorced,4,197919,Some-college,Local-gov,Other-service,0,0,40,39,0
31,Male,White,Divorced,1,440129,Some-college,State-gov,Protective-serv,0,0,40,39,1
53,Male,White,Married-civ-spouse,0,154785,HS-grad,Private,Craft-repair,0,0,50,39,1
23,Female,White,Separated,1,87569,Some-college,Other,Other,0,0,40,39,0
17,Female,White,Never-married,3,214787,12th,Private,Adm-clerical,0,0,25,39,0
36,Male,White,Never-married,1,89508,Prof-school,State-gov,Prof-specialty,0,0,40,39,0
49,Male,White,Married-civ-spouse,0,129513,HS-grad,Private,Transport-moving,0,0,50,39,1
46,Female,White,Divorced,1,133938,Masters,Private,Exec-managerial,27828,0,50,39,1
20,Female,White,Never-married,3,147884,HS-grad,Private,Adm-clerical,0,0,40,39,0
21,Male,White,Never-married,3,145964,Some-college,Other,Other,0,0,40,39,0
32,Female,Black,Never-married,3,63564,HS-grad,Private,Other-service,0,0,40,39,0
45,Male,White,Married-civ-spouse,0,88500,Some-college,Private,Machine-op-inspct,0,0,44,39,1
62,Female,White,Divorced,4,131117,7th-8th,Private,Tech-support,0,0,38,4,0
22,Male,Amer-Indian-Eskimo,Never-married,3,218886,12th,Private,Handlers-cleaners,0,0,40,39,0
38,Male,White,Divorced,4,379485,Assoc-acdm,Self-emp-inc,Exec-managerial,0,0,45,39,0
48,Male,White,Married-civ-spouse,0,250674,Assoc-voc,Self-emp-inc,Craft-repair,0,0,60,39,0
42,Male,Black,Divorced,1,212027,Bachelors,State-gov,Prof-specialty,0,0,40,39,0
52,Male,White,Divorced,1,174752,HS-grad,Self-emp-not-inc,Craft-repair,0,0,40,39,0
19,Female,White,Never-married,1,246226,HS-grad,Private,Craft-repair,0,0,40,39,0
64,Male,White,Married-civ-spouse,0,114994,HS-grad,Private,Handlers-cleaners,0,0,18,39,0
22,Male,White,Married-civ-spouse,0,109053,12th,Private,Transport-moving,0,0,40,39,0
18,Male,White,Never-married,3,191117,11th,State-gov,Other-service,0,0,20,39,0
22,Male,White,Never-married,3,79980,Some-college,Private,Sales,0,0,25,39,0
45,Male,White,Married-civ-spouse,0,94962,HS-grad,Self-emp-not-inc,Craft-repair,0,0,40,9,0
43,Male,White,Divorced,1,174575,Bachelors,Private,Exec-managerial,0,1564,45,39,1
28,Male,White,Never-married,1,114053,Bachelors,Private,Transport-moving,0,0,55,39,0
29,Male,White,Never-married,3,136985,Assoc-acdm,Private,Tech-support,0,0,40,39,0
50,Female,White,Divorced,1,73493,Some-college,Private,Other-service,0,0,40,39,0
47,Female,White,Divorced,1,160045,Some-college,State-gov,Adm-clerical,0,0,40,39,0
28,Female,White,Never-married,1,192591,Bachelors,Private,Adm-clerical,0,0,45,39,0
36,Female,White,Divorced,4,418702,Assoc-voc,Private,Adm-clerical,0,0,40,39,0
23,Male,White,Never-married,1,173679,Some-college,Private,Handlers-cleaners,0,0,40,39,0
38,Male,White,Separated,4,150601,10th,Private,Adm-clerical,0,3770,40,39,0
49,Female,White,Married-civ-spouse,5,143482,Some-college,Self-emp-inc,Prof-specialty,0,0,65,39,1
45,Male,White,Married-civ-spouse,0,192835,Bachelors,Private,Exec-managerial,0,1977,55,39,1
17,Male,Black,Never-married,3,234780,HS-grad,Private,Farming-fishing,0,0,40,39,0
40,Male,Black,Married-civ-spouse,0,166893,Bachelors,Local-gov,Protective-serv,0,0,40,39,1
29,Male,White,Never-married,1,253799,12th,Private,Exec-managerial,0,0,42,9,0
61,Female,Black,Divorced,2,210464,HS-grad,Private,Adm-clerical,0,0,35,39,0
22,Female,Black,Never-married,1,450920,Assoc-acdm,Private,Adm-clerical,0,0,40,39,0
56,Female,White,Married-civ-spouse,5,48102,Some-college,Self-emp-not-inc,Exec-managerial,0,1977,50,39,1
40,Female,White,Divorced,1,33310,Prof-school,Self-emp-not-inc,Other-service,0,2339,35,39,0
31,Male,White,Married-civ-spouse,0,84154,Some-college,Private,Sales,0,0,38,0,1
51,Male,White,Divorced,1,98642,HS-grad,Self-emp-inc,Exec-managerial,14084,0,40,39,1
35,Female,White,Separated,1,296738,11th,Other,Other,6849,0,60,39,0
75,Female,White,Widowed,1,165968,Assoc-voc,Self-emp-not-inc,Exec-managerial,0,0,30,39,0
26,Male,White,Never-married,1,333541,HS-grad,Private,Other-service,0,0,24,39,0
18,Male,White,Never-married,3,194561,Some-college,Private,Other-service,0,0,12,39,0
51,Female,White,Married-civ-spouse,5,136823,HS-grad,Local-gov,Exec-managerial,0,0,32,39,0
44,Male,White,Married-civ-spouse,0,57233,HS-grad,Self-emp-not-inc,Farming-fishing,0,0,50,39,0
51,Male,White,Married-civ-spouse,0,467611,9th,Private,Farming-fishing,0,0,40,26,0
74,Male,White,Widowed,4,162340,Some-college,Self-emp-inc,Exec-managerial,0,0,40,39,0
32,Male,Asian-Pac-Islander,Married-civ-spouse,0,148138,Bachelors,Federal-gov,Prof-specialty,0,2002,40,20,0
62,Male,White,Married-civ-spouse,0,71467,Bachelors,Self-emp-not-inc,Craft-repair,0,0,55,39,1
23,Male,Black,Never-married,1,234302,HS-grad,Private,Handlers-cleaners,0,0,40,39,0
25,Male,White,Married-civ-spouse,0,431861,HS-grad,Private,Transport-moving,0,0,40,39,0
38,Male,White,Divorced,4,29430,Some-college,Self-emp-not-inc,Machine-op-inspct,0,0,40,39,0
33,Male,White,Married-civ-spouse,0,48702,Assoc-voc,Self-emp-not-inc,Farming-fishing,0,0,65,39,0
67,Male,White,Married-civ-spouse,0,252842,HS-grad,Self-emp-not-inc,Farming-fishing,1797,0,20,39,0
31,Female,Black,Married-civ-spouse,5,106347,Some-college,Private,Adm-clerical,0,0,40,39,0
22,Female,White,Never-married,3,62507,Bachelors,Private,Prof-specialty,0,0,40,39,0
30,Male,White,Never-married,3,168387,Bachelors,Local-gov,Exec-managerial,0,0,40,39,0
36,Male,White,Married-civ-spouse,0,279721,HS-grad,Private,Transport-moving,0,0,40,39,0
54,Male,White,Married-civ-spouse,0,127455,Some-college,Federal-gov,Protective-serv,0,0,48,39,1
17,Female,Black,Never-married,3,19752,11th,Private,Other-service,0,0,25,39,0
43,Female,White,Divorced,4,182254,Some-college,Private,Prof-specialty,0,0,40,39,0
42,Male,White,Married-civ-spouse,0,424855,Some-college,Private,Machine-op-inspct,3908,0,40,39,0
71,Male,White,Married-civ-spouse,0,35303,Bachelors,Other,Other,9386,0,30,39,1
50,Male,White,Married-civ-spouse,0,96062,HS-grad,Local-gov,Protective-serv,0,0,40,39,0
19,Male,White,Never-married,3,541282,Some-college,Other,Other,0,0,40,39,0
29,Male,Amer-Indian-Eskimo,Married-civ-spouse,0,120986,HS-grad,Private,Transport-moving,0,0,65,39,0
50,Male,White,Divorced,1,36480,10th,Self-emp-not-inc,Craft-repair,0,0,45,39,0
34,Male,White,Married-civ-spouse,0,90614,Assoc-acdm,Private,Tech-support,0,2042,10,39,0
56,Female,White,Divorced,1,52953,Doctorate,Local-gov,Prof-specialty,0,1669,38,39,0
20,Female,White,Never-married,3,362999,Some-college,Private,Adm-clerical,0,0,20,39,0
37,Male,White,Married-civ-spouse,0,172846,Some-college,Private,Sales,0,0,45,39,1
28,Male,Asian-Pac-Islander,Married-spouse-absent,3,239539,HS-grad,Private,Machine-op-inspct,0,0,40,30,0
49,Female,White,Divorced,4,109705,Some-college,Self-emp-inc,Exec-managerial,0,0,32,39,0
29,Female,White,Separated,3,160512,HS-grad,Private,Adm-clerical,0,0,40,39,0
60,Female,White,Widowed,4,116961,7th-8th,Other,Other,0,0,20,39,0
60,Female,White,Divorced,1,125019,Bachelors,Private,Prof-specialty,8614,0,48,39,1
58,Male,White,Married-civ-spouse,0,239523,HS-grad,Private,Exec-managerial,0,0,45,39,1
58,Male,White,Married-civ-spouse,0,258883,Bachelors,Self-emp-inc,Prof-specialty,0,0,60,39,1
29,Male,White,Married-civ-spouse,0,35032,Some-college,Private,Handlers-cleaners,0,0,60,39,0
43,Male,White,Married-civ-spouse,0,135342,Some-college,Self-emp-inc,Exec-managerial,0,0,50,39,1
41,Female,White,Never-married,1,175642,Some-college,Private,Craft-repair,0,0,40,39,0
58,Male,White,Married-civ-spouse,0,255822,Assoc-voc,Private,Craft-repair,0,0,40,39,1
49,Female,White,Never-married,4,126446,Some-college,Local-gov,Other-service,0,0,30,39,0
23,Female,White,Never-married,1,103064,Bachelors,Private,Tech-support,0,0,40,39,0
42,Female,White,Divorced,1,66118,Some-college,Private,Machine-op-inspct,0,0,40,39,0
58,Male,White,Married-civ-spouse,0,329793,Bachelors,Self-emp-inc,Exec-managerial,0,0,45,39,1
40,Female,White,Married-civ-spouse,5,99604,Masters,Private,Prof-specialty,15024,0,24,39,1
21,Male,Black,Never-married,3,169003,12th,Federal-gov,Adm-clerical,0,0,25,39,0
41,Male,White,Divorced,1,214541,HS-grad,Self-emp-not-inc,Transport-moving,0,1590,40,39,0
48,Female,Amer-Indian-Eskimo,Separated,1,61985,9th,Other,Other,0,0,20,39,0
38,Male,White,Married-civ-spouse,0,91716,HS-grad,Federal-gov,Adm-clerical,0,0,40,39,0
23,Female,White,Never-married,3,218215,Assoc-acdm,Private,Other-service,0,0,35,39,0
37,Male,White,Married-civ-spouse,0,387430,Some-college,Private,Adm-clerical,0,0,37,39,0
61,Female,White,Widowed,4,101265,12th,Private,Machine-op-inspct,0,0,40,22,0
39,Female,White,Married-civ-spouse,5,103260,Bachelors,Private,Craft-repair,0,0,30,39,1
53,Female,Black,Widowed,1,152883,HS-grad,Private,Adm-clerical,0,0,40,39,0
23,Female,White,Never-married,1,215115,Bachelors,Private,Adm-clerical,0,0,40,39,0
40,Male,White,Married-civ-spouse,0,33126,Masters,Self-emp-inc,Craft-repair,0,0,50,39,0
62,Female,Black,Divorced,4,272209,HS-grad,Private,Priv-house-serv,0,0,99,39,0
47,Male,White,Married-civ-spouse,0,264052,Some-college,Private,Prof-specialty,0,0,50,39,1
47,Male,Black,Married-civ-spouse,0,227244,Bachelors,Federal-gov,Protective-serv,0,0,50,39,1
40,Male,White,Divorced,4,76625,HS-grad,Private,Craft-repair,0,0,40,39,0
53,Male,White,Divorced,3,126386,HS-grad,Private,Machine-op-inspct,0,0,40,39,0
55,Male,White,Married-civ-spouse,0,116878,Doctorate,Private,Prof-specialty,15024,0,30,39,1
41,Male,White,Married-civ-spouse,0,280167,Masters,Private,Exec-managerial,15024,0,70,39,1
30,Male,White,Never-married,3,138744,HS-grad,Other,Other,0,0,40,39,0
29,Male,White,Married-civ-spouse,0,82910,Some-college,Private,Transport-moving,0,0,40,39,0
80,Female,Amer-Indian-Eskimo,Widowed,4,20101,HS-grad,Local-gov,Other-service,0,0,32,39,0
39,Male,White,Married-civ-spouse,0,98077,HS-grad,Private,Other-service,0,0,42,39,0
40,Male,Amer-Indian-Eskimo,Married-civ-spouse,0,284706,Prof-school,Self-emp-not-inc,Prof-specialty,0,1977,60,39,1
54,Male,Asian-Pac-Islander,Married-civ-spouse,0,180211,Some-college,Other,Other,0,0,60,35,1
27,Male,Black,Married-civ-spouse,0,339956,HS-grad,Private,Transport-moving,0,0,60,39,0
48,Male,White,Never-married,1,100931,Some-college,Self-emp-not-inc,Adm-clerical,0,0,40,39,0
51,Male,White,Married-civ-spouse,0,202956,Assoc-voc,Private,Sales,0,0,40,39,0
28,Female,White,Married-civ-spouse,5,191177,Masters,Local-gov,Prof-specialty,0,0,20,39,1
23,Female,White,Never-married,1,50953,Some-college,Private,Tech-support,0,0,40,39,0
46,Male,White,Married-spouse-absent,4,216414,Assoc-voc,Private,Craft-repair,0,0,40,39,0
33,Female,White,Never-married,4,256062,Some-college,Private,Adm-clerical,0,0,35,33,0
27,Male,White,Married-civ-spouse,0,178778,HS-grad,Private,Transport-moving,0,0,40,39,0
50,Male,White,Married-civ-spouse,0,334273,Bachelors,Self-emp-not-inc,Sales,0,0,8,39,0
35,Male,White,Separated,1,312232,HS-grad,Private,Craft-repair,0,0,50,39,0
21,Female,White,Never-married,3,41183,Some-college,State-gov,Prof-specialty,0,0,20,39,0
20,Male,Black,Married-civ-spouse,0,312427,HS-grad,Local-gov,Protective-serv,0,0,30,33,0
42,Male,White,Divorced,1,193995,Some-college,Private,Craft-repair,0,0,38,39,0
28,Female,White,Never-married,1,123147,Some-college,Private,Tech-support,4865,0,40,39,0
49,Male,Asian-Pac-Islander,Married-civ-spouse,0,137192,Bachelors,Private,Sales,0,1977,50,35,1
26,Female,White,Never-married,3,194352,Bachelors,Private,Prof-specialty,0,0,40,39,0
19,Female,White,Never-married,3,224241,Some-college,Private,Sales,0,0,20,39,0
22,Male,White,Never-married,1,252355,HS-grad,Private,Other-service,0,0,27,39,0
37,Male,White,Married-civ-spouse,0,143368,Doctorate,Self-emp-not-inc,Prof-specialty,0,0,60,39,0
27,Male,White,Divorced,3,298510,HS-grad,Local-gov,Protective-serv,0,0,40,39,0
51,Female,White,Married-civ-spouse,5,96190,Some-college,Local-gov,Adm-clerical,0,0,40,39,0
27,Female,White,Divorced,1,253873,Some-college,Other,Other,0,0,25,39,0
44,Male,White,Married-civ-spouse,0,456236,Masters,Private,Adm-clerical,0,0,40,39,0
25,Female,White,Never-married,3,176047,HS-grad,Private,Machine-op-inspct,2176,0,40,39,0
26,Male,Asian-Pac-Islander,Never-married,1,125680,Bachelors,Private,Prof-specialty,0,0,16,24,0
45,Female,White,Divorced,1,347834,HS-grad,Private,Adm-clerical,0,0,40,39,0
38,Female,White,Divorced,1,22494,Some-college,Private,Adm-clerical,7443,0,40,39,0
43,Female,White,Married-civ-spouse,5,265698,Bachelors,Local-gov,Prof-specialty,0,0,45,39,1
41,Male,White,Divorced,1,277783,Some-college,Self-emp-not-inc,Craft-repair,0,2001,50,39,0
42,Male,White,Married-civ-spouse,0,166813,Some-college,Self-emp-not-inc,Farming-fishing,0,0,60,39,0
24,Male,White,Never-married,3,441700,Bachelors,Private,Tech-support,0,0,40,39,0
27,Male,White,Married-civ-spouse,0,310850,HS-grad,Private,Transport-moving,0,0,50,39,0
48,Female,White,Divorced,4,46677,Assoc-acdm,Private,Exec-managerial,0,0,42,39,0
45,Female,White,Divorced,1,27332,HS-grad,Private,Sales,0,0,40,39,0
56,Male,Black,Married-civ-spouse,0,340171,HS-grad,Private,Transport-moving,0,0,40,39,0
23,Male,White,Never-married,1,189203,HS-grad,Private,Sales,0,0,40,39,0
51,Male,White,Married-civ-spouse,0,172281,Bachelors,State-gov,Exec-managerial,0,0,35,39,1
19,Female,Asian-Pac-Islander,Never-married,3,150553,Some-college,Private,Sales,0,0,18,30,0
46,Male,White,Divorced,1,235320,Masters,Self-emp-inc,Sales,0,0,60,39,1
21,Male,White,Never-married,1,230429,HS-grad,Private,Craft-repair,0,0,35,39,0
65,Male,White,Married-civ-spouse,0,115922,Bachelors,Self-emp-inc,Exec-managerial,0,0,40,39,1
19,Female,White,Never-married,3,108147,Some-college,Private,Adm-clerical,0,0,15,39,0
33,Female,White,Separated,1,167771,Some-college,Private,Other-service,0,0,30,39,0
32,Male,White,Married-civ-spouse,0,202952,HS-grad,Private,Adm-clerical,0,0,40,39,0
25,Male,White,Married-civ-spouse,0,169124,HS-grad,Private,Transport-moving,0,0,45,39,0
61,Male,White,Married-civ-spouse,0,137554,7th-8th,Private,Craft-repair,0,0,40,39,0
42,Male,White,Married-civ-spouse,0,145175,Some-college,Private,Machine-op-inspct,0,0,40,39,0
47,Male,White,Married-civ-spouse,0,237731,HS-grad,Self-emp-not-inc,Farming-fishing,2829,0,65,39,0
55,Female,White,Never-married,1,166502,Masters,Local-gov,Prof-specialty,0,0,45,39,0
45,Male,White,Married-civ-spouse,0,199832,Bachelors,Private,Adm-clerical,0,0,15,39,0
20,Female,White,Never-married,3,196745,Some-college,Private,Other-service,0,0,16,39,0
26,Male,White,Never-married,3,195327,HS-grad,Private,Sales,0,0,40,39,0
49,Female,White,Widowed,1,203505,HS-grad,Federal-gov,Adm-clerical,0,0,40,39,0
32,Female,White,Divorced,1,165226,HS-grad,Private,Other-service,0,0,40,39,0
23,Female,Other,Never-married,4,150463,HS-grad,Private,Priv-house-serv,0,0,40,13,0
46,Male,White,Married-civ-spouse,0,27802,Assoc-voc,Private,Machine-op-inspct,0,0,40,39,0
31,Male,White,Divorced,1,206046,HS-grad,Private,Machine-op-inspct,0,0,40,39,0
58,Male,White,Never-married,1,83542,HS-grad,Private,Other-service,0,0,40,39,0
44,Male,White,Married-civ-spouse,0,194636,HS-grad,Self-emp-not-inc,Craft-repair,3137,0,50,39,0
50,Male,White,Married-civ-spouse,0,177487,HS-grad,Private,Craft-repair,0,0,40,39,0
51,Male,White,Never-married,1,172175,Doctorate,Other,Other,0,2824,40,39,1
37,Male,White,Married-civ-spouse,0,176900,HS-grad,Private,Craft-repair,0,0,99,39,1
55,Male,White,Married-civ-spouse,0,189933,10th,Private,Craft-repair,0,0,40,39,0
18,Female,White,Never-married,3,28311,11th,Other,Other,0,0,35,39,0
25,Male,White,Never-married,3,421467,Assoc-acdm,Private,Handlers-cleaners,0,0,26,39,0
20,Female,White,Never-married,3,117789,HS-grad,Private,Other-service,0,0,40,39,0
32,Male,White,Divorced,1,184207,HS-grad,Private,Craft-repair,0,0,40,39,0
45,Female,White,Never-married,1,33798,Masters,Local-gov,Prof-specialty,0,0,40,39,0
45,Female,White,Divorced,4,263982,Some-college,State-gov,Prof-specialty,0,0,40,39,0
21,Male,White,Married-civ-spouse,0,161210,HS-grad,Private,Machine-op-inspct,0,0,50,39,0
29,Female,White,Married-civ-spouse,5,239753,HS-grad,Private,Adm-clerical,0,2057,20,39,0
22,Female,Asian-Pac-Islander,Never-married,1,244408,Some-college,Local-gov,Adm-clerical,0,0,40,40,0
51,Male,White,Married-civ-spouse,0,162745,HS-grad,Private,Craft-repair,7298,0,50,39,1
36,Female,Black,Never-married,1,285865,Bachelors,Local-gov,Adm-clerical,0,0,40,39,0
19,Female,White,Married-civ-spouse,5,184308,Some-college,Other,Other,0,0,30,39,0
42,Male,White,Married-civ-spouse,0,214503,Bachelors,Private,Prof-specialty,0,0,44,39,1
29,Female,White,Married-civ-spouse,5,194864,HS-grad,Private,Sales,0,0,18,39,0
43,Male,White,Married-civ-spouse,0,413297,HS-grad,Private,Craft-repair,0,0,45,39,0
31,Male,White,Married-civ-spouse,0,108468,Prof-school,Self-emp-not-inc,Prof-specialty,0,0,60,39,1
55,Male,White,Married-civ-spouse,0,37438,Assoc-voc,Private,Craft-repair,0,0,40,39,1
67,Male,White,Married-civ-spouse,0,212759,10th,Other,Other,0,0,2,39,0
28,Male,White,Divorced,1,189346,HS-grad,Private,Craft-repair,0,0,45,39,0
22,Female,White,Never-married,1,156822,10th,Private,Sales,0,1762,25,39,0
41,Male,White,Married-civ-spouse,0,177905,Bachelors,Self-emp-inc,Exec-managerial,7688,0,70,39,1
46,Female,White,Divorced,4,124071,Masters,Local-gov,Exec-managerial,0,0,65,39,1
46,Male,White,Married-civ-spouse,0,241844,9th,Private,Other-service,0,0,40,39,0
39,Male,White,Married-civ-spouse,0,104089,Assoc-voc,Private,Craft-repair,0,0,50,39,1
61,Male,White,Married-civ-spouse,0,222395,HS-grad,Other,Other,0,0,40,39,0
19,Female,White,Never-married,3,93518,Some-college,Private,Sales,0,0,20,39,0
53,Female,White,Widowed,1,220786,Some-college,Self-emp-inc,Sales,0,0,60,39,0
36,Male,White,Divorced,3,187203,Assoc-voc,Other,Other,0,0,50,39,0
40,Female,Black,Divorced,1,189610,HS-grad,Federal-gov,Adm-clerical,0,0,52,39,0
61,Male,White,Married-civ-spouse,0,176839,HS-grad,Private,Machine-op-inspct,0,0,40,39,0
56,Male,White,Divorced,1,35373,Some-college,Private,Other-service,0,0,30,39,0
29,Female,White,Married-civ-spouse,5,197932,HS-grad,Private,Handlers-cleaners,0,0,40,26,1
71,Female,White,Widowed,1,130731,HS-grad,Self-emp-not-inc,Adm-clerical,0,0,35,39,0
53,Male,White,Married-civ-spouse,0,89587,Some-college,Private,Transport-moving,7298,0,45,39,1
57,Male,White,Divorced,4,25045,Bachelors,State-gov,Adm-clerical,2174,0,37,39,0
27,Male,White,Married-civ-spouse,0,372500,5th-6th,Private,Handlers-cleaners,0,0,45,26,0
29,Male,White,Married-civ-spouse,0,148550,HS-grad,Private,Craft-repair,0,0,40,39,0
26,Female,Black,Never-married,3,151626,HS-grad,Self-emp-not-inc,Prof-specialty,0,0,40,39,0
25,Male,White,Never-married,3,126974,HS-grad,Private,Craft-repair,0,0,40,39,0
32,Male,White,Never-married,3,160594,Some-college,Private,Other-service,0,0,35,39,0
24,Male,White,Married-civ-spouse,0,239663,Some-college,Private,Adm-clerical,0,0,15,39,0
45,Male,White,Married-civ-spouse,0,233799,1st-4th,Private,Machine-op-inspct,0,0,40,26,0
23,Female,White,Never-married,3,50953,Some-college,Private,Priv-house-serv,0,0,10,39,0
28,Male,White,Married-civ-spouse,0,163265,9th,Private,Sales,4508,0,40,39,0
39,Female,White,Married-civ-spouse,5,333305,Some-college,Private,Sales,0,0,45,39,1
21,Male,White,Never-married,3,201603,HS-grad,Private,Machine-op-inspct,2176,0,40,39,0
39,Female,White,Divorced,1,164733,Some-college,Private,Adm-clerical,0,0,45,39,0
49,Male,White,Married-civ-spouse,0,36177,Bachelors,State-gov,Exec-managerial,0,0,45,39,1
28,Male,White,Never-married,2,412149,10th,Private,Farming-fishing,0,0,35,26,0
32,Male,White,Married-civ-spouse,0,33417,Some-college,Self-emp-not-inc,Craft-repair,0,0,50,39,0
35,Female,White,Married-civ-spouse,5,200426,HS-grad,Other,Other,0,0,12,39,0
40,Male,White,Divorced,1,33658,HS-grad,Self-emp-not-inc,Craft-repair,0,0,40,39,0
51,Male,White,Married-civ-spouse,0,128143,Some-college,Private,Craft-repair,0,0,40,39,1
27,Male,White,Never-married,1,312692,Bachelors,State-gov,Tech-support,0,0,12,39,0
39,Male,Black,Never-married,1,179016,HS-grad,Private,Machine-op-inspct,0,0,40,39,0
59,Male,White,Married-civ-spouse,0,98361,Some-college,Private,Craft-repair,0,0,40,39,1
67,Male,White,Married-civ-spouse,0,139960,7th-8th,Self-emp-not-inc,Craft-repair,0,0,40,39,0
41,Male,White,Married-civ-spouse,0,174575,HS-grad,Private,Transport-moving,0,1887,45,39,1
22,Female,White,Separated,4,187538,10th,Private,Other-service,0,0,40,39,0
36,Male,White,Never-married,1,248708,Assoc-acdm,Private,Craft-repair,0,0,40,39,0
32,Female,White,Divorced,1,165949,Bachelors,Private,Machine-op-inspct,0,1590,42,39,0
53,Male,White,Married-civ-spouse,0,68684,HS-grad,Private,Transport-moving,0,0,40,39,0
31,Male,White,Married-civ-spouse,0,374833,1st-4th,Private,Handlers-cleaners,0,0,40,26,0
38,Female,White,Married-civ-spouse,5,116608,HS-grad,Local-gov,Adm-clerical,0,0,35,39,1
32,Male,White,Married-civ-spouse,0,151053,HS-grad,Private,Handlers-cleaners,0,0,40,39,1
37,Male,White,Married-civ-spouse,0,117381,HS-grad,Private,Tech-support,0,0,80,39,1
20,Male,White,Never-married,3,164574,HS-grad,Private,Other-service,0,0,30,39,0
55,Male,Black,Never-married,1,129173,HS-grad,Private,Handlers-cleaners,0,0,40,39,0
42,Male,White,Divorced,4,369781,7th-8th,Self-emp-inc,Craft-repair,0,0,25,39,0
57,Male,White,Married-civ-spouse,0,198145,Masters,Local-gov,Protective-serv,0,0,14,39,1
19,Male,White,Never-married,3,198663,HS-grad,Private,Tech-support,0,0,40,39,0
52,Male,White,Married-civ-spouse,0,114758,Bachelors,Self-emp-inc,Sales,15024,0,50,39,1
25,Male,White,Never-married,1,266668,HS-grad,Self-emp-not-inc,Prof-specialty,0,0,40,39,0
47,Female,White,Divorced,1,218596,Assoc-voc,Local-gov,Adm-clerical,0,0,40,39,0
37,Female,White,Married-civ-spouse,5,292855,Assoc-voc,Private,Prof-specialty,0,1887,35,39,1
29,Female,White,Never-married,1,239632,HS-grad,Private,Adm-clerical,0,0,40,39,0
45,Male,White,Married-civ-spouse,0,88564,Some-college,Federal-gov,Exec-managerial,7688,0,40,39,1
32,Male,White,Married-civ-spouse,0,116677,HS-grad,Private,Craft-repair,0,0,40,39,0
31,Male,White,Never-married,1,193231,Bachelors,Private,Tech-support,3325,0,60,39,0
43,Male,White,Separated,1,336042,HS-grad,Private,Transport-moving,0,0,40,39,0
58,Male,White,Married-civ-spouse,0,182062,Doctorate,Self-emp-inc,Prof-specialty,0,0,24,39,1
57,Male,White,Married-civ-spouse,0,159028,Prof-school,Self-emp-inc,Prof-specialty,99999,0,60,39,1
64,Male,White,Married-civ-spouse,0,165020,11th,Private,Craft-repair,0,0,48,39,0
44,Male,White,Married-civ-spouse,0,65145,HS-grad,Local-gov,Prof-specialty,0,0,30,39,0
29,Female,Black,Never-married,4,270379,HS-grad,Private,Exec-managerial,0,0,40,39,0
44,Male,White,Married-civ-spouse,0,176063,Bachelors,Private,Exec-managerial,0,0,45,39,0
24,Female,White,Never-married,1,209770,Bachelors,Private,Prof-specialty,0,0,8,39,0
59,Male,White,Separated,4,176011,Some-college,Private,Adm-clerical,0,0,40,39,0
23,Male,White,Never-married,3,140462,HS-grad,Private,Machine-op-inspct,0,0,40,39,0
52,Female,White,Married-spouse-absent,4,109600,Masters,State-gov,Exec-managerial,4787,0,44,39,1
35,Female,White,Never-married,3,48404,HS-grad,Private,Sales,0,0,40,39,0
24,Male,White,Never-married,3,204653,Some-college,Private,Craft-repair,0,0,40,39,0
18,Female,White,Never-married,3,186909,Some-college,Private,Other-service,0,0,16,39,0
38,Female,Asian-Pac-Islander,Never-married,2,87282,Assoc-voc,Private,Exec-managerial,0,0,40,39,0
28,Male,White,Divorced,4,239130,Some-college,State-gov,Other-service,0,0,40,39,0
52,Male,White,Married-civ-spouse,0,117674,HS-grad,Private,Exec-managerial,0,0,55,39,1
25,Male,White,Divorced,3,216724,HS-grad,Private,Exec-managerial,0,0,40,39,0
24,Female,White,Never-married,1,284317,Bachelors,Private,Machine-op-inspct,0,0,32,39,0
37,Female,White,Divorced,4,87369,9th,Other,Other,0,0,40,39,0
31,Male,White,Never-married,1,356689,Bachelors,Private,Farming-fishing,0,0,40,39,0
48,Female,White,Widowed,1,98719,HS-grad,Private,Other-service,0,0,44,39,0
30,Male,White,Married-civ-spouse,0,115963,11th,Private,Craft-repair,0,0,40,39,0
19,Male,White,Never-married,3,145234,Some-college,Other,Other,0,0,30,39,0
19,Female,White,Never-married,3,28119,Some-college,Private,Other-service,0,0,4,39,0
38,Male,White,Never-married,1,175360,10th,Private,Prof-specialty,0,2559,90,39,1
55,Male,White,Married-civ-spouse,0,179715,10th,Self-emp-not-inc,Craft-repair,0,0,18,39,0
46,Male,White,Divorced,4,165937,Assoc-voc,Private,Machine-op-inspct,0,0,40,39,0
29,Male,Black,Married-civ-spouse,0,185908,Bachelors,Private,Exec-managerial,0,0,55,39,1
24,Female,Black,Never-married,1,390867,Masters,State-gov,Prof-specialty,0,0,40,39,0
32,Male,White,Married-civ-spouse,0,313835,Masters,Private,Prof-specialty,0,0,40,39,1
41,Female,White,Divorced,4,222504,Prof-school,Private,Prof-specialty,0,0,38,39,0
25,Male,White,Never-married,1,235795,Assoc-acdm,Private,Sales,0,0,48,39,0
38,Male,White,Married-civ-spouse,0,43712,Bachelors,Private,Prof-specialty,7298,0,60,39,1
39,Female,Black,Divorced,4,472166,Some-college,Federal-gov,Exec-managerial,0,0,40,39,0
27,Male,Black,Never-married,1,360097,HS-grad,Private,Handlers-cleaners,0,0,40,39,0
29,Male,White,Never-married,1,187073,Bachelors,Private,Craft-repair,0,0,40,39,0
36,Male,White,Divorced,3,178487,HS-grad,Private,Transport-moving,0,0,60,39,0
17,Male,White,Never-married,3,63734,10th,Private,Handlers-cleaners,0,0,20,39,0
38,Male,White,Married-civ-spouse,0,22245,Masters,Private,Transport-moving,0,0,72,0,1
67,Male,White,Married-civ-spouse,0,423561,Some-college,State-gov,Transport-moving,0,0,40,39,0
43,Male,Asian-Pac-Islander,Married-civ-spouse,0,249771,HS-grad,Private,Transport-moving,0,0,99,39,0
27,Female,White,Never-married,1,194773,Masters,State-gov,Prof-specialty,0,0,50,11,0
32,Female,Black,Divorced,2,430175,HS-grad,Private,Craft-repair,0,0,50,39,0
24,Female,White,Married-civ-spouse,5,227070,10th,Private,Machine-op-inspct,0,0,40,39,0
51,Male,Black,Separated,1,240236,Assoc-acdm,Self-emp-not-inc,Sales,0,0,30,39,0
26,Male,White,Never-married,3,258550,Bachelors,Private,Adm-clerical,0,0,40,39,0
47,Female,White,Never-married,1,106544,HS-grad,Private,Other-service,0,0,40,39,0
47,Male,White,Married-civ-spouse,0,370119,Bachelors,Self-emp-not-inc,Sales,15024,0,50,39,1
51,Male,White,Married-civ-spouse,0,141388,HS-grad,Self-emp-not-inc,Farming-fishing,0,0,55,39,0
59,Male,White,Married-civ-spouse,0,223215,Some-college,Local-gov,Protective-serv,0,0,42,39,0
34,Male,White,Married-civ-spouse,0,181087,Assoc-voc,Self-emp-not-inc,Craft-repair,0,0,45,39,0
20,Male,White,Never-married,3,201204,HS-grad,Private,Handlers-cleaners,0,0,40,39,0
38,Male,White,Married-civ-spouse,0,364958,HS-grad,State-gov,Adm-clerical,3464,0,40,39,0
17,Male,White,Never-married,3,311907,11th,Private,Other-service,0,0,25,39,0
42,Female,White,Divorced,1,272910,HS-grad,Private,Other-service,0,0,40,39,0
32,Female,White,Divorced,4,62272,HS-grad,Self-emp-not-inc,Exec-managerial,0,0,40,39,0
31,Male,White,Married-civ-spouse,0,289731,Some-college,Private,Craft-repair,0,0,40,39,0
44,Male,Black,Married-civ-spouse,0,212665,Some-college,Local-gov,Protective-serv,0,0,99,39,0
48,Male,Black,Married-civ-spouse,0,197683,Some-college,Private,Sales,0,0,40,39,1
44,Male,White,Married-civ-spouse,0,151504,Some-college,Private,Sales,0,0,50,39,0
29,Female,White,Married-civ-spouse,5,119004,HS-grad,Private,Adm-clerical,0,2179,40,39,0
27,Male,White,Never-married,2,405855,9th,Private,Craft-repair,0,0,40,26,0
57,Male,Asian-Pac-Islander,Married-civ-spouse,0,180211,Prof-school,Self-emp-inc,Prof-specialty,0,0,50,36,1
38,Male,White,Married-civ-spouse,0,259019,HS-grad,Private,Craft-repair,0,0,44,39,0
42,Male,White,Divorced,4,201723,HS-grad,Private,Adm-clerical,0,0,40,39,0
24,Male,White,Never-married,4,110371,12th,Private,Machine-op-inspct,0,0,40,26,0
57,Male,White,Married-civ-spouse,0,141326,HS-grad,Private,Sales,0,0,50,39,1
20,Female,White,Never-married,3,70076,Some-college,Private,Machine-op-inspct,0,0,40,39,0
41,Male,White,Married-civ-spouse,0,242586,Some-college,Local-gov,Exec-managerial,0,0,40,39,0
72,Female,White,Widowed,4,114761,7th-8th,Other,Other,0,0,20,39,0
44,Female,White,Never-married,4,192771,HS-grad,Federal-gov,Adm-clerical,0,0,40,39,0
27,Male,White,Never-married,1,208577,HS-grad,Self-emp-not-inc,Craft-repair,0,2258,50,39,0
39,Female,White,Never-married,3,347814,Assoc-acdm,Private,Other-service,0,0,56,39,0
45,Male,White,Divorced,1,204205,7th-8th,Private,Machine-op-inspct,0,0,48,39,0
31,Male,Black,Married-civ-spouse,0,363130,Some-college,Private,Exec-managerial,0,0,40,39,1
35,Male,White,Never-married,1,29145,Assoc-voc,Private,Transport-moving,0,0,40,39,0
47,Female,White,Married-civ-spouse,5,287828,Bachelors,Private,Exec-managerial,0,0,40,39,1
34,Male,White,Married-civ-spouse,0,113838,Some-college,Private,Sales,0,0,45,39,1
36,Male,White,Never-married,1,192337,HS-grad,Local-gov,Other-service,0,0,40,39,0
24,Male,White,Never-married,3,281403,HS-grad,Private,Farming-fishing,0,0,98,39,0
29,Male,White,Divorced,1,181282,Bachelors,Local-gov,Prof-specialty,0,0,50,39,0
40,Male,White,Married-civ-spouse,0,345969,Assoc-acdm,State-gov,Adm-clerical,0,0,40,39,1
70,Male,White,Married-civ-spouse,0,187891,11th,Private,Transport-moving,0,0,40,39,0
52,Female,White,Divorced,1,192563,Some-college,Local-gov,Exec-managerial,0,0,38,39,0
23,Male,White,Separated,1,53245,9th,Private,Other-service,0,0,40,39,0
47,Male,Black,Married-civ-spouse,0,192894,HS-grad,Federal-gov,Transport-moving,0,0,50,39,1
19,Female,White,Never-married,3,271446,Some-college,Private,Other-service,0,0,25,39,0
27,Male,White,Married-civ-spouse,0,405765,HS-grad,Private,Craft-repair,0,0,40,0,1
41,Male,White,Married-civ-spouse,0,82161,HS-grad,Private,Transport-moving,0,0,40,39,0
41,Male,White,Divorced,4,254818,Masters,Self-emp-not-inc,Handlers-cleaners,0,0,40,29,0
25,Female,Black,Never-married,4,201413,Some-college,Private,Other-service,0,0,40,39,0
48,Male,White,Married-civ-spouse,0,85341,HS-grad,Private,Craft-repair,0,0,40,39,0
33,Female,Other,Married-civ-spouse,5,119409,HS-grad,Private,Machine-op-inspct,0,0,40,4,0
44,Male,White,Married-civ-spouse,0,383493,HS-grad,Self-emp-inc,Craft-repair,0,0,60,39,1
18,Male,White,Never-married,3,260801,HS-grad,Private,Handlers-cleaners,0,0,20,39,0
23,Male,White,Married-civ-spouse,0,91189,Bachelors,Private,Other-service,0,0,20,39,0
60,Male,White,Married-civ-spouse,0,130684,Some-college,Private,Craft-repair,0,0,55,39,0
19,Male,White,Never-married,3,159269,Some-college,State-gov,Adm-clerical,0,0,15,39,0
53,Male,White,Married-civ-spouse,0,22154,Some-college,Private,Craft-repair,0,0,40,39,0
61,Female,White,Widowed,1,201273,Some-college,Self-emp-not-inc,Machine-op-inspct,0,0,40,39,0
57,Male,White,Married-civ-spouse,0,165922,HS-grad,Self-emp-not-inc,Craft-repair,0,0,50,39,0
36,Male,White,Married-civ-spouse,0,28996,Some-college,Private,Sales,0,0,45,39,0
29,Male,Other,Never-married,2,113464,HS-grad,Private,Transport-moving,0,0,40,6,0
48,Male,White,Married-civ-spouse,0,349151,HS-grad,Private,Craft-repair,0,0,40,39,0
27,Female,White,Married-spouse-absent,1,376150,Some-college,Private,Sales,0,0,25,39,0
64,Male,White,Divorced,1,190660,HS-grad,Local-gov,Craft-repair,0,0,40,39,1
46,Male,White,Married-civ-spouse,0,102308,Bachelors,Self-emp-not-inc,Sales,0,2415,40,39,1
20,Male,White,Never-married,3,306639,Some-college,Private,Handlers-cleaners,0,0,20,39,0
56,Male,White,Married-civ-spouse,0,192869,HS-grad,Private,Machine-op-inspct,0,0,40,39,1
31,Male,White,Married-civ-spouse,3,193215,Some-college,Private,Exec-managerial,0,0,50,39,0
68,Female,White,Widowed,1,73773,HS-grad,Private,Sales,0,0,24,39,0
28,Female,White,Never-married,4,37821,Assoc-voc,Private,Sales,0,0,55,0,0
47,Male,White,Married-civ-spouse,0,45564,Some-college,Private,Exec-managerial,0,0,40,39,1
49,Male,White,Married-civ-spouse,0,405309,Assoc-voc,Local-gov,Craft-repair,0,0,40,39,1
17,Male,White,Never-married,2,94366,10th,Other,Other,0,0,6,39,0
20,Female,White,Never-married,1,147352,HS-grad,Federal-gov,Other-service,0,0,40,39,0
61,Male,Asian-Pac-Islander,Married-civ-spouse,0,84587,Assoc-voc,Private,Craft-repair,0,0,40,39,1
43,Female,Amer-Indian-Eskimo,Married-civ-spouse,5,216070,Masters,Local-gov,Exec-managerial,0,0,50,39,1
69,Female,White,Never-married,1,136218,11th,Private,Machine-op-inspct,0,0,40,39,0
52,Female,White,Never-married,3,35305,7th-8th,Private,Other-service,0,0,7,39,0
28,Male,White,Never-married,3,210765,HS-grad,Private,Craft-repair,0,0,40,39,0
37,Male,White,Married-civ-spouse,0,198841,11th,Self-emp-not-inc,Transport-moving,0,0,40,39,0
24,Female,White,Divorced,3,154165,9th,Private,Other-service,0,0,40,39,0
76,Female,White,Divorced,1,239880,HS-grad,Private,Adm-clerical,0,0,8,39,0
20,Male,White,Never-married,2,391679,HS-grad,Private,Sales,0,0,60,39,0
29,Female,White,Married-civ-spouse,5,277788,Some-college,Private,Sales,0,0,25,39,0
47,Male,White,Married-civ-spouse,0,102771,Doctorate,Federal-gov,Prof-specialty,0,0,40,39,1
57,Male,White,Divorced,1,103948,Bachelors,Self-emp-inc,Prof-specialty,0,0,80,39,0
33,Male,White,Never-married,1,224258,7th-8th,Private,Farming-fishing,0,0,40,26,1
57,Male,White,Married-civ-spouse,0,64960,Assoc-voc,Private,Prof-specialty,0,1902,45,39,0
53,Female,White,Separated,1,263729,Some-college,Private,Adm-clerical,0,0,40,39,0
42,Female,White,Never-married,1,202011,Some-college,State-gov,Exec-managerial,0,0,40,39,0
37,Female,White,Never-married,4,179731,HS-grad,Private,Other-service,0,0,35,39,0
27,Male,White,Married-civ-spouse,0,201872,Some-college,Private,Sales,0,0,50,39,0
19,Female,Amer-Indian-Eskimo,Married-spouse-absent,4,30800,10th,Self-emp-not-inc,Adm-clerical,0,0,40,39,0
46,Male,White,Married-civ-spouse,0,149949,7th-8th,Private,Transport-moving,0,0,40,39,0
43,Male,Black,Married-civ-spouse,0,354408,12th,Private,Adm-clerical,0,0,40,39,0
19,Female,White,Never-married,2,192453,Some-college,Private,Other-service,0,0,25,39,0
40,Male,White,Never-married,1,125461,Assoc-voc,Private,Prof-specialty,0,0,42,39,0
56,Male,White,Married-civ-spouse,0,220187,Some-college,Private,Sales,0,0,45,39,1
63,Male,White,Married-civ-spouse,0,171635,Bachelors,Private,Sales,0,0,40,39,0
27,Male,White,Never-married,3,187981,HS-grad,Private,Handlers-cleaners,0,0,40,39,0
38,Male,White,Married-civ-spouse,0,115289,HS-grad,Private,Machine-op-inspct,0,0,40,39,0
60,Female,Amer-Indian-Eskimo,Divorced,1,24215,10th,Other,Other,0,0,10,39,0
49,Male,White,Divorced,1,209057,Some-college,Private,Tech-support,0,0,40,39,0
43,Male,White,Married-civ-spouse,0,35034,Bachelors,Self-emp-not-inc,Prof-specialty,0,0,21,39,0
32,Male,White,Divorced,2,173854,Bachelors,Self-emp-not-inc,Prof-specialty,0,0,35,39,1
42,Male,White,Married-civ-spouse,0,195897,HS-grad,Self-emp-not-inc,Craft-repair,0,0,40,39,0
28,Male,White,Married-civ-spouse,0,144833,Some-college,Private,Handlers-cleaners,0,0,40,39,0
20,Male,White,Married-civ-spouse,0,266467,HS-grad,Private,Craft-repair,0,0,40,39,0
49,Male,Amer-Indian-Eskimo,Married-spouse-absent,1,190319,Bachelors,Private,Adm-clerical,0,0,40,30,0
31,Male,White,Married-civ-spouse,0,131425,Bachelors,Private,Craft-repair,0,0,40,39,0
56,Male,White,Married-civ-spouse,0,298695,7th-8th,Private,Machine-op-inspct,0,0,48,39,0
60,Male,White,Never-married,1,140544,HS-grad,Private,Handlers-cleaners,0,0,40,39,0
17,Female,White,Never-married,3,218361,10th,Private,Other-service,0,1602,12,39,0
34,Female,White,Married-civ-spouse,5,176244,7th-8th,Private,Other-service,0,0,40,39,0
41,Male,White,Married-civ-spouse,0,103980,Some-college,Private,Prof-specialty,0,0,52,39,0
37,Male,White,Never-married,1,154410,Masters,Self-emp-not-inc,Exec-managerial,0,0,40,39,0
35,Male,White,Married-civ-spouse,0,278632,HS-grad,Self-emp-not-inc,Craft-repair,0,0,40,39,0
31,Male,White,Never-married,1,158291,Bachelors,Local-gov,Craft-repair,8614,0,40,39,1
38,Male,White,Married-civ-spouse,0,183279,Some-college,Private,Exec-managerial,0,0,44,39,1
40,Female,White,Divorced,4,219240,HS-grad,Federal-gov,Adm-clerical,0,0,22,39,0
38,Male,White,Married-civ-spouse,0,76878,11th,Private,Craft-repair,5178,0,40,39,1
20,Male,White,Never-married,3,305446,HS-grad,Private,Other-service,0,0,30,39,0
32,Male,White,Never-married,1,159187,Assoc-voc,Private,Prof-specialty,0,0,40,39,0
30,Male,Other,Married-civ-spouse,0,79712,Bachelors,Private,Prof-specialty,0,0,40,39,0
50,Male,White,Married-civ-spouse,0,189811,Bachelors,Private,Exec-managerial,0,0,40,39,1
56,Male,Amer-Indian-Eskimo,Married-civ-spouse,0,162137,HS-grad,Federal-gov,Transport-moving,0,0,40,39,0
17,Male,White,Never-married,3,181608,10th,Self-emp-inc,Sales,0,0,12,39,0
31,Male,White,Married-civ-spouse,0,176711,HS-grad,Private,Transport-moving,0,0,38,39,0
59,Male,White,Married-civ-spouse,0,264357,10th,Private,Transport-moving,0,0,50,39,0
25,Male,White,Never-married,1,189656,Bachelors,Private,Tech-support,0,0,60,39,1
31,Female,White,Never-married,1,168521,Bachelors,Private,Exec-managerial,0,0,40,39,0
57,Male,White,Married-civ-spouse,0,65080,HS-grad,Self-emp-not-inc,Craft-repair,0,0,50,39,1
22,Female,White,Never-married,3,133833,Some-college,Private,Other-service,0,0,25,39,0
60,Male,White,Married-civ-spouse,0,147473,HS-grad,Private,Sales,0,0,40,39,0
55,Female,White,Widowed,1,193568,HS-grad,Private,Adm-clerical,0,0,40,39,0
19,Female,White,Separated,3,329130,11th,Private,Other-service,0,0,40,39,0
39,Male,White,Never-married,1,32146,Some-college,Private,Craft-repair,0,0,40,39,0
18,Male,White,Never-married,2,91525,HS-grad,Private,Sales,0,0,25,39,0
28,Female,White,Never-married,1,50814,HS-grad,Private,Adm-clerical,0,0,40,39,0
42,Male,Black,Married-civ-spouse,0,161532,Bachelors,Self-emp-inc,Craft-repair,0,0,60,39,0
47,Male,White,Divorced,1,109832,HS-grad,Self-emp-inc,Exec-managerial,0,0,60,39,0
53,Male,White,Married-civ-spouse,0,105478,Bachelors,Self-emp-not-inc,Exec-managerial,0,2415,40,39,1
44,Female,White,Divorced,4,163215,12th,Private,Machine-op-inspct,0,0,40,39,0
51,Male,White,Married-civ-spouse,0,145409,HS-grad,Private,Craft-repair,0,0,40,39,0
63,Female,White,Widowed,4,38352,HS-grad,Private,Adm-clerical,0,0,40,39,0
67,Female,White,Separated,2,105438,HS-grad,Private,Machine-op-inspct,0,0,40,39,0
39,Male,White,Never-married,1,82622,Bachelors,Federal-gov,Adm-clerical,0,0,45,39,0
24,Male,White,Never-married,1,154432,Bachelors,State-gov,Machine-op-inspct,0,0,35,39,0
68,Female,White,Widowed,1,204082,Some-college,Private,Exec-managerial,0,0,45,39,0
26,Female,White,Never-married,1,192213,Masters,Local-gov,Prof-specialty,0,0,40,2,0
24,Male,White,Never-married,1,353010,Bachelors,Private,Machine-op-inspct,0,0,65,39,0
30,Female,White,Divorced,3,188798,Some-college,Private,Other-service,0,0,20,39,0
25,Male,White,Married-civ-spouse,0,122175,Bachelors,Private,Prof-specialty,0,0,45,39,1
66,Male,White,Married-civ-spouse,0,188842,Bachelors,Other,Other,0,0,24,39,0
24,Male,White,Married-civ-spouse,0,293324,HS-grad,Private,Machine-op-inspct,0,0,40,39,0
60,Male,White,Married-civ-spouse,0,52900,7th-8th,Private,Transport-moving,0,0,40,39,0
34,Male,White,Married-civ-spouse,0,203488,HS-grad,Self-emp-not-inc,Craft-repair,0,0,60,39,0
24,Female,White,Never-married,1,121023,Bachelors,Private,Prof-specialty,0,0,40,39,0
80,Male,White,Married-civ-spouse,0,252466,Assoc-voc,Private,Craft-repair,0,0,24,39,0
39,Male,White,Separated,4,174330,HS-grad,Private,Craft-repair,0,0,40,39,0
60,Male,White,Divorced,1,141253,10th,Private,Farming-fishing,0,0,48,39,0
40,Male,White,Married-civ-spouse,0,439919,9th,Private,Machine-op-inspct,0,0,40,26,0
39,Male,White,Married-civ-spouse,0,58343,Some-college,Private,Machine-op-inspct,0,0,40,39,1
31,Female,White,Married-civ-spouse,5,37546,Bachelors,Private,Exec-managerial,0,1902,35,39,1
24,Male,White,Never-married,4,201680,HS-grad,Private,Adm-clerical,0,0,60,39,0
32,Female,Other,Divorced,4,53260,HS-grad,Private,Other-service,0,0,28,39,0
25,Male,White,Divorced,1,164229,HS-grad,Private,Other-service,2597,0,40,39,0
22,Male,White,Never-married,4,138575,HS-grad,Local-gov,Protective-serv,0,0,56,39,0
63,Female,Black,Married-civ-spouse,5,170529,Bachelors,Other,Other,0,0,45,39,0
57,Female,White,Divorced,1,68830,HS-grad,State-gov,Exec-managerial,0,0,50,39,0
76,Male,White,Married-civ-spouse,0,125784,Bachelors,Private,Exec-managerial,0,0,40,39,0
75,Female,White,Married-AF-spouse,5,248833,HS-grad,Other,Other,2653,0,14,39,0
47,Male,White,Married-civ-spouse,0,167281,Bachelors,State-gov,Other-service,0,0,40,39,0
73,Male,Asian-Pac-Islander,Married-civ-spouse,0,131982,Bachelors,Other,Other,0,0,5,40,0
42,Male,White,Married-civ-spouse,0,96524,HS-grad,Local-gov,Exec-managerial,0,0,60,39,1
40,Male,Black,Married-civ-spouse,0,118001,10th,Private,Craft-repair,0,0,40,39,0
20,Female,White,Never-married,4,94401,HS-grad,Private,Exec-managerial,0,0,40,39,0
52,Male,White,Married-civ-spouse,0,145409,Some-college,Private,Transport-moving,15024,0,60,2,1
23,Female,White,Never-married,3,122272,HS-grad,Private,Craft-repair,0,0,40,39,0
19,Male,White,Never-married,3,277974,Some-college,Private,Sales,0,0,35,39,0
59,Female,White,Married-civ-spouse,5,131916,HS-grad,Private,Machine-op-inspct,0,0,40,22,1
46,Male,White,Married-civ-spouse,0,207677,Bachelors,Local-gov,Protective-serv,0,0,40,39,1
45,Male,White,Divorced,4,190115,Assoc-acdm,Private,Exec-managerial,0,0,40,39,0
36,Male,White,Married-civ-spouse,0,216711,HS-grad,Self-emp-inc,Exec-managerial,99999,0,50,0,1
40,Female,White,Married-civ-spouse,5,406811,Some-college,Self-emp-not-inc,Prof-specialty,0,0,40,39,1
20,Male,White,Never-married,3,164922,HS-grad,Private,Craft-repair,0,0,40,39,0
25,Male,White,Never-married,3,189027,Bachelors,Private,Handlers-cleaners,0,0,40,39,0
33,Male,White,Never-married,1,107248,Assoc-voc,Private,Adm-clerical,0,0,45,39,0
20,Female,White,Never-married,3,275190,HS-grad,Private,Adm-clerical,0,0,40,39,0
38,Male,Black,Married-civ-spouse,0,421446,Bachelors,Local-gov,Exec-managerial,0,0,50,39,1
24,Male,White,Never-married,1,88126,HS-grad,Private,Craft-repair,0,0,40,39,0
19,Female,White,Never-married,3,29510,Some-college,Private,Other-service,0,0,20,39,0
24,Female,White,Never-married,3,184216,Some-college,State-gov,Adm-clerical,0,0,40,39,0
50,Female,White,Divorced,1,191025,Masters,Local-gov,Exec-managerial,4650,0,70,39,0
44,Male,White,Divorced,1,326232,7th-8th,Private,Handlers-cleaners,0,0,48,39,0
35,Female,White,Never-married,1,187112,Bachelors,Private,Other-service,0,0,45,39,0
37,Female,White,Separated,4,170563,Assoc-voc,Private,Prof-specialty,0,0,32,39,0
34,Male,White,Married-civ-spouse,0,133122,Bachelors,Private,Exec-managerial,0,0,40,39,0
44,Male,White,Married-civ-spouse,0,169397,HS-grad,Private,Craft-repair,0,0,40,39,1
49,Male,White,Married-civ-spouse,0,34377,12th,Private,Craft-repair,0,0,40,39,1
44,Male,White,Married-civ-spouse,0,269733,Bachelors,Self-emp-inc,Sales,0,0,30,39,0
40,Male,White,Married-civ-spouse,0,192344,Bachelors,Private,Adm-clerical,0,0,40,39,1
32,Female,Black,Married-civ-spouse,5,207685,HS-grad,Private,Handlers-cleaners,3908,0,40,39,0
19,Male,Black,Never-married,3,301606,Some-college,Private,Other-service,0,0,35,39,0
41,Male,White,Married-civ-spouse,0,118212,Bachelors,Private,Craft-repair,3103,0,40,39,1
19,Female,White,Never-married,3,278220,Some-college,Other,Other,0,1602,40,39,0
50,Male,White,Married-civ-spouse,0,65408,HS-grad,Private,Craft-repair,0,0,50,39,1
48,Female,White,Divorced,1,20296,HS-grad,Private,Adm-clerical,0,0,37,39,1
25,Female,White,Widowed,1,149875,Bachelors,Private,Exec-managerial,0,0,40,39,0
49,Female,White,Married-civ-spouse,5,32212,HS-grad,Private,Exec-managerial,0,0,43,39,0
31,Male,White,Married-civ-spouse,0,130057,Masters,Federal-gov,Exec-managerial,7688,0,60,39,1
46,Male,Amer-Indian-Eskimo,Married-civ-spouse,0,117059,Assoc-voc,Private,Transport-moving,0,0,60,39,0
27,Male,White,Married-civ-spouse,0,165412,HS-grad,Private,Craft-repair,0,0,40,39,0
47,Female,Black,Divorced,4,176140,HS-grad,Private,Exec-managerial,0,0,40,39,1
64,Female,White,Divorced,1,119506,HS-grad,Private,Other-service,0,0,15,39,0
38,Male,White,Never-married,3,143517,Bachelors,State-gov,Exec-managerial,0,0,40,39,0
28,Female,White,Never-married,4,286452,10th,Private,Machine-op-inspct,0,0,40,39,0
59,Male,White,Married-civ-spouse,0,103948,HS-grad,Self-emp-inc,Sales,0,0,60,39,1
37,Male,White,Divorced,1,205339,HS-grad,Private,Craft-repair,0,0,49,39,0
30,Male,Asian-Pac-Islander,Married-civ-spouse,0,243190,Prof-school,Private,Prof-specialty,0,0,20,19,1
20,Female,White,Never-married,3,212668,Some-college,Private,Sales,0,0,30,39,0
43,Female,Black,Divorced,4,191765,HS-grad,Private,Tech-support,0,0,35,39,0
56,Male,White,Married-civ-spouse,0,190257,7th-8th,Private,Handlers-cleaners,0,0,40,39,0
24,Male,White,Married-civ-spouse,0,296045,7th-8th,Private,Craft-repair,2635,0,38,39,0
46,Female,White,Separated,4,96080,9th,Private,Craft-repair,0,0,40,39,0
40,Male,White,Married-civ-spouse,0,153238,Bachelors,Private,Exec-managerial,0,1902,32,39,1
34,Male,White,Married-civ-spouse,0,327902,Bachelors,State-gov,Prof-specialty,0,0,55,39,0
56,Male,White,Married-civ-spouse,0,111218,HS-grad,Private,Transport-moving,0,0,60,39,0
35,Female,White,Separated,1,95551,HS-grad,Private,Exec-managerial,0,0,36,39,0
38,Male,White,Married-civ-spouse,0,63509,HS-grad,Private,Craft-repair,0,0,40,39,1
21,Female,Black,Never-married,4,252253,Some-college,Private,Adm-clerical,0,0,40,39,0
36,Male,White,Married-civ-spouse,0,118429,HS-grad,Self-emp-not-inc,Exec-managerial,0,0,50,39,0
23,Male,White,Married-civ-spouse,0,33551,Bachelors,State-gov,Tech-support,0,0,38,39,0
56,Female,Black,Divorced,1,107314,Some-college,Federal-gov,Adm-clerical,0,0,40,39,0
42,Female,White,Never-married,2,109912,Assoc-acdm,Other,Other,0,0,40,39,0
26,Male,White,Married-civ-spouse,0,276967,Some-college,Private,Sales,0,0,40,39,0
27,Male,Asian-Pac-Islander,Married-civ-spouse,0,207352,Bachelors,Private,Tech-support,0,0,40,19,1
28,Male,White,Divorced,4,167062,Some-college,Private,Adm-clerical,0,0,40,39,0
39,Female,White,Divorced,4,209397,HS-grad,Private,Adm-clerical,0,0,40,39,0
28,Male,White,Divorced,1,145284,HS-grad,Private,Transport-moving,0,0,70,39,0
50,Male,White,Married-civ-spouse,0,92811,Bachelors,Private,Tech-support,0,0,40,39,0
27,Male,White,Never-married,1,93235,HS-grad,Private,Sales,0,0,30,39,0
39,Male,Asian-Pac-Islander,Never-married,1,149943,Masters,Private,Sales,0,0,40,3,0
19,Male,Black,Never-married,3,146679,Some-college,Private,Exec-managerial,0,0,30,39,0
26,Male,White,Never-married,3,33610,HS-grad,Private,Transport-moving,0,0,40,39,0
31,Male,White,Divorced,1,225053,HS-grad,Private,Transport-moving,0,0,45,39,0
38,Male,White,Divorced,1,22245,Some-college,Private,Exec-managerial,0,0,50,39,0
47,Female,White,Married-civ-spouse,5,84735,Masters,Self-emp-not-inc,Prof-specialty,0,0,20,39,1
38,Male,White,Married-civ-spouse,0,184456,HS-grad,Self-emp-not-inc,Other-service,3464,0,80,22,0
45,Male,White,Married-civ-spouse,0,190482,Assoc-voc,Private,Craft-repair,0,0,76,39,0
36,Male,White,Never-married,3,138441,Some-college,Private,Machine-op-inspct,0,0,40,39,0
59,Female,White,Married-civ-spouse,5,182836,HS-grad,Other,Other,0,0,40,39,1
23,Female,White,Married-civ-spouse,5,145389,Some-college,Private,Sales,0,0,40,39,0
61,Male,Black,Married-civ-spouse,0,124242,HS-grad,Private,Protective-serv,0,0,40,19,0
36,Female,White,Divorced,1,169926,HS-grad,Private,Sales,0,0,40,39,0
51,Female,White,Divorced,1,131068,HS-grad,Private,Other-service,0,0,40,39,0
35,Male,White,Never-married,1,261293,Masters,Private,Sales,0,0,60,39,0
31,Male,White,Divorced,1,156033,HS-grad,Self-emp-not-inc,Other-service,0,0,35,39,0
26,Male,White,Separated,1,431861,10th,Other,Other,0,0,40,39,0
35,Male,White,Never-married,1,159179,Some-college,Private,Sales,0,0,40,39,0
46,Male,White,Married-civ-spouse,0,117849,Masters,Private,Exec-managerial,0,0,55,39,1
38,Male,White,Married-civ-spouse,0,187069,HS-grad,Private,Transport-moving,0,0,45,39,0
26,Male,White,Married-civ-spouse,0,46097,Bachelors,Local-gov,Prof-specialty,0,0,40,39,0
32,Male,White,Never-married,1,164507,HS-grad,Private,Handlers-cleaners,0,0,40,4,0
53,Male,Black,Married-civ-spouse,0,608184,Bachelors,Private,Exec-managerial,0,1902,40,39,1
47,Female,Asian-Pac-Islander,Separated,4,334679,Masters,Private,Machine-op-inspct,0,0,42,19,0
31,Male,White,Married-civ-spouse,0,247328,9th,Private,Machine-op-inspct,3137,0,40,26,0
41,Male,White,Divorced,1,113823,Bachelors,Private,Other-service,0,0,40,39,0
26,Male,White,Married-civ-spouse,0,279145,HS-grad,Private,Craft-repair,0,0,50,39,0
53,Male,White,Married-civ-spouse,0,277471,Assoc-voc,Private,Tech-support,0,0,40,39,1
17,Male,White,Never-married,4,204018,11th,Private,Sales,0,0,15,39,0
28,Female,White,Never-married,1,175987,HS-grad,Private,Exec-managerial,0,0,40,39,0
42,Male,White,Separated,2,210534,5th-6th,Private,Adm-clerical,0,0,40,8,0
19,Male,White,Never-married,2,351195,9th,Other,Other,0,1719,35,8,0
55,Female,White,Divorced,1,156797,Some-college,Private,Machine-op-inspct,0,0,40,39,0
47,Male,White,Married-civ-spouse,0,386136,Assoc-acdm,Private,Prof-specialty,0,0,40,39,1
30,Female,Black,Separated,4,211840,Some-college,Private,Sales,0,0,16,39,0
90,Male,White,Married-civ-spouse,0,221832,Bachelors,Private,Exec-managerial,0,0,45,39,0
30,Male,White,Never-married,1,87469,HS-grad,Private,Other-service,0,0,40,39,0
47,Male,White,Married-civ-spouse,0,144844,HS-grad,Private,Craft-repair,0,0,40,39,0
69,Male,White,Married-civ-spouse,0,37745,Assoc-voc,Self-emp-not-inc,Sales,0,0,8,39,0
56,Male,White,Married-civ-spouse,0,182062,Bachelors,Private,Tech-support,0,0,48,39,1
27,Male,White,Never-married,3,189530,Some-college,Private,Sales,0,0,35,39,0
38,Male,White,Never-married,1,188888,Bachelors,Private,Exec-managerial,0,1340,40,39,0
28,Male,White,Never-married,3,142712,HS-grad,Private,Handlers-cleaners,0,0,40,39,0
29,Male,White,Never-married,1,136017,10th,Private,Craft-repair,0,0,48,39,0
38,Male,White,Married-civ-spouse,0,91039,Masters,Private,Exec-managerial,0,0,65,39,1
41,Female,White,Divorced,1,143129,Bachelors,Self-emp-not-inc,Exec-managerial,0,0,40,39,0
18,Male,White,Never-married,3,25828,11th,Private,Handlers-cleaners,0,0,16,39,0
40,Male,White,Divorced,1,171424,HS-grad,Private,Transport-moving,0,0,40,39,0
56,Female,White,Divorced,1,92215,9th,Private,Craft-repair,0,0,40,39,1
38,Male,White,Never-married,1,200153,Assoc-acdm,Local-gov,Prof-specialty,0,0,40,39,0
45,Female,White,Never-married,1,328051,Masters,Self-emp-not-inc,Prof-specialty,0,0,60,39,0
21,Female,Black,Never-married,2,236684,Some-college,Private,Other-service,0,0,8,39,0
27,Male,White,Married-civ-spouse,0,195678,Bachelors,Private,Prof-specialty,0,0,40,39,0
29,Male,White,Never-married,1,110226,Masters,Private,Sales,0,0,65,0,0
29,Female,White,Married-civ-spouse,5,170301,HS-grad,Private,Adm-clerical,2829,0,40,39,0
37,Female,Black,Divorced,4,290609,HS-grad,Private,Adm-clerical,0,0,40,39,0
34,Male,White,Separated,1,111746,HS-grad,Private,Craft-repair,0,0,45,32,0
28,Male,White,Never-married,1,378460,Bachelors,Private,Adm-clerical,10520,0,60,39,1
20,Female,White,Never-married,3,170800,Some-college,Private,Adm-clerical,0,0,15,39,0
45,Male,White,Married-civ-spouse,0,148171,Assoc-voc,Private,Craft-repair,15024,0,40,39,1
23,Male,Amer-Indian-Eskimo,Never-married,3,144165,Bachelors,Local-gov,Prof-specialty,0,0,30,39,0
34,Female,White,Never-married,1,204375,Prof-school,Self-emp-not-inc,Prof-specialty,0,0,60,39,1
25,Male,White,Never-married,1,262978,Some-college,Private,Sales,0,0,30,39,0
57,Male,White,Married-civ-spouse,0,414994,Some-college,Federal-gov,Exec-managerial,0,0,40,39,1
59,Male,White,Married-civ-spouse,0,64102,7th-8th,Self-emp-not-inc,Craft-repair,0,0,20,39,0
52,Female,White,Widowed,4,216342,Bachelors,State-gov,Exec-managerial,0,0,55,39,0
34,Male,White,Married-civ-spouse,0,157747,Bachelors,Private,Exec-managerial,0,0,40,39,1
29,Male,White,Never-married,1,150717,Assoc-voc,Private,Exec-managerial,0,0,40,39,0
37,Male,White,Married-spouse-absent,2,222450,11th,Private,Other-service,0,0,40,8,0
24,Female,White,Never-married,3,395297,Some-college,Private,Sales,0,0,35,39,0
18,Female,White,Never-married,3,28357,Some-college,Other,Other,0,0,20,39,0
27,Male,White,Never-married,1,208406,Bachelors,State-gov,Prof-specialty,0,0,30,39,0
47,Female,White,Married-civ-spouse,5,160474,HS-grad,Private,Exec-managerial,0,0,30,39,1
40,Male,Amer-Indian-Eskimo,Divorced,1,100584,10th,Private,Craft-repair,0,0,40,39,0
44,Male,White,Never-married,1,187629,Assoc-acdm,Private,Craft-repair,0,0,25,39,0
49,Male,White,Married-civ-spouse,0,175622,Masters,Private,Prof-specialty,0,0,40,39,0
46,Male,White,Married-civ-spouse,0,31267,HS-grad,Self-emp-not-inc,Transport-moving,0,0,50,39,0
38,Female,White,Divorced,4,37028,Some-college,Private,Sales,0,0,38,39,0
23,Male,Amer-Indian-Eskimo,Never-married,3,33105,Some-college,Private,Handlers-cleaners,0,0,40,39,0
22,Female,Amer-Indian-Eskimo,Never-married,1,233955,Bachelors,Private,Prof-specialty,14344,0,40,39,1
40,Male,White,Married-civ-spouse,0,117721,HS-grad,Self-emp-not-inc,Farming-fishing,0,0,60,39,0
68,Female,White,Widowed,1,29240,HS-grad,Other,Other,0,0,12,39,0
31,Female,White,Never-married,1,187901,Some-college,Private,Sales,0,1504,40,39,0
47,Female,White,Married-civ-spouse,5,192755,HS-grad,Self-emp-not-inc,Machine-op-inspct,0,0,20,39,1
61,Female,White,Married-civ-spouse,5,32423,HS-grad,Self-emp-not-inc,Farming-fishing,22040,0,40,39,0
44,Male,White,Married-civ-spouse,0,56651,Some-college,Self-emp-inc,Exec-managerial,7688,0,45,39,1
37,Female,White,Married-civ-spouse,5,301568,HS-grad,Self-emp-not-inc,Prof-specialty,0,0,35,39,1
66,Male,White,Widowed,1,169435,HS-grad,Private,Craft-repair,0,0,16,39,0
45,Female,White,Divorced,1,185437,Assoc-acdm,Private,Craft-repair,0,0,55,39,0
34,Male,White,Never-married,1,176185,Bachelors,Private,Exec-managerial,0,1741,40,39,0
32,Male,White,Married-civ-spouse,0,159247,Masters,State-gov,Prof-specialty,0,0,50,39,0
28,Male,White,Married-civ-spouse,0,33363,HS-grad,Self-emp-not-inc,Farming-fishing,0,0,70,39,1
35,Male,White,Married-civ-spouse,0,135289,HS-grad,Self-emp-inc,Other-service,0,0,60,39,0
64,Male,White,Married-civ-spouse,0,169604,11th,Private,Transport-moving,0,0,40,39,0
42,Male,White,Married-civ-spouse,0,27821,Assoc-voc,Self-emp-not-inc,Exec-managerial,0,0,60,39,0
46,Female,White,Never-married,3,143189,5th-6th,Private,Machine-op-inspct,0,0,40,6,0
55,Female,White,Divorced,3,286230,11th,Private,Sales,0,0,20,39,0
39,Male,White,Married-civ-spouse,0,343476,HS-grad,Private,Craft-repair,0,0,30,39,0
45,Male,White,Divorced,1,297884,Bachelors,Private,Exec-managerial,0,0,40,39,1
55,Female,White,Divorced,4,408537,9th,Private,Craft-repair,99999,0,37,39,1
41,Female,White,Married-civ-spouse,5,352812,Some-college,Private,Exec-managerial,0,1902,40,39,1
65,Male,White,Married-civ-spouse,0,205309,HS-grad,Private,Adm-clerical,0,0,20,39,0
50,Male,White,Married-civ-spouse,0,133014,Assoc-voc,State-gov,Prof-specialty,0,0,40,39,0
54,Female,Black,Married-civ-spouse,5,154949,11th,Private,Other-service,0,0,40,39,1
39,Male,Black,Married-civ-spouse,0,267893,Assoc-acdm,Local-gov,Craft-repair,7298,0,40,39,1
29,Male,White,Divorced,3,114870,Some-college,Private,Craft-repair,0,0,40,39,0
73,Male,White,Married-civ-spouse,0,191540,Bachelors,Self-emp-inc,Sales,0,0,50,39,1
54,Female,White,Divorced,1,306985,Some-college,Private,Adm-clerical,0,0,40,39,0
53,Male,White,Married-civ-spouse,0,174102,7th-8th,Self-emp-not-inc,Exec-managerial,4386,0,50,12,1
40,Male,White,Married-civ-spouse,0,248094,HS-grad,Private,Transport-moving,0,0,40,39,0
21,Female,White,Never-married,1,198431,HS-grad,Private,Handlers-cleaners,0,0,40,39,0
24,Male,White,Never-married,3,191954,7th-8th,Self-emp-not-inc,Farming-fishing,0,0,50,39,0
22,Male,White,Never-married,3,460835,HS-grad,Private,Craft-repair,0,0,55,39,0
43,Male,White,Married-civ-spouse,0,24763,Masters,State-gov,Prof-specialty,0,1887,45,39,1
56,Male,White,Divorced,1,274111,Masters,State-gov,Prof-specialty,0,1669,40,39,0
32,Male,White,Married-civ-spouse,0,190228,HS-grad,Local-gov,Other-service,0,0,40,39,0
48,Female,Black,Divorced,1,193553,HS-grad,Private,Other-service,0,0,20,39,0
48,Male,White,Divorced,1,268234,HS-grad,Private,Craft-repair,0,0,50,39,0
25,Female,White,Never-married,1,40915,Bachelors,Private,Exec-managerial,0,0,40,39,1
30,Male,White,Never-married,1,119411,Bachelors,Private,Prof-specialty,0,0,40,39,0
43,Female,White,Never-married,1,248186,Assoc-acdm,Private,Adm-clerical,0,0,38,39,0
17,Male,White,Never-married,3,175024,11th,Private,Handlers-cleaners,2176,0,18,39,0
45,Female,White,Married-civ-spouse,5,189564,Masters,Other,Other,0,0,1,39,0
73,Female,White,Widowed,2,198526,HS-grad,Private,Other-service,0,0,32,39,0
22,Female,White,Never-married,1,110946,Some-college,Private,Other-service,0,0,40,39,0
56,Male,White,Married-civ-spouse,0,172364,HS-grad,Private,Machine-op-inspct,0,0,40,39,0
35,Female,White,Divorced,4,194809,11th,Private,Machine-op-inspct,0,0,40,39,0
46,Male,White,Married-civ-spouse,0,393715,Some-college,Private,Exec-managerial,15024,0,50,39,1
51,Male,White,Married-civ-spouse,0,108435,Masters,Local-gov,Prof-specialty,0,0,80,39,1
17,Male,White,Never-married,3,240143,11th,Private,Craft-repair,0,0,30,39,0
32,Male,White,Married-civ-spouse,0,94041,HS-grad,Private,Other-service,0,0,25,21,0
30,Female,White,Married-civ-spouse,5,29662,Assoc-acdm,Private,Other-service,0,0,25,39,1
22,Female,Black,Never-married,3,216134,Some-college,Private,Sales,0,0,40,39,0
38,Male,White,Never-married,4,64875,Some-college,Private,Farming-fishing,0,0,60,39,0
57,Male,White,Married-civ-spouse,0,264148,HS-grad,Self-emp-not-inc,Farming-fishing,0,0,45,39,0
47,Male,White,Married-civ-spouse,0,664821,Bachelors,Private,Other-service,0,0,40,8,0
20,Male,White,Never-married,1,39478,Some-college,Private,Machine-op-inspct,0,0,70,39,0
30,Male,White,Never-married,4,91145,HS-grad,Private,Handlers-cleaners,0,0,55,39,0
31,Female,White,Divorced,4,147215,12th,Private,Other-service,0,0,21,39,0
47,Male,White,Married-civ-spouse,0,162034,Bachelors,Private,Sales,0,0,60,39,1
40,Male,White,Married-civ-spouse,0,45054,Some-college,Self-emp-inc,Transport-moving,0,0,40,39,1
27,Female,White,Never-married,1,38645,Bachelors,Federal-gov,Exec-managerial,0,0,40,39,0
41,Female,White,Married-civ-spouse,5,82319,12th,Private,Other-service,0,0,10,39,0
44,Male,Black,Married-civ-spouse,0,313022,Assoc-voc,Private,Exec-managerial,0,0,40,39,1
43,Male,Black,Married-civ-spouse,0,293535,Bachelors,Local-gov,Prof-specialty,0,0,40,39,1
30,Male,White,Never-married,2,94235,HS-grad,Private,Craft-repair,0,0,40,39,0
26,Male,White,Divorced,1,365289,HS-grad,Private,Machine-op-inspct,0,0,40,39,0
44,Male,White,Divorced,4,445382,Some-college,Self-emp-not-inc,Other-service,0,0,40,39,0
32,Female,Black,Separated,4,269182,Some-college,Private,Tech-support,3887,0,40,39,0
50,Female,White,Divorced,1,240496,Some-college,Private,Tech-support,0,0,36,39,0
26,Female,White,Never-married,1,37379,Bachelors,Private,Exec-managerial,0,0,45,39,0
26,Male,Other,Married-civ-spouse,0,66872,12th,Self-emp-inc,Sales,0,0,98,6,0
68,Male,Amer-Indian-Eskimo,Married-civ-spouse,0,53850,7th-8th,Other,Other,0,0,40,39,0
23,Male,White,Never-married,3,206861,Some-college,Private,Tech-support,0,0,25,39,0
39,Male,White,Never-married,1,98941,Bachelors,Private,Prof-specialty,0,0,40,39,1
23,Male,Black,Never-married,3,237044,HS-grad,Private,Other-service,0,0,12,39,0
17,Male,White,Never-married,1,266072,10th,Private,Other-service,0,0,20,8,0
41,Male,White,Married-civ-spouse,0,227734,HS-grad,State-gov,Adm-clerical,3464,0,40,39,0
71,Male,Black,Married-civ-spouse,0,100063,HS-grad,State-gov,Craft-repair,0,0,40,39,0
50,Male,White,Divorced,1,251585,Bachelors,Federal-gov,Exec-managerial,0,0,55,39,1
47,Male,White,Never-married,1,216657,Masters,Local-gov,Prof-specialty,0,0,35,39,1
45,Male,White,Married-civ-spouse,0,260953,Masters,Other,Other,0,0,40,39,0
24,Male,White,Married-civ-spouse,0,192017,Some-college,Private,Handlers-cleaners,0,0,30,39,0
49,Male,White,Married-civ-spouse,0,213307,Some-college,State-gov,Prof-specialty,0,0,40,39,0
54,Male,White,Married-civ-spouse,0,57758,Masters,Private,Sales,0,0,68,39,1
46,Male,Asian-Pac-Islander,Married-civ-spouse,0,297906,Bachelors,Federal-gov,Prof-specialty,0,0,50,39,1
24,Male,White,Never-married,3,183594,Assoc-voc,Private,Craft-repair,0,0,20,39,0
22,Male,Black,Never-married,2,412316,HS-grad,Private,Sales,0,0,40,0,0
50,Male,White,Married-civ-spouse,0,270194,Bachelors,Private,Exec-managerial,0,0,60,39,0
28,Female,White,Never-married,2,195000,Bachelors,Private,Sales,0,0,45,39,0
28,Male,Black,Never-married,1,53147,Bachelors,Federal-gov,Exec-managerial,0,0,40,39,0
43,Male,White,Married-civ-spouse,0,33331,Bachelors,Private,Sales,0,0,55,39,0
22,Male,White,Married-civ-spouse,0,234663,HS-grad,Private,Machine-op-inspct,0,0,40,39,0
23,Female,White,Never-married,1,314645,Assoc-acdm,State-gov,Adm-clerical,0,0,25,39,0
34,Male,White,Married-civ-spouse,0,242960,Assoc-voc,Private,Craft-repair,0,0,50,39,0
38,Male,White,Never-married,1,284166,Prof-school,Private,Prof-specialty,0,0,50,39,0
48,Female,White,Divorced,4,116641,HS-grad,Private,Adm-clerical,0,0,45,39,0
25,Male,White,Married-civ-spouse,0,109009,11th,Private,Craft-repair,0,0,40,39,0
28,Female,Amer-Indian-Eskimo,Never-married,1,25684,HS-grad,Private,Prof-specialty,0,0,40,39,0
32,Male,White,Never-married,3,206609,HS-grad,Local-gov,Other-service,0,0,40,39,0
25,Male,White,Never-married,3,334133,Masters,Local-gov,Prof-specialty,0,0,20,39,0
33,Male,White,Divorced,1,220860,HS-grad,Private,Transport-moving,0,0,45,39,0
33,Female,White,Never-married,4,168981,Assoc-voc,Private,Prof-specialty,0,0,55,39,0
69,Male,White,Married-civ-spouse,0,204645,Some-college,Self-emp-not-inc,Craft-repair,9386,0,72,39,1
36,Female,Black,Never-married,4,97136,Bachelors,State-gov,Prof-specialty,0,0,40,39,0
34,Male,White,Married-civ-spouse,0,217460,Bachelors,Private,Exec-managerial,0,0,45,39,1
22,Female,White,Married-civ-spouse,5,115244,Assoc-acdm,Private,Prof-specialty,0,0,40,39,0
43,Male,White,Married-civ-spouse,0,90582,HS-grad,Private,Transport-moving,0,0,40,39,0
32,Male,White,Divorced,1,222654,10th,Private,Machine-op-inspct,0,0,40,39,0
43,Male,Black,Married-civ-spouse,0,477983,HS-grad,Private,Handlers-cleaners,0,0,40,39,0
38,Male,Black,Married-civ-spouse,0,299810,HS-grad,Private,Handlers-cleaners,0,0,40,39,0
33,Male,Black,Married-civ-spouse,0,287908,Some-college,Private,Transport-moving,0,0,50,39,1
49,Male,White,Married-civ-spouse,0,202467,HS-grad,Local-gov,Protective-serv,0,0,40,39,1
42,Female,Black,Divorced,1,155657,HS-grad,State-gov,Adm-clerical,0,0,25,39,0
33,Male,White,Married-civ-spouse,0,58305,Assoc-voc,Private,Craft-repair,0,0,40,39,0
44,Male,White,Never-married,1,67065,Assoc-voc,Private,Priv-house-serv,594,0,25,39,0
57,Female,White,Married-civ-spouse,5,108741,HS-grad,Private,Exec-managerial,0,0,40,39,0
29,Male,White,Never-married,1,201556,Bachelors,State-gov,Prof-specialty,0,0,50,39,0
37,Female,White,Married-spouse-absent,4,166744,HS-grad,State-gov,Other-service,0,0,20,39,0
38,Male,White,Married-civ-spouse,0,498785,HS-grad,Private,Handlers-cleaners,0,0,40,39,0
50,Male,White,Married-civ-spouse,0,151580,Assoc-acdm,Private,Craft-repair,0,0,45,39,0
54,Male,White,Married-civ-spouse,0,175594,HS-grad,Private,Craft-repair,0,0,40,39,0
35,Male,White,Married-civ-spouse,0,226789,Masters,State-gov,Prof-specialty,0,0,75,39,0
29,Male,White,Married-civ-spouse,0,78261,HS-grad,Private,Machine-op-inspct,0,0,40,39,0
39,Female,Black,Married-civ-spouse,5,237532,HS-grad,Self-emp-not-inc,Sales,0,0,54,6,1
60,Male,White,Married-civ-spouse,0,191118,HS-grad,Other,Other,0,1848,40,39,1
27,Female,White,Divorced,4,39665,HS-grad,Private,Sales,0,0,37,39,0
47,Female,Black,Married-civ-spouse,5,211668,HS-grad,Private,Machine-op-inspct,0,0,40,39,1
58,Male,White,Married-civ-spouse,0,94429,Some-college,Private,Craft-repair,0,0,40,39,1
41,Male,White,Divorced,1,187802,Some-college,Private,Tech-support,0,0,50,39,0
53,Male,Black,Married-civ-spouse,0,126592,Some-college,Private,Craft-repair,7688,0,40,39,1
67,Male,White,Married-civ-spouse,0,116986,12th,Self-emp-inc,Exec-managerial,0,0,20,39,0
31,Female,White,Never-married,1,20511,Bachelors,Private,Other-service,0,0,25,39,0
57,Male,White,Married-civ-spouse,0,49893,Masters,Private,Prof-specialty,0,0,60,39,1
38,Male,White,Married-civ-spouse,0,114059,Some-college,Private,Sales,0,0,60,39,0
61,Male,White,Divorced,1,230568,Bachelors,Private,Adm-clerical,0,0,40,39,1
29,Male,White,Divorced,3,166210,HS-grad,Private,Handlers-cleaners,0,0,50,39,0
49,Male,White,Married-civ-spouse,0,252079,Some-college,Private,Transport-moving,0,0,40,39,1
33,Male,Black,Never-married,1,188352,Masters,Private,Prof-specialty,0,0,50,39,0
24,Female,White,Separated,4,116934,Some-college,Private,Sales,0,0,45,39,0
38,Male,White,Married-civ-spouse,0,179314,HS-grad,Private,Handlers-cleaners,0,0,40,39,0
56,Female,Black,Widowed,4,659558,12th,Private,Other-service,0,0,40,39,0
21,Female,White,Never-married,1,111676,Some-college,Private,Other-service,0,0,40,39,0
50,Male,Black,Married-civ-spouse,0,150876,HS-grad,Private,Exec-managerial,0,1887,55,39,1
27,Female,White,Never-married,1,255582,HS-grad,Private,Machine-op-inspct,0,0,40,39,0
19,Male,White,Never-married,3,214935,Some-college,Private,Handlers-cleaners,0,0,40,39,0
40,Male,White,Married-civ-spouse,0,107762,Bachelors,Self-emp-not-inc,Exec-managerial,0,0,45,39,0
50,Male,White,Married-civ-spouse,0,288353,Bachelors,State-gov,Protective-serv,0,0,40,39,1
37,Male,White,Married-civ-spouse,0,29054,HS-grad,Self-emp-not-inc,Farming-fishing,0,0,50,39,0
20,Male,White,Never-married,3,174714,Some-college,Other,Other,0,0,20,39,0
20,Male,White,Married-civ-spouse,0,117476,Some-college,Private,Craft-repair,0,0,40,39,0
22,Male,Other,Never-married,1,347803,Some-college,State-gov,Adm-clerical,0,0,20,39,0
38,Male,White,Married-civ-spouse,0,43712,11th,Self-emp-not-inc,Exec-managerial,0,1887,45,39,1
40,Male,White,Married-civ-spouse,0,174373,Bachelors,Private,Exec-managerial,0,0,50,39,1
45,Male,White,Married-civ-spouse,0,408773,Some-college,Private,Machine-op-inspct,0,0,40,39,1
45,Male,White,Divorced,1,183710,HS-grad,State-gov,Transport-moving,0,0,48,39,0
37,Male,White,Never-married,1,151322,Bachelors,State-gov,Prof-specialty,0,0,40,39,0
33,Male,Black,Married-civ-spouse,0,214635,HS-grad,Private,Other-service,0,0,36,14,0
29,Male,White,Married-civ-spouse,0,354558,HS-grad,Private,Sales,0,0,60,39,0
27,Male,White,Never-married,3,110648,Bachelors,Private,Tech-support,0,0,40,39,0
31,Female,Black,Never-married,4,185814,HS-grad,Private,Transport-moving,0,0,30,39,0
21,Male,White,Never-married,3,118023,HS-grad,Private,Farming-fishing,0,0,24,39,0
31,Female,White,Never-married,1,266126,HS-grad,Private,Other-service,0,0,30,39,0
52,Male,White,Married-civ-spouse,0,260938,Some-college,Self-emp-inc,Exec-managerial,0,0,60,39,1
30,Female,White,Never-married,4,45781,HS-grad,Private,Adm-clerical,0,0,40,39,0
22,Male,White,Married-civ-spouse,0,369387,11th,Private,Craft-repair,0,0,35,39,0
41,Male,White,Married-civ-spouse,0,199018,Prof-school,Private,Exec-managerial,0,0,40,39,1
21,Male,White,Never-married,1,347292,HS-grad,Private,Craft-repair,0,0,40,39,0
64,Male,White,Married-civ-spouse,0,142166,HS-grad,Local-gov,Craft-repair,0,0,99,39,0
64,Female,White,Widowed,4,199298,7th-8th,Federal-gov,Other-service,0,0,30,33,0
52,Male,White,Married-civ-spouse,0,77392,HS-grad,Self-emp-inc,Farming-fishing,0,0,60,39,0
61,Male,White,Married-civ-spouse,0,71209,HS-grad,Private,Craft-repair,0,0,45,39,1
70,Male,White,Divorced,1,315868,Bachelors,Private,Adm-clerical,0,0,40,39,0
34,Male,White,Married-civ-spouse,0,199539,HS-grad,Private,Craft-repair,0,0,48,39,1
37,Male,White,Divorced,3,206699,HS-grad,Private,Tech-support,0,0,45,39,0
45,Male,White,Married-civ-spouse,0,189792,Masters,Private,Sales,0,0,40,39,1
59,Female,White,Widowed,1,193895,Some-college,Private,Adm-clerical,0,0,35,39,0
28,Male,White,Never-married,1,209641,HS-grad,Private,Other-service,0,0,32,39,0
55,Male,White,Married-civ-spouse,0,200235,HS-grad,Other,Other,0,0,50,39,1
56,Female,White,Never-married,1,357118,Bachelors,Self-emp-not-inc,Exec-managerial,0,0,60,39,0
17,Female,White,Never-married,3,110798,11th,Private,Sales,0,0,20,39,0
51,Female,White,Separated,4,353281,HS-grad,Self-emp-not-inc,Other-service,0,0,20,39,0
29,Male,White,Never-married,1,102345,Some-college,Private,Tech-support,0,0,52,39,0
28,Male,White,Never-married,1,76714,Prof-school,Private,Prof-specialty,0,0,55,39,1
73,Male,White,Married-civ-spouse,0,173047,Bachelors,Private,Prof-specialty,0,0,15,39,0
20,Male,Black,Never-married,1,279763,11th,Private,Craft-repair,0,0,25,39,0
26,Female,White,Divorced,4,164583,HS-grad,Private,Sales,0,0,30,39,0
38,Male,Asian-Pac-Islander,Married-civ-spouse,0,116358,Some-college,Private,Other-service,0,0,40,30,0
27,Female,Asian-Pac-Islander,Never-married,3,110622,5th-6th,Private,Sales,0,0,20,40,0
37,Male,White,Married-civ-spouse,0,29145,Bachelors,State-gov,Exec-managerial,0,0,50,39,1
37,Male,Other,Separated,3,239161,Some-college,Local-gov,Protective-serv,0,0,52,39,0
26,Male,White,Never-married,1,284343,Assoc-acdm,Self-emp-not-inc,Craft-repair,0,0,40,39,0
37,Male,White,Married-civ-spouse,0,236990,Some-college,Private,Machine-op-inspct,3464,0,40,39,0
29,Female,White,Divorced,4,286452,Assoc-acdm,Private,Sales,3418,0,40,39,0
23,Male,White,Never-married,1,291011,HS-grad,Private,Craft-repair,0,0,40,39,0
27,Male,White,Married-civ-spouse,0,266973,HS-grad,Private,Craft-repair,0,0,60,39,0
40,Male,White,Married-civ-spouse,0,190044,Assoc-acdm,Private,Other-service,0,0,40,39,0
20,Male,White,Married-civ-spouse,0,194630,HS-grad,Private,Adm-clerical,3781,0,50,39,0
24,Male,White,Never-married,1,403671,Bachelors,Private,Prof-specialty,0,0,40,39,0
25,Female,White,Divorced,4,28008,Assoc-acdm,Private,Adm-clerical,0,0,40,39,0
26,Female,White,Married-civ-spouse,5,264300,Some-college,Other,Other,0,0,20,39,0
23,Male,White,Never-married,1,300275,HS-grad,Private,Sales,0,0,48,39,0
48,Female,Black,Married-civ-spouse,5,147860,HS-grad,Private,Handlers-cleaners,0,0,40,39,0
47,Female,White,Divorced,4,162302,HS-grad,Private,Adm-clerical,0,0,20,39,0
52,Male,White,Married-civ-spouse,0,174964,HS-grad,Private,Sales,0,0,40,39,1
33,Male,White,Married-civ-spouse,0,55291,Masters,Private,Exec-managerial,0,0,40,39,1
53,Male,White,Married-civ-spouse,0,88506,Bachelors,Self-emp-not-inc,Prof-specialty,0,0,40,39,0
59,Male,Black,Married-civ-spouse,0,354037,Prof-school,Private,Transport-moving,15024,0,50,39,1
54,Female,White,Divorced,1,439608,Some-college,Federal-gov,Adm-clerical,0,0,40,39,0
54,Male,White,Married-civ-spouse,0,171924,Bachelors,Private,Tech-support,0,0,48,39,0
53,Male,White,Married-civ-spouse,0,155594,Bachelors,Federal-gov,Prof-specialty,0,0,40,39,1
49,Male,White,Divorced,1,194895,Bachelors,State-gov,Prof-specialty,0,0,40,39,0
28,Male,White,Never-married,3,190525,Masters,Private,Prof-specialty,0,0,40,39,0
38,Male,White,Married-civ-spouse,0,203628,Bachelors,State-gov,Prof-specialty,0,0,45,39,1
29,Male,White,Married-civ-spouse,0,96718,HS-grad,Self-emp-not-inc,Craft-repair,0,0,37,39,0
34,Male,White,Married-civ-spouse,0,206297,Bachelors,Private,Exec-managerial,0,0,48,39,1
25,Female,White,Never-married,3,143062,HS-grad,State-gov,Adm-clerical,0,0,40,39,0
22,Female,White,Never-married,3,190916,Some-college,Private,Tech-support,0,0,40,39,0
42,Male,White,Married-civ-spouse,0,245317,HS-grad,Private,Sales,0,0,50,39,0
23,Male,Black,Married-civ-spouse,0,386337,HS-grad,Private,Handlers-cleaners,0,0,40,0,0
47,Female,White,Married-civ-spouse,5,178013,10th,Other,Other,0,0,20,5,0
39,Male,White,Married-civ-spouse,0,50700,HS-grad,Private,Prof-specialty,0,0,40,39,0
39,Male,White,Never-married,1,37314,Masters,Private,Exec-managerial,0,0,50,39,1
33,Male,White,Married-civ-spouse,0,34975,Some-college,Private,Exec-managerial,0,0,45,39,0
22,Male,White,Never-married,1,238917,1st-4th,Private,Machine-op-inspct,0,0,24,26,0
17,Male,White,Never-married,3,371316,10th,Other,Other,0,0,25,39,0
23,Female,White,Never-married,3,207415,Bachelors,Private,Exec-managerial,0,0,15,39,0
23,Female,White,Never-married,3,140764,Assoc-voc,Private,Other-service,0,0,15,39,0
50,Male,White,Divorced,1,94885,Bachelors,Private,Prof-specialty,0,0,45,39,1
42,Male,White,Divorced,4,78765,Some-college,Self-emp-inc,Exec-managerial,0,0,90,39,1
41,Female,White,Divorced,4,217455,HS-grad,Private,Adm-clerical,0,0,40,39,0
27,Male,White,Never-married,3,200928,Some-college,Private,Sales,0,0,22,39,0
34,Male,White,Married-civ-spouse,0,176992,Some-college,Private,Machine-op-inspct,0,0,40,39,0
19,Female,White,Never-married,1,331556,10th,Private,Other-service,0,0,40,39,0
62,Male,White,Married-civ-spouse,0,94931,Assoc-voc,Other,Other,3411,0,40,39,0
55,Male,White,Married-civ-spouse,0,51499,Some-college,Self-emp-not-inc,Farming-fishing,0,0,72,39,0
51,Female,White,Widowed,4,117253,HS-grad,Private,Prof-specialty,0,0,40,39,0
22,Male,White,Never-married,3,117210,Some-college,Private,Adm-clerical,0,0,25,12,0
21,Male,White,Married-civ-spouse,0,337766,Some-college,Private,Adm-clerical,0,0,40,39,0
46,Male,White,Married-civ-spouse,0,131091,Bachelors,Self-emp-not-inc,Sales,0,1902,40,39,1
27,Female,White,Never-married,1,176514,Bachelors,Private,Adm-clerical,0,0,40,39,0
24,Male,White,Never-married,1,322674,Assoc-acdm,Private,Handlers-cleaners,0,0,48,39,0
52,Female,Asian-Pac-Islander,Divorced,1,314627,Masters,State-gov,Prof-specialty,0,0,40,39,0
47,Male,White,Married-civ-spouse,0,123219,Masters,State-gov,Prof-specialty,0,0,38,39,1
46,Male,White,Never-married,1,376789,HS-grad,Private,Other-service,0,0,15,39,0
20,Female,White,Never-married,3,127185,Some-college,Private,Prof-specialty,0,0,15,39,0
48,Female,White,Divorced,1,144122,Masters,Local-gov,Prof-specialty,0,0,40,39,1
41,Female,White,Separated,4,183105,HS-grad,Private,Machine-op-inspct,0,0,44,5,0
24,Male,White,Married-civ-spouse,0,188925,Assoc-voc,Private,Machine-op-inspct,0,0,40,39,0
35,Male,White,Divorced,1,117567,HS-grad,Private,Craft-repair,0,0,40,39,0
35,Female,Black,Married-spouse-absent,3,142874,Assoc-acdm,Private,Sales,0,0,36,39,0
55,Male,White,Married-civ-spouse,0,127014,HS-grad,Private,Other-service,0,0,60,39,0
41,Female,White,Married-civ-spouse,5,306405,Some-college,Private,Tech-support,0,0,40,39,0
74,Male,Amer-Indian-Eskimo,Married-civ-spouse,0,33114,10th,Other,Other,1797,0,30,39,0
27,Male,Asian-Pac-Islander,Married-civ-spouse,0,298635,Masters,Private,Prof-specialty,0,0,40,17,1
42,Male,White,Married-civ-spouse,0,328581,Masters,Local-gov,Prof-specialty,0,0,55,39,0
23,Female,White,Never-married,1,208826,Bachelors,Private,Other-service,0,0,40,39,0
41,Male,White,Never-married,1,406603,HS-grad,Private,Other-service,0,0,6,20,0
41,Male,White,Married-civ-spouse,0,115849,HS-grad,Private,Transport-moving,0,0,40,39,0
26,Male,White,Never-married,3,192652,Bachelors,Private,Other-service,0,0,40,39,0
68,Female,White,Never-married,1,159191,Some-college,Private,Adm-clerical,0,0,40,39,0
46,Female,White,Widowed,1,172695,11th,Private,Other-service,0,0,27,8,0
48,Male,White,Married-civ-spouse,0,182541,Bachelors,Private,Prof-specialty,15024,0,45,39,1
46,Male,White,Married-civ-spouse,0,120902,Bachelors,Self-emp-inc,Exec-managerial,3103,0,37,39,1
57,Male,White,Married-civ-spouse,0,123778,HS-grad,Self-emp-not-inc,Sales,0,0,48,39,0
48,Male,White,Married-civ-spouse,0,118330,Bachelors,State-gov,Exec-managerial,5178,0,40,39,1
34,Female,White,Never-married,4,236415,Some-college,Local-gov,Adm-clerical,0,0,18,39,0
25,Male,White,Never-married,1,295912,Some-college,State-gov,Craft-repair,0,0,20,39,0
54,Male,White,Married-civ-spouse,0,215990,Some-college,Private,Tech-support,7688,0,40,39,1
42,Male,White,Married-civ-spouse,0,173704,Some-college,Private,Sales,0,1887,50,39,1
24,Male,White,Married-civ-spouse,0,98287,HS-grad,Private,Sales,0,0,50,39,0
38,Female,Black,Widowed,2,167882,Some-college,Private,Other-service,0,0,45,14,0
19,Female,White,Divorced,1,157605,HS-grad,Private,Other-service,0,0,40,39,0
21,Male,White,Never-married,4,294295,HS-grad,Private,Adm-clerical,0,0,40,39,0
61,Female,White,Divorced,1,97030,Some-college,Private,Other-service,0,0,30,39,0
27,Male,White,Married-civ-spouse,0,181667,HS-grad,Private,Machine-op-inspct,5013,0,46,2,0
20,Female,White,Never-married,3,202994,Some-college,Other,Other,0,0,16,39,0
38,Male,White,Married-civ-spouse,0,63509,Assoc-voc,Private,Craft-repair,0,0,50,39,0
30,Male,White,Married-civ-spouse,0,136651,5th-6th,Private,Craft-repair,0,0,40,26,0
29,Male,White,Never-married,1,228346,Assoc-voc,Private,Craft-repair,0,0,50,39,0
34,Male,White,Married-civ-spouse,0,190228,Bachelors,Federal-gov,Protective-serv,0,1902,48,39,1
45,Female,Other,Separated,4,129371,9th,Private,Other-service,0,0,40,38,0
57,Female,White,Married-civ-spouse,5,182028,Bachelors,Private,Exec-managerial,0,0,40,39,0
42,Male,White,Married-civ-spouse,0,159449,Bachelors,Private,Exec-managerial,5178,0,40,39,1
34,Female,White,Never-married,1,117983,HS-grad,Private,Adm-clerical,0,0,40,39,0
32,Male,White,Married-civ-spouse,0,160634,Bachelors,Private,Farming-fishing,0,0,60,39,0
18,Female,White,Never-married,3,96445,Some-college,Private,Other-service,0,0,24,39,0
60,Male,White,Divorced,1,171315,HS-grad,Self-emp-inc,Craft-repair,0,0,40,39,0
44,Male,White,Married-civ-spouse,0,131650,Assoc-acdm,Private,Exec-managerial,0,0,54,39,1
39,Male,White,Divorced,1,190719,Some-college,Private,Sales,0,0,45,39,0
46,Male,White,Divorced,1,95256,HS-grad,Self-emp-not-inc,Transport-moving,0,0,50,39,0
22,Male,White,Never-married,1,102684,Some-college,Private,Transport-moving,0,0,32,39,0
30,Female,White,Widowed,4,163604,Bachelors,Private,Prof-specialty,0,0,55,39,1
33,Male,White,Married-civ-spouse,0,236379,Bachelors,Private,Sales,0,0,45,39,0
50,Male,White,Married-civ-spouse,0,141875,HS-grad,Local-gov,Transport-moving,0,0,40,39,0
37,Male,White,Never-married,1,127772,Bachelors,Private,Craft-repair,0,0,40,39,0
19,Female,White,Never-married,1,37332,HS-grad,State-gov,Adm-clerical,0,0,20,39,0
17,Male,White,Never-married,2,438996,10th,Private,Other-service,0,0,40,26,0
53,Female,White,Divorced,1,29557,Some-college,Private,Prof-specialty,0,0,40,39,0
18,Female,White,Never-married,3,152545,HS-grad,Private,Other-service,0,0,8,39,0
20,Female,White,Never-married,3,103277,Some-college,Private,Adm-clerical,0,0,35,39,0
30,Female,Asian-Pac-Islander,Never-married,1,203834,Bachelors,Other,Other,0,0,50,36,0
64,Male,White,Married-civ-spouse,0,211222,Bachelors,State-gov,Adm-clerical,0,0,40,39,0
56,Male,White,Divorced,1,131608,HS-grad,Other,Other,0,0,10,39,0
46,Male,White,Married-civ-spouse,0,97863,Assoc-voc,Federal-gov,Adm-clerical,5178,0,40,39,1
20,Female,White,Never-married,1,170038,HS-grad,Private,Sales,0,0,40,39,0
19,Female,White,Never-married,3,148644,HS-grad,Private,Adm-clerical,0,0,40,39,0
22,Female,Black,Never-married,1,369549,Some-college,Private,Other-service,0,0,30,39,0
20,Female,White,Never-married,1,250630,Some-college,Private,Sales,0,0,20,39,0
28,Male,White,Married-civ-spouse,0,185647,Some-college,Local-gov,Protective-serv,0,0,48,39,0
24,Female,White,Married-civ-spouse,5,32311,Some-college,Private,Other-service,0,0,40,39,0
51,Female,Black,Divorced,4,103529,11th,Private,Other-service,0,0,30,39,0
64,Female,White,Married-civ-spouse,5,341695,Some-college,Federal-gov,Adm-clerical,0,0,40,39,1
20,Female,Asian-Pac-Islander,Never-married,3,304710,Some-college,Private,Sales,0,0,20,39,0
36,Male,White,Married-civ-spouse,0,167440,Some-college,Private,Machine-op-inspct,0,0,44,39,0
41,Male,Black,Married-civ-spouse,0,523910,Bachelors,Local-gov,Craft-repair,0,0,40,39,0
47,Male,White,Never-married,1,287320,Masters,Local-gov,Prof-specialty,0,0,40,39,0
55,Male,White,Married-civ-spouse,0,349910,Assoc-acdm,Self-emp-not-inc,Sales,0,0,60,39,0
26,Male,White,Married-civ-spouse,0,266022,Some-college,Private,Sales,0,0,50,39,0
39,Female,White,Divorced,4,47871,Bachelors,Private,Exec-managerial,0,0,50,39,1
43,Male,White,Married-civ-spouse,0,191547,HS-grad,Private,Farming-fishing,0,0,40,26,0
31,Male,White,Married-civ-spouse,0,144064,HS-grad,Private,Craft-repair,0,0,48,39,1
27,Female,Black,Never-married,4,139209,HS-grad,Private,Machine-op-inspct,0,0,40,39,0
33,Male,Black,Married-civ-spouse,0,549413,Some-college,Private,Adm-clerical,0,0,40,39,1
36,Female,White,Never-married,4,36635,Some-college,Other,Other,0,0,25,39,0
40,Male,White,Divorced,1,290660,Assoc-acdm,Local-gov,Exec-managerial,8614,0,50,39,1
31,Female,White,Married-civ-spouse,5,86958,9th,Private,Exec-managerial,0,0,40,39,0
52,Female,Black,Divorced,1,164530,11th,Private,Machine-op-inspct,0,0,20,39,0
20,Female,White,Never-married,3,188612,Some-college,Private,Adm-clerical,0,0,38,27,0
67,Male,White,Divorced,1,37170,7th-8th,Other,Other,0,0,3,39,0
49,Male,White,Married-civ-spouse,0,122584,7th-8th,Self-emp-not-inc,Sales,0,0,40,39,0
59,Male,White,Divorced,1,176118,Masters,Local-gov,Prof-specialty,0,0,40,39,1
61,Male,White,Married-civ-spouse,0,219183,Bachelors,Self-emp-not-inc,Prof-specialty,0,0,50,39,1
49,Male,Black,Married-civ-spouse,0,226871,HS-grad,Local-gov,Machine-op-inspct,0,0,40,39,1
71,Female,White,Never-married,1,180733,Masters,Private,Other-service,0,0,20,39,0
20,Male,White,Never-married,3,224424,12th,Private,Machine-op-inspct,0,0,40,39,0
30,Male,White,Divorced,1,173647,Some-college,Private,Transport-moving,0,0,40,39,0
22,Female,White,Never-married,2,264738,HS-grad,Private,Exec-managerial,0,0,42,11,0
32,Male,White,Married-civ-spouse,0,303942,HS-grad,Private,Machine-op-inspct,0,0,40,39,0
30,Male,White,Married-civ-spouse,0,270889,Some-college,Private,Adm-clerical,0,0,40,39,1
38,Male,White,Married-civ-spouse,0,216924,Assoc-voc,Federal-gov,Craft-repair,0,0,40,39,0
27,Female,White,Never-married,1,189462,Masters,Private,Adm-clerical,0,0,46,39,0
58,Male,White,Married-civ-spouse,0,212864,HS-grad,Local-gov,Protective-serv,3908,0,40,39,0
57,Male,White,Married-civ-spouse,0,165695,Bachelors,Private,Exec-managerial,0,0,40,0,1
21,Male,White,Never-married,3,285457,Some-college,Private,Transport-moving,0,0,50,39,0
49,Male,White,Married-civ-spouse,0,122066,Masters,State-gov,Prof-specialty,0,0,45,39,1
32,Female,White,Never-married,1,185410,HS-grad,Private,Adm-clerical,0,0,40,39,0
34,Female,White,Divorced,4,130369,HS-grad,Private,Transport-moving,1151,0,48,11,0
47,Male,White,Divorced,4,329205,Bachelors,Federal-gov,Prof-specialty,0,0,40,39,0
58,Male,White,Married-civ-spouse,0,281792,Bachelors,Private,Prof-specialty,0,0,40,39,1
72,Male,White,Never-married,1,107814,Masters,Private,Prof-specialty,2329,0,60,39,0
17,Male,White,Never-married,3,169037,11th,Private,Handlers-cleaners,0,0,40,39,0
34,Male,White,Married-civ-spouse,0,194325,HS-grad,Local-gov,Transport-moving,0,0,45,39,0
49,Female,White,Divorced,4,166039,HS-grad,Local-gov,Other-service,0,0,40,39,0
48,Male,White,Married-civ-spouse,0,148549,Bachelors,Local-gov,Prof-specialty,0,0,40,39,0
27,Male,Asian-Pac-Islander,Never-married,1,236481,Prof-school,Private,Prof-specialty,0,0,10,19,0
65,Male,White,Married-civ-spouse,0,184965,Doctorate,Self-emp-inc,Exec-managerial,99999,0,40,39,1
41,Female,Black,Married-civ-spouse,5,227968,Bachelors,Private,Prof-specialty,0,0,35,14,1
39,Male,White,Married-civ-spouse,0,189092,Bachelors,Self-emp-inc,Exec-managerial,0,0,45,39,0
66,Male,White,Married-civ-spouse,0,129476,Bachelors,Other,Other,0,0,6,39,0
39,Male,White,Married-civ-spouse,0,187046,HS-grad,Private,Sales,4064,0,38,39,0
25,Female,White,Never-married,3,143280,10th,Private,Priv-house-serv,0,0,24,39,0
43,Female,White,Married-civ-spouse,5,35824,Masters,Local-gov,Prof-specialty,0,0,40,39,1
34,Male,White,Never-married,3,80058,Prof-school,Private,Exec-managerial,0,0,50,39,0
48,Male,White,Divorced,1,362883,HS-grad,Self-emp-not-inc,Craft-repair,0,0,60,39,1
58,Male,White,Widowed,4,111625,Bachelors,Private,Exec-managerial,8614,0,40,39,1
38,Male,White,Married-civ-spouse,0,296317,HS-grad,Private,Machine-op-inspct,0,0,40,26,0
62,Male,White,Married-civ-spouse,0,191188,HS-grad,Other,Other,0,0,40,39,0
64,Male,Asian-Pac-Islander,Married-civ-spouse,0,256466,HS-grad,Private,Tech-support,0,0,60,30,1
51,Male,White,Married-civ-spouse,0,237735,HS-grad,Private,Handlers-cleaners,3103,0,40,39,1
58,Male,White,Married-civ-spouse,0,267663,7th-8th,Private,Transport-moving,0,0,40,26,0
31,Female,White,Never-married,3,213307,HS-grad,Local-gov,Adm-clerical,0,0,40,39,0
34,Female,White,Never-married,1,351810,Bachelors,Private,Prof-specialty,0,0,45,5,0
50,Male,Black,Married-civ-spouse,0,378747,HS-grad,Private,Transport-moving,0,0,40,39,0
23,Female,White,Married-civ-spouse,5,228230,Some-college,Private,Sales,0,0,47,39,0
26,Male,White,Married-civ-spouse,0,167350,Some-college,Private,Tech-support,3103,0,40,39,1
23,Female,White,Married-civ-spouse,5,398904,Bachelors,Private,Prof-specialty,0,0,40,39,0
52,Female,White,Divorced,4,114062,HS-grad,Private,Craft-repair,0,0,40,39,0
28,Male,White,Never-married,4,188711,Bachelors,Private,Transport-moving,0,0,20,39,0
60,Male,White,Married-civ-spouse,0,96073,HS-grad,Self-emp-not-inc,Craft-repair,0,0,30,39,0
24,Male,White,Never-married,3,165474,Bachelors,Self-emp-inc,Sales,0,0,40,39,0
28,Female,White,Married-civ-spouse,5,119287,Bachelors,Private,Exec-managerial,15024,0,28,39,1
43,Male,White,Married-civ-spouse,0,316820,Some-college,Self-emp-not-inc,Farming-fishing,0,0,84,39,0
46,Female,White,Married-civ-spouse,5,202560,Some-college,Private,Adm-clerical,0,0,40,39,1
22,Male,White,Never-married,3,326334,Some-college,Private,Craft-repair,0,0,35,39,0
47,Male,White,Married-civ-spouse,0,169549,HS-grad,Private,Craft-repair,0,0,40,39,1
41,Male,White,Never-married,1,252058,Bachelors,Private,Adm-clerical,0,0,40,39,0
20,Male,White,Never-married,3,376474,Some-college,Other,Other,0,0,32,39,0
18,Male,Asian-Pac-Islander,Never-married,3,87169,HS-grad,Self-emp-not-inc,Farming-fishing,0,0,40,39,0
39,Male,White,Divorced,3,187847,HS-grad,Private,Machine-op-inspct,0,0,50,39,0
31,Male,White,Married-civ-spouse,0,103435,HS-grad,Self-emp-inc,Exec-managerial,0,0,50,39,0
52,Male,White,Married-civ-spouse,0,145548,Assoc-acdm,Private,Protective-serv,0,0,40,39,1
54,Male,White,Divorced,1,28186,Bachelors,Self-emp-not-inc,Farming-fishing,27828,0,50,39,1
37,Male,White,Never-married,1,180342,Bachelors,Private,Sales,0,0,45,39,0
54,Female,White,Divorced,1,188136,Bachelors,Private,Sales,0,1408,38,39,0
34,Male,White,Married-civ-spouse,0,314646,9th,Private,Craft-repair,0,0,40,39,0
51,Male,White,Married-civ-spouse,0,222615,HS-grad,Private,Machine-op-inspct,0,0,40,39,1
22,Female,White,Never-married,3,335453,Some-college,Other,Other,0,0,16,39,0
28,Male,White,Never-married,1,142264,9th,Private,Machine-op-inspct,0,0,50,6,0
61,Male,White,Married-civ-spouse,0,106330,HS-grad,Private,Craft-repair,0,0,40,39,0
57,Male,White,Married-civ-spouse,0,353808,Some-college,Self-emp-not-inc,Sales,0,0,60,39,1
21,Female,White,Never-married,1,43535,Some-college,Private,Sales,0,0,40,39,0
44,Male,White,Married-civ-spouse,0,192878,Bachelors,Private,Machine-op-inspct,0,0,40,39,1
55,Female,Amer-Indian-Eskimo,Divorced,4,28735,HS-grad,Private,Adm-clerical,0,0,45,39,0
28,Male,White,Married-civ-spouse,0,37359,Bachelors,Private,Sales,0,0,60,39,1
28,Male,White,Married-civ-spouse,0,39388,Assoc-voc,Self-emp-not-inc,Farming-fishing,0,0,60,39,0
52,Male,White,Married-civ-spouse,0,190762,1st-4th,Private,Machine-op-inspct,0,0,40,26,0
77,Female,White,Widowed,1,147284,HS-grad,Other,Other,0,0,14,39,0
38,Male,White,Never-married,3,223004,Some-college,Private,Other-service,0,0,40,39,0
27,Male,White,Married-civ-spouse,0,199343,HS-grad,Local-gov,Adm-clerical,0,0,38,39,0
56,Male,White,Married-civ-spouse,0,371064,9th,Private,Other-service,0,0,40,39,0
54,Female,White,Widowed,1,219737,HS-grad,Private,Sales,0,0,37,39,0
22,Male,Amer-Indian-Eskimo,Never-married,1,214134,10th,Private,Transport-moving,0,0,84,39,0
26,Female,White,Married-civ-spouse,5,244372,HS-grad,Private,Adm-clerical,0,0,52,39,1
28,Male,White,Never-married,3,31842,Bachelors,Private,Exec-managerial,0,0,40,39,0
34,Male,White,Never-married,3,226525,Assoc-voc,Private,Other-service,0,0,40,39,0
30,Male,White,Married-civ-spouse,0,170065,Some-college,Private,Craft-repair,0,0,40,39,0
33,Male,Asian-Pac-Islander,Married-civ-spouse,0,112847,HS-grad,Private,Transport-moving,0,0,40,0,0
20,Male,White,Never-married,1,197997,HS-grad,Private,Craft-repair,0,0,40,39,0
52,Male,White,Divorced,1,137428,HS-grad,Private,Transport-moving,0,0,45,39,0
58,Male,White,Married-civ-spouse,0,183810,HS-grad,Private,Other-service,0,0,24,39,0
45,Female,Asian-Pac-Islander,Divorced,1,293691,HS-grad,Private,Adm-clerical,0,1590,40,24,0
36,Male,White,Married-civ-spouse,0,410034,Assoc-acdm,Private,Craft-repair,0,0,45,39,0
32,Male,White,Married-civ-spouse,0,199765,Bachelors,Self-emp-inc,Craft-repair,7688,0,50,39,1
51,Female,White,Married-civ-spouse,5,182985,HS-grad,Local-gov,Adm-clerical,0,0,40,39,0
62,Male,White,Married-civ-spouse,0,205643,Prof-school,Private,Craft-repair,0,0,45,39,1
27,Male,White,Married-civ-spouse,0,31659,Some-college,Private,Craft-repair,0,0,45,39,0
23,Male,Asian-Pac-Islander,Never-married,3,139012,Assoc-voc,Private,Transport-moving,0,0,40,35,0
38,Female,White,Never-married,1,237608,Bachelors,Private,Sales,0,2444,45,39,1
17,Male,White,Never-married,3,226717,12th,Private,Handlers-cleaners,0,0,20,39,0
53,Male,White,Separated,1,126977,HS-grad,Private,Craft-repair,0,0,35,39,0
29,Female,Amer-Indian-Eskimo,Divorced,1,29865,HS-grad,Private,Sales,0,0,50,39,0
35,Male,White,Married-civ-spouse,0,183892,10th,Private,Craft-repair,0,0,40,39,0
24,Female,White,Never-married,3,153583,Some-college,Private,Sales,0,0,40,39,0
25,Male,White,Divorced,1,221757,HS-grad,Private,Craft-repair,3325,0,45,39,0
21,Male,White,Never-married,1,83141,HS-grad,Private,Farming-fishing,0,0,53,39,0
23,Male,White,Never-married,3,216867,Some-college,Private,Craft-repair,0,0,37,26,0
36,Male,White,Married-civ-spouse,0,98360,HS-grad,Private,Exec-managerial,0,0,40,39,0
21,Male,White,Never-married,3,51262,HS-grad,Private,Other-service,0,0,35,39,0
27,Male,White,Never-married,3,133937,Masters,Private,Sales,0,0,40,39,0
76,Male,White,Married-civ-spouse,0,172637,Some-college,Other,Other,0,0,20,39,1
54,Male,White,Married-civ-spouse,0,357596,Bachelors,Self-emp-inc,Exec-managerial,7298,0,55,39,1
55,Male,White,Never-married,1,271710,Some-college,Private,Adm-clerical,0,0,45,39,0
19,Male,White,Never-married,3,304643,Some-college,Private,Sales,0,0,20,39,0
42,Male,White,Married-civ-spouse,0,181265,Assoc-voc,Private,Transport-moving,0,0,48,39,0
42,Female,Asian-Pac-Islander,Divorced,4,70240,Some-college,Federal-gov,Exec-managerial,0,0,40,39,0
26,Male,White,Married-civ-spouse,0,106548,HS-grad,Private,Craft-repair,0,0,50,39,0
53,Male,White,Married-civ-spouse,0,156877,HS-grad,State-gov,Adm-clerical,15024,0,35,39,1
19,Male,White,Never-married,3,223648,11th,Private,Sales,0,0,20,0,0
17,Male,White,Never-married,3,102726,12th,Private,Other-service,0,0,16,39,0
43,Male,White,Married-civ-spouse,0,206139,Bachelors,Private,Prof-specialty,0,0,50,39,1
45,Female,Asian-Pac-Islander,Never-married,1,166107,Masters,Private,Adm-clerical,0,0,40,30,0
29,Female,White,Never-married,3,131310,Assoc-acdm,Private,Sales,0,0,40,39,0
59,Female,White,Married-civ-spouse,5,284834,Bachelors,Private,Adm-clerical,2885,0,30,39,0
23,Female,White,Never-married,3,161708,Some-college,Private,Other-service,0,0,20,39,0
22,Male,White,Never-married,1,245524,12th,Private,Other-service,0,0,35,39,0
32,Male,White,Married-civ-spouse,0,113838,Some-college,Local-gov,Protective-serv,0,0,99,39,0
62,Female,Black,Never-married,2,115387,HS-grad,Private,Handlers-cleaners,0,0,40,39,0
65,Female,White,Widowed,1,176796,Doctorate,Private,Prof-specialty,0,0,40,39,0
23,Female,White,Never-married,3,180339,Assoc-acdm,Private,Sales,0,0,65,39,0
38,Male,White,Married-civ-spouse,0,66326,HS-grad,Private,Transport-moving,0,0,99,39,0
20,Male,White,Never-married,3,117222,Some-college,Other,Other,0,0,40,39,0
40,Male,White,Married-civ-spouse,0,103395,Some-college,Private,Craft-repair,0,0,45,39,1
24,Male,White,Married-civ-spouse,0,179627,HS-grad,Private,Machine-op-inspct,0,0,40,39,0
36,Male,Black,Never-married,1,337039,Assoc-acdm,Private,Tech-support,14344,0,40,9,1
29,Male,White,Married-civ-spouse,0,105694,HS-grad,Private,Handlers-cleaners,0,0,42,39,0
39,Female,White,Never-married,1,347960,Prof-school,Private,Prof-specialty,14084,0,35,39,1
38,Male,White,Divorced,1,161141,HS-grad,Private,Transport-moving,0,0,40,39,0
38,Male,Other,Married-spouse-absent,1,167725,Bachelors,Private,Transport-moving,0,0,84,19,0
18,Female,White,Never-married,3,231562,HS-grad,Private,Sales,0,0,33,39,0
17,Male,White,Never-married,3,112291,11th,Private,Handlers-cleaners,0,0,12,39,0
43,Male,White,Married-civ-spouse,0,193494,10th,Private,Adm-clerical,0,0,40,39,0
42,Female,White,Never-married,1,254817,Some-college,Local-gov,Prof-specialty,0,1340,40,39,0
18,Female,White,Never-married,3,31983,12th,Private,Adm-clerical,0,0,20,39,0
24,Male,Black,Never-married,3,157894,Some-college,Private,Handlers-cleaners,0,0,40,39,0
35,Female,White,Married-civ-spouse,5,150217,Bachelors,Private,Other-service,0,0,24,31,0
71,Female,White,Never-married,1,193530,11th,Private,Priv-house-serv,0,0,75,39,0
36,Female,White,Married-civ-spouse,5,393673,Assoc-acdm,Private,Exec-managerial,0,0,50,39,1
25,Male,White,Never-married,1,283515,Some-college,Private,Protective-serv,0,0,60,39,0
60,Male,White,Married-civ-spouse,0,210827,Bachelors,Self-emp-inc,Prof-specialty,7688,0,40,39,1
40,Female,White,Married-civ-spouse,5,63042,Bachelors,Local-gov,Prof-specialty,0,0,40,39,1
47,Female,White,Never-married,1,198769,Some-college,Private,Adm-clerical,0,0,40,39,1
41,Male,White,Married-civ-spouse,0,170866,Bachelors,Private,Exec-managerial,0,0,50,39,1
27,Male,White,Never-married,1,388998,Bachelors,Private,Sales,13550,0,46,39,1
44,Male,White,Never-married,4,32185,HS-grad,Private,Transport-moving,0,0,70,39,0
45,Female,Black,Separated,4,235431,HS-grad,Local-gov,Other-service,0,0,40,39,0
37,Male,Asian-Pac-Islander,Married-civ-spouse,0,82283,5th-6th,Private,Other-service,0,0,40,0,0
40,Male,White,Never-married,1,74949,Some-college,Local-gov,Exec-managerial,0,0,40,39,0
39,Female,White,Separated,1,139743,HS-grad,Private,Adm-clerical,0,0,20,39,0
26,Female,White,Never-married,1,137658,Bachelors,Private,Exec-managerial,0,0,45,39,0
46,Male,White,Married-civ-spouse,0,405309,HS-grad,Private,Exec-managerial,0,0,40,39,0
54,Male,White,Married-civ-spouse,0,51048,HS-grad,Federal-gov,Prof-specialty,0,0,40,39,1
61,Female,White,Divorced,1,28291,HS-grad,Private,Farming-fishing,0,0,82,39,0
26,Female,White,Never-married,1,371556,Some-college,Private,Adm-clerical,0,0,40,39,0
28,Male,White,Never-married,1,185127,Some-college,Private,Tech-support,0,0,54,39,0
35,Female,White,Married-civ-spouse,5,359131,Bachelors,Private,Prof-specialty,7298,0,8,0,1
40,Male,White,Married-civ-spouse,0,144594,HS-grad,Private,Adm-clerical,2829,0,40,39,0
60,Male,White,Widowed,1,227332,Assoc-voc,Private,Adm-clerical,0,0,40,39,0
49,Female,White,Divorced,4,188515,Some-college,Private,Adm-clerical,0,0,40,39,0
25,Male,White,Never-married,1,33610,HS-grad,Private,Handlers-cleaners,0,0,45,39,0
65,Male,White,Married-civ-spouse,0,240857,Bachelors,Other,Other,0,2377,40,39,1
23,Female,White,Never-married,3,32616,Bachelors,Private,Adm-clerical,0,0,20,39,0
49,Male,White,Married-civ-spouse,0,324791,Bachelors,State-gov,Prof-specialty,0,0,50,39,1
29,Female,White,Divorced,1,100579,Assoc-voc,Private,Exec-managerial,0,0,40,39,0
21,Female,White,Never-married,3,275421,Some-college,Private,Craft-repair,0,0,40,39,0
42,Male,White,Married-civ-spouse,0,269028,Doctorate,Private,Prof-specialty,0,0,40,10,0
24,Male,White,Never-married,3,442274,HS-grad,Private,Exec-managerial,0,0,40,39,0
26,Female,White,Never-married,1,164737,Some-college,Private,Sales,0,0,40,39,0
53,Male,White,Married-civ-spouse,0,548580,Some-college,Private,Craft-repair,0,0,40,13,0
53,Female,Black,Divorced,1,233780,Assoc-voc,Private,Adm-clerical,2202,0,40,39,0
32,Female,White,Divorced,1,251243,Some-college,Private,Exec-managerial,0,0,50,39,1
58,Male,White,Married-civ-spouse,0,49893,Some-college,Private,Sales,0,0,45,39,0
41,Male,White,Married-civ-spouse,0,318046,Some-college,Private,Transport-moving,0,0,48,39,1
62,Male,White,Married-civ-spouse,0,159939,HS-grad,Self-emp-not-inc,Farming-fishing,0,0,35,39,0
58,Male,White,Married-civ-spouse,0,519006,HS-grad,Private,Craft-repair,0,0,52,39,0
42,Male,White,Married-civ-spouse,0,1097453,Bachelors,Self-emp-inc,Sales,0,0,60,39,1
40,Male,White,Divorced,1,397346,Assoc-acdm,Other,Other,0,0,40,39,0
37,Male,White,Married-civ-spouse,0,221850,Masters,Private,Exec-managerial,0,0,50,7,1
19,Female,White,Never-married,3,266255,HS-grad,Private,Sales,0,0,40,39,0
52,Female,White,Divorced,1,447579,HS-grad,State-gov,Adm-clerical,0,0,40,9,0
30,Male,White,Married-civ-spouse,0,112139,HS-grad,State-gov,Protective-serv,0,0,40,39,0
27,Female,Black,Never-married,3,151626,HS-grad,Local-gov,Prof-specialty,0,0,40,39,0
29,Male,White,Never-married,1,220419,Bachelors,Local-gov,Protective-serv,0,0,56,39,0
63,Male,White,Married-civ-spouse,0,188976,Bachelors,Private,Adm-clerical,0,0,40,39,0
39,Male,Black,Married-civ-spouse,0,314822,Some-college,Federal-gov,Adm-clerical,0,0,40,39,0
58,Male,Black,Married-civ-spouse,0,361870,HS-grad,Other,Other,0,0,30,39,0
43,Male,White,Divorced,1,173316,Assoc-acdm,Private,Craft-repair,0,0,40,39,0
20,Female,White,Never-married,1,258490,Some-college,Private,Sales,0,0,35,39,0
54,Female,White,Never-married,1,137065,Doctorate,State-gov,Exec-managerial,0,0,40,39,1
21,Male,White,Never-married,3,170456,Assoc-acdm,Private,Handlers-cleaners,0,0,15,39,0
48,Female,White,Divorced,1,196107,HS-grad,Private,Adm-clerical,0,0,30,39,0
45,Male,Black,Divorced,4,190406,Prof-school,State-gov,Prof-specialty,25236,0,36,39,1
28,Female,White,Married-civ-spouse,3,168524,Assoc-voc,Other,Other,0,0,40,39,0
26,Male,White,Never-married,3,165510,Bachelors,Private,Farming-fishing,0,0,40,39,0
49,Female,White,Never-married,1,123207,HS-grad,Private,Adm-clerical,0,0,44,39,0
28,Male,White,Married-civ-spouse,0,149624,Bachelors,State-gov,Prof-specialty,0,0,40,39,1
25,Female,White,Never-married,3,242729,Bachelors,Private,Sales,0,0,20,39,0
27,Male,White,Married-civ-spouse,0,267989,Some-college,Private,Machine-op-inspct,0,0,40,39,0
65,Female,White,Widowed,1,123965,Bachelors,Private,Other-service,0,0,40,39,0
28,Male,White,Married-civ-spouse,3,119545,Some-college,Private,Exec-managerial,7688,0,50,39,1
62,Female,White,Widowed,4,177295,HS-grad,Federal-gov,Adm-clerical,0,0,40,39,0
52,Female,White,Widowed,4,380633,5th-6th,Private,Other-service,0,0,40,26,0
49,Male,White,Married-civ-spouse,0,43479,Some-college,Self-emp-not-inc,Craft-repair,0,0,40,39,0
21,Female,White,Never-married,3,237051,Some-college,Private,Other-service,0,0,25,39,0
32,Male,White,Never-married,1,244147,Bachelors,Private,Prof-specialty,0,1876,50,39,0
25,Male,White,Never-married,3,176616,HS-grad,Local-gov,Other-service,0,0,40,39,0
36,Female,White,Never-married,1,116608,HS-grad,Private,Adm-clerical,4865,0,40,39,0
34,Female,White,Never-married,1,179641,Bachelors,Private,Prof-specialty,0,0,45,39,0
58,Female,White,Divorced,1,256274,HS-grad,Private,Adm-clerical,0,0,40,39,0
49,Male,Black,Married-civ-spouse,0,247892,Some-college,Private,Craft-repair,0,0,30,39,0
58,Male,White,Married-civ-spouse,0,250206,10th,Private,Craft-repair,5178,0,40,39,1
44,Female,Black,Never-married,4,103233,Bachelors,Private,Adm-clerical,0,0,40,39,0
42,Female,White,Divorced,4,42703,HS-grad,Private,Adm-clerical,0,0,40,39,0
37,Female,White,Separated,4,246677,HS-grad,Private,Prof-specialty,0,0,38,39,0
44,Male,Asian-Pac-Islander,Married-civ-spouse,0,68729,Some-college,Private,Sales,0,1902,40,39,1
47,Male,White,Married-civ-spouse,0,191175,5th-6th,Self-emp-not-inc,Sales,0,2179,50,26,0
44,Male,White,Married-civ-spouse,0,141858,Prof-school,State-gov,Prof-specialty,15024,0,75,39,1
41,Male,White,Married-civ-spouse,0,220132,HS-grad,Private,Exec-managerial,7298,0,40,39,1
39,Male,White,Married-civ-spouse,0,126675,Some-college,Self-emp-inc,Prof-specialty,0,0,25,39,0
47,Male,White,Married-civ-spouse,0,308242,HS-grad,Other,Other,0,0,40,39,0
30,Female,White,Never-married,1,295010,HS-grad,Private,Adm-clerical,0,0,40,39,0
46,Male,White,Married-civ-spouse,0,179048,HS-grad,Private,Sales,0,0,35,0,0
44,Male,White,Married-civ-spouse,0,120277,Bachelors,Self-emp-inc,Exec-managerial,99999,0,45,39,1
23,Male,White,Never-married,1,237720,Bachelors,Private,Prof-specialty,0,0,38,39,0
43,Female,White,Married-civ-spouse,5,106760,HS-grad,Private,Adm-clerical,0,0,50,2,1
49,Male,White,Married-civ-spouse,0,34998,Some-college,Self-emp-inc,Farming-fishing,0,0,60,39,0
65,Male,White,Married-civ-spouse,0,386672,Assoc-voc,Private,Adm-clerical,0,0,15,39,0
39,Male,White,Never-married,2,454915,HS-grad,Private,Handlers-cleaners,0,0,40,39,0
43,Male,White,Divorced,1,397963,HS-grad,Private,Handlers-cleaners,594,0,16,39,0
50,Male,White,Married-civ-spouse,0,165001,Bachelors,Private,Craft-repair,0,0,50,39,0
36,Male,White,Married-civ-spouse,0,181382,Assoc-voc,Private,Machine-op-inspct,3103,0,40,39,1
31,Male,White,Never-married,3,147654,HS-grad,Private,Exec-managerial,0,0,40,39,0
63,Male,White,Married-civ-spouse,0,294009,Bachelors,Private,Prof-specialty,15024,0,45,39,1
25,Male,White,Married-civ-spouse,0,247006,Assoc-acdm,Private,Exec-managerial,0,0,45,39,0
41,Female,White,Divorced,4,49654,HS-grad,Private,Adm-clerical,0,0,52,39,0
46,Male,White,Married-civ-spouse,0,155489,HS-grad,Private,Machine-op-inspct,0,0,43,39,1
52,Male,White,Married-civ-spouse,0,276515,Bachelors,Private,Other-service,0,0,40,5,0
34,Male,White,Married-civ-spouse,0,231826,HS-grad,Local-gov,Prof-specialty,0,0,40,8,0
35,Male,White,Married-civ-spouse,0,135436,Prof-school,Self-emp-inc,Prof-specialty,0,0,50,39,1
38,Male,White,Married-civ-spouse,0,244803,Some-college,Self-emp-inc,Sales,0,1485,60,5,1
42,Female,Black,Never-married,4,175133,Some-college,Private,Machine-op-inspct,0,0,40,39,0
27,Male,White,Never-married,1,431637,Prof-school,State-gov,Prof-specialty,0,0,70,39,0
33,Male,White,Married-civ-spouse,0,34080,Some-college,Local-gov,Protective-serv,0,0,40,39,1
41,Male,White,Divorced,1,66632,Some-college,Self-emp-not-inc,Craft-repair,0,0,40,39,0
30,Male,White,Never-married,2,375827,HS-grad,Private,Handlers-cleaners,0,0,40,39,0
69,Female,White,Married-civ-spouse,5,69306,Some-college,Self-emp-not-inc,Other-service,0,0,15,39,0
38,Female,White,Married-civ-spouse,5,115433,Assoc-acdm,Federal-gov,Adm-clerical,7688,0,33,39,1
45,Male,White,Married-civ-spouse,0,337825,HS-grad,Private,Craft-repair,0,0,45,39,0
64,Female,White,Widowed,4,146110,Some-college,Private,Other-service,0,0,24,39,0
20,Male,White,Married-spouse-absent,1,320047,10th,Private,Handlers-cleaners,0,0,40,39,0
38,Male,White,Married-civ-spouse,0,239397,7th-8th,Private,Craft-repair,0,0,36,26,0
37,Male,White,Divorced,1,179671,HS-grad,Private,Craft-repair,0,0,40,39,0
35,Female,White,Divorced,4,162601,HS-grad,Private,Adm-clerical,0,0,40,39,0
20,Female,White,Never-married,3,260199,HS-grad,Private,Adm-clerical,0,0,10,39,0
40,Female,White,Married-civ-spouse,5,42703,Some-college,Local-gov,Adm-clerical,0,0,40,39,1
55,Female,White,Married-civ-spouse,5,153788,Some-college,State-gov,Adm-clerical,0,0,37,39,0
24,Male,White,Never-married,1,172146,9th,Private,Machine-op-inspct,0,1721,40,39,0
23,Female,Black,Never-married,4,184699,HS-grad,Other,Other,0,0,40,39,0
42,Male,White,Married-civ-spouse,0,287244,HS-grad,Private,Craft-repair,0,0,55,39,0
56,Male,Black,Never-married,1,61885,Bachelors,Federal-gov,Transport-moving,0,2001,65,39,0
32,Female,White,Divorced,1,270968,Bachelors,Private,Exec-managerial,0,0,50,39,1
22,Male,Asian-Pac-Islander,Never-married,3,361280,Bachelors,Self-emp-not-inc,Prof-specialty,0,0,20,19,0
37,Male,White,Never-married,1,123833,Some-college,Private,Sales,0,0,60,39,0
17,Female,White,Never-married,3,170455,11th,Private,Sales,0,0,8,39,0
30,Female,White,Married-civ-spouse,5,217296,Assoc-voc,Private,Adm-clerical,0,0,35,39,0
22,Male,White,Never-married,1,87867,12th,Other,Other,0,0,30,39,0
44,Male,White,Married-civ-spouse,0,106900,Bachelors,Private,Prof-specialty,0,0,60,39,0
39,Female,Black,Divorced,4,255027,Assoc-voc,Private,Exec-managerial,0,0,40,39,0
35,Male,Black,Never-married,1,308874,HS-grad,Self-emp-not-inc,Craft-repair,0,0,40,39,0
60,Male,White,Never-married,4,154474,HS-grad,Self-emp-not-inc,Farming-fishing,0,0,42,39,0
41,Male,Asian-Pac-Islander,Married-civ-spouse,0,349703,Assoc-acdm,Private,Farming-fishing,0,0,40,39,0
39,Female,White,Married-civ-spouse,5,134367,Masters,Private,Prof-specialty,0,1977,24,39,1
44,Male,White,Married-civ-spouse,0,201742,Bachelors,Self-emp-not-inc,Exec-managerial,0,2415,50,39,1
26,Female,White,Never-married,4,211435,HS-grad,Private,Machine-op-inspct,0,0,40,39,0
46,Male,White,Divorced,1,117605,9th,Private,Sales,0,0,35,39,0
54,Male,White,Married-civ-spouse,0,123011,Some-college,Private,Sales,0,0,45,39,1
57,Male,White,Divorced,3,190554,10th,Self-emp-not-inc,Exec-managerial,0,0,60,39,1
20,Male,White,Never-married,3,293297,Some-college,Private,Other-service,0,0,35,39,0
38,Female,White,Divorced,4,307404,Some-college,Federal-gov,Adm-clerical,0,0,40,39,0
50,Male,White,Married-civ-spouse,0,172175,Prof-school,Private,Prof-specialty,0,0,50,39,1
42,Female,White,Separated,3,138662,Some-college,Private,Adm-clerical,0,0,40,39,0
28,Male,White,Never-married,3,115677,Assoc-acdm,Private,Adm-clerical,0,0,32,39,0
34,Male,White,Married-civ-spouse,0,118710,Assoc-voc,Private,Other-service,0,0,40,39,1
58,Female,Black,Divorced,2,239405,5th-6th,Local-gov,Other-service,0,0,40,14,0
63,Male,White,Divorced,1,149756,Assoc-acdm,Private,Exec-managerial,0,0,40,39,1
56,Male,White,Divorced,1,98418,HS-grad,Private,Transport-moving,0,0,30,39,0
61,Male,White,Married-civ-spouse,0,115023,Masters,Self-emp-not-inc,Craft-repair,0,0,4,0,0
40,Female,White,Divorced,4,164678,Assoc-acdm,Private,Prof-specialty,0,0,32,39,0
26,Male,White,Married-civ-spouse,0,281678,Assoc-voc,Self-emp-not-inc,Farming-fishing,0,0,55,39,0
33,Male,White,Married-civ-spouse,0,239018,Doctorate,Self-emp-inc,Prof-specialty,0,0,60,39,0
37,Female,White,Divorced,4,166744,HS-grad,Private,Other-service,0,0,12,39,0
19,Male,White,Never-married,3,354104,HS-grad,Local-gov,Adm-clerical,0,0,35,39,0
23,Male,White,Never-married,1,120172,Bachelors,Private,Exec-managerial,0,0,40,39,0
36,Female,White,Widowed,1,194630,HS-grad,State-gov,Exec-managerial,0,0,40,39,0
61,Male,White,Married-civ-spouse,0,175331,10th,Private,Transport-moving,0,0,40,39,0
52,Female,White,Divorced,1,87205,HS-grad,Private,Other-service,0,0,38,39,0
35,Female,White,Divorced,4,95455,Bachelors,Self-emp-not-inc,Exec-managerial,0,0,55,39,0
76,Female,Black,Widowed,1,211453,HS-grad,Other,Other,0,0,2,39,0
60,Male,White,Married-civ-spouse,0,185836,Prof-school,Private,Exec-managerial,0,0,40,39,1
23,Male,White,Never-married,3,172047,HS-grad,Private,Handlers-cleaners,0,0,40,39,0
21,Female,White,Never-married,3,344492,Some-college,Private,Other-service,0,0,30,39,0
28,Female,White,Married-civ-spouse,5,85812,Some-college,Private,Sales,0,0,40,39,0
58,Male,White,Never-married,1,174040,Some-college,Private,Farming-fishing,0,0,40,39,0
37,Female,White,Never-married,4,127918,Some-college,Private,Transport-moving,0,0,20,33,0
30,Female,White,Never-married,1,101283,Some-college,Private,Other-service,0,0,40,39,0
23,Female,White,Never-married,4,171705,HS-grad,Private,Sales,0,0,48,39,0
24,Male,White,Never-married,3,448026,Bachelors,Private,Sales,0,0,40,39,0
41,Male,Black,Married-civ-spouse,0,197583,10th,Private,Transport-moving,0,0,40,39,1
20,Male,White,Never-married,1,105244,Some-college,Private,Handlers-cleaners,0,0,50,39,0
53,Male,White,Married-civ-spouse,0,118793,HS-grad,State-gov,Protective-serv,0,0,40,39,0
61,Male,White,Married-civ-spouse,0,119986,Bachelors,Self-emp-inc,Sales,0,0,50,39,0
33,Male,White,Married-civ-spouse,0,124052,HS-grad,Private,Craft-repair,0,0,40,39,0
27,Male,White,Never-married,1,212041,HS-grad,Private,Craft-repair,0,0,50,39,0
38,Male,White,Never-married,1,164898,HS-grad,Private,Craft-repair,0,0,40,39,0
47,Male,White,Married-civ-spouse,0,274200,11th,Private,Craft-repair,7298,0,40,39,1
55,Female,White,Widowed,1,48055,12th,Local-gov,Adm-clerical,0,0,40,39,0
29,Male,White,Never-married,2,440647,Some-college,Federal-gov,Adm-clerical,0,0,40,39,0
47,Female,White,Divorced,4,235683,Masters,Private,Prof-specialty,0,0,40,39,0
38,Male,White,Married-civ-spouse,0,304651,HS-grad,Private,Adm-clerical,0,0,45,39,1
47,Female,White,Divorced,4,44216,HS-grad,Private,Exec-managerial,0,0,45,39,0
55,Male,White,Married-civ-spouse,0,107308,Masters,Local-gov,Prof-specialty,0,0,40,39,1
28,Male,White,Separated,3,381789,Some-college,State-gov,Exec-managerial,0,2339,40,39,0
54,Male,White,Never-married,1,339667,HS-grad,Private,Adm-clerical,0,0,41,39,0
25,Female,White,Never-married,1,120041,Bachelors,State-gov,Prof-specialty,0,0,40,39,0
37,Male,White,Married-civ-spouse,0,190759,Some-college,Self-emp-inc,Sales,0,0,60,39,1
59,Male,White,Married-civ-spouse,0,366618,9th,Private,Other-service,0,0,30,39,0
26,Male,White,Never-married,1,136309,Bachelors,Private,Other-service,0,0,40,39,0
47,Male,Amer-Indian-Eskimo,Married-civ-spouse,0,157901,11th,Private,Other-service,0,0,36,39,0
25,Male,White,Never-married,2,122999,HS-grad,Private,Craft-repair,0,0,40,39,0
66,Female,White,Widowed,1,140849,HS-grad,Local-gov,Other-service,0,0,25,39,0
53,Male,White,Married-civ-spouse,0,257126,12th,Self-emp-not-inc,Craft-repair,0,0,45,39,0
60,Male,Asian-Pac-Islander,Married-civ-spouse,0,85815,HS-grad,Private,Craft-repair,0,0,40,39,0
20,Female,White,Married-civ-spouse,5,339588,HS-grad,Private,Other-service,0,0,40,29,0
55,Male,White,Married-civ-spouse,0,342121,Some-college,Private,Tech-support,0,0,40,39,0
41,Male,White,Married-civ-spouse,0,112362,HS-grad,Self-emp-not-inc,Farming-fishing,0,0,38,39,0
34,Male,White,Married-civ-spouse,0,286020,HS-grad,Private,Machine-op-inspct,0,0,45,39,0
20,Female,White,Never-married,3,182200,HS-grad,Self-emp-inc,Machine-op-inspct,0,0,30,39,0
19,Female,White,Never-married,3,181546,Some-college,Private,Adm-clerical,0,0,40,39,0
36,Female,White,Married-civ-spouse,5,183902,Bachelors,Private,Prof-specialty,0,0,4,39,1
26,Male,White,Married-civ-spouse,0,39212,HS-grad,Private,Machine-op-inspct,0,0,45,39,0
41,Male,White,Married-civ-spouse,0,100800,Masters,Self-emp-not-inc,Exec-managerial,7298,0,70,39,1
73,Male,White,Married-civ-spouse,0,336007,HS-grad,Self-emp-not-inc,Sales,0,0,40,39,0
23,Female,Black,Never-married,2,220168,HS-grad,Private,Sales,0,0,25,23,0
22,Female,White,Never-married,3,186569,Bachelors,State-gov,Prof-specialty,0,0,12,39,0
41,Male,White,Divorced,1,247082,HS-grad,Private,Exec-managerial,0,0,50,39,0
37,Male,White,Married-civ-spouse,0,193689,Assoc-voc,Private,Machine-op-inspct,0,0,42,39,1
25,Male,White,Never-married,1,177625,HS-grad,Private,Machine-op-inspct,0,0,40,39,0
38,Male,White,Married-civ-spouse,0,153976,HS-grad,Private,Craft-repair,0,0,40,39,0
34,Male,White,Married-civ-spouse,0,157747,HS-grad,Private,Transport-moving,0,0,45,39,0
55,Male,White,Married-civ-spouse,0,145401,Bachelors,Federal-gov,Exec-managerial,0,0,40,39,1
58,Male,Black,Married-civ-spouse,0,497253,Bachelors,Federal-gov,Exec-managerial,0,0,40,39,1
48,Female,White,Married-civ-spouse,5,242923,HS-grad,Local-gov,Tech-support,0,1848,40,39,1
29,Male,White,Married-civ-spouse,0,280344,Bachelors,Private,Sales,0,0,40,39,1
51,Male,White,Married-civ-spouse,0,339905,HS-grad,Private,Sales,7688,0,40,39,1
21,Female,Black,Never-married,3,193219,HS-grad,Private,Adm-clerical,0,0,35,23,0
24,Male,White,Divorced,1,49218,HS-grad,Private,Machine-op-inspct,0,0,40,39,0
26,Female,White,Never-married,1,55929,Bachelors,Private,Other-service,0,0,40,39,0
44,Male,White,Married-civ-spouse,0,71556,Masters,Self-emp-inc,Sales,0,0,50,0,1
21,Male,Black,Never-married,3,312956,HS-grad,Private,Craft-repair,0,0,40,39,0
26,Male,White,Married-civ-spouse,0,233777,HS-grad,Private,Machine-op-inspct,0,0,40,39,1
38,Female,White,Divorced,1,343403,Assoc-acdm,Private,Adm-clerical,0,0,16,39,0
38,Female,White,Divorced,4,65716,Assoc-voc,Self-emp-not-inc,Other-service,0,0,40,39,0
50,Female,White,Divorced,4,133963,HS-grad,Private,Adm-clerical,0,0,35,39,0
30,Female,White,Never-married,3,171889,Prof-school,Private,Tech-support,0,0,24,39,0
32,Female,White,Divorced,2,86808,HS-grad,Private,Adm-clerical,0,0,40,39,0
28,Female,White,Divorced,1,27044,Assoc-acdm,Private,Exec-managerial,0,0,43,39,0
28,Female,White,Divorced,1,84657,Bachelors,Local-gov,Prof-specialty,0,0,40,39,0
64,Female,White,Widowed,4,182866,HS-grad,Local-gov,Other-service,0,0,40,39,0
60,Female,White,Divorced,4,200235,Assoc-voc,Private,Prof-specialty,0,0,40,39,0
34,Male,White,Never-married,3,214288,HS-grad,Private,Craft-repair,0,0,40,39,0
76,Male,White,Married-civ-spouse,0,224680,Prof-school,Other,Other,0,1258,20,39,0
29,Male,White,Married-civ-spouse,0,301582,Some-college,State-gov,Protective-serv,0,0,40,39,0
22,Female,White,Never-married,1,193090,HS-grad,Private,Sales,0,0,37,39,0
38,Male,White,Married-civ-spouse,0,35429,HS-grad,Private,Handlers-cleaners,0,2042,40,39,0
46,Male,White,Never-married,1,254367,HS-grad,Private,Transport-moving,0,1590,48,39,0
33,Male,Black,Never-married,3,215288,11th,Private,Handlers-cleaners,0,0,40,39,0
56,Male,White,Divorced,4,53366,7th-8th,Private,Transport-moving,0,0,40,39,0
73,Female,White,Widowed,1,123345,HS-grad,Other,Other,0,0,65,39,0
32,Female,White,Divorced,4,203674,Assoc-acdm,Private,Prof-specialty,0,880,36,39,0
41,Male,White,Never-married,2,170924,Some-college,Local-gov,Prof-specialty,0,0,7,39,0
45,Male,White,Married-civ-spouse,0,155659,HS-grad,Private,Craft-repair,0,0,40,39,1
36,Male,Black,Never-married,3,212433,HS-grad,Private,Craft-repair,0,0,40,39,0
39,Male,Amer-Indian-Eskimo,Never-married,2,107233,HS-grad,Self-emp-not-inc,Craft-repair,0,0,40,39,0
44,Male,Black,Married-civ-spouse,0,222635,5th-6th,Private,Machine-op-inspct,0,0,40,39,0
69,Male,White,Married-civ-spouse,0,200560,Bachelors,Private,Handlers-cleaners,0,0,20,39,0
36,Male,White,Married-civ-spouse,0,166549,Some-college,Private,Adm-clerical,0,0,40,39,0
44,Male,White,Divorced,4,121874,Some-college,Private,Sales,0,0,55,39,1
34,Female,Black,Never-married,4,85218,Masters,State-gov,Prof-specialty,0,0,24,39,0
31,Male,White,Married-civ-spouse,0,192565,Masters,Local-gov,Prof-specialty,0,0,90,39,1
24,Female,White,Never-married,1,41356,Some-college,Other,Other,0,0,40,39,0
35,Male,Black,Married-civ-spouse,0,228190,HS-grad,Private,Transport-moving,0,0,40,39,0
19,Male,White,Married-civ-spouse,0,121074,7th-8th,Private,Craft-repair,0,0,99,39,0
39,Male,White,Never-married,1,174938,Bachelors,Private,Prof-specialty,0,0,40,39,0
43,Female,Amer-Indian-Eskimo,Divorced,4,196308,HS-grad,Local-gov,Exec-managerial,0,0,40,39,0
20,Male,White,Never-married,3,653574,Some-college,Private,Other-service,0,0,33,8,0
29,Male,White,Never-married,1,201954,Bachelors,Private,Exec-managerial,0,0,35,39,0
28,Male,White,Never-married,1,329426,Bachelors,Federal-gov,Exec-managerial,0,0,40,39,0
22,Male,White,Never-married,3,178390,HS-grad,Private,Handlers-cleaners,0,0,40,39,0
39,Male,White,Married-civ-spouse,0,117555,Bachelors,Self-emp-inc,Exec-managerial,0,0,60,39,1
38,Female,White,Divorced,1,352628,Bachelors,State-gov,Prof-specialty,0,0,40,39,0
53,Female,White,Divorced,1,156612,12th,Private,Transport-moving,0,0,40,39,0
31,Male,White,Married-civ-spouse,0,116677,HS-grad,State-gov,Sales,0,0,40,39,0
21,Female,White,Never-married,3,364685,11th,Private,Tech-support,0,0,35,39,0
53,Female,White,Divorced,1,82646,Doctorate,Private,Exec-managerial,0,0,55,39,1
71,Female,White,Widowed,1,229424,HS-grad,Other,Other,0,0,40,39,0
23,Female,White,Never-married,1,148751,Some-college,Other,Other,0,0,35,39,0
34,Female,White,Divorced,1,249948,Some-college,Private,Other-service,0,0,34,39,0
81,Female,White,Widowed,4,106765,Some-college,Other,Other,0,0,4,39,0
76,Male,White,Married-civ-spouse,0,199949,9th,Private,Protective-serv,0,0,13,39,0
26,Male,White,Married-civ-spouse,0,384276,HS-grad,Self-emp-not-inc,Exec-managerial,0,0,40,39,0
56,Male,White,Married-spouse-absent,1,101128,Assoc-acdm,Private,Other-service,0,0,25,20,0
44,Male,White,Divorced,3,222434,HS-grad,Private,Machine-op-inspct,0,0,40,39,0
40,Male,White,Married-civ-spouse,0,173716,Bachelors,Self-emp-not-inc,Sales,0,0,45,39,1
38,Female,White,Separated,4,192930,HS-grad,Private,Sales,0,0,10,39,0
34,Female,White,Never-married,1,287737,Bachelors,Private,Sales,0,0,40,39,0
38,Male,White,Divorced,1,223004,Some-college,Local-gov,Protective-serv,0,0,75,39,0
22,Male,Black,Never-married,3,325033,12th,Private,Protective-serv,0,0,35,39,0
18,Female,White,Never-married,3,36882,12th,Private,Sales,0,0,20,39,0
23,Male,White,Never-married,3,70261,Some-college,Private,Other-service,0,0,30,39,0
45,Male,White,Married-civ-spouse,0,197332,Some-college,Self-emp-inc,Craft-repair,0,0,55,39,1
45,Male,White,Married-civ-spouse,0,205100,Bachelors,Private,Exec-managerial,15024,0,60,39,1
30,Male,White,Married-civ-spouse,0,129707,Bachelors,Private,Prof-specialty,99999,0,35,39,1
24,Female,Black,Never-married,4,82804,HS-grad,Private,Handlers-cleaners,0,0,40,39,0
33,Female,White,Married-civ-spouse,5,316663,Some-college,Other,Other,0,0,50,39,0
52,Female,White,Widowed,1,145155,HS-grad,Private,Adm-clerical,0,0,40,39,0
36,Male,White,Divorced,1,130589,Some-college,Private,Exec-managerial,0,0,45,39,0
38,Male,White,Married-civ-spouse,0,103323,Some-college,Private,Craft-repair,7688,0,40,39,1
25,Male,White,Never-married,3,248851,Bachelors,Private,Other-service,0,0,40,39,0
67,Male,White,Married-civ-spouse,0,94610,Masters,Private,Sales,0,0,30,39,1
45,Male,White,Married-civ-spouse,0,311080,Some-college,Local-gov,Adm-clerical,0,0,40,39,1
26,Female,White,Never-married,4,321629,HS-grad,Other,Other,0,0,16,39,0
39,Female,Asian-Pac-Islander,Married-civ-spouse,5,110622,Bachelors,Federal-gov,Adm-clerical,0,0,40,30,0
36,Male,White,Divorced,3,111387,10th,Private,Sales,0,0,40,39,0
36,Male,White,Never-married,1,109766,Bachelors,Local-gov,Protective-serv,0,0,60,39,0
23,Female,White,Never-married,2,406641,Some-college,Private,Handlers-cleaners,0,0,18,39,0
18,Male,White,Never-married,3,174926,9th,Private,Other-service,0,0,15,0,0
21,Female,White,Never-married,3,85733,Some-college,Other,Other,0,0,40,39,0
20,Male,White,Never-married,3,173851,Some-college,Private,Farming-fishing,0,0,40,39,0
34,Male,Amer-Indian-Eskimo,Divorced,1,34862,Bachelors,Private,Sales,0,1564,60,39,1
54,Female,White,Divorced,1,184620,Masters,Local-gov,Prof-specialty,0,0,40,39,0
59,Male,White,Married-civ-spouse,0,145574,Assoc-acdm,Other,Other,0,0,35,39,1
32,Male,White,Married-civ-spouse,0,193231,HS-grad,Private,Craft-repair,0,0,40,39,0
72,Male,White,Married-civ-spouse,0,56559,HS-grad,Private,Sales,0,0,12,39,0
42,Male,White,Never-married,1,281315,Bachelors,Local-gov,Prof-specialty,0,0,50,39,0
21,Female,White,Never-married,3,20728,HS-grad,Private,Sales,4101,0,40,39,0
60,Male,White,Married-civ-spouse,0,264314,Some-college,Self-emp-not-inc,Exec-managerial,0,0,35,4,0
34,Male,Black,Separated,1,62124,HS-grad,Private,Other-service,0,0,40,39,0
20,Female,White,Never-married,3,184779,Some-college,Private,Tech-support,0,0,20,39,0
40,Female,White,Married-civ-spouse,5,333530,Masters,Local-gov,Prof-specialty,0,0,40,39,1
43,Male,White,Married-civ-spouse,0,170730,Bachelors,Private,Exec-managerial,0,1977,50,39,1
46,Male,White,Married-civ-spouse,0,364548,Some-college,Private,Exec-managerial,0,0,48,39,1
17,Male,White,Never-married,3,130795,10th,Private,Other-service,0,0,20,39,0
58,Female,White,Widowed,1,37591,Bachelors,Other,Other,0,0,40,39,0
37,Male,White,Divorced,1,482927,Some-college,State-gov,Other-service,0,0,65,39,0
33,Male,White,Married-civ-spouse,0,43959,Masters,Local-gov,Prof-specialty,7688,0,50,39,1
42,Male,White,Never-married,1,155106,Some-college,Private,Machine-op-inspct,0,0,45,39,0
29,Male,White,Never-married,1,87745,Some-college,Self-emp-inc,Exec-managerial,0,0,60,39,0
36,Male,White,Married-civ-spouse,0,48093,Some-college,Self-emp-not-inc,Sales,0,0,92,39,0
55,Female,White,Divorced,1,71630,HS-grad,State-gov,Adm-clerical,0,1617,40,39,0
48,Female,White,Widowed,1,107682,HS-grad,Private,Machine-op-inspct,0,0,10,39,0
21,Female,White,Never-married,3,73679,Some-college,Private,Exec-managerial,0,0,40,39,0
41,Male,White,Divorced,3,50122,Assoc-voc,Private,Sales,0,0,50,39,0
35,Male,Asian-Pac-Islander,Divorced,3,72338,HS-grad,Local-gov,Farming-fishing,0,0,56,39,0
38,Male,White,Married-civ-spouse,0,176101,Bachelors,Private,Exec-managerial,0,0,40,39,0
32,Female,White,Separated,4,230484,7th-8th,Private,Sales,0,0,35,39,0
40,Male,White,Married-civ-spouse,0,221172,Masters,Private,Exec-managerial,0,0,65,39,1
19,Male,White,Never-married,3,124265,HS-grad,Private,Sales,0,0,50,39,0
27,Female,White,Never-married,3,60288,Masters,Private,Sales,0,0,40,39,0
75,Male,White,Married-civ-spouse,0,208426,Prof-school,Self-emp-not-inc,Prof-specialty,0,0,35,39,0
49,Female,White,Separated,4,117095,HS-grad,Private,Machine-op-inspct,0,0,40,39,0
34,Male,Asian-Pac-Islander,Never-married,1,98283,Prof-school,Private,Tech-support,0,1564,40,19,1
40,Female,White,Divorced,1,163215,Bachelors,Private,Exec-managerial,10520,0,40,39,1
40,Female,White,Divorced,1,192507,Assoc-acdm,Self-emp-not-inc,Prof-specialty,0,0,50,39,0
31,Male,White,Married-civ-spouse,0,229636,Some-college,Private,Craft-repair,0,0,45,26,0
29,Male,White,Married-civ-spouse,0,200928,HS-grad,Private,Exec-managerial,0,0,40,39,1
20,Male,White,Never-married,3,82777,Some-college,Private,Sales,0,0,16,39,0
58,Male,White,Widowed,4,368797,Masters,Local-gov,Prof-specialty,0,0,35,39,1
81,Male,White,Married-civ-spouse,0,89391,Prof-school,Other,Other,0,0,24,39,1
51,Female,White,Divorced,4,249706,Some-college,Private,Adm-clerical,0,0,40,39,0
23,Male,White,Never-married,3,376416,HS-grad,Private,Transport-moving,0,0,40,39,0
66,Female,White,Widowed,1,99888,Assoc-voc,Other,Other,0,0,40,39,0
26,Female,White,Divorced,1,195216,HS-grad,Private,Other-service,0,0,12,39,0
42,Male,Black,Married-civ-spouse,0,247019,HS-grad,Private,Craft-repair,0,0,40,39,1
28,Female,White,Married-civ-spouse,5,247819,Assoc-voc,Private,Prof-specialty,0,0,5,39,0
39,Male,White,Married-civ-spouse,0,237943,Bachelors,Private,Exec-managerial,99999,0,70,39,1
39,Male,White,Married-civ-spouse,0,543042,HS-grad,Self-emp-inc,Craft-repair,5178,0,50,39,1
43,Male,White,Married-civ-spouse,0,214242,Some-college,Local-gov,Craft-repair,0,0,40,39,1
46,Male,White,Married-civ-spouse,0,383384,HS-grad,Private,Prof-specialty,0,0,40,39,0
41,Male,White,Married-civ-spouse,0,304906,Bachelors,Private,Exec-managerial,0,0,40,39,1
37,Female,Black,Widowed,4,212437,Some-college,Private,Machine-op-inspct,0,0,48,39,0
90,Female,White,Married-civ-spouse,5,88991,Bachelors,Private,Exec-managerial,0,0,40,9,1
54,Male,White,Widowed,4,175912,HS-grad,Private,Machine-op-inspct,914,0,40,39,0
65,Male,White,Married-civ-spouse,0,139960,HS-grad,Self-emp-not-inc,Farming-fishing,10605,0,60,39,1
64,Male,White,Married-civ-spouse,0,29825,HS-grad,Other,Other,0,0,5,39,0
23,Female,White,Never-married,3,210029,Some-college,Local-gov,Adm-clerical,0,0,20,39,0
60,Male,White,Married-civ-spouse,0,105339,Bachelors,Self-emp-inc,Exec-managerial,7298,0,60,39,1
51,Male,White,Married-civ-spouse,0,163826,HS-grad,Private,Transport-moving,0,0,40,39,1
65,Male,White,Married-civ-spouse,0,115890,Bachelors,Private,Transport-moving,0,0,20,39,0
20,Female,White,Never-married,1,244689,Some-college,Other,Other,0,0,25,39,0
45,Male,White,Divorced,4,187370,Masters,Private,Exec-managerial,7430,0,70,39,1
19,Male,White,Never-married,3,169758,Some-college,Other,Other,0,0,40,39,0
43,Male,White,Divorced,4,248094,HS-grad,Private,Craft-repair,0,0,40,39,0
30,Male,White,Never-married,1,164190,HS-grad,Private,Adm-clerical,0,0,38,0,0
60,Male,White,Married-civ-spouse,0,152711,Bachelors,State-gov,Exec-managerial,0,0,40,39,1
57,Male,White,Married-civ-spouse,0,327901,10th,Self-emp-not-inc,Craft-repair,0,0,40,39,0
56,Male,White,Married-civ-spouse,0,238806,7th-8th,Private,Craft-repair,0,0,26,39,0
26,Male,White,Divorced,1,210812,Some-college,Private,Craft-repair,0,0,43,39,0
19,Female,Black,Never-married,2,292962,HS-grad,Local-gov,Craft-repair,0,0,40,39,0
34,Male,White,Married-civ-spouse,0,226296,HS-grad,Private,Other-service,0,0,40,39,1
52,Male,White,Married-civ-spouse,0,210736,Some-college,Private,Exec-managerial,3103,0,55,39,1
62,Male,White,Married-civ-spouse,0,178745,HS-grad,Private,Craft-repair,0,0,45,39,1
46,Male,White,Separated,1,174370,Some-college,Private,Sales,0,0,55,39,0
31,Female,White,Never-married,1,31600,Bachelors,Private,Prof-specialty,0,0,40,39,0
56,Male,White,Divorced,2,210731,7th-8th,Self-emp-not-inc,Sales,0,0,20,26,0
48,Male,Asian-Pac-Islander,Married-civ-spouse,0,243631,HS-grad,Self-emp-not-inc,Exec-managerial,0,0,30,35,0
54,Male,White,Divorced,1,315804,HS-grad,Private,Craft-repair,0,0,40,39,0
30,Male,White,Married-civ-spouse,0,254905,HS-grad,Private,Machine-op-inspct,0,0,40,39,0
40,Male,White,Married-civ-spouse,0,190290,Bachelors,Self-emp-inc,Sales,0,0,40,0,1
26,Male,Amer-Indian-Eskimo,Never-married,3,94652,Some-college,Private,Craft-repair,0,0,40,39,0
37,Female,White,Divorced,4,220314,HS-grad,Private,Adm-clerical,0,0,40,26,0
24,Male,White,Never-married,3,124963,HS-grad,Private,Machine-op-inspct,0,0,30,39,0
40,Male,White,Married-civ-spouse,0,244945,HS-grad,Private,Craft-repair,0,0,40,39,0
37,Male,White,Married-civ-spouse,0,196348,Some-college,Federal-gov,Machine-op-inspct,0,0,40,39,0
40,Female,White,Married-spouse-absent,4,153799,1st-4th,Private,Machine-op-inspct,0,0,40,6,0
40,Male,White,Married-civ-spouse,0,150528,Bachelors,Private,Adm-clerical,0,0,40,39,0
44,Female,White,Divorced,1,159580,12th,Private,Transport-moving,0,0,40,39,0
58,Male,White,Married-civ-spouse,0,320102,Doctorate,Private,Prof-specialty,0,0,50,39,1
27,Male,White,Married-civ-spouse,0,230885,Bachelors,Local-gov,Protective-serv,0,0,45,39,1
61,Male,White,Married-civ-spouse,0,69285,HS-grad,Other,Other,0,0,37,39,0
40,Male,White,Married-civ-spouse,0,255675,Some-college,Private,Prof-specialty,0,0,40,39,1
34,Female,Black,Married-civ-spouse,5,179378,HS-grad,Private,Exec-managerial,0,0,40,39,0
46,Male,White,Married-civ-spouse,0,192360,Bachelors,Private,Exec-managerial,0,0,35,39,1
58,Male,White,Married-civ-spouse,0,78104,Some-college,Self-emp-inc,Exec-managerial,7298,0,60,39,1
21,Male,White,Never-married,3,237651,Some-college,Private,Other-service,0,0,35,39,0
28,Female,White,Divorced,4,153546,11th,Private,Other-service,0,0,40,39,0
41,Male,White,Married-spouse-absent,1,206916,Bachelors,Other,Other,0,0,30,39,0
24,Female,White,Never-married,3,83783,Bachelors,Private,Tech-support,0,0,40,39,0
69,Male,White,Divorced,1,370837,Bachelors,Private,Handlers-cleaners,0,0,40,39,0
25,Male,White,Never-married,3,161007,HS-grad,Private,Machine-op-inspct,0,0,40,39,0
54,Female,White,Divorced,1,161691,Masters,Private,Prof-specialty,0,2559,40,39,1
56,Male,White,Married-civ-spouse,0,172618,Bachelors,Self-emp-not-inc,Prof-specialty,7688,0,40,39,1
23,Male,Black,Never-married,3,348092,HS-grad,Private,Transport-moving,0,0,40,14,0
34,Male,Black,Never-married,4,120672,7th-8th,Self-emp-not-inc,Handlers-cleaners,0,0,10,39,0
25,Female,White,Never-married,4,295919,Assoc-acdm,Private,Adm-clerical,0,0,40,39,0
50,Male,White,Married-civ-spouse,0,138179,Assoc-acdm,Private,Craft-repair,0,1902,40,39,1
40,Female,White,Divorced,4,315321,HS-grad,Private,Exec-managerial,0,625,52,39,0
32,Male,White,Married-civ-spouse,0,391874,HS-grad,Private,Craft-repair,0,0,40,39,0
38,Female,White,Divorced,4,210438,7th-8th,Private,Sales,0,0,40,39,0
37,Male,White,Married-civ-spouse,0,105813,Assoc-voc,Private,Adm-clerical,7298,0,40,39,1
26,Male,Black,Never-married,3,220656,Bachelors,Local-gov,Prof-specialty,0,0,38,9,0
53,Male,White,Married-civ-spouse,0,168107,Bachelors,Private,Exec-managerial,0,0,40,39,1
58,Male,White,Married-civ-spouse,0,223214,HS-grad,Local-gov,Other-service,0,0,40,39,0
60,Male,White,Married-civ-spouse,0,112821,Some-college,Other,Other,0,0,35,39,1
40,Male,White,Married-civ-spouse,0,178417,HS-grad,Private,Craft-repair,0,0,35,39,0
23,Male,White,Married-civ-spouse,0,216853,Assoc-voc,Federal-gov,Handlers-cleaners,0,0,25,39,0
50,Female,Black,Divorced,1,157043,Masters,Local-gov,Prof-specialty,2202,0,30,0,0
21,Female,White,Never-married,3,394484,Some-college,Private,Adm-clerical,0,0,40,39,0
22,Male,White,Married-civ-spouse,0,22966,Some-college,Other,Other,0,0,6,39,0
37,Male,Asian-Pac-Islander,Married-civ-spouse,0,188576,Doctorate,Private,Prof-specialty,0,0,40,0,0
27,Male,White,Married-civ-spouse,0,269354,Bachelors,Private,Sales,0,0,25,0,0
33,Female,White,Separated,4,415706,5th-6th,Private,Other-service,0,0,40,26,0
32,Male,White,Never-married,2,174789,HS-grad,Private,Craft-repair,0,0,50,39,0
52,Male,White,Divorced,4,35598,HS-grad,Private,Transport-moving,0,0,40,39,0
45,Male,White,Married-civ-spouse,0,298130,HS-grad,Self-emp-not-inc,Exec-managerial,0,0,25,39,0
41,Female,Black,Separated,1,202822,HS-grad,Other,Other,0,0,32,39,0
39,Male,White,Married-civ-spouse,0,126569,Prof-school,Self-emp-not-inc,Prof-specialty,15024,0,60,39,1
34,Male,Black,Never-married,3,287908,HS-grad,State-gov,Other-service,0,0,42,39,0
74,Male,White,Married-civ-spouse,0,29866,7th-8th,Other,Other,0,0,2,39,0
52,Male,White,Married-civ-spouse,0,386397,Bachelors,Private,Exec-managerial,0,0,45,39,1
45,Male,White,Married-civ-spouse,0,53524,Some-college,Private,Craft-repair,0,0,40,39,0
50,Male,White,Married-civ-spouse,0,146429,HS-grad,Private,Craft-repair,0,0,40,39,0
58,Male,White,Married-civ-spouse,0,53481,Bachelors,Other,Other,0,0,70,39,0
29,Female,White,Married-civ-spouse,5,30069,HS-grad,Local-gov,Other-service,2635,0,40,39,0
48,Male,Black,Divorced,1,69586,Some-college,Private,Adm-clerical,0,0,40,39,0
20,Female,Black,Separated,4,194504,Some-college,Private,Sales,0,0,40,39,0
22,Female,White,Never-married,1,199266,Bachelors,Private,Exec-managerial,0,0,30,39,0
45,Male,White,Married-civ-spouse,0,188432,HS-grad,Private,Craft-repair,0,0,40,39,0
23,Female,White,Never-married,4,31606,HS-grad,Private,Adm-clerical,0,0,40,39,0
61,Female,White,Married-civ-spouse,5,60641,Some-college,Federal-gov,Adm-clerical,0,0,30,39,0
53,Male,White,Married-civ-spouse,0,202733,Masters,Local-gov,Exec-managerial,7688,0,70,39,1
61,Male,White,Married-civ-spouse,0,147393,Prof-school,Private,Exec-managerial,0,0,20,39,0
26,Female,Black,Separated,4,342953,HS-grad,Private,Adm-clerical,0,0,40,39,0
53,Male,White,Married-civ-spouse,0,266529,Assoc-voc,Private,Exec-managerial,0,0,40,39,1
36,Male,White,Married-civ-spouse,0,184498,11th,Private,Craft-repair,0,0,40,39,0
37,Male,White,Married-civ-spouse,0,244803,HS-grad,Local-gov,Craft-repair,0,0,40,0,0
38,Male,White,Married-civ-spouse,0,472604,Bachelors,Private,Other-service,0,0,35,26,0
54,Male,White,Married-civ-spouse,0,279452,HS-grad,Local-gov,Farming-fishing,0,0,40,39,0
22,Male,White,Never-married,1,246965,Some-college,Private,Prof-specialty,0,0,12,39,0
61,Male,White,Married-civ-spouse,0,181033,HS-grad,Self-emp-not-inc,Farming-fishing,0,0,60,39,0
58,Male,White,Married-civ-spouse,0,204816,Some-college,Self-emp-not-inc,Exec-managerial,0,0,60,39,1
64,Male,White,Married-civ-spouse,0,182979,HS-grad,Private,Machine-op-inspct,0,0,40,39,0
47,Male,White,Married-civ-spouse,0,185041,Some-college,Private,Craft-repair,7298,0,40,39,1
46,Male,White,Married-civ-spouse,0,123598,Bachelors,Private,Sales,0,0,40,39,0
33,Female,White,Never-married,3,234542,Assoc-voc,Other,Other,0,0,40,39,0
42,Male,White,Never-married,1,196514,Some-college,Self-emp-not-inc,Prof-specialty,0,0,40,39,0
27,Female,White,Never-married,3,199471,Assoc-voc,Local-gov,Tech-support,0,0,38,39,0
36,Female,White,Married-civ-spouse,5,386726,Masters,Private,Prof-specialty,0,1977,44,39,1
23,Male,White,Never-married,3,125525,Bachelors,Private,Prof-specialty,0,0,42,39,0
37,Female,White,Never-married,1,134088,Assoc-acdm,Private,Adm-clerical,0,0,40,39,0
62,Male,White,Married-civ-spouse,0,118696,HS-grad,Private,Craft-repair,0,0,40,39,0
29,Male,White,Never-married,1,250679,HS-grad,Private,Craft-repair,0,0,40,39,0
35,Male,White,Married-civ-spouse,0,82622,Some-college,State-gov,Exec-managerial,0,0,80,39,0
60,Female,White,Divorced,1,162947,5th-6th,Private,Machine-op-inspct,0,0,40,33,0
29,Male,Asian-Pac-Islander,Married-civ-spouse,0,112847,Assoc-voc,Private,Craft-repair,7298,0,32,39,1
26,Female,White,Never-married,1,28443,Assoc-voc,Private,Other-service,0,0,40,39,0
30,Male,White,Never-married,3,84119,Bachelors,Self-emp-inc,Exec-managerial,0,0,43,39,0
33,Male,White,Separated,1,132705,9th,Private,Adm-clerical,0,0,48,39,0
44,Female,White,Married-civ-spouse,5,222504,Some-college,Private,Adm-clerical,0,0,45,39,1
21,Male,White,Never-married,4,305781,HS-grad,Private,Handlers-cleaners,0,0,45,39,0
57,Female,White,Divorced,4,266189,HS-grad,Private,Adm-clerical,0,0,42,39,0
21,Male,White,Never-married,3,149809,Assoc-acdm,Private,Sales,0,0,40,39,0
18,Female,White,Never-married,3,173125,12th,Other,Other,0,0,24,39,0
29,Female,White,Separated,4,405177,10th,Private,Sales,0,0,40,39,0
56,Male,White,Married-civ-spouse,0,160932,HS-grad,Private,Transport-moving,0,0,44,39,1
46,Male,White,Married-civ-spouse,0,172581,Bachelors,Private,Exec-managerial,0,1902,50,39,1
17,Female,White,Never-married,3,183066,10th,Private,Other-service,0,0,40,39,0
18,Female,White,Never-married,3,444822,11th,Private,Sales,0,0,8,26,0
42,Female,Black,Separated,4,250536,Some-college,Private,Other-service,0,0,21,14,0
42,Male,White,Married-civ-spouse,0,99185,Some-college,Self-emp-not-inc,Exec-managerial,0,0,40,39,1
36,Female,White,Divorced,4,526968,10th,Private,Exec-managerial,0,0,40,39,0
63,Female,White,Divorced,1,145212,HS-grad,Private,Exec-managerial,0,0,40,39,0
30,Male,White,Married-civ-spouse,0,137076,HS-grad,Private,Transport-moving,0,0,40,39,1
32,Male,Black,Married-civ-spouse,0,295117,Bachelors,Private,Exec-managerial,0,0,40,9,1
48,Male,White,Married-civ-spouse,0,149218,Bachelors,Self-emp-inc,Farming-fishing,0,0,70,39,1
41,Male,Black,Never-married,1,518030,Bachelors,State-gov,Protective-serv,0,1590,40,33,0
30,Male,White,Married-civ-spouse,0,460408,HS-grad,Private,Craft-repair,0,0,40,39,1
36,Male,White,Divorced,4,130200,HS-grad,Private,Machine-op-inspct,0,0,40,39,0
68,Male,White,Married-civ-spouse,0,351711,Some-college,Private,Adm-clerical,0,0,40,39,0
41,Male,White,Divorced,3,201981,HS-grad,Private,Craft-repair,0,0,40,39,0
19,Female,White,Never-married,3,164395,HS-grad,Private,Adm-clerical,0,0,25,39,0
19,Male,White,Never-married,3,111232,12th,Private,Transport-moving,0,0,15,39,0
25,Female,White,Divorced,3,98756,Some-college,Self-emp-inc,Adm-clerical,0,0,50,39,0
60,Male,White,Married-civ-spouse,0,170310,5th-6th,Private,Transport-moving,0,0,40,39,0
28,Female,White,Never-married,2,67661,Some-college,Private,Adm-clerical,0,0,40,39,0
46,Male,White,Married-civ-spouse,0,107231,Some-college,State-gov,Exec-managerial,0,1740,40,39,0
18,Male,White,Never-married,3,55658,10th,Local-gov,Other-service,0,0,25,39,0
40,Male,White,Never-married,1,34037,HS-grad,Self-emp-not-inc,Farming-fishing,0,0,70,39,0
60,Male,White,Divorced,1,27886,7th-8th,Private,Other-service,0,0,40,39,0
31,Male,White,Married-civ-spouse,0,312667,9th,Private,Craft-repair,0,0,40,39,0
22,Female,White,Never-married,4,202920,HS-grad,Self-emp-not-inc,Prof-specialty,99999,0,40,6,1
40,Male,White,Married-civ-spouse,0,218558,Bachelors,Self-emp-inc,Exec-managerial,0,0,45,39,1
33,Female,White,Married-civ-spouse,5,520033,12th,Private,Adm-clerical,0,0,40,39,0
47,Female,White,Never-married,2,167787,HS-grad,Private,Adm-clerical,0,0,40,39,0
22,Male,White,Never-married,1,324922,HS-grad,Private,Machine-op-inspct,0,0,50,39,0
31,Male,White,Married-civ-spouse,0,87054,HS-grad,Private,Craft-repair,0,0,50,39,0
58,Female,White,Never-married,1,224854,HS-grad,Private,Adm-clerical,0,0,40,39,0
47,Female,White,Separated,1,209320,HS-grad,Private,Other-service,0,0,40,39,0
39,Male,Asian-Pac-Islander,Divorced,1,124685,Masters,Self-emp-inc,Exec-managerial,0,0,99,24,1
19,Female,White,Never-married,3,45546,Some-college,Self-emp-not-inc,Sales,0,0,16,39,0
47,Male,White,Divorced,4,165822,Some-college,Local-gov,Transport-moving,0,0,40,39,0
35,Female,Black,Divorced,4,189240,Some-college,Private,Other-service,0,0,40,39,0
53,Female,White,Married-spouse-absent,2,321770,HS-grad,Local-gov,Transport-moving,0,0,35,39,0
23,Male,White,Never-married,3,188950,Assoc-voc,Private,Sales,0,0,40,39,0
29,Female,White,Never-married,1,150861,HS-grad,Private,Adm-clerical,0,0,40,39,0
53,Female,White,Married-spouse-absent,1,169182,10th,Private,Machine-op-inspct,0,0,40,4,0
28,Female,White,Separated,1,127491,HS-grad,Local-gov,Adm-clerical,5721,0,40,39,0
46,Male,White,Married-civ-spouse,0,200947,Bachelors,Local-gov,Protective-serv,0,0,40,39,1
48,Male,White,Married-civ-spouse,0,121424,Bachelors,Private,Exec-managerial,0,0,55,39,1
29,Male,White,Never-married,1,406662,HS-grad,Private,Handlers-cleaners,0,0,40,39,0
27,Male,Black,Never-married,1,258768,Bachelors,Private,Handlers-cleaners,0,0,40,39,0
30,Male,Black,Married-civ-spouse,0,255486,HS-grad,Private,Other-service,0,0,25,39,0
63,Male,Asian-Pac-Islander,Married-civ-spouse,0,84737,7th-8th,Private,Other-service,0,0,40,35,0
30,Male,White,Married-civ-spouse,0,27207,11th,Private,Craft-repair,0,0,45,39,0
56,Male,White,Married-civ-spouse,0,265086,HS-grad,Private,Craft-repair,0,0,50,39,1
28,Male,White,Married-civ-spouse,0,62535,HS-grad,Private,Craft-repair,0,0,43,39,0
33,Male,White,Married-civ-spouse,0,112383,Some-college,Private,Prof-specialty,0,0,40,39,0
35,Male,White,Married-civ-spouse,0,105821,HS-grad,Private,Exec-managerial,5178,0,40,39,1
72,Female,White,Widowed,1,201375,Assoc-acdm,Other,Other,0,0,40,39,0
19,Female,White,Never-married,3,369463,HS-grad,Private,Adm-clerical,0,0,40,39,0
28,Female,White,Never-married,1,266070,Prof-school,Private,Prof-specialty,0,0,50,39,0
46,Male,White,Married-civ-spouse,0,344172,Assoc-acdm,Local-gov,Protective-serv,0,0,49,39,1
61,Female,White,Widowed,1,153048,HS-grad,Private,Sales,0,0,35,39,0
23,Male,White,Never-married,1,39844,HS-grad,Self-emp-inc,Transport-moving,0,0,50,39,0
19,Female,White,Never-married,3,123718,Some-college,Private,Sales,0,0,20,39,0
44,Male,White,Married-civ-spouse,0,167265,Masters,State-gov,Prof-specialty,0,0,60,39,1
28,Female,White,Never-married,1,173110,HS-grad,Private,Exec-managerial,0,0,40,39,0
20,Female,White,Separated,3,163205,Some-college,Private,Other-service,0,0,30,39,0
34,Female,Black,Separated,4,133278,12th,Other,Other,0,0,53,39,0
40,Male,White,Married-civ-spouse,0,75313,Bachelors,Federal-gov,Prof-specialty,7688,0,66,39,1
25,Male,White,Married-civ-spouse,0,25497,Bachelors,Private,Prof-specialty,0,0,40,39,0
53,Male,White,Married-civ-spouse,0,180439,Bachelors,Private,Craft-repair,0,0,40,39,1
44,Female,White,Married-civ-spouse,5,26669,Assoc-acdm,Self-emp-not-inc,Other-service,0,0,99,39,0
22,Female,White,Never-married,1,197613,Assoc-voc,Private,Other-service,0,0,30,39,0
30,Female,Black,Never-married,3,191777,HS-grad,Local-gov,Protective-serv,0,0,40,39,0
71,Male,White,Widowed,1,196610,7th-8th,Private,Exec-managerial,6097,0,40,39,1
43,Male,White,Married-civ-spouse,0,96102,Some-college,Local-gov,Protective-serv,0,1887,40,39,1
24,Female,White,Divorced,4,186221,11th,Private,Sales,0,0,35,39,0
47,Male,White,Divorced,4,149337,HS-grad,State-gov,Adm-clerical,0,0,38,39,0
44,Male,White,Married-civ-spouse,0,204235,HS-grad,Private,Transport-moving,0,0,40,39,0
32,Male,White,Married-civ-spouse,0,207668,HS-grad,Private,Craft-repair,0,0,50,39,0
42,Male,White,Married-spouse-absent,1,46221,Doctorate,Private,Other-service,27828,0,60,0,1
48,Male,White,Married-civ-spouse,0,115784,9th,Private,Craft-repair,0,0,44,39,0
41,Male,White,Married-civ-spouse,0,221947,Some-college,Private,Craft-repair,0,0,56,39,1
41,Female,White,Separated,1,207779,HS-grad,Private,Other-service,0,0,40,39,0
28,Male,White,Never-married,3,44767,Bachelors,Private,Exec-managerial,0,0,50,39,1
47,Male,White,Married-civ-spouse,0,205100,HS-grad,Self-emp-inc,Prof-specialty,0,0,38,11,0
40,Male,White,Never-married,1,171231,Bachelors,Federal-gov,Adm-clerical,0,0,40,33,0
30,Male,White,Married-civ-spouse,0,151967,Some-college,Private,Craft-repair,0,0,58,39,0
35,Male,White,Separated,1,199288,11th,Private,Transport-moving,0,0,90,39,0
29,Male,White,Never-married,1,107160,HS-grad,Private,Other-service,0,0,40,39,0
22,Female,White,Married-civ-spouse,5,496856,Some-college,Private,Exec-managerial,0,0,40,39,0
29,Male,White,Divorced,1,190765,HS-grad,Private,Machine-op-inspct,0,0,44,39,0
22,Female,White,Never-married,1,109815,Some-college,Private,Adm-clerical,0,0,40,39,0
20,Male,White,Never-married,2,410446,HS-grad,Federal-gov,Adm-clerical,0,0,20,39,0
55,Male,White,Married-civ-spouse,0,67433,HS-grad,Self-emp-inc,Exec-managerial,0,0,60,39,0
21,Female,White,Never-married,1,148509,Some-college,Other,Other,0,0,30,39,0
42,Male,White,Divorced,1,59474,HS-grad,Private,Machine-op-inspct,0,0,40,39,0
42,Male,White,Separated,1,211860,HS-grad,Private,Adm-clerical,0,0,40,39,0
45,Male,White,Married-civ-spouse,0,267967,Bachelors,Private,Prof-specialty,0,0,45,39,1
34,Male,White,Married-civ-spouse,0,204052,HS-grad,Self-emp-not-inc,Craft-repair,0,0,40,39,1
41,Female,White,Never-married,4,145220,9th,Private,Priv-house-serv,0,0,40,4,0
48,Male,White,Married-civ-spouse,0,246891,Prof-school,Self-emp-not-inc,Craft-repair,0,0,60,39,0
31,Male,White,Married-civ-spouse,0,54318,Bachelors,Private,Exec-managerial,0,0,50,39,1
46,Male,White,Married-civ-spouse,0,102318,Some-college,Private,Transport-moving,0,1887,40,39,1
40,Male,White,Never-married,3,104235,Masters,Self-emp-inc,Other-service,0,0,99,39,0
17,Male,Black,Never-married,3,250541,11th,Other,Other,0,0,8,39,0
28,Female,White,Married-AF-spouse,5,169631,Assoc-acdm,Other,Other,0,0,3,39,0
31,Female,White,Separated,4,442429,HS-grad,Private,Craft-repair,0,0,40,26,0
21,Male,White,Never-married,1,32639,Some-college,Local-gov,Prof-specialty,0,0,20,39,0
79,Female,White,Widowed,1,158319,HS-grad,Self-emp-not-inc,Other-service,0,0,24,39,0
24,Female,Asian-Pac-Islander,Married-civ-spouse,3,52028,1st-4th,Private,Other-service,0,0,5,40,0
46,Male,White,Married-civ-spouse,0,53893,Some-college,Private,Tech-support,0,0,40,39,1
59,Female,White,Divorced,1,283635,Masters,Local-gov,Prof-specialty,0,0,40,39,0
29,Male,White,Divorced,1,188401,HS-grad,Private,Farming-fishing,0,0,40,39,0
21,Female,White,Never-married,3,164920,Some-college,Private,Other-service,0,0,40,39,0
32,Male,White,Married-civ-spouse,0,159537,Assoc-acdm,State-gov,Craft-repair,0,0,40,39,0
39,Female,White,Divorced,1,186420,HS-grad,Private,Adm-clerical,0,0,40,39,0
37,Male,White,Never-married,1,188774,Bachelors,Private,Exec-managerial,0,2824,40,39,1
46,Male,White,Married-civ-spouse,0,331776,HS-grad,Private,Machine-op-inspct,0,0,40,39,0
30,Female,White,Never-married,4,140869,HS-grad,Private,Other-service,0,0,40,39,0
23,Female,White,Never-married,1,133515,HS-grad,Private,Other-service,0,0,35,39,0
42,Male,White,Never-married,1,176716,Masters,Private,Exec-managerial,0,0,40,39,1
56,Female,White,Divorced,4,191917,Assoc-acdm,Private,Adm-clerical,4101,0,40,39,0
21,Male,White,Never-married,1,78170,HS-grad,Private,Craft-repair,0,0,42,39,0
24,Male,White,Never-married,3,450695,Some-college,Private,Sales,0,0,35,39,0
18,Male,White,Never-married,3,213024,Some-college,Self-emp-not-inc,Farming-fishing,0,0,30,39,0
18,Female,White,Never-married,3,172076,Some-college,Private,Other-service,0,0,25,39,0
47,Male,White,Married-civ-spouse,0,274883,HS-grad,Private,Transport-moving,0,0,40,39,0
63,Female,Black,Widowed,1,68954,HS-grad,Other,Other,0,0,11,39,0
52,Male,White,Divorced,1,84451,Assoc-voc,Private,Other-service,0,0,32,39,0
23,Female,White,Never-married,3,167424,Some-college,Private,Other-service,0,0,35,39,0
24,Male,White,Never-married,3,119156,Bachelors,Other,Other,0,0,40,39,0
26,Male,White,Married-civ-spouse,0,336969,Bachelors,Local-gov,Prof-specialty,0,0,28,8,0
29,Female,Black,Separated,4,427965,HS-grad,Other,Other,0,0,20,39,0
29,Male,White,Divorced,1,189346,Some-college,Self-emp-not-inc,Craft-repair,2202,0,50,39,0
61,Male,White,Married-civ-spouse,0,379885,Doctorate,State-gov,Prof-specialty,0,1902,40,39,1
28,Male,White,Married-civ-spouse,0,148429,HS-grad,Private,Machine-op-inspct,2885,0,40,39,0
29,Female,White,Married-civ-spouse,5,147889,Assoc-acdm,Private,Tech-support,0,0,40,39,0
51,Male,White,Married-spouse-absent,1,210736,HS-grad,Private,Craft-repair,0,0,40,39,0
24,Male,White,Never-married,1,229773,Bachelors,Private,Exec-managerial,0,0,40,39,0
34,Female,Black,Separated,4,268127,12th,Other,Other,0,0,40,39,0
37,Female,White,Never-married,2,99270,HS-grad,Private,Transport-moving,0,0,40,39,0
23,Male,White,Never-married,2,126550,HS-grad,Private,Craft-repair,0,0,40,39,0
37,Male,White,Married-civ-spouse,0,213841,Some-college,Private,Craft-repair,0,0,50,39,1
62,Female,White,Married-civ-spouse,5,97231,Some-college,Other,Other,0,0,1,39,0
52,Male,White,Married-civ-spouse,0,117674,Some-college,Private,Exec-managerial,0,0,40,39,1
41,Male,White,Divorced,4,122626,HS-grad,Private,Handlers-cleaners,0,0,48,39,0
31,Male,White,Married-civ-spouse,0,190305,Masters,State-gov,Prof-specialty,0,0,50,39,0
32,Male,Black,Never-married,1,174704,11th,Private,Other-service,0,0,40,39,0
47,Male,White,Married-civ-spouse,0,162034,Bachelors,Private,Sales,0,0,70,39,0
33,Male,White,Married-civ-spouse,0,155151,Some-college,Self-emp-not-inc,Sales,0,1740,50,39,0
23,Female,White,Never-married,1,136075,Bachelors,State-gov,Prof-specialty,0,0,32,39,0
24,Female,Black,Never-married,2,149396,Some-college,Private,Other-service,0,0,30,14,0
41,Male,Asian-Pac-Islander,Married-civ-spouse,0,233955,Masters,Private,Prof-specialty,0,0,45,3,1
34,Female,White,Separated,1,329587,10th,Private,Other-service,0,0,35,39,0
48,Female,White,Married-civ-spouse,5,148254,HS-grad,Private,Handlers-cleaners,0,0,16,39,1
46,Male,Asian-Pac-Islander,Married-civ-spouse,0,175262,Assoc-acdm,Private,Adm-clerical,0,0,40,19,0
29,Male,White,Married-civ-spouse,0,309463,9th,Private,Craft-repair,0,0,40,39,0
18,Female,White,Never-married,3,478380,11th,Private,Sales,0,0,25,39,0
34,Male,White,Never-married,3,84119,HS-grad,Private,Craft-repair,0,0,40,39,0
29,Male,White,Married-civ-spouse,0,253801,HS-grad,Private,Craft-repair,0,0,40,7,0
54,Male,White,Married-civ-spouse,0,103179,Doctorate,State-gov,Exec-managerial,0,1902,50,39,1
23,Male,White,Married-civ-spouse,0,224059,HS-grad,Private,Machine-op-inspct,0,0,40,39,0
17,Female,White,Never-married,3,413557,9th,Self-emp-inc,Sales,0,0,40,39,0
37,Male,White,Married-civ-spouse,0,51264,Assoc-voc,Self-emp-inc,Sales,0,0,40,39,1
40,Male,White,Married-civ-spouse,0,184378,Bachelors,State-gov,Adm-clerical,0,0,40,39,0
17,Male,Black,Never-married,3,148769,HS-grad,Other,Other,0,0,40,39,0
54,Female,Black,Divorced,4,166398,Some-college,Local-gov,Exec-managerial,0,0,35,39,0
25,Female,Other,Married-civ-spouse,5,32275,Some-college,Private,Exec-managerial,0,0,40,39,0
60,Male,White,Married-civ-spouse,0,327474,HS-grad,Self-emp-not-inc,Sales,0,0,70,39,0
59,Male,White,Married-civ-spouse,0,108496,Masters,Private,Exec-managerial,0,0,45,39,1
40,Female,White,Never-married,1,180032,Masters,Private,Prof-specialty,0,1669,40,39,0
21,Male,White,Never-married,3,182117,Assoc-acdm,Private,Other-service,0,0,40,39,0
41,Female,White,Widowed,1,51111,Bachelors,Local-gov,Adm-clerical,0,0,40,39,0
34,Male,White,Never-married,1,267352,11th,Other,Other,0,0,30,39,0
23,Female,White,Never-married,4,120910,HS-grad,Private,Other-service,0,0,35,39,0
47,Male,White,Married-civ-spouse,0,39986,Bachelors,Self-emp-not-inc,Sales,0,0,40,39,0
70,Male,White,Widowed,4,195739,10th,Private,Craft-repair,0,0,45,39,0
68,Male,White,Widowed,4,261897,10th,Self-emp-not-inc,Farming-fishing,0,0,20,39,0
39,Male,White,Married-civ-spouse,0,376455,Prof-school,Federal-gov,Prof-specialty,0,1887,50,39,1
58,Male,White,Married-civ-spouse,0,194068,Masters,State-gov,Prof-specialty,0,1977,50,39,1
46,Male,White,Married-civ-spouse,0,222374,HS-grad,State-gov,Other-service,0,0,43,39,1
47,Female,White,Widowed,4,179955,Some-college,Private,Transport-moving,0,0,25,28,0
49,Female,White,Separated,4,94638,HS-grad,Private,Adm-clerical,0,0,40,39,0
34,Male,White,Married-civ-spouse,0,157747,Some-college,Private,Exec-managerial,7298,0,40,39,1
39,Male,White,Married-civ-spouse,0,91367,Masters,Private,Exec-managerial,0,1848,45,39,1
71,Female,White,Never-married,1,118876,Bachelors,Private,Exec-managerial,0,0,14,39,0
32,Male,Black,Never-married,3,857532,HS-grad,Private,Machine-op-inspct,0,0,40,39,0
54,Male,White,Never-married,1,238257,Bachelors,Local-gov,Prof-specialty,0,0,50,39,0
33,Male,White,Never-married,1,155781,Prof-school,Private,Prof-specialty,0,0,40,39,1
42,Male,White,Married-civ-spouse,0,33002,HS-grad,Private,Exec-managerial,0,0,48,39,0
36,Male,White,Divorced,1,183425,Some-college,Private,Handlers-cleaners,0,0,40,39,0
63,Male,White,Married-civ-spouse,0,78383,HS-grad,Self-emp-not-inc,Farming-fishing,0,0,45,39,0
43,Female,White,Divorced,4,108945,Bachelors,Local-gov,Prof-specialty,0,0,48,39,0
54,Female,White,Never-married,1,166774,Masters,State-gov,Prof-specialty,0,0,45,39,1
40,Female,White,Divorced,1,272240,HS-grad,Private,Machine-op-inspct,0,0,40,39,0
36,Male,White,Married-civ-spouse,0,203836,Some-college,Federal-gov,Handlers-cleaners,0,0,50,39,0
17,Male,White,Never-married,3,327434,10th,Private,Sales,0,0,20,39,0
25,Male,White,Never-married,4,114345,9th,Private,Craft-repair,914,0,40,39,0
20,Male,Black,Never-married,3,337488,Some-college,Other,Other,0,0,30,39,0
41,Male,White,Divorced,2,240900,HS-grad,Self-emp-not-inc,Farming-fishing,0,0,20,39,0
38,Male,White,Married-civ-spouse,0,312271,Bachelors,Private,Prof-specialty,0,0,50,39,1
27,Female,White,Never-married,1,86681,Bachelors,Private,Other-service,0,0,40,39,0
39,Male,White,Never-married,3,207824,HS-grad,Private,Handlers-cleaners,0,0,60,39,0
55,Female,Asian-Pac-Islander,Married-civ-spouse,5,105138,HS-grad,Other,Other,0,0,40,39,0
57,Male,White,Married-civ-spouse,0,218649,HS-grad,Private,Handlers-cleaners,0,0,40,39,0
37,Male,White,Divorced,1,291981,HS-grad,Private,Machine-op-inspct,0,0,40,39,0
23,Female,White,Never-married,1,368739,Bachelors,State-gov,Prof-specialty,0,0,40,39,0
41,Male,White,Married-civ-spouse,0,82778,1st-4th,Private,Farming-fishing,0,0,40,26,0
65,Female,Asian-Pac-Islander,Divorced,1,106910,11th,Other,Other,0,0,15,39,0
23,Female,White,Never-married,1,178818,HS-grad,Private,Adm-clerical,0,0,40,39,0
57,Female,White,Widowed,4,133902,HS-grad,Private,Exec-managerial,0,0,45,39,0
62,Male,White,Married-civ-spouse,0,75478,Bachelors,Self-emp-not-inc,Exec-managerial,0,0,40,39,0
30,Female,White,Divorced,4,255279,HS-grad,Private,Adm-clerical,0,0,20,39,0
50,Male,White,Married-civ-spouse,0,167793,Prof-school,Self-emp-inc,Prof-specialty,0,2415,60,39,1
47,Male,White,Separated,3,102318,HS-grad,Private,Craft-repair,0,0,40,39,0
55,Female,Black,Widowed,4,256953,HS-grad,Private,Machine-op-inspct,0,0,44,39,0
40,Male,Black,Married-civ-spouse,0,142657,Assoc-voc,Private,Craft-repair,0,0,45,39,0
31,Male,White,Married-civ-spouse,0,500002,1st-4th,Private,Farming-fishing,0,0,45,26,0
51,Male,Black,Separated,1,130667,HS-grad,Other,Other,0,0,6,39,0
54,Male,Asian-Pac-Islander,Married-civ-spouse,0,121761,HS-grad,Self-emp-not-inc,Exec-managerial,0,0,50,0,0
18,Male,White,Never-married,3,395026,11th,Private,Other-service,0,0,12,39,0
41,Male,White,Married-civ-spouse,0,49797,HS-grad,Private,Craft-repair,0,0,40,39,0
40,Female,White,Divorced,4,99373,10th,Private,Machine-op-inspct,0,0,40,39,0
19,Female,White,Never-married,3,143360,HS-grad,Private,Machine-op-inspct,0,0,34,39,0
57,Male,White,Married-civ-spouse,0,177271,Doctorate,Self-emp-not-inc,Prof-specialty,0,0,35,39,0
60,Male,White,Married-civ-spouse,0,153072,HS-grad,Other,Other,0,0,5,39,0
26,Male,White,Never-married,1,476558,7th-8th,Private,Craft-repair,0,0,40,26,0
67,Male,White,Married-civ-spouse,0,330144,Masters,Self-emp-inc,Sales,0,0,48,39,1
30,Male,White,Married-civ-spouse,0,404062,HS-grad,Self-emp-not-inc,Prof-specialty,0,1977,15,39,1
64,Female,White,Divorced,1,221343,1st-4th,Private,Priv-house-serv,0,0,12,39,0
62,Male,White,Married-civ-spouse,0,134768,Masters,Self-emp-inc,Sales,0,0,35,39,0
43,Female,White,Separated,1,59107,HS-grad,Private,Other-service,4101,0,40,39,0
20,Male,White,Never-married,1,238917,11th,Private,Handlers-cleaners,0,0,32,26,0
56,Male,White,Divorced,1,232139,HS-grad,Private,Transport-moving,0,0,40,39,0
25,Female,White,Never-married,1,288519,Bachelors,Private,Adm-clerical,0,0,40,39,0
34,Female,White,Divorced,4,304872,9th,Private,Other-service,0,0,40,39,0
53,Male,White,Married-civ-spouse,0,48343,HS-grad,Private,Transport-moving,0,1902,40,39,1
24,Female,White,Never-married,3,179423,HS-grad,Private,Adm-clerical,0,0,40,39,0
29,Female,White,Married-civ-spouse,5,256671,HS-grad,Private,Adm-clerical,0,0,40,39,0
42,Male,White,Divorced,1,287037,12th,Self-emp-inc,Craft-repair,0,0,10,39,0
22,Female,White,Never-married,3,103762,Bachelors,Private,Exec-managerial,0,0,40,39,0
23,Male,White,Never-married,1,147253,Assoc-acdm,Private,Sales,0,0,40,39,0
17,Female,White,Never-married,3,31007,10th,Private,Other-service,0,0,30,39,0
48,Male,White,Married-civ-spouse,0,326048,Bachelors,Federal-gov,Prof-specialty,0,0,44,39,1
33,Male,White,Married-civ-spouse,0,117186,Bachelors,Private,Exec-managerial,0,0,45,39,0
44,Male,White,Separated,2,185798,Assoc-voc,Private,Craft-repair,0,0,48,39,1
42,Male,White,Married-civ-spouse,0,121055,Bachelors,Private,Sales,0,0,60,39,0
26,Male,White,Divorced,1,333108,HS-grad,Private,Sales,0,0,40,39,0
46,Male,Black,Married-civ-spouse,0,471990,HS-grad,Private,Transport-moving,0,0,46,39,1
23,Male,White,Never-married,1,99543,12th,Private,Transport-moving,0,0,46,39,0
33,Male,White,Never-married,1,249716,HS-grad,Private,Tech-support,0,0,45,39,0
32,Male,White,Married-civ-spouse,0,127384,Assoc-voc,Private,Craft-repair,0,0,55,39,1
49,Male,White,Married-civ-spouse,0,193047,HS-grad,Private,Craft-repair,0,0,45,39,1
22,Male,White,Never-married,3,298489,Some-college,Private,Craft-repair,0,0,40,39,0
47,Male,White,Married-civ-spouse,0,218676,Masters,Self-emp-not-inc,Exec-managerial,0,0,45,39,0
35,Female,White,Married-civ-spouse,5,144172,Assoc-acdm,Other,Other,0,0,16,39,0
58,Male,White,Married-civ-spouse,0,98361,HS-grad,Local-gov,Exec-managerial,0,0,50,39,0
63,Male,White,Married-civ-spouse,0,176696,HS-grad,Private,Craft-repair,0,0,40,39,1
18,Male,White,Never-married,3,302859,HS-grad,Private,Sales,0,0,20,39,0
35,Male,White,Married-civ-spouse,0,191503,Some-college,Self-emp-not-inc,Sales,0,0,50,39,0
57,Male,White,Married-civ-spouse,0,96779,5th-6th,Private,Craft-repair,0,0,40,39,0
40,Female,Amer-Indian-Eskimo,Never-married,4,108765,Assoc-voc,Local-gov,Exec-managerial,0,0,40,39,0
39,Female,Amer-Indian-Eskimo,Divorced,4,19914,Some-college,Private,Adm-clerical,0,0,40,39,0
54,Male,Black,Married-civ-spouse,0,288825,HS-grad,Local-gov,Transport-moving,0,0,40,39,0
66,Male,Black,Married-civ-spouse,0,162945,Prof-school,State-gov,Exec-managerial,20051,0,55,39,1
26,Male,White,Never-married,3,366662,HS-grad,Self-emp-inc,Sales,0,0,50,39,0
46,Male,White,Married-civ-spouse,0,254291,Some-college,Self-emp-not-inc,Sales,0,0,60,39,1
19,Female,White,Never-married,3,194905,Some-college,Private,Other-service,0,0,30,39,0
25,Male,Black,Never-married,1,430084,Some-college,Private,Transport-moving,0,0,40,39,0
26,Male,White,Never-married,3,34307,Assoc-voc,Self-emp-not-inc,Farming-fishing,0,0,65,39,0
31,Male,White,Married-civ-spouse,0,176862,Some-college,Self-emp-not-inc,Craft-repair,0,0,40,39,0
48,Female,Asian-Pac-Islander,Married-civ-spouse,2,162096,9th,Private,Machine-op-inspct,0,0,45,3,0
42,Male,White,Married-civ-spouse,0,182302,HS-grad,Private,Exec-managerial,0,0,40,39,0
54,Male,White,Married-civ-spouse,0,175912,10th,Private,Transport-moving,0,0,40,39,0
64,Male,White,Never-married,4,198728,Some-college,Local-gov,Transport-moving,0,0,40,39,0
40,Female,White,Divorced,4,184682,Some-college,Private,Adm-clerical,0,0,40,39,0
43,Male,White,Married-civ-spouse,0,104892,HS-grad,Self-emp-inc,Farming-fishing,0,0,45,39,0
25,Female,Black,Never-married,1,193773,HS-grad,Private,Other-service,0,0,35,39,0
31,Female,Black,Separated,4,265509,Assoc-voc,Private,Tech-support,0,0,32,39,0
32,Male,White,Married-civ-spouse,0,123964,Some-college,Private,Sales,4386,0,50,39,0
41,Female,White,Divorced,1,302122,Assoc-voc,Private,Craft-repair,0,0,40,39,0
33,Male,White,Divorced,4,137184,Assoc-acdm,Federal-gov,Exec-managerial,0,0,50,39,1
42,Male,White,Married-civ-spouse,0,289636,HS-grad,Private,Transport-moving,0,0,46,39,0
32,Male,White,Married-civ-spouse,0,113504,Bachelors,Private,Exec-managerial,0,0,40,39,1
42,Male,White,Married-civ-spouse,0,445940,9th,Private,Craft-repair,0,0,40,26,0
22,Female,White,Never-married,3,218343,HS-grad,Private,Other-service,0,0,40,39,0
30,Male,White,Married-civ-spouse,0,348592,HS-grad,Private,Machine-op-inspct,0,0,44,39,0
35,Female,Black,Never-married,4,153633,Some-college,Federal-gov,Other-service,0,0,40,39,0
28,Male,White,Married-civ-spouse,0,51461,Masters,Private,Prof-specialty,0,0,60,39,0
33,Female,White,Never-married,1,190772,HS-grad,Private,Adm-clerical,0,1617,40,39,0
20,Male,White,Never-married,3,387779,11th,Private,Transport-moving,0,0,15,39,0
43,Male,White,Never-married,1,117915,Masters,Private,Adm-clerical,0,0,40,39,0
50,Female,White,Divorced,1,194231,Masters,Private,Sales,0,0,40,39,1
19,Male,White,Never-married,3,136866,HS-grad,Private,Craft-repair,0,0,45,39,0
22,Male,White,Never-married,1,124971,Bachelors,Private,Sales,0,0,40,39,0
42,Male,Black,Divorced,1,209392,HS-grad,Private,Protective-serv,0,0,35,39,0
20,Male,White,Married-civ-spouse,2,279538,11th,Private,Handlers-cleaners,2961,0,35,39,0
29,Female,White,Married-civ-spouse,5,103628,Some-college,Private,Adm-clerical,0,0,40,39,1
33,Male,Black,Married-civ-spouse,0,177331,Assoc-voc,Private,Craft-repair,0,0,40,39,0
50,Male,White,Married-civ-spouse,0,35224,HS-grad,Private,Craft-repair,0,0,40,39,0
31,Female,White,Married-civ-spouse,5,85077,Bachelors,Other,Other,0,1902,20,39,1
20,Female,White,Never-married,1,193586,Some-college,Private,Prof-specialty,0,0,18,39,0
40,Male,White,Married-civ-spouse,0,146908,Doctorate,Private,Prof-specialty,0,0,60,39,1
37,Male,White,Married-spouse-absent,1,188774,11th,Self-emp-inc,Sales,0,0,60,0,0
58,Male,White,Married-civ-spouse,0,190763,Bachelors,Self-emp-inc,Prof-specialty,0,0,40,39,1
26,Male,White,Married-civ-spouse,0,67240,HS-grad,Private,Craft-repair,0,0,40,39,0
22,Male,Amer-Indian-Eskimo,Never-married,3,145477,HS-grad,Private,Handlers-cleaners,0,0,40,39,0
45,Female,White,Divorced,4,119199,Assoc-acdm,Local-gov,Prof-specialty,0,0,48,39,0
26,Female,White,Never-married,1,105516,Bachelors,Private,Sales,0,0,40,39,0
20,Male,White,Never-married,1,472789,1st-4th,Private,Farming-fishing,0,0,30,8,0
58,Male,White,Married-civ-spouse,0,148673,HS-grad,Other,Other,0,0,10,39,0
30,Male,White,Never-married,1,204374,Bachelors,Private,Sales,0,1741,48,39,0
46,Female,White,Divorced,1,267952,Assoc-voc,Local-gov,Exec-managerial,0,0,36,39,0
60,Male,White,Married-civ-spouse,0,234854,Doctorate,State-gov,Prof-specialty,0,1902,40,39,1
32,Female,White,Divorced,4,137875,Some-college,Private,Sales,0,0,30,39,0
41,Female,White,Married-civ-spouse,5,293485,Some-college,State-gov,Adm-clerical,3103,0,40,39,1
24,Male,White,Married-civ-spouse,0,259510,Bachelors,Private,Prof-specialty,5013,0,30,39,0
28,Female,White,Married-civ-spouse,5,130067,Bachelors,Private,Prof-specialty,0,0,40,39,1
45,Male,White,Married-civ-spouse,0,206459,Some-college,Private,Adm-clerical,0,0,40,39,0
21,Male,White,Never-married,3,186849,HS-grad,Private,Handlers-cleaners,0,0,40,39,0
56,Male,White,Married-civ-spouse,0,197369,7th-8th,Private,Exec-managerial,0,0,40,39,1
48,Male,White,Married-civ-spouse,0,191277,Doctorate,Self-emp-not-inc,Prof-specialty,0,1902,60,39,1
29,Female,White,Never-married,3,116613,Bachelors,Private,Adm-clerical,0,0,40,32,0
41,Male,White,Married-civ-spouse,0,93793,Masters,Private,Prof-specialty,0,0,38,39,1
57,Male,White,Married-civ-spouse,0,74156,HS-grad,Private,Other-service,0,0,30,39,0
31,Male,White,Never-married,2,127651,10th,Local-gov,Transport-moving,0,1741,40,39,0
40,Male,White,Married-civ-spouse,0,144067,Assoc-voc,Private,Craft-repair,0,0,40,39,0
44,Male,White,Married-civ-spouse,0,277647,HS-grad,Private,Sales,0,1902,40,39,1
36,Male,Black,Married-civ-spouse,0,228190,HS-grad,Private,Handlers-cleaners,0,0,20,39,0
23,Male,White,Never-married,3,182494,7th-8th,Private,Machine-op-inspct,0,0,40,39,0
25,Female,Black,Never-married,3,514716,Bachelors,Local-gov,Adm-clerical,0,0,40,39,0
61,Male,White,Married-civ-spouse,0,229744,1st-4th,Other,Other,3942,0,20,26,0
64,Female,White,Widowed,4,104756,Some-college,Other,Other,0,0,8,39,0
20,Female,White,Never-married,3,138938,Some-college,Private,Prof-specialty,0,0,10,39,0
45,Female,Asian-Pac-Islander,Married-spouse-absent,4,88061,11th,Private,Machine-op-inspct,0,0,40,35,0
42,Male,White,Widowed,4,82161,10th,Self-emp-not-inc,Transport-moving,0,0,35,39,0
33,Female,White,Never-married,1,34102,HS-grad,Self-emp-not-inc,Other-service,0,0,35,39,0
29,Female,White,Divorced,1,192924,Assoc-voc,Private,Adm-clerical,0,0,40,39,0
28,Male,White,Never-married,1,204516,10th,Private,Craft-repair,0,0,40,39,0
21,Female,White,Never-married,3,502837,HS-grad,Private,Machine-op-inspct,0,0,40,29,0
47,Male,White,Never-married,2,33300,Assoc-acdm,Self-emp-not-inc,Farming-fishing,10520,0,45,39,1
30,Female,White,Divorced,4,248384,HS-grad,Private,Other-service,0,0,40,39,0
21,Male,White,Never-married,2,265356,Some-college,Private,Sales,0,0,40,39,0
59,Male,White,Married-civ-spouse,0,169982,Bachelors,Private,Exec-managerial,0,2002,50,39,0
36,Male,White,Married-civ-spouse,0,233533,Some-college,Self-emp-not-inc,Craft-repair,0,0,60,39,1
69,Male,White,Married-civ-spouse,0,28197,HS-grad,Other,Other,0,0,60,39,1
18,Male,White,Never-married,3,335065,7th-8th,Private,Sales,0,0,30,26,0
17,Male,White,Never-married,3,231439,11th,Private,Handlers-cleaners,0,0,30,39,0
34,Male,White,Married-civ-spouse,0,106541,Some-college,Private,Machine-op-inspct,0,0,40,39,0
31,Female,White,Never-married,3,37030,Assoc-acdm,Other,Other,0,0,25,39,0
49,Male,White,Divorced,1,149049,Some-college,Private,Exec-managerial,14344,0,45,39,1
38,Male,White,Separated,1,101978,Some-college,Private,Machine-op-inspct,0,2258,55,39,1
18,Male,White,Never-married,3,252993,12th,Private,Handlers-cleaners,0,0,40,4,0
28,Male,Asian-Pac-Islander,Married-civ-spouse,0,154571,Some-college,Private,Exec-managerial,0,0,40,30,0
56,Female,White,Never-married,1,81220,Some-college,Private,Adm-clerical,0,0,40,2,0
37,Female,Asian-Pac-Islander,Separated,4,147638,Bachelors,Private,Other-service,0,0,36,30,0
52,Male,White,Married-civ-spouse,0,138497,Bachelors,Self-emp-inc,Exec-managerial,0,0,60,39,0
36,Male,White,Married-civ-spouse,0,198841,Masters,Private,Exec-managerial,0,0,40,39,1
43,Male,White,Never-married,1,180599,HS-grad,Self-emp-not-inc,Craft-repair,0,0,35,39,0
51,Male,Amer-Indian-Eskimo,Married-civ-spouse,0,35211,HS-grad,Local-gov,Transport-moving,0,0,40,39,0
37,Male,White,Divorced,1,82576,Prof-school,Private,Prof-specialty,14084,0,36,39,1
29,Male,White,Never-married,3,183887,Bachelors,Private,Adm-clerical,0,0,40,39,0
69,Male,White,Married-civ-spouse,0,32287,10th,Local-gov,Transport-moving,0,0,25,39,0
34,Male,White,Never-married,3,208353,HS-grad,Private,Machine-op-inspct,0,0,40,39,0
38,Male,White,Married-civ-spouse,0,172538,Bachelors,Private,Tech-support,0,1977,40,39,1
22,Male,White,Never-married,1,276133,HS-grad,Private,Farming-fishing,0,0,50,39,0
23,Male,White,Never-married,3,142766,Some-college,Private,Adm-clerical,1055,0,20,39,0
47,Male,White,Married-civ-spouse,0,287480,Some-college,Private,Craft-repair,0,0,40,39,0
25,Male,White,Married-civ-spouse,3,159662,HS-grad,Private,Sales,0,0,26,39,1
60,Female,White,Married-civ-spouse,5,194252,Masters,State-gov,Exec-managerial,3103,0,40,39,1
41,Male,White,Married-civ-spouse,0,166740,HS-grad,Private,Machine-op-inspct,0,0,40,39,0
36,Male,White,Married-civ-spouse,0,286115,HS-grad,Private,Craft-repair,0,0,40,39,1
45,Female,White,Divorced,1,106517,HS-grad,Self-emp-inc,Exec-managerial,0,0,40,39,0
26,Male,White,Never-married,3,335533,HS-grad,Private,Craft-repair,0,0,20,39,0
55,Female,White,Divorced,1,220262,HS-grad,Private,Sales,0,0,40,39,0
22,Male,Black,Never-married,1,276494,HS-grad,Private,Handlers-cleaners,0,0,40,39,0
29,Male,Asian-Pac-Islander,Never-married,1,187188,Masters,Private,Exec-managerial,0,0,60,39,0
45,Male,White,Never-married,1,149640,Prof-school,Self-emp-not-inc,Prof-specialty,0,0,30,39,1
62,Male,Amer-Indian-Eskimo,Married-civ-spouse,0,68461,Doctorate,Other,Other,0,0,40,39,1
28,Female,White,Never-married,1,261725,1st-4th,Private,Machine-op-inspct,0,0,40,26,0
55,Male,White,Married-civ-spouse,0,136819,Bachelors,Other,Other,0,0,40,39,0
40,Female,White,Divorced,1,79372,HS-grad,Private,Sales,0,0,40,39,0
30,Male,Amer-Indian-Eskimo,Divorced,1,323054,10th,Private,Other-service,0,0,40,39,0
19,Male,White,Never-married,1,386378,HS-grad,Private,Other-service,0,0,35,39,0
21,Female,White,Never-married,4,227986,HS-grad,Private,Machine-op-inspct,0,0,40,39,0
37,Female,Black,Never-married,4,260093,HS-grad,Private,Adm-clerical,0,0,40,39,0
33,Male,White,Never-married,1,135312,Bachelors,Private,Prof-specialty,0,0,40,39,1
34,Male,White,Married-civ-spouse,0,34572,Assoc-voc,Self-emp-not-inc,Exec-managerial,0,0,60,39,1
59,Female,White,Widowed,1,155976,HS-grad,Private,Adm-clerical,0,0,40,39,0
18,Female,White,Never-married,3,215463,12th,Other,Other,0,0,25,39,0
54,Male,White,Married-civ-spouse,0,284129,Some-college,Private,Transport-moving,0,0,45,39,1
23,Male,White,Never-married,3,274797,HS-grad,Private,Handlers-cleaners,0,0,25,39,0
21,Female,White,Never-married,3,198822,HS-grad,Private,Adm-clerical,0,0,35,39,0
61,Male,Asian-Pac-Islander,Separated,4,80896,HS-grad,Private,Transport-moving,0,0,45,39,1
63,Male,White,Married-civ-spouse,0,207385,Some-college,Private,Sales,0,0,30,39,0
51,Male,White,Married-civ-spouse,0,27166,HS-grad,Federal-gov,Tech-support,0,0,40,39,0
20,Female,White,Never-married,3,435469,HS-grad,Private,Other-service,0,0,40,26,0
44,Male,White,Married-civ-spouse,0,171589,Assoc-voc,Local-gov,Craft-repair,7688,0,40,39,1
55,Male,White,Married-civ-spouse,0,249072,HS-grad,Private,Transport-moving,0,0,60,39,0
32,Female,White,Divorced,4,61898,11th,Private,Other-service,0,0,15,39,0
40,Male,White,Married-civ-spouse,0,214242,HS-grad,Private,Machine-op-inspct,0,0,50,39,0
30,Female,White,Never-married,3,205204,HS-grad,Private,Adm-clerical,0,0,40,39,0
48,Male,Black,Divorced,1,149210,Bachelors,Private,Sales,0,0,40,39,1
31,Male,White,Married-civ-spouse,0,80145,Some-college,Self-emp-not-inc,Craft-repair,0,0,40,39,0
27,Male,White,Never-married,1,40295,HS-grad,Private,Transport-moving,0,0,99,39,0
44,Male,White,Married-civ-spouse,0,261899,Some-college,Private,Machine-op-inspct,0,0,44,39,0
33,Male,White,Married-civ-spouse,0,136331,HS-grad,Private,Handlers-cleaners,0,0,40,39,0
35,Male,Amer-Indian-Eskimo,Never-married,2,197719,Some-college,Private,Machine-op-inspct,0,0,40,39,0
40,Female,White,Separated,1,190122,Some-college,Private,Adm-clerical,0,0,40,39,0
57,Female,Amer-Indian-Eskimo,Separated,1,29375,HS-grad,Private,Sales,0,0,35,39,0
28,Male,White,Married-civ-spouse,0,175325,HS-grad,State-gov,Protective-serv,0,0,40,39,0
20,Female,White,Married-civ-spouse,5,84375,HS-grad,Other,Other,0,0,45,39,0
18,Male,White,Never-married,3,77845,Some-college,Private,Adm-clerical,0,1602,15,39,0
59,Male,White,Married-civ-spouse,0,316027,HS-grad,Private,Other-service,0,0,45,5,0
36,Male,White,Married-civ-spouse,0,133299,Assoc-voc,Private,Craft-repair,0,0,40,39,0
49,Female,White,Divorced,2,170165,HS-grad,Private,Machine-op-inspct,0,0,55,39,0
40,Female,White,Divorced,1,229364,Masters,State-gov,Prof-specialty,0,0,45,39,0
36,Male,Black,Married-civ-spouse,0,609935,Bachelors,Self-emp-not-inc,Transport-moving,0,0,48,0,0
42,Female,White,Married-civ-spouse,5,212206,Masters,Other,Other,0,1887,48,39,1
30,Male,White,Married-civ-spouse,0,35644,11th,Private,Handlers-cleaners,0,0,50,39,0
47,Male,White,Married-civ-spouse,0,144351,Bachelors,Private,Exec-managerial,0,0,45,39,1
51,Male,White,Married-civ-spouse,0,145409,Bachelors,Self-emp-not-inc,Sales,15024,0,50,39,1
47,Male,White,Married-civ-spouse,0,201127,Some-college,Private,Transport-moving,0,0,50,39,0
37,Female,Black,Divorced,1,236359,Some-college,Private,Adm-clerical,0,0,37,39,0
58,Female,White,Married-civ-spouse,5,94741,12th,Private,Other-service,0,0,24,39,0
60,Male,White,Married-civ-spouse,0,226355,Assoc-voc,Self-emp-inc,Machine-op-inspct,0,2415,70,0,1
40,Male,White,Married-civ-spouse,0,510072,Bachelors,Private,Sales,0,0,55,39,1
20,Male,White,Never-married,3,198148,HS-grad,Private,Adm-clerical,0,0,40,39,0
55,Female,White,Married-civ-spouse,5,110490,Bachelors,Local-gov,Prof-specialty,0,0,60,39,0
20,Female,White,Never-married,4,148709,Some-college,Private,Prof-specialty,0,0,25,39,0
35,Male,White,Married-civ-spouse,0,220585,12th,Private,Transport-moving,0,0,40,39,0
53,Male,White,Married-civ-spouse,0,188644,Preschool,Private,Other-service,0,0,40,26,0
38,Male,White,Never-married,1,202683,HS-grad,Private,Adm-clerical,0,0,40,39,0
45,Male,White,Married-civ-spouse,0,222011,Bachelors,Federal-gov,Handlers-cleaners,0,0,40,39,0
39,Male,White,Never-married,1,230329,Some-college,Self-emp-not-inc,Prof-specialty,0,1564,12,39,1
43,Male,White,Married-civ-spouse,0,299197,Some-college,Private,Adm-clerical,0,0,40,39,0
54,Female,White,Married-civ-spouse,5,202115,HS-grad,Private,Machine-op-inspct,0,0,40,39,1
17,Female,White,Never-married,3,177629,11th,Private,Sales,0,0,20,39,0
44,Female,White,Divorced,4,202872,Some-college,Local-gov,Prof-specialty,0,0,25,39,0
22,Male,White,Never-married,1,147253,Some-college,Private,Other-service,0,0,15,39,0
51,Male,White,Married-civ-spouse,0,115851,HS-grad,Self-emp-not-inc,Craft-repair,0,0,40,39,0
33,Male,White,Married-civ-spouse,0,232356,HS-grad,Private,Sales,0,1672,55,39,0
58,Male,White,Divorced,4,210031,HS-grad,Other,Other,0,0,40,39,0
48,Male,White,Married-civ-spouse,0,184787,7th-8th,Self-emp-inc,Craft-repair,0,0,50,39,1
41,Female,White,Married-civ-spouse,5,277192,5th-6th,Private,Farming-fishing,0,0,40,26,0
66,Female,White,Never-married,1,174788,Some-college,Self-emp-not-inc,Sales,0,0,20,39,0
56,Male,White,Married-civ-spouse,0,145574,HS-grad,Private,Craft-repair,0,0,40,39,1
37,Female,White,Never-married,1,38468,Some-college,Private,Adm-clerical,0,0,40,39,0
69,Male,White,Married-civ-spouse,0,183958,HS-grad,Other,Other,0,0,8,39,0
31,Female,Black,Never-married,4,113667,HS-grad,Private,Sales,0,0,25,39,0
31,Male,White,Married-civ-spouse,0,147284,Doctorate,Private,Prof-specialty,0,1977,99,39,1
44,Female,White,Separated,4,162184,Some-college,Private,Adm-clerical,0,0,40,39,0
49,Male,White,Married-civ-spouse,0,232586,5th-6th,Private,Craft-repair,0,0,40,39,0
38,Male,White,Divorced,1,179488,Assoc-acdm,Private,Craft-repair,0,0,40,39,0
33,Male,White,Married-civ-spouse,0,392812,Some-college,Private,Handlers-cleaners,0,0,50,39,1
21,Female,White,Married-civ-spouse,5,34816,Assoc-voc,Private,Adm-clerical,0,0,12,39,0
25,Male,White,Never-married,3,98155,Some-college,Private,Prof-specialty,0,0,40,39,0
42,Male,White,Married-civ-spouse,0,29962,HS-grad,Private,Craft-repair,0,0,40,39,0
37,Male,White,Married-civ-spouse,0,169426,HS-grad,Private,Craft-repair,0,0,60,39,1
57,Female,White,Widowed,2,142791,7th-8th,Private,Sales,0,1602,3,39,0
53,Male,White,Married-civ-spouse,0,141388,11th,Private,Craft-repair,0,0,40,39,0
20,Male,White,Never-married,1,390817,5th-6th,Private,Handlers-cleaners,0,0,25,26,0
48,Female,White,Divorced,4,146919,Some-college,Private,Adm-clerical,0,0,45,39,0
49,Female,White,Never-married,1,99179,Bachelors,Private,Prof-specialty,0,0,40,39,0
46,Male,White,Married-civ-spouse,0,185291,11th,Private,Handlers-cleaners,0,0,45,39,1
46,Male,Amer-Indian-Eskimo,Never-married,1,110884,HS-grad,Federal-gov,Adm-clerical,0,0,40,39,0
49,Male,Asian-Pac-Islander,Married-spouse-absent,1,138370,Masters,Private,Protective-serv,0,0,40,19,0
54,Male,White,Married-civ-spouse,0,68985,Masters,Private,Sales,0,0,55,39,1
25,Male,White,Married-civ-spouse,0,186370,HS-grad,Private,Handlers-cleaners,0,0,40,39,0
73,Male,White,Married-civ-spouse,0,181902,Masters,Local-gov,Prof-specialty,0,0,10,31,1
32,Male,White,Married-civ-spouse,0,168854,HS-grad,Private,Other-service,0,0,54,39,0
58,Male,White,Married-civ-spouse,0,175873,Some-college,Federal-gov,Adm-clerical,0,0,40,39,1
45,Female,White,Separated,1,158685,HS-grad,Private,Sales,0,0,40,39,0
54,Male,White,Divorced,1,220115,Some-college,Private,Adm-clerical,0,0,30,39,0
52,Male,White,Married-civ-spouse,0,167794,Doctorate,Private,Exec-managerial,0,0,38,39,1
22,Male,White,Never-married,3,208946,Some-college,Private,Adm-clerical,0,0,25,39,0
37,Male,White,Married-civ-spouse,0,126675,HS-grad,Private,Craft-repair,0,0,40,39,0
38,Female,Black,Married-spouse-absent,4,216129,Some-college,Local-gov,Exec-managerial,0,0,35,39,0
25,Male,Black,Never-married,3,240081,HS-grad,Private,Sales,0,0,40,39,0
37,Male,White,Married-civ-spouse,0,319685,Assoc-voc,Other,Other,0,0,54,39,1
26,Male,Asian-Pac-Islander,Never-married,1,203279,Prof-school,State-gov,Prof-specialty,2463,0,50,19,0
50,Female,Asian-Pac-Islander,Married-civ-spouse,2,135643,HS-grad,Private,Machine-op-inspct,0,0,40,3,0
27,Female,Black,Divorced,3,198813,HS-grad,Private,Adm-clerical,0,0,40,39,0
25,Male,White,Never-married,1,164488,Bachelors,Private,Tech-support,0,0,40,39,0
24,Male,Black,Married-civ-spouse,0,180931,Bachelors,Private,Sales,0,0,30,39,0
20,Female,White,Never-married,2,116791,HS-grad,Private,Machine-op-inspct,0,0,40,39,0
51,Male,White,Married-civ-spouse,0,96062,Some-college,Private,Sales,0,1977,40,39,1
43,Male,White,Married-civ-spouse,0,320984,Some-college,Self-emp-inc,Machine-op-inspct,0,0,50,39,0
37,Male,White,Divorced,1,42044,HS-grad,Private,Exec-managerial,0,0,35,39,0
22,Male,White,Never-married,3,231085,Some-college,Private,Other-service,0,0,30,39,0
32,Male,White,Never-married,1,200700,Some-college,Private,Sales,0,0,50,39,0
29,Male,White,Never-married,1,256956,Assoc-voc,Private,Machine-op-inspct,0,0,40,39,0
52,Male,White,Married-civ-spouse,0,347519,Bachelors,Private,Exec-managerial,0,0,55,39,1
44,Female,White,Never-married,1,190532,Masters,Private,Prof-specialty,0,0,55,39,0
32,Male,White,Married-civ-spouse,0,112650,HS-grad,Local-gov,Protective-serv,0,0,40,39,0
63,Male,White,Married-civ-spouse,0,133166,Doctorate,Other,Other,0,0,12,39,0
35,Male,White,Never-married,1,330664,Some-college,Private,Sales,0,0,40,39,0
41,Male,White,Married-civ-spouse,0,231689,HS-grad,Private,Craft-repair,0,0,40,39,1
28,Male,White,Married-civ-spouse,0,190367,HS-grad,Private,Machine-op-inspct,0,0,45,39,0
36,Male,Black,Married-civ-spouse,0,62346,HS-grad,Private,Craft-repair,0,0,40,39,0
29,Male,White,Never-married,3,103111,HS-grad,Private,Other-service,0,0,30,2,0
68,Female,White,Widowed,1,286869,7th-8th,Other,Other,0,1668,40,0,0
50,Female,White,Separated,4,209464,HS-grad,Private,Other-service,0,0,35,39,0
47,Male,White,Married-civ-spouse,0,121124,Masters,Local-gov,Prof-specialty,0,0,35,39,1
22,Male,White,Never-married,3,88126,Some-college,Other,Other,0,0,40,39,0
23,Male,White,Never-married,3,113601,Some-college,Private,Handlers-cleaners,0,0,30,39,0
51,Female,White,Widowed,1,124076,Bachelors,Federal-gov,Adm-clerical,0,0,40,39,0
61,Male,White,Widowed,4,191188,10th,Private,Farming-fishing,0,0,20,39,0
42,Male,White,Married-spouse-absent,1,27444,Some-college,Private,Prof-specialty,0,0,40,39,1
20,Female,White,Never-married,3,129240,Some-college,Other,Other,0,0,25,39,0
31,Male,White,Married-civ-spouse,0,173495,HS-grad,Private,Craft-repair,0,0,40,39,0
38,Female,White,Divorced,4,264627,Some-college,Private,Adm-clerical,0,0,40,39,0
30,Male,White,Married-civ-spouse,0,54608,Some-college,Private,Machine-op-inspct,0,0,48,39,0
18,Male,White,Never-married,3,173255,HS-grad,Private,Transport-moving,1055,0,25,39,0
22,Male,White,Married-civ-spouse,0,231053,11th,Private,Machine-op-inspct,0,0,70,39,1
40,Male,Black,Married-civ-spouse,0,229148,12th,Private,Transport-moving,0,0,40,23,0
35,Female,White,Divorced,1,162256,Assoc-voc,Private,Adm-clerical,6849,0,40,39,0
34,Female,Black,Never-married,1,189944,Some-college,Federal-gov,Adm-clerical,0,0,72,39,0
48,Female,White,Widowed,4,76017,HS-grad,Private,Other-service,0,0,25,39,0
57,Female,White,Widowed,4,121362,Some-college,Private,Adm-clerical,0,2258,38,39,1
43,Male,White,Married-spouse-absent,4,261929,Doctorate,State-gov,Prof-specialty,25236,0,64,39,1
33,Male,White,Married-civ-spouse,0,193246,Bachelors,Federal-gov,Adm-clerical,0,0,42,39,1
33,Male,White,Married-civ-spouse,0,224185,HS-grad,Local-gov,Craft-repair,0,0,40,39,0
39,Male,White,Married-civ-spouse,0,203482,Masters,Local-gov,Prof-specialty,7298,0,40,39,1
28,Male,White,Married-civ-spouse,0,132686,HS-grad,Private,Handlers-cleaners,0,0,40,39,1
41,Male,White,Married-civ-spouse,0,38876,Assoc-voc,Self-emp-not-inc,Farming-fishing,0,0,60,39,0
35,Male,White,Married-civ-spouse,0,158046,Some-college,Private,Sales,5013,0,70,39,0
49,Female,White,Married-civ-spouse,5,159816,Bachelors,Private,Prof-specialty,99999,0,20,39,1
37,Male,White,Married-civ-spouse,0,167851,HS-grad,Private,Craft-repair,0,0,50,39,0
22,Male,Black,Never-married,3,332194,Some-college,Private,Other-service,0,0,40,39,0
55,Male,White,Never-married,1,174478,10th,Private,Other-service,0,0,29,39,0
49,Male,White,Married-civ-spouse,0,31267,Bachelors,Local-gov,Prof-specialty,0,0,50,39,0
43,Female,White,Separated,1,188905,5th-6th,Private,Machine-op-inspct,0,0,40,26,0
26,Male,White,Never-married,3,456618,Some-college,Private,Adm-clerical,2597,0,40,39,0
28,Male,White,Never-married,1,129624,HS-grad,Private,Handlers-cleaners,0,0,40,0,0
30,Male,White,Married-civ-spouse,0,200892,Masters,Local-gov,Prof-specialty,0,0,40,39,0
44,Male,White,Divorced,4,326232,Bachelors,Private,Exec-managerial,0,2547,50,39,1
56,Male,White,Married-civ-spouse,0,303090,Some-college,Self-emp-inc,Sales,0,0,50,39,0
25,Female,White,Married-civ-spouse,5,344719,HS-grad,Other,Other,0,0,4,39,0
53,Female,White,Divorced,4,176059,Masters,Local-gov,Prof-specialty,0,0,50,39,0
49,Male,White,Divorced,1,207677,7th-8th,Private,Craft-repair,0,0,70,39,0
26,Male,White,Never-married,3,200681,HS-grad,Private,Machine-op-inspct,0,0,40,39,0
44,Female,White,Divorced,1,252202,HS-grad,Private,Adm-clerical,0,0,40,39,0
20,Male,White,Never-married,3,133061,HS-grad,Private,Handlers-cleaners,0,0,40,39,0
38,Male,White,Married-civ-spouse,0,267556,HS-grad,Self-emp-not-inc,Sales,0,0,64,39,0
22,Male,White,Never-married,3,131230,Bachelors,Private,Sales,0,0,40,39,0
42,Female,White,Divorced,4,194537,HS-grad,Private,Machine-op-inspct,0,0,40,39,0
27,Female,White,Never-married,3,232782,Some-college,Private,Sales,0,0,40,39,0
35,Female,White,Separated,1,26987,HS-grad,Private,Adm-clerical,0,0,40,39,0
26,Male,White,Married-civ-spouse,0,109080,Some-college,Private,Sales,0,0,60,39,0
51,Male,White,Married-civ-spouse,0,95435,HS-grad,Self-emp-not-inc,Sales,0,0,60,39,1
29,Male,White,Married-civ-spouse,0,142712,Some-college,Federal-gov,Adm-clerical,0,0,40,39,1
46,Female,White,Married-civ-spouse,5,186820,Some-college,Private,Other-service,5013,0,40,39,0
44,Male,White,Married-civ-spouse,0,300528,11th,Private,Adm-clerical,0,0,40,39,1
22,Female,White,Never-married,3,107882,Bachelors,Private,Exec-managerial,0,0,35,39,0
22,Male,White,Never-married,3,408383,Some-college,Private,Transport-moving,0,0,40,39,0
18,Female,White,Never-married,3,444607,Some-college,Private,Sales,0,0,25,39,0
26,Male,Black,Married-civ-spouse,0,196805,Some-college,Private,Transport-moving,0,0,65,39,0
49,Female,White,Divorced,4,72619,Some-college,State-gov,Adm-clerical,0,0,50,39,0
20,Female,Black,Never-married,2,117109,Some-college,Private,Adm-clerical,0,0,24,39,0
24,Male,Black,Never-married,2,283092,HS-grad,Private,Adm-clerical,0,0,40,23,0
60,Male,White,Married-civ-spouse,0,352156,Prof-school,State-gov,Prof-specialty,0,0,40,39,1
43,Male,White,Married-civ-spouse,0,145441,Bachelors,Private,Exec-managerial,0,0,50,39,1
26,Female,White,Never-married,4,130832,Bachelors,Other,Other,0,0,10,39,0
42,Male,White,Married-civ-spouse,0,101593,Bachelors,Local-gov,Protective-serv,0,0,42,39,0
49,Female,White,Never-married,1,129640,HS-grad,Private,Other-service,0,0,40,39,0
27,Male,White,Married-civ-spouse,2,408623,Bachelors,Private,Craft-repair,0,0,50,39,0
47,Male,White,Married-civ-spouse,0,201699,Assoc-acdm,Private,Sales,5178,0,50,39,1
25,Male,White,Never-married,3,176162,Bachelors,State-gov,Protective-serv,0,0,40,39,0
45,Female,Black,Never-married,4,189225,HS-grad,Private,Other-service,0,0,40,39,0
20,Female,White,Never-married,3,216825,HS-grad,Private,Sales,0,0,25,26,0
38,Female,White,Divorced,4,278253,HS-grad,Private,Adm-clerical,0,0,48,39,0
19,Female,White,Never-married,3,194905,Some-college,Private,Other-service,0,0,12,39,0
25,Male,White,Never-married,3,176162,Bachelors,Private,Handlers-cleaners,0,0,40,39,0
41,Female,Black,Divorced,4,142717,Some-college,Private,Tech-support,0,0,36,39,0
49,Female,White,Never-married,4,128736,Bachelors,Private,Prof-specialty,0,0,40,39,0
42,Female,White,Divorced,4,137232,HS-grad,Local-gov,Protective-serv,0,0,50,39,0
58,Female,White,Never-married,4,242670,HS-grad,Private,Adm-clerical,0,0,40,39,0
36,Female,White,Widowed,1,94954,Assoc-voc,Other,Other,0,0,20,39,0
41,Male,White,Widowed,4,374764,Bachelors,Private,Exec-managerial,0,0,20,39,0
42,Male,White,Married-civ-spouse,0,282062,9th,Private,Transport-moving,0,0,40,39,0
39,Male,White,Never-married,3,152587,HS-grad,Self-emp-not-inc,Craft-repair,0,0,40,39,0
34,Male,White,Married-civ-spouse,0,172664,HS-grad,Local-gov,Craft-repair,0,0,40,39,0
39,Female,Black,Divorced,4,421633,Some-college,Private,Protective-serv,0,0,30,39,0
39,Male,White,Married-civ-spouse,0,139364,Bachelors,Local-gov,Prof-specialty,0,0,35,39,1
60,Male,White,Married-civ-spouse,0,191024,HS-grad,Other,Other,0,0,40,39,0
60,Male,White,Married-civ-spouse,0,83861,HS-grad,Private,Handlers-cleaners,0,0,40,39,0
33,Female,White,Married-spouse-absent,1,373662,1st-4th,Private,Priv-house-serv,0,0,40,13,0
52,Male,White,Married-civ-spouse,0,98588,HS-grad,Private,Craft-repair,0,0,40,39,0
70,Male,White,Married-civ-spouse,0,306563,HS-grad,Other,Other,0,0,40,39,0
48,Male,White,Married-civ-spouse,0,120724,12th,Private,Exec-managerial,0,0,50,39,0
21,Male,White,Never-married,4,221955,HS-grad,Private,Machine-op-inspct,0,0,40,26,0
53,Female,Black,Divorced,4,247651,7th-8th,Private,Machine-op-inspct,0,0,56,39,0
18,Female,White,Never-married,1,127388,12th,Private,Other-service,0,0,25,39,0
27,Male,White,Never-married,1,128730,Assoc-voc,Private,Exec-managerial,10520,0,65,12,1
18,Female,Asian-Pac-Islander,Never-married,3,85154,12th,Other,Other,0,0,24,11,0
25,Male,White,Married-civ-spouse,0,81286,HS-grad,Private,Craft-repair,0,0,45,39,0
49,Male,White,Married-civ-spouse,0,176814,Bachelors,Private,Adm-clerical,5178,0,40,39,1
48,Male,White,Widowed,4,105808,9th,Private,Transport-moving,0,0,40,39,1
40,Male,White,Married-civ-spouse,0,93793,HS-grad,Self-emp-not-inc,Craft-repair,0,0,50,39,1
24,Male,White,Never-married,4,233777,Some-college,Private,Sales,0,0,50,26,0
32,Female,White,Divorced,3,171116,HS-grad,Private,Other-service,0,0,40,39,0
20,Male,White,Married-civ-spouse,0,189148,HS-grad,Private,Handlers-cleaners,0,0,48,39,0
46,Female,White,Never-married,1,231515,Assoc-acdm,Private,Adm-clerical,0,0,47,5,0
28,Male,White,Divorced,3,189346,HS-grad,Private,Handlers-cleaners,0,0,40,39,0
43,Male,Black,Never-married,1,238287,10th,Private,Machine-op-inspct,0,0,40,39,0
29,Male,White,Married-civ-spouse,0,50295,Some-college,Private,Exec-managerial,0,0,48,39,0
53,Male,White,Married-civ-spouse,0,129525,Bachelors,Private,Exec-managerial,0,0,50,39,1
20,Female,White,Never-married,3,34321,Some-college,Other,Other,0,0,30,39,0
34,Female,White,Divorced,1,181934,HS-grad,Other,Other,0,0,40,39,0
29,Male,Black,Married-spouse-absent,3,1268339,HS-grad,Private,Tech-support,0,0,40,39,0
41,Male,White,Married-civ-spouse,0,222434,Assoc-acdm,State-gov,Protective-serv,0,0,40,39,0
46,Female,White,Married-civ-spouse,5,72619,Some-college,Private,Exec-managerial,0,0,40,39,1
54,Male,White,Married-civ-spouse,0,123374,7th-8th,Private,Craft-repair,0,0,40,39,0
26,Male,White,Never-married,3,161007,Bachelors,Private,Adm-clerical,0,0,30,39,0
44,Female,Black,Separated,4,214415,Some-college,Private,Prof-specialty,0,0,40,39,0
28,Male,White,Married-civ-spouse,0,183523,HS-grad,Self-emp-not-inc,Craft-repair,0,0,50,18,0
46,Male,White,Married-civ-spouse,0,273771,Bachelors,Private,Sales,99999,0,40,39,1
28,Male,White,Never-married,4,133696,Bachelors,Private,Sales,0,0,65,39,0
28,Male,White,Married-civ-spouse,0,202239,7th-8th,Private,Prof-specialty,0,0,55,39,0
51,Male,Other,Married-civ-spouse,0,215948,Some-college,Federal-gov,Handlers-cleaners,0,0,40,0,0
30,Female,White,Married-civ-spouse,5,48214,Masters,State-gov,Prof-specialty,0,0,50,39,1
50,Female,Black,Married-civ-spouse,3,156008,11th,Other,Other,0,0,40,39,0
52,Male,White,Married-civ-spouse,0,183618,HS-grad,Private,Handlers-cleaners,0,0,40,39,0
37,Male,White,Married-civ-spouse,0,126569,Bachelors,Self-emp-inc,Craft-repair,0,0,60,39,0
72,Male,White,Married-civ-spouse,0,177769,10th,Private,Sales,0,0,15,39,0
67,Male,Black,Married-civ-spouse,0,239705,Doctorate,State-gov,Prof-specialty,0,0,12,0,0
31,Male,White,Never-married,1,511289,HS-grad,Private,Farming-fishing,2907,0,99,39,0
30,Male,White,Married-civ-spouse,0,153549,HS-grad,Self-emp-inc,Exec-managerial,0,0,50,39,1
69,Female,White,Widowed,1,89477,Some-college,Self-emp-not-inc,Farming-fishing,0,0,14,39,0
52,Male,White,Married-civ-spouse,0,68982,Bachelors,Private,Exec-managerial,0,0,50,39,1
29,Male,White,Married-civ-spouse,0,210959,Assoc-acdm,Private,Adm-clerical,0,0,40,39,0
34,Male,White,Married-civ-spouse,0,213226,Bachelors,Private,Prof-specialty,0,0,40,20,1
24,Male,White,Never-married,3,117767,Assoc-acdm,Private,Sales,0,0,20,39,0
36,Male,White,Never-married,4,336367,Assoc-acdm,Private,Exec-managerial,0,0,50,39,0
37,Male,White,Married-civ-spouse,0,29054,Some-college,Federal-gov,Adm-clerical,0,0,42,39,1
41,Male,White,Divorced,3,144460,Some-college,Private,Machine-op-inspct,0,0,40,22,0
24,Female,White,Married-civ-spouse,5,207940,HS-grad,Private,Other-service,0,0,30,39,0
52,Female,White,Divorced,4,31838,HS-grad,Federal-gov,Adm-clerical,0,0,40,39,0
43,Male,White,Married-civ-spouse,0,212894,Some-college,Private,Craft-repair,0,0,40,39,0
33,Male,White,Married-civ-spouse,0,40444,Some-college,Self-emp-inc,Exec-managerial,0,0,40,39,0
27,Male,White,Never-married,3,213842,Bachelors,Private,Adm-clerical,0,0,38,39,0
35,Male,White,Married-civ-spouse,0,112271,Masters,Private,Adm-clerical,0,0,40,39,0
68,Male,White,Married-civ-spouse,0,493363,Bachelors,State-gov,Exec-managerial,0,0,20,39,0
31,Male,White,Never-married,3,273324,Some-college,Private,Other-service,0,1721,16,39,0
32,Female,White,Never-married,1,283400,HS-grad,Private,Machine-op-inspct,0,0,40,39,0
60,Male,White,Married-civ-spouse,0,367695,Assoc-acdm,Private,Adm-clerical,0,0,40,39,1
23,Male,White,Never-married,3,239375,Bachelors,Private,Machine-op-inspct,0,0,40,39,0
32,Male,White,Never-married,1,113364,Bachelors,Private,Prof-specialty,0,0,40,39,1
61,Male,White,Married-civ-spouse,0,35649,Some-college,Private,Other-service,0,0,6,39,0
35,Male,White,Never-married,1,186035,Assoc-voc,Private,Tech-support,0,0,40,39,0
52,Female,White,Divorced,1,202452,HS-grad,Federal-gov,Adm-clerical,0,0,43,39,0
38,Male,White,Never-married,1,123833,Some-college,Private,Other-service,0,1408,40,39,0
55,Male,White,Married-civ-spouse,0,349304,Bachelors,Private,Exec-managerial,0,0,40,39,1
51,Male,White,Married-civ-spouse,0,260938,Some-college,Self-emp-inc,Exec-managerial,0,0,50,39,1
22,Male,White,Never-married,1,136873,Some-college,Private,Craft-repair,0,0,40,39,0
17,Male,White,Never-married,1,211870,9th,Private,Other-service,0,0,6,39,0
43,Male,White,Married-civ-spouse,0,33126,Some-college,Private,Exec-managerial,0,0,50,39,0
51,Female,White,Never-married,1,251841,Assoc-voc,Private,Exec-managerial,0,0,43,39,0
35,Male,Asian-Pac-Islander,Married-civ-spouse,0,187415,5th-6th,Private,Machine-op-inspct,0,0,50,0,0
48,Male,White,Never-married,4,167159,Assoc-voc,Private,Adm-clerical,0,0,40,39,0
17,Female,White,Never-married,3,51939,11th,Private,Sales,0,0,15,39,0
19,Male,White,Never-married,1,365871,7th-8th,Other,Other,0,0,40,26,0
37,Male,Black,Never-married,1,255454,Some-college,Self-emp-not-inc,Prof-specialty,0,0,40,39,0
52,Male,White,Married-civ-spouse,0,162576,Assoc-acdm,Private,Tech-support,0,0,40,39,1
53,Male,White,Married-civ-spouse,0,153486,Some-college,State-gov,Farming-fishing,0,0,50,39,0
41,Male,White,Married-civ-spouse,0,116825,Masters,Private,Prof-specialty,0,0,55,39,1
60,Male,White,Married-civ-spouse,0,176839,Prof-school,Self-emp-not-inc,Sales,0,0,45,39,1
43,Female,White,Married-spouse-absent,4,308498,HS-grad,State-gov,Exec-managerial,0,0,40,39,0
25,Female,White,Never-married,3,262245,Assoc-voc,Other,Other,3418,0,40,39,0
45,Male,White,Married-civ-spouse,0,232586,Some-college,Private,Craft-repair,0,0,50,39,1
45,Male,White,Married-civ-spouse,0,142719,HS-grad,Self-emp-inc,Sales,0,0,40,39,0
50,Male,White,Married-civ-spouse,0,120914,11th,Private,Craft-repair,0,0,40,39,0
61,Female,White,Married-civ-spouse,5,28291,Bachelors,Federal-gov,Exec-managerial,0,0,40,39,0
33,Female,Black,Never-married,3,83671,HS-grad,Private,Sales,0,0,40,39,0
64,Female,White,Widowed,1,200017,HS-grad,Other,Other,0,0,20,39,0
37,Male,White,Married-civ-spouse,0,223433,HS-grad,Private,Sales,0,0,40,39,1
50,Male,White,Married-civ-spouse,0,163921,HS-grad,Self-emp-inc,Sales,0,0,48,39,1
31,Male,Black,Married-civ-spouse,0,393357,9th,Private,Handlers-cleaners,0,0,48,39,0
40,Male,White,Married-civ-spouse,0,47902,HS-grad,Private,Exec-managerial,0,0,40,39,0
31,Male,Asian-Pac-Islander,Married-civ-spouse,0,34862,Assoc-acdm,Federal-gov,Sales,0,0,40,39,0
34,Female,White,Never-married,4,213307,HS-grad,Private,Handlers-cleaners,7443,0,35,39,0
21,Male,White,Never-married,3,131230,Some-college,Private,Sales,0,0,10,39,0
18,Male,White,Never-married,3,198616,12th,Private,Craft-repair,594,0,20,39,0
23,Female,White,Never-married,1,215616,HS-grad,Private,Prof-specialty,0,0,40,2,0
42,Male,White,Divorced,4,24264,Some-college,State-gov,Transport-moving,0,0,38,39,0
39,Male,White,Married-civ-spouse,0,89508,HS-grad,Local-gov,Craft-repair,0,0,40,39,1
35,Female,Black,Married-civ-spouse,5,229328,HS-grad,Private,Machine-op-inspct,0,0,40,39,0
50,Male,White,Married-civ-spouse,0,186272,Some-college,Federal-gov,Exec-managerial,0,0,40,39,0
65,Male,White,Married-civ-spouse,0,170012,Bachelors,Private,Adm-clerical,0,0,34,39,0
35,Male,White,Never-married,3,283237,HS-grad,Private,Machine-op-inspct,0,0,40,39,0
29,Female,White,Divorced,4,264166,Assoc-voc,Private,Other-service,0,0,45,4,0
53,Female,White,Divorced,4,164300,Bachelors,Local-gov,Adm-clerical,0,0,38,6,0
59,Male,White,Married-civ-spouse,0,365390,Some-college,Private,Craft-repair,0,0,40,39,0
32,Male,White,Never-married,1,107417,HS-grad,Private,Other-service,0,0,37,39,0
22,Male,White,Never-married,2,162869,Some-college,Private,Sales,0,0,65,39,0
32,Male,White,Married-civ-spouse,0,83413,Bachelors,Federal-gov,Adm-clerical,0,0,35,39,1
48,Male,White,Divorced,3,120131,HS-grad,State-gov,Craft-repair,8614,0,40,39,1
33,Male,Black,Married-civ-spouse,0,189368,Some-college,Private,Transport-moving,0,0,40,39,1
37,Male,White,Married-civ-spouse,0,120130,Masters,Self-emp-not-inc,Exec-managerial,0,0,60,39,1
40,Male,White,Married-civ-spouse,0,379919,Some-college,Private,Machine-op-inspct,0,0,40,39,0
30,Female,White,Divorced,4,343699,HS-grad,Private,Craft-repair,0,0,40,39,0
43,Male,White,Married-civ-spouse,0,341358,Assoc-voc,Private,Sales,0,0,40,39,1
52,Male,White,Married-civ-spouse,0,294691,HS-grad,Other,Other,0,0,40,39,0
50,Male,White,Married-civ-spouse,0,168212,Doctorate,Private,Prof-specialty,0,1902,65,39,1
21,Male,White,Never-married,3,56582,Some-college,State-gov,Tech-support,0,0,10,39,0
44,Female,Black,Separated,2,111891,Some-college,Private,Sales,0,0,35,39,0
19,Male,White,Never-married,1,459248,HS-grad,Private,Handlers-cleaners,0,0,30,39,0
73,Male,White,Married-civ-spouse,0,199362,HS-grad,Private,Other-service,0,0,30,39,0
34,Female,White,Never-married,3,143392,HS-grad,Private,Sales,0,0,40,39,0
36,Male,White,Divorced,1,207789,HS-grad,Private,Exec-managerial,0,0,52,39,0
55,Male,White,Married-civ-spouse,0,206487,Some-college,Private,Prof-specialty,0,0,40,39,1
35,Male,White,Divorced,1,108808,HS-grad,Self-emp-not-inc,Craft-repair,0,0,50,39,0
23,Male,White,Never-married,1,35633,Some-college,State-gov,Other-service,0,0,50,39,0
22,Female,White,Never-married,1,284317,Assoc-acdm,Private,Adm-clerical,0,0,40,39,0
67,Male,White,Married-civ-spouse,0,236627,Bachelors,Private,Prof-specialty,0,0,2,39,0
29,Male,White,Married-civ-spouse,0,67218,Bachelors,Private,Prof-specialty,0,0,40,39,1
58,Male,White,Married-civ-spouse,0,198145,Bachelors,State-gov,Adm-clerical,0,0,35,39,1
18,Female,White,Never-married,3,133055,HS-grad,Private,Other-service,0,0,30,39,0
40,Female,White,Divorced,4,209344,HS-grad,Self-emp-inc,Adm-clerical,0,0,15,0,0
54,Female,Black,Never-married,3,189607,Bachelors,Private,Other-service,0,0,36,39,0
48,Male,White,Married-civ-spouse,0,128796,Assoc-acdm,Private,Exec-managerial,0,0,40,39,1
45,Male,White,Married-civ-spouse,0,37987,Some-college,Private,Sales,0,0,45,39,0
51,Male,White,Married-civ-spouse,0,97005,HS-grad,Private,Craft-repair,0,0,40,39,0
34,Male,White,Married-civ-spouse,0,193285,HS-grad,Private,Handlers-cleaners,0,0,40,39,0
43,Female,White,Divorced,1,115005,HS-grad,State-gov,Tech-support,0,0,40,39,0
17,Male,White,Never-married,3,262196,10th,Other,Other,0,0,8,39,0
34,Female,White,Married-civ-spouse,5,101345,HS-grad,Private,Other-service,0,0,40,39,1
46,Female,White,Divorced,4,359193,Some-college,Local-gov,Adm-clerical,0,0,45,39,0
39,Male,White,Married-civ-spouse,0,33886,HS-grad,Private,Transport-moving,0,0,60,39,0
53,Male,White,Married-civ-spouse,0,229465,Masters,Private,Exec-managerial,0,0,55,39,1
46,Female,White,Never-married,3,163021,HS-grad,Private,Adm-clerical,0,0,40,39,0
44,Male,White,Divorced,1,44006,Assoc-voc,Private,Transport-moving,0,0,40,39,0
39,Male,White,Divorced,1,367260,HS-grad,Private,Exec-managerial,0,0,80,39,0
31,Male,White,Never-married,1,33117,Masters,Self-emp-not-inc,Prof-specialty,0,0,45,9,0
34,Female,White,Divorced,4,207301,HS-grad,Private,Machine-op-inspct,0,0,20,39,0
40,Female,White,Divorced,1,266803,Assoc-acdm,Private,Exec-managerial,0,0,40,39,1
44,Female,White,Divorced,1,222978,HS-grad,Private,Sales,0,1504,40,39,0
38,Male,White,Married-civ-spouse,0,210866,HS-grad,Private,Exec-managerial,0,0,44,39,1
56,Male,White,Married-civ-spouse,0,83922,Some-college,Private,Craft-repair,0,0,40,39,1
44,Male,White,Married-civ-spouse,0,243636,Assoc-voc,Federal-gov,Craft-repair,0,0,40,39,1
21,Male,White,Never-married,3,415913,Some-college,Other,Other,0,0,40,39,0
48,Female,Black,Separated,3,300168,12th,Private,Adm-clerical,0,0,40,39,0
29,Female,White,Never-married,1,135296,Bachelors,Private,Exec-managerial,0,2258,45,39,1
27,Male,White,Never-married,1,210765,Assoc-voc,Private,Handlers-cleaners,0,0,40,39,0
22,Female,White,Never-married,1,330571,HS-grad,Other,Other,0,0,45,39,0
40,Female,White,Never-married,1,70645,Preschool,Private,Other-service,0,0,20,39,0
42,Male,White,Married-civ-spouse,0,154374,Bachelors,Private,Transport-moving,0,0,58,39,0
52,Male,White,Married-civ-spouse,0,104501,Some-college,Private,Prof-specialty,0,0,40,11,1
43,Male,White,Married-civ-spouse,0,152958,Bachelors,Private,Exec-managerial,7298,0,40,39,1
43,Male,White,Never-married,1,193882,Some-college,Private,Adm-clerical,0,0,55,39,0
38,Male,White,Married-civ-spouse,0,125324,Some-college,Self-emp-inc,Exec-managerial,0,0,80,39,1
46,Male,White,Married-spouse-absent,1,142719,HS-grad,Private,Farming-fishing,0,0,65,39,0
32,Male,White,Married-civ-spouse,0,351869,Some-college,Private,Transport-moving,0,1485,45,39,1
40,Female,White,Married-civ-spouse,5,140559,HS-grad,Private,Priv-house-serv,0,0,45,39,0
47,Male,White,Married-civ-spouse,0,228372,Masters,Local-gov,Prof-specialty,0,0,48,39,1
37,Male,White,Married-civ-spouse,0,24342,Some-college,State-gov,Exec-managerial,0,0,38,39,0
28,Male,White,Never-married,1,441620,Bachelors,Private,Other-service,0,0,43,26,0
34,Female,White,Never-married,3,269243,Some-college,Private,Adm-clerical,0,0,40,39,0
24,Female,White,Never-married,1,34446,Some-college,Private,Tech-support,0,0,37,39,0
90,Male,White,Married-civ-spouse,0,282095,Some-college,Self-emp-not-inc,Farming-fishing,0,0,40,39,0
36,Male,White,Married-civ-spouse,0,202950,Bachelors,Self-emp-not-inc,Exec-managerial,0,0,50,20,0
47,Female,White,Never-married,2,140219,HS-grad,Private,Adm-clerical,0,0,40,39,0
47,Female,White,Married-civ-spouse,5,185399,HS-grad,Private,Other-service,0,0,38,39,0
24,Female,White,Never-married,4,149457,Some-college,Private,Adm-clerical,0,0,40,39,0
57,Female,White,Widowed,1,167864,Assoc-voc,Private,Prof-specialty,0,0,40,39,0
27,Male,White,Married-civ-spouse,0,140863,9th,Self-emp-not-inc,Craft-repair,0,0,40,39,0
54,Male,White,Married-civ-spouse,0,36327,7th-8th,Self-emp-not-inc,Machine-op-inspct,0,0,50,39,0
67,Male,Asian-Pac-Islander,Married-civ-spouse,0,76860,HS-grad,Self-emp-inc,Exec-managerial,0,0,40,39,1
50,Female,White,Divorced,1,116933,HS-grad,Private,Sales,0,0,33,39,0
45,Male,White,Divorced,1,114396,Bachelors,Self-emp-not-inc,Prof-specialty,0,0,35,39,0
27,Male,White,Married-civ-spouse,0,192384,Prof-school,Private,Adm-clerical,0,0,40,39,0
22,Female,White,Never-married,3,194723,Bachelors,Private,Adm-clerical,0,0,10,39,0
50,Male,White,Married-civ-spouse,0,95435,7th-8th,Private,Transport-moving,0,1579,65,2,0
56,Female,Black,Separated,1,279340,11th,Private,Other-service,0,0,40,39,0
37,Male,White,Married-civ-spouse,0,278576,HS-grad,Private,Machine-op-inspct,0,0,60,39,1
60,Female,White,Widowed,1,106282,9th,Other,Other,0,0,40,39,0
18,Female,White,Never-married,3,270502,11th,Private,Exec-managerial,0,0,20,39,0
40,Male,White,Married-civ-spouse,0,442045,Some-college,Private,Prof-specialty,0,0,40,39,1
30,Male,White,Married-spouse-absent,1,261943,11th,Self-emp-not-inc,Craft-repair,0,0,30,16,0
29,Male,Black,Never-married,1,196912,Bachelors,Federal-gov,Prof-specialty,0,0,40,39,0
44,Male,White,Married-civ-spouse,0,175641,11th,Private,Sales,0,0,40,39,1
39,Female,White,Never-married,4,103710,HS-grad,Private,Sales,0,0,60,39,0
46,Male,White,Married-civ-spouse,0,56841,HS-grad,Private,Transport-moving,0,0,40,39,0
35,Male,White,Married-civ-spouse,0,241998,Bachelors,Self-emp-not-inc,Craft-repair,0,0,45,39,0
65,Male,Black,Married-civ-spouse,0,293385,Preschool,Other,Other,0,0,30,39,0
24,Male,White,Married-civ-spouse,0,70261,Bachelors,Private,Prof-specialty,0,0,50,39,0
17,Male,White,Never-married,3,160968,11th,Private,Adm-clerical,0,0,16,39,0
24,Male,White,Married-civ-spouse,0,172612,HS-grad,Private,Craft-repair,0,0,40,39,0
31,Male,Black,Never-married,3,62165,HS-grad,Private,Other-service,0,0,40,39,0
46,Male,White,Married-civ-spouse,0,219967,Bachelors,Federal-gov,Exec-managerial,0,0,40,39,1
52,Male,White,Married-civ-spouse,0,259583,HS-grad,Private,Adm-clerical,0,0,40,39,0
60,Male,White,Married-civ-spouse,0,160062,HS-grad,Self-emp-inc,Farming-fishing,0,0,25,39,0
30,Female,White,Never-married,2,43953,HS-grad,Private,Adm-clerical,0,1974,40,39,0
71,Female,White,Widowed,1,128529,HS-grad,Other,Other,0,0,20,39,0
20,Female,White,Never-married,3,218215,Some-college,Private,Adm-clerical,0,0,40,39,0
32,Male,White,Never-married,1,159187,Bachelors,Local-gov,Prof-specialty,0,0,35,39,0
67,Male,White,Married-civ-spouse,0,184506,11th,Other,Other,0,419,3,39,0
40,Female,Asian-Pac-Islander,Married-civ-spouse,5,177027,Bachelors,Private,Other-service,7688,0,52,24,1
51,Male,White,Married-civ-spouse,0,254230,Some-college,Private,Exec-managerial,0,0,40,39,1
37,Male,White,Never-married,3,40955,Some-college,Federal-gov,Other-service,0,0,40,24,0
23,Female,White,Never-married,3,84648,Some-college,Private,Sales,0,0,25,39,0
53,Male,White,Married-civ-spouse,0,113995,Bachelors,Private,Exec-managerial,0,0,45,39,1
40,Male,White,Married-civ-spouse,0,254478,Some-college,Private,Craft-repair,7298,0,50,39,1
43,Female,Black,Divorced,4,158177,Some-college,Private,Adm-clerical,0,0,35,39,0
66,Male,White,Married-civ-spouse,0,212185,7th-8th,Self-emp-not-inc,Farming-fishing,0,0,48,39,0
23,Female,White,Never-married,1,520231,Some-college,Private,Prof-specialty,0,0,45,39,0
50,Male,White,Married-civ-spouse,0,162632,HS-grad,Private,Craft-repair,0,0,2,39,0
19,Female,Black,Never-married,4,234151,HS-grad,Federal-gov,Adm-clerical,0,0,40,39,0
48,Male,White,Married-civ-spouse,0,177211,11th,Private,Machine-op-inspct,0,0,40,39,0
34,Male,White,Married-civ-spouse,0,241360,HS-grad,Private,Prof-specialty,0,0,40,0,0
39,Male,White,Married-civ-spouse,0,36376,Some-college,Private,Farming-fishing,0,0,60,39,0
51,Male,White,Married-civ-spouse,0,200450,HS-grad,Private,Handlers-cleaners,0,0,48,39,0
39,Female,White,Divorced,1,192251,10th,Private,Other-service,0,0,60,39,0
36,Male,White,Married-civ-spouse,0,549174,HS-grad,Private,Craft-repair,0,0,40,39,0
31,Male,White,Married-civ-spouse,0,339482,HS-grad,Private,Craft-repair,0,1848,40,39,1
28,Male,Black,Married-civ-spouse,0,154863,9th,Local-gov,Craft-repair,0,0,40,38,1
23,Female,White,Never-married,3,350680,Assoc-acdm,Federal-gov,Exec-managerial,0,0,40,31,0
44,Male,White,Never-married,1,281739,Some-college,Federal-gov,Adm-clerical,13550,0,50,39,1
19,Female,White,Never-married,3,195805,HS-grad,Private,Sales,0,0,12,39,0
19,Female,White,Never-married,3,133983,Some-college,Other,Other,0,0,20,39,0
18,Male,White,Never-married,3,88642,Some-college,Private,Sales,0,0,15,39,0
21,Female,White,Never-married,3,214716,Some-college,Private,Adm-clerical,0,0,10,39,0
36,Male,White,Divorced,3,207853,HS-grad,Private,Craft-repair,0,0,40,39,0
33,Female,White,Never-married,1,40681,Assoc-acdm,Private,Adm-clerical,0,0,40,39,0
28,Female,White,Married-civ-spouse,5,200775,Masters,State-gov,Exec-managerial,0,0,40,39,0
35,Male,White,Married-civ-spouse,0,33975,Assoc-acdm,Private,Craft-repair,0,0,40,39,0
26,Male,White,Never-married,3,105787,Bachelors,State-gov,Prof-specialty,0,0,40,39,0
58,Female,White,Never-married,1,123329,HS-grad,State-gov,Adm-clerical,0,0,16,39,0
19,Female,White,Never-married,1,375114,HS-grad,Private,Craft-repair,0,0,40,39,0
53,Female,White,Widowed,1,39643,HS-grad,Federal-gov,Exec-managerial,0,0,58,39,0
31,Male,White,Married-civ-spouse,0,389765,7th-8th,Self-emp-not-inc,Prof-specialty,0,0,60,39,0
45,Female,White,Never-married,1,161954,Bachelors,Private,Prof-specialty,0,0,40,11,0
22,Male,Amer-Indian-Eskimo,Never-married,1,108506,Assoc-voc,Self-emp-not-inc,Farming-fishing,0,0,75,39,0
29,Female,White,Divorced,4,168873,Some-college,Other,Other,0,0,30,39,0
17,Male,White,Never-married,3,195262,11th,Local-gov,Craft-repair,0,0,35,39,0
37,Male,White,Separated,1,327323,5th-6th,Private,Farming-fishing,0,0,32,13,0
55,Female,Black,Married-civ-spouse,5,202220,HS-grad,Private,Other-service,2407,0,35,39,0
27,Male,Asian-Pac-Islander,Never-married,1,292472,Some-college,Private,Craft-repair,0,1876,45,1,0
20,Male,White,Never-married,3,157541,Some-college,Private,Other-service,0,0,27,39,0
19,Female,White,Never-married,3,138153,Some-college,Private,Adm-clerical,0,0,10,39,0
36,Female,Asian-Pac-Islander,Never-married,4,91275,Some-college,Private,Adm-clerical,0,0,40,39,0
55,Female,White,Married-civ-spouse,5,216941,HS-grad,Other,Other,2885,0,40,39,0
41,Male,White,Married-civ-spouse,0,67339,Bachelors,Private,Machine-op-inspct,0,0,40,0,0
35,Male,White,Married-civ-spouse,0,199753,Some-college,Self-emp-not-inc,Other-service,0,0,60,39,0
33,Male,White,Married-spouse-absent,1,295591,1st-4th,Self-emp-not-inc,Craft-repair,0,0,40,26,0
38,Male,White,Never-married,1,203836,5th-6th,Self-emp-not-inc,Transport-moving,0,0,40,39,0
53,Male,White,Married-civ-spouse,0,192982,HS-grad,Self-emp-not-inc,Farming-fishing,0,0,85,39,0
21,Female,Black,Never-married,3,205844,Some-college,Private,Sales,0,0,25,39,0
46,Female,White,Divorced,4,39363,Some-college,Private,Other-service,0,0,10,0,0
31,Male,White,Married-civ-spouse,0,210164,HS-grad,Self-emp-not-inc,Exec-managerial,0,0,40,39,1
48,Male,White,Married-civ-spouse,0,325372,1st-4th,Private,Machine-op-inspct,0,0,40,32,0
35,Male,White,Married-civ-spouse,0,37314,Some-college,Private,Craft-repair,5013,0,40,39,0
39,Male,White,Married-civ-spouse,0,297449,Bachelors,Private,Prof-specialty,0,0,40,39,1
55,Male,White,Married-civ-spouse,0,193130,HS-grad,Private,Handlers-cleaners,0,1887,40,39,1
32,Male,White,Married-civ-spouse,0,70985,Assoc-voc,Private,Machine-op-inspct,0,0,40,39,0
20,Male,White,Never-married,3,201490,Some-college,Other,Other,0,0,40,39,0
29,Male,White,Married-civ-spouse,0,228860,Some-college,Private,Other-service,0,0,35,39,0
42,Male,White,Married-civ-spouse,0,366180,Some-college,Private,Exec-managerial,0,0,55,39,1
31,Male,White,Married-civ-spouse,0,210562,HS-grad,Private,Transport-moving,0,0,65,39,0
41,Male,White,Married-civ-spouse,0,222142,HS-grad,Private,Machine-op-inspct,0,0,40,39,0
38,Male,White,Married-civ-spouse,0,134069,Masters,State-gov,Exec-managerial,7298,0,60,39,1
53,Male,White,Married-civ-spouse,0,95519,HS-grad,Private,Prof-specialty,0,0,42,39,1
31,Female,White,Divorced,1,345277,Bachelors,Private,Prof-specialty,0,0,40,39,0
29,Female,Black,Never-married,3,136277,10th,Private,Other-service,0,0,32,39,0
26,Female,White,Never-married,1,176967,11th,Other,Other,0,0,65,39,0
30,Female,White,Married-civ-spouse,5,126242,Some-college,Private,Other-service,0,0,40,39,0
61,Male,White,Married-civ-spouse,0,199495,12th,State-gov,Craft-repair,0,0,40,39,0
20,Female,White,Never-married,3,145917,Some-college,Private,Adm-clerical,0,0,15,39,0
25,Male,Black,Never-married,3,237865,Some-college,Private,Other-service,0,0,42,39,0
26,Male,Black,Separated,2,261278,Some-college,Private,Sales,0,0,30,39,0
35,Male,White,Never-married,3,40135,HS-grad,Private,Other-service,0,0,30,39,0
32,Female,White,Never-married,3,317378,Bachelors,Private,Exec-managerial,10520,0,40,39,1
57,Female,White,Separated,1,308861,Some-college,Private,Sales,0,0,40,39,0
19,Male,White,Never-married,3,327397,HS-grad,Private,Prof-specialty,0,0,30,39,0
35,Male,White,Separated,1,31095,Some-college,Self-emp-not-inc,Farming-fishing,4101,0,60,39,0
42,Male,Black,Never-married,3,217826,HS-grad,Private,Craft-repair,0,0,40,0,0
43,Male,White,Married-civ-spouse,0,113324,HS-grad,Private,Craft-repair,0,1902,40,39,1
42,Female,Black,Divorced,4,210275,Masters,Private,Tech-support,4687,0,35,39,1
38,Male,White,Married-civ-spouse,0,191103,Prof-school,Private,Prof-specialty,0,0,99,39,1
60,Female,White,Divorced,1,168223,Bachelors,Self-emp-not-inc,Prof-specialty,0,0,30,39,0
32,Female,White,Divorced,4,174215,Some-college,Private,Sales,0,0,40,39,0
43,Male,White,Married-civ-spouse,0,126701,Bachelors,State-gov,Exec-managerial,0,0,35,39,1
57,Male,White,Married-civ-spouse,0,412952,Some-college,Self-emp-inc,Prof-specialty,0,0,40,39,0
17,Female,White,Never-married,3,152696,12th,Private,Other-service,0,0,30,39,0
42,Female,White,Divorced,4,208726,Some-college,Private,Exec-managerial,0,0,45,39,0
48,Male,Black,Separated,4,149210,HS-grad,Private,Craft-repair,0,0,45,39,0
19,Male,White,Never-married,3,323421,Some-college,Private,Handlers-cleaners,0,0,20,39,0
39,Male,White,Divorced,1,184964,Some-college,Federal-gov,Adm-clerical,0,0,40,39,1
36,Male,White,Married-civ-spouse,0,218490,Assoc-voc,Private,Sales,0,0,60,39,0
49,Male,White,Married-civ-spouse,0,228372,Some-college,Other,Other,0,0,20,39,1
39,Male,White,Divorced,1,30673,Some-college,Private,Handlers-cleaners,0,0,50,39,1
46,Male,White,Married-civ-spouse,0,271828,HS-grad,Private,Craft-repair,0,0,40,39,1
18,Male,White,Never-married,3,152641,10th,Other,Other,0,0,40,39,0
21,Female,White,Never-married,4,175800,HS-grad,Private,Prof-specialty,0,0,55,39,0
37,Female,White,Married-civ-spouse,5,329026,HS-grad,Private,Adm-clerical,0,0,40,39,1
47,Female,Amer-Indian-Eskimo,Divorced,1,24723,10th,Private,Exec-managerial,0,0,45,39,0
32,Female,White,Never-married,1,542265,HS-grad,State-gov,Adm-clerical,0,0,40,39,0
26,Male,White,Never-married,3,248990,Some-college,Private,Craft-repair,0,0,40,39,0
33,Female,White,Divorced,1,191856,Some-college,Private,Adm-clerical,0,0,40,39,0
37,Male,White,Never-married,1,83880,Some-college,Private,Craft-repair,0,0,40,39,0
20,Female,Asian-Pac-Islander,Never-married,3,178469,HS-grad,Private,Other-service,0,0,15,0,0
49,Female,White,Divorced,4,125421,HS-grad,Private,Adm-clerical,0,0,38,39,0
67,Female,White,Divorced,1,258973,HS-grad,Local-gov,Other-service,0,0,24,39,0
48,Male,White,Married-civ-spouse,0,155659,Assoc-voc,Private,Craft-repair,7688,0,40,39,1
60,Male,Black,Married-civ-spouse,0,230165,Bachelors,Other,Other,0,0,40,39,0
34,Male,White,Married-civ-spouse,0,122116,Some-college,Private,Exec-managerial,0,0,40,39,0
31,Female,Black,Never-married,4,154297,HS-grad,Private,Sales,0,0,24,39,0
21,Male,Other,Never-married,1,195919,10th,Private,Handlers-cleaners,0,0,40,6,0
45,Female,White,Married-civ-spouse,5,121836,Some-college,Self-emp-inc,Prof-specialty,0,0,40,0,1
20,Male,White,Never-married,3,114969,HS-grad,Other,Other,0,0,40,39,0
42,Female,Black,Married-civ-spouse,5,24364,Some-college,Private,Other-service,0,0,30,39,0
23,Female,White,Never-married,3,199915,Bachelors,Private,Adm-clerical,0,0,35,39,0
63,Male,White,Never-married,1,181863,Bachelors,Private,Sales,0,0,27,39,0
50,Male,White,Married-civ-spouse,0,116287,Assoc-acdm,Private,Adm-clerical,0,0,60,4,0
60,Male,White,Married-civ-spouse,0,296485,5th-6th,Private,Transport-moving,0,0,40,39,0
72,Male,White,Married-civ-spouse,0,129912,HS-grad,Other,Other,0,0,25,39,0
37,Male,White,Married-civ-spouse,0,34180,HS-grad,Private,Craft-repair,0,0,40,39,0
53,Female,White,Married-civ-spouse,5,155233,12th,Other,Other,0,0,40,22,0
76,Male,White,Married-civ-spouse,0,135039,HS-grad,Other,Other,0,0,20,39,0
32,Male,White,Married-civ-spouse,0,206609,Bachelors,Private,Exec-managerial,0,0,60,39,1
40,Male,White,Never-married,3,111483,Bachelors,Self-emp-inc,Prof-specialty,0,0,40,39,0
52,Female,White,Married-civ-spouse,5,139347,HS-grad,Private,Transport-moving,0,0,40,39,0
35,Female,White,Divorced,1,217893,HS-grad,Private,Sales,0,0,30,39,0
24,Male,White,Married-civ-spouse,0,102493,HS-grad,Private,Handlers-cleaners,0,0,40,39,0
30,Male,White,Married-civ-spouse,0,231043,Assoc-voc,State-gov,Protective-serv,0,0,40,39,0
32,Female,White,Married-civ-spouse,5,92003,Bachelors,State-gov,Exec-managerial,0,0,40,39,1
20,Female,White,Never-married,1,36235,Assoc-acdm,Private,Adm-clerical,0,0,40,39,0
39,Male,White,Married-civ-spouse,0,347434,9th,Private,Handlers-cleaners,0,0,43,26,0
32,Male,White,Married-civ-spouse,0,173730,Bachelors,Private,Exec-managerial,7688,0,40,39,1
23,Male,Black,Never-married,3,263899,Some-college,Private,Adm-clerical,0,0,20,14,0
27,Female,White,Separated,2,157624,HS-grad,Other,Other,0,0,40,39,0
60,Male,White,Married-civ-spouse,0,227332,Masters,Local-gov,Exec-managerial,0,0,40,39,1
50,Male,White,Married-civ-spouse,0,198581,Prof-school,Self-emp-not-inc,Prof-specialty,0,0,50,39,1
44,Male,White,Married-civ-spouse,0,190020,Bachelors,Local-gov,Prof-specialty,0,0,50,39,0
19,Male,White,Never-married,3,236940,HS-grad,Private,Farming-fishing,0,0,40,39,0
22,Female,White,Never-married,1,195532,Bachelors,Private,Prof-specialty,8614,0,40,39,1
72,Male,White,Married-civ-spouse,0,177121,Bachelors,Other,Other,0,0,3,39,0
58,Male,White,Married-civ-spouse,0,123436,Bachelors,Private,Exec-managerial,7688,0,50,39,1
34,Female,White,Married-civ-spouse,5,148291,HS-grad,Private,Tech-support,0,0,32,39,0
38,Male,White,Separated,1,125933,Bachelors,Private,Exec-managerial,27828,0,45,39,1
31,Male,White,Married-civ-spouse,0,446358,Some-college,Private,Machine-op-inspct,0,0,40,26,0
27,Male,White,Married-civ-spouse,0,410351,HS-grad,Private,Craft-repair,0,0,40,39,0
22,Male,Asian-Pac-Islander,Never-married,4,171419,Assoc-voc,Private,Exec-managerial,0,0,40,35,0
43,Male,White,Divorced,1,188786,Some-college,Private,Transport-moving,0,0,45,39,0
18,Male,White,Never-married,3,76142,11th,State-gov,Other-service,0,0,8,39,0
18,Male,Black,Never-married,3,152004,11th,Private,Other-service,0,0,20,39,0
38,Male,White,Never-married,1,205852,HS-grad,Federal-gov,Adm-clerical,0,0,45,39,1
59,Female,Asian-Pac-Islander,Married-civ-spouse,5,333270,Masters,Private,Craft-repair,0,0,35,30,0
28,Male,White,Never-married,3,134890,Bachelors,Private,Exec-managerial,0,0,40,39,0
57,Male,White,Married-civ-spouse,0,175017,5th-6th,Private,Other-service,0,0,40,22,0
45,Male,White,Married-civ-spouse,0,36006,Bachelors,Private,Craft-repair,0,0,45,39,1
39,Male,White,Married-civ-spouse,0,179271,Some-college,Private,Craft-repair,0,0,50,39,1
59,Male,White,Married-civ-spouse,0,56392,Some-college,Self-emp-not-inc,Farming-fishing,0,1579,60,39,0
32,Male,White,Married-civ-spouse,0,87310,HS-grad,Local-gov,Other-service,0,0,41,39,0
45,Male,Other,Widowed,4,216626,HS-grad,Private,Machine-op-inspct,0,0,40,4,0
43,Male,White,Married-civ-spouse,0,195258,HS-grad,Private,Craft-repair,0,0,40,39,1
29,Male,White,Married-civ-spouse,0,178272,HS-grad,Private,Protective-serv,0,0,40,39,0
23,Male,White,Never-married,3,319842,Some-college,Private,Handlers-cleaners,0,0,25,39,0
19,Female,White,Never-married,3,250249,Some-college,Private,Adm-clerical,0,0,10,39,0
33,Male,White,Never-married,1,125761,Some-college,Private,Adm-clerical,0,0,36,39,0
66,Male,White,Married-civ-spouse,0,217198,HS-grad,Private,Handlers-cleaners,0,0,10,39,0
70,Male,White,Married-civ-spouse,0,346053,HS-grad,Other,Other,0,0,40,39,0
31,Male,Black,Never-married,3,331126,Bachelors,Local-gov,Protective-serv,0,0,48,39,0
57,Female,White,Widowed,1,44273,HS-grad,Local-gov,Transport-moving,0,0,40,39,0
27,Female,White,Divorced,1,284196,10th,Private,Other-service,0,0,40,39,0
37,Male,White,Married-civ-spouse,0,327120,Some-college,Local-gov,Transport-moving,0,0,30,39,0
17,Female,White,Never-married,3,139183,10th,Private,Sales,0,0,15,39,0
18,Male,Black,Never-married,2,157273,10th,Private,Other-service,0,0,15,39,0
56,Male,White,Married-civ-spouse,0,162130,5th-6th,Self-emp-not-inc,Exec-managerial,0,1887,67,39,1
25,Female,Asian-Pac-Islander,Never-married,4,244408,Bachelors,Local-gov,Tech-support,0,0,40,40,0
49,Male,White,Married-civ-spouse,0,122066,5th-6th,Private,Other-service,0,2603,40,12,0
39,Female,Black,Divorced,4,257175,Bachelors,Federal-gov,Tech-support,0,625,40,39,0
31,Male,White,Married-civ-spouse,0,182177,HS-grad,Self-emp-not-inc,Craft-repair,0,1902,40,39,1
23,Male,White,Married-civ-spouse,2,409230,1st-4th,Self-emp-not-inc,Sales,0,0,40,39,0
31,Male,White,Divorced,1,50276,Bachelors,Private,Prof-specialty,0,0,60,39,0
29,Male,White,Divorced,4,54932,Some-college,Private,Craft-repair,0,0,35,39,1
43,Male,White,Married-civ-spouse,0,172401,HS-grad,Private,Sales,0,0,40,39,1
55,Male,White,Married-civ-spouse,0,156430,Bachelors,Private,Prof-specialty,0,0,40,39,1
21,Female,White,Never-married,3,197050,Some-college,Private,Other-service,0,0,35,39,0
32,Female,Black,Never-married,3,48458,HS-grad,Private,Sales,0,1669,45,39,0
44,Female,White,Separated,4,155701,7th-8th,Private,Other-service,0,0,38,29,0
62,Female,White,Widowed,1,101475,Assoc-acdm,State-gov,Prof-specialty,0,0,40,39,0
55,Male,White,Married-civ-spouse,0,199067,11th,Private,Machine-op-inspct,0,0,32,39,0
35,Male,White,Never-married,4,115214,HS-grad,Private,Machine-op-inspct,6497,0,65,39,0
52,Male,White,Separated,1,273514,HS-grad,Private,Craft-repair,0,0,40,39,0
23,Female,Black,Never-married,3,281668,10th,Other,Other,0,0,40,39,0
29,Female,White,Widowed,4,128516,Assoc-acdm,Self-emp-not-inc,Sales,0,0,40,39,1
37,Male,White,Married-civ-spouse,0,298444,Masters,Self-emp-not-inc,Prof-specialty,0,0,40,39,0
61,Male,White,Married-civ-spouse,0,120939,Prof-school,Private,Transport-moving,0,0,5,39,1
43,Male,Other,Married-civ-spouse,0,34640,HS-grad,Local-gov,Exec-managerial,0,1887,40,39,1
19,Female,White,Separated,3,123416,12th,Private,Prof-specialty,1055,0,40,39,0
48,Male,White,Married-civ-spouse,0,165484,Some-college,Private,Exec-managerial,0,0,65,39,1
46,Female,White,Never-married,1,144531,Bachelors,Local-gov,Prof-specialty,0,0,40,39,1
69,Male,White,Divorced,1,473040,5th-6th,Other,Other,0,0,40,39,0
32,Male,White,Married-civ-spouse,0,36467,Assoc-acdm,Private,Adm-clerical,0,0,45,39,1
61,Male,White,Married-civ-spouse,0,347089,HS-grad,Other,Other,0,0,16,39,0
54,Male,White,Married-civ-spouse,0,108435,Bachelors,Self-emp-inc,Sales,0,0,50,39,1
31,Male,White,Never-married,1,111567,Bachelors,Private,Sales,0,0,40,39,1
36,Female,White,Widowed,2,209993,1st-4th,Private,Other-service,0,0,20,26,0
23,Female,White,Never-married,1,45834,Bachelors,Private,Exec-managerial,0,0,50,39,0
56,Female,White,Divorced,4,385632,7th-8th,Self-emp-not-inc,Other-service,0,0,40,39,0
19,Male,White,Never-married,1,82210,HS-grad,Private,Sales,0,0,50,39,0
45,Male,White,Divorced,1,179638,Masters,Federal-gov,Exec-managerial,0,0,40,39,1
68,Female,White,Divorced,1,192829,Assoc-acdm,Private,Exec-managerial,0,0,43,39,0
53,Male,White,Married-civ-spouse,0,158294,Masters,Private,Prof-specialty,7298,0,40,39,1
38,Male,Black,Married-civ-spouse,0,164050,Some-college,Private,Protective-serv,0,0,40,39,1
31,Male,White,Married-civ-spouse,0,340880,Bachelors,Self-emp-not-inc,Sales,0,0,48,39,0
30,Male,White,Married-civ-spouse,0,221043,HS-grad,Private,Craft-repair,0,0,35,39,0
42,Male,White,Married-civ-spouse,0,213214,Assoc-acdm,Private,Sales,0,0,40,39,0
35,Male,White,Never-married,1,149347,HS-grad,Private,Craft-repair,0,0,70,39,0
35,Male,White,Never-married,2,336793,Bachelors,Private,Adm-clerical,0,0,40,39,0
55,Female,White,Married-civ-spouse,5,84774,HS-grad,Private,Priv-house-serv,0,0,30,39,0
55,Male,White,Married-civ-spouse,0,254949,HS-grad,Local-gov,Handlers-cleaners,0,0,40,39,0
37,Male,White,Married-civ-spouse,0,135436,Bachelors,Private,Exec-managerial,0,1977,60,39,1
28,Male,White,Never-married,1,221452,HS-grad,Private,Adm-clerical,0,0,40,39,0
38,Male,White,Married-civ-spouse,0,108140,Masters,Private,Prof-specialty,0,0,50,39,1
53,Female,White,Married-civ-spouse,5,248834,Bachelors,Local-gov,Prof-specialty,0,0,50,39,1
34,Female,White,Married-civ-spouse,5,93886,Bachelors,Local-gov,Prof-specialty,0,0,46,39,1
22,Male,White,Never-married,3,269474,HS-grad,Self-emp-not-inc,Farming-fishing,0,0,40,39,0
50,Male,White,Married-civ-spouse,0,162327,Bachelors,Private,Adm-clerical,0,1902,50,0,1
48,Male,Black,Married-civ-spouse,0,498328,10th,Private,Transport-moving,0,0,40,39,0
28,Male,White,Married-civ-spouse,0,144063,HS-grad,Private,Exec-managerial,0,0,40,39,0
17,Female,White,Never-married,3,304873,10th,Other,Other,34095,0,32,39,0
25,Female,White,Never-married,4,231638,Some-college,Private,Tech-support,0,0,24,39,0
25,Female,White,Never-married,1,90752,Bachelors,Self-emp-inc,Sales,0,0,50,39,0
34,Male,White,Never-married,3,112650,7th-8th,Self-emp-not-inc,Craft-repair,0,0,40,39,0
37,Female,White,Divorced,4,359131,HS-grad,Private,Craft-repair,0,0,48,39,0
26,Male,White,Married-civ-spouse,0,339952,Some-college,Private,Exec-managerial,0,0,60,39,0
42,Male,White,Married-civ-spouse,0,136986,HS-grad,Private,Exec-managerial,0,0,35,39,1
41,Male,Black,Divorced,3,200671,Bachelors,Private,Transport-moving,6497,0,40,39,0
39,Male,White,Married-civ-spouse,0,53569,Assoc-voc,Private,Craft-repair,0,0,40,39,0
17,Male,White,Never-married,3,191910,11th,Local-gov,Sales,0,0,20,39,0
22,Female,White,Never-married,3,256504,Bachelors,Private,Adm-clerical,0,0,40,39,0
25,Male,White,Married-civ-spouse,0,166971,HS-grad,Private,Sales,0,0,52,39,0
42,Male,White,Separated,1,445382,Bachelors,Local-gov,Exec-managerial,0,0,45,39,1
44,Male,Black,Never-married,3,34935,Some-college,Local-gov,Other-service,0,0,40,39,0
52,Male,White,Married-civ-spouse,0,123011,Some-college,Private,Exec-managerial,0,0,45,39,1
39,Female,White,Never-married,3,290922,Masters,Private,Prof-specialty,0,0,40,39,0
42,Male,White,Married-civ-spouse,0,261929,Bachelors,Private,Exec-managerial,7688,0,40,39,1
46,Male,White,Married-civ-spouse,0,129007,Bachelors,Private,Sales,0,1977,40,39,1
26,Male,White,Married-civ-spouse,0,201930,HS-grad,Self-emp-not-inc,Craft-repair,0,0,50,39,0
38,Male,White,Married-civ-spouse,0,107630,Bachelors,Private,Exec-managerial,0,0,40,39,0
42,Female,White,Married-civ-spouse,5,160893,Some-college,Private,Other-service,0,0,23,39,0
52,Male,White,Married-civ-spouse,0,174767,Some-college,Private,Exec-managerial,0,0,45,39,1
22,Male,White,Married-civ-spouse,0,50136,5th-6th,Private,Other-service,0,0,40,8,0
65,Male,White,Never-married,1,171584,Bachelors,Private,Exec-managerial,0,0,40,39,0
41,Male,White,Married-civ-spouse,0,177905,Masters,Private,Prof-specialty,0,0,45,39,1
40,Male,White,Married-civ-spouse,0,30682,HS-grad,Private,Machine-op-inspct,0,0,45,39,1
20,Female,Black,Never-married,2,216436,Bachelors,Private,Sales,0,0,30,39,0
65,Female,White,Widowed,1,261334,9th,Private,Sales,0,0,40,39,0
54,Male,White,Married-civ-spouse,0,105010,Bachelors,Self-emp-not-inc,Exec-managerial,0,0,40,39,1
22,Female,White,Never-married,4,206815,HS-grad,Private,Sales,0,0,40,29,0
30,Male,White,Never-married,1,340917,HS-grad,Private,Craft-repair,0,0,40,39,0
33,Male,White,Married-civ-spouse,0,194141,HS-grad,Private,Machine-op-inspct,0,0,40,39,0
19,Male,White,Never-married,3,148392,HS-grad,Private,Adm-clerical,0,0,30,39,0
36,Male,White,Never-married,1,129591,HS-grad,Private,Other-service,0,0,40,39,0
53,Female,White,Never-married,1,196763,Assoc-acdm,Private,Exec-managerial,0,0,60,39,0
58,Male,White,Married-civ-spouse,0,214502,9th,Private,Handlers-cleaners,0,0,50,39,1
19,Male,White,Never-married,3,43887,HS-grad,Without-pay,Farming-fishing,0,0,10,39,0
46,Male,White,Married-civ-spouse,0,423222,Some-college,Private,Craft-repair,3103,0,60,39,1
21,Female,White,Never-married,3,121407,Assoc-voc,Private,Other-service,0,0,36,39,0
59,Female,White,Married-civ-spouse,5,175689,Some-college,Private,Adm-clerical,0,0,14,5,1
24,Female,White,Never-married,1,103064,Bachelors,Private,Tech-support,3674,0,40,39,0
32,Male,Black,Divorced,4,259719,Some-college,Private,Handlers-cleaners,0,0,40,27,0
30,Male,Asian-Pac-Islander,Never-married,2,139012,Assoc-voc,Private,Adm-clerical,2463,0,40,40,0
43,Female,Black,Divorced,4,328570,Some-college,Private,Machine-op-inspct,0,0,38,39,0
59,Female,White,Widowed,4,243612,HS-grad,Federal-gov,Machine-op-inspct,0,0,40,39,0
49,Male,White,Married-civ-spouse,0,268234,10th,Private,Exec-managerial,0,0,40,39,0
69,Female,White,Widowed,1,106595,HS-grad,Private,Adm-clerical,1848,0,40,39,0
19,Female,White,Never-married,3,206599,Some-college,Self-emp-not-inc,Other-service,0,0,22,39,0
27,Female,White,Never-married,3,193701,HS-grad,Private,Craft-repair,0,0,45,39,0
53,Male,White,Divorced,1,290290,Some-college,Federal-gov,Adm-clerical,0,0,45,39,0
46,Female,White,Divorced,1,171550,HS-grad,Private,Machine-op-inspct,0,0,38,39,0
25,Female,White,Divorced,4,93223,Some-college,Private,Prof-specialty,0,0,35,39,0
22,Male,White,Never-married,3,197387,HS-grad,Self-emp-not-inc,Farming-fishing,0,0,40,39,0
60,Male,White,Married-civ-spouse,0,88675,HS-grad,Other,Other,0,0,40,39,0
39,Female,White,Divorced,4,34028,Bachelors,Private,Exec-managerial,0,0,48,39,0
43,Female,Black,Never-married,1,129573,HS-grad,Private,Sales,0,0,44,39,0
55,Male,White,Married-civ-spouse,0,208311,Masters,Private,Tech-support,0,1977,20,39,1
63,Male,White,Married-civ-spouse,0,110150,HS-grad,Other,Other,0,0,55,39,1
29,Male,White,Married-civ-spouse,0,280618,Some-college,Private,Handlers-cleaners,0,0,40,39,0
20,Female,White,Never-married,3,111697,Some-college,Private,Adm-clerical,0,1719,28,39,0
42,Male,White,Married-civ-spouse,0,209752,Prof-school,Local-gov,Exec-managerial,0,0,55,39,1
42,Female,White,Never-married,4,557644,HS-grad,Federal-gov,Adm-clerical,0,0,40,39,0
59,Female,White,Widowed,1,147989,HS-grad,Other,Other,0,0,35,39,0
40,Male,White,Married-civ-spouse,0,51151,Assoc-voc,Private,Craft-repair,0,0,40,39,0
42,Female,Black,Married-civ-spouse,5,98427,HS-grad,Private,Other-service,0,0,35,39,0
48,Female,White,Married-civ-spouse,5,199763,HS-grad,Private,Prof-specialty,0,0,8,39,0
35,Male,White,Married-civ-spouse,0,194591,Some-college,Private,Tech-support,0,0,40,39,0
50,Female,Asian-Pac-Islander,Never-married,1,99894,5th-6th,Self-emp-not-inc,Tech-support,0,0,15,39,0
17,Female,White,Never-married,2,160029,11th,Private,Other-service,0,0,22,39,0
20,Male,White,Never-married,1,158206,Assoc-acdm,State-gov,Prof-specialty,0,0,30,39,0
47,Male,Black,Married-civ-spouse,0,68493,HS-grad,Federal-gov,Adm-clerical,0,0,40,39,1
33,Male,Black,Divorced,4,520078,Assoc-acdm,Self-emp-not-inc,Sales,0,0,60,39,0
56,Female,White,Widowed,4,201344,Some-college,Private,Craft-repair,0,0,38,39,0
51,Female,White,Widowed,2,85902,10th,Self-emp-not-inc,Transport-moving,0,0,40,39,0
30,Female,White,Never-married,1,75573,Bachelors,Private,Exec-managerial,0,0,45,11,0
37,Female,White,Separated,4,34996,HS-grad,State-gov,Other-service,0,0,40,39,0
61,Female,White,Divorced,4,101265,Some-college,Private,Adm-clerical,0,0,43,39,0
44,Female,White,Married-civ-spouse,5,59460,HS-grad,State-gov,Other-service,0,0,15,39,0
45,Male,Asian-Pac-Islander,Married-civ-spouse,0,285575,HS-grad,Self-emp-not-inc,Exec-managerial,0,0,40,3,0
47,Male,White,Married-civ-spouse,0,102628,Some-college,Local-gov,Other-service,0,0,40,39,1
55,Female,White,Married-civ-spouse,5,205296,Some-college,Self-emp-not-inc,Sales,0,0,50,39,0
51,Male,Amer-Indian-Eskimo,Married-civ-spouse,0,56915,HS-grad,Private,Craft-repair,0,0,40,39,0
55,Male,White,Married-civ-spouse,0,147098,HS-grad,Private,Craft-repair,0,0,50,39,1
57,Female,White,Married-civ-spouse,5,42959,Bachelors,Self-emp-inc,Sales,0,0,40,39,1
24,Male,White,Married-civ-spouse,0,250647,Assoc-voc,Private,Craft-repair,0,0,40,13,0
31,Female,White,Never-married,1,188900,Assoc-acdm,State-gov,Adm-clerical,3325,0,35,39,0
29,Male,White,Married-civ-spouse,0,169683,Assoc-voc,Private,Prof-specialty,0,0,40,39,0
35,Male,White,Married-civ-spouse,0,108140,Bachelors,Private,Exec-managerial,0,0,40,39,1
18,Female,White,Never-married,3,201613,12th,Private,Sales,0,0,20,39,0
50,Male,White,Married-civ-spouse,0,100480,Masters,Local-gov,Exec-managerial,0,0,60,39,1
17,Male,White,Never-married,2,160758,10th,Private,Sales,0,0,30,39,0
33,Male,White,Never-married,3,94235,Prof-school,Private,Prof-specialty,0,0,42,39,1
36,Male,White,Divorced,4,174938,Bachelors,Private,Tech-support,0,0,20,39,0
22,Male,White,Never-married,1,48988,Some-college,Private,Transport-moving,0,0,40,39,0
37,Female,Black,Never-married,1,146398,Bachelors,Private,Prof-specialty,0,0,40,39,0
38,Female,White,Divorced,1,34364,Masters,State-gov,Adm-clerical,0,0,40,39,0
51,Male,White,Married-civ-spouse,0,145166,HS-grad,Private,Adm-clerical,0,0,50,39,0
50,Male,Asian-Pac-Islander,Married-civ-spouse,0,120781,Bachelors,Self-emp-inc,Sales,0,0,60,35,1
34,Male,White,Married-civ-spouse,0,141058,Some-college,Private,Other-service,0,0,62,26,0
58,Male,White,Divorced,1,140363,HS-grad,Private,Sales,0,0,36,39,0
22,Male,White,Never-married,1,215546,Assoc-acdm,Private,Exec-managerial,0,0,55,39,0
17,Male,Black,Never-married,3,108470,11th,Private,Other-service,0,0,17,39,0
28,Male,White,Never-married,1,150025,9th,Private,Craft-repair,0,0,50,0,1
45,Female,White,Divorced,4,183168,Bachelors,Private,Exec-managerial,0,0,40,39,0
36,Male,White,Married-civ-spouse,0,269722,Masters,Private,Other-service,0,0,40,39,0
50,Female,White,Married-civ-spouse,5,363405,Bachelors,Self-emp-not-inc,Tech-support,0,0,50,39,1
28,Male,White,Married-civ-spouse,0,197905,HS-grad,Private,Craft-repair,0,0,50,39,0
35,Male,White,Married-civ-spouse,0,86648,Prof-school,Private,Prof-specialty,7688,0,50,39,1
21,Male,White,Never-married,3,188535,Some-college,Other,Other,0,0,40,39,0
46,Male,White,Married-civ-spouse,0,203039,Bachelors,Private,Sales,0,0,48,39,0
21,Female,White,Never-married,1,82497,Some-college,Private,Other-service,0,0,30,39,0
41,Male,White,Separated,1,153132,Assoc-acdm,Local-gov,Craft-repair,0,0,50,39,0
44,Male,Asian-Pac-Islander,Married-civ-spouse,0,75065,12th,Self-emp-not-inc,Exec-managerial,0,0,60,40,0
54,Female,Black,Divorced,1,200098,Bachelors,Private,Sales,0,0,60,39,0
33,Male,Black,Married-civ-spouse,0,79580,Bachelors,State-gov,Adm-clerical,0,0,40,39,0
33,Male,Black,Married-civ-spouse,0,141841,Bachelors,Private,Exec-managerial,5178,0,40,39,1
27,Male,White,Married-civ-spouse,0,191129,Some-college,Private,Machine-op-inspct,0,0,40,39,0
33,Male,White,Married-civ-spouse,0,184901,HS-grad,Private,Machine-op-inspct,0,0,40,39,1
44,Male,White,Married-civ-spouse,0,184378,Assoc-voc,Private,Exec-managerial,0,0,40,39,0
50,Male,White,Married-civ-spouse,0,116211,Prof-school,State-gov,Exec-managerial,0,0,52,39,1
43,Male,Black,Married-civ-spouse,0,269015,HS-grad,Private,Machine-op-inspct,0,0,40,11,1
36,Female,Black,Separated,4,218948,9th,Private,Other-service,0,0,40,0,0
37,Male,White,Married-civ-spouse,0,66686,HS-grad,Private,Transport-moving,0,0,40,39,1
38,Male,White,Married-civ-spouse,0,120074,Bachelors,Private,Machine-op-inspct,0,0,50,39,1
25,Male,Black,Married-spouse-absent,4,224943,Some-college,Private,Prof-specialty,0,0,40,39,0
24,Male,White,Never-married,3,181820,Some-college,Private,Adm-clerical,0,0,40,39,0
44,Female,Black,Divorced,4,419134,HS-grad,Private,Adm-clerical,0,0,40,39,0
46,Female,White,Married-civ-spouse,5,264210,Some-college,Private,Farming-fishing,0,0,20,39,0
23,Female,White,Never-married,1,214238,7th-8th,Other,Other,0,0,40,26,0
46,Male,White,Married-civ-spouse,0,235646,HS-grad,Private,Craft-repair,0,0,40,39,1
59,Male,Black,Married-civ-spouse,0,245196,10th,Private,Transport-moving,0,0,40,39,1
31,Female,White,Widowed,4,163516,Some-college,Private,Adm-clerical,0,0,40,39,0
47,Male,White,Divorced,1,192053,HS-grad,Private,Transport-moving,0,1590,40,39,0
37,Male,Black,Never-married,1,404661,Some-college,Private,Exec-managerial,0,0,40,39,0
20,Female,White,Never-married,3,86318,Some-college,Other,Other,0,0,10,39,0
28,Female,White,Never-married,3,171133,Assoc-voc,Private,Adm-clerical,0,0,40,39,0
46,Male,White,Divorced,1,205504,HS-grad,Private,Machine-op-inspct,0,0,20,39,0
23,Male,White,Married-civ-spouse,0,268525,HS-grad,Private,Machine-op-inspct,0,0,48,39,0
37,Male,White,Married-civ-spouse,0,75050,Assoc-voc,Self-emp-not-inc,Craft-repair,0,0,55,39,0
46,Female,White,Divorced,1,295791,HS-grad,Private,Tech-support,0,0,30,39,0
33,Male,White,Divorced,1,129529,HS-grad,Private,Machine-op-inspct,0,0,40,39,0
48,Female,White,Divorced,1,268083,Some-college,Private,Exec-managerial,0,0,40,39,0
28,Male,White,Never-married,1,33798,12th,Private,Transport-moving,0,0,50,39,0
27,Female,White,Never-married,1,122922,Bachelors,Private,Sales,0,0,40,39,0
52,Male,White,Married-civ-spouse,0,298215,Bachelors,Private,Craft-repair,0,0,50,39,1
40,Female,White,Never-married,1,238329,Bachelors,Private,Sales,0,0,45,39,0
21,Female,White,Married-civ-spouse,2,211013,Assoc-voc,Private,Other-service,0,0,50,26,0
56,Male,White,Married-civ-spouse,0,133025,HS-grad,Private,Transport-moving,0,0,50,39,0
53,Male,White,Divorced,1,30447,HS-grad,Private,Machine-op-inspct,0,0,50,39,0
25,Female,White,Never-married,1,117589,Assoc-acdm,Private,Adm-clerical,0,0,40,39,0
61,Male,White,Married-civ-spouse,0,103575,HS-grad,Private,Craft-repair,0,0,37,39,0
24,Male,White,Never-married,3,306779,Assoc-voc,Private,Exec-managerial,0,0,35,39,0
31,Male,White,Married-civ-spouse,0,202729,HS-grad,Private,Transport-moving,0,0,50,39,0
37,Male,White,Married-civ-spouse,0,174308,HS-grad,Self-emp-not-inc,Craft-repair,0,0,40,39,0
39,Female,Black,Never-married,4,158956,Some-college,Private,Other-service,0,0,40,39,0
43,Male,White,Married-spouse-absent,1,208613,Prof-school,Private,Prof-specialty,99999,0,40,39,1
49,Female,White,Never-married,3,34021,Bachelors,Local-gov,Prof-specialty,0,0,50,39,0
44,Male,White,Married-civ-spouse,0,146659,Masters,Private,Prof-specialty,0,1887,35,39,1
23,Male,Asian-Pac-Islander,Married-civ-spouse,0,143003,Masters,Private,Prof-specialty,0,1887,50,19,1
34,Male,White,Married-civ-spouse,0,244147,Bachelors,Private,Prof-specialty,0,0,40,0,1
27,Female,White,Never-married,1,171655,HS-grad,Private,Adm-clerical,0,0,42,39,0
18,Female,White,Never-married,3,329054,11th,Private,Adm-clerical,0,0,15,39,0
35,Male,White,Married-civ-spouse,0,35945,Bachelors,Private,Exec-managerial,0,0,40,39,1
25,Male,White,Married-spouse-absent,1,41107,Bachelors,Other,Other,0,0,40,2,0
42,Male,White,Married-civ-spouse,0,125846,1st-4th,Self-emp-inc,Sales,0,0,60,0,0
44,Male,White,Never-married,1,109273,Some-college,Private,Craft-repair,0,0,38,39,0
48,Male,White,Married-civ-spouse,0,407495,Assoc-acdm,Local-gov,Protective-serv,0,0,56,39,1
26,Female,White,Divorced,3,300290,11th,Private,Adm-clerical,0,0,40,39,0
54,Male,White,Married-civ-spouse,0,227832,Some-college,Private,Adm-clerical,0,0,40,39,0
54,Male,Asian-Pac-Islander,Married-civ-spouse,0,337992,Bachelors,Private,Exec-managerial,0,0,50,24,1
22,Male,White,Never-married,3,204935,HS-grad,Private,Machine-op-inspct,0,0,40,39,0
27,Female,White,Never-married,3,109881,Bachelors,Private,Other-service,0,0,20,39,0
54,Male,White,Married-civ-spouse,0,123011,HS-grad,Private,Machine-op-inspct,0,0,40,31,1
67,Female,White,Married-civ-spouse,5,171564,HS-grad,Self-emp-inc,Prof-specialty,20051,0,30,9,1
21,Male,Black,Never-married,3,219137,10th,Private,Other-service,0,0,25,39,0
41,Male,Other,Married-civ-spouse,0,139916,Assoc-voc,Self-emp-inc,Sales,0,2179,84,26,0
34,Female,White,Never-married,1,321709,HS-grad,Private,Other-service,0,0,28,39,0
41,Male,White,Married-civ-spouse,0,445382,Masters,Private,Exec-managerial,0,1977,65,39,1
37,Male,White,Married-civ-spouse,0,211494,HS-grad,Private,Tech-support,0,0,40,39,1
75,Male,White,Married-spouse-absent,1,218521,Some-college,Self-emp-not-inc,Craft-repair,0,0,30,39,0
20,Male,White,Never-married,3,201680,Some-college,Other,Other,0,0,35,39,0
48,Male,White,Married-civ-spouse,0,248059,Bachelors,Private,Exec-managerial,5013,0,45,39,0
47,Female,White,Divorced,4,97176,HS-grad,Private,Adm-clerical,0,0,40,39,0
36,Male,White,Married-civ-spouse,0,171968,HS-grad,Private,Craft-repair,0,0,40,39,0
36,Female,White,Married-civ-spouse,5,218542,Assoc-acdm,Federal-gov,Adm-clerical,0,0,40,39,1
27,Female,White,Divorced,4,177119,Some-college,Private,Adm-clerical,0,0,44,39,0
57,Male,Black,Married-civ-spouse,0,548256,12th,Private,Transport-moving,7688,0,40,39,1
51,Male,White,Married-civ-spouse,0,191659,Some-college,Private,Exec-managerial,0,1887,65,39,1
22,Male,White,Married-civ-spouse,0,39432,HS-grad,Private,Craft-repair,0,0,40,39,0
19,Male,Asian-Pac-Islander,Never-married,2,271521,HS-grad,Private,Other-service,0,0,24,39,0
20,Male,White,Never-married,1,411862,Assoc-voc,Private,Other-service,0,0,30,39,0
38,Male,White,Married-civ-spouse,0,129573,HS-grad,Private,Craft-repair,0,0,41,39,0
30,Female,White,Married-civ-spouse,5,161572,HS-grad,Private,Other-service,0,0,45,39,0
30,Male,White,Never-married,1,340899,Prof-school,Private,Prof-specialty,0,1590,80,39,0
43,Female,White,Separated,1,281138,HS-grad,Private,Machine-op-inspct,0,0,40,39,0
29,Male,White,Never-married,3,255476,7th-8th,Private,Handlers-cleaners,0,0,30,26,0
48,Male,White,Married-civ-spouse,0,34186,HS-grad,Private,Farming-fishing,0,0,70,39,0
49,Female,White,Widowed,1,23074,Some-college,Private,Exec-managerial,0,0,40,39,1
37,Male,White,Married-civ-spouse,0,183800,Bachelors,Private,Exec-managerial,0,0,40,39,1
48,Male,White,Married-civ-spouse,0,38819,HS-grad,Self-emp-inc,Craft-repair,0,0,36,39,0
51,Male,White,Married-civ-spouse,0,154342,7th-8th,Private,Protective-serv,0,0,40,39,0
38,Male,White,Divorced,1,234298,Bachelors,Private,Exec-managerial,6849,0,60,39,0
58,Female,Asian-Pac-Islander,Married-civ-spouse,2,119751,HS-grad,Private,Priv-house-serv,0,0,60,30,0
28,Male,White,Never-married,1,190391,Bachelors,Self-emp-not-inc,Sales,0,0,50,39,0
17,Female,Other,Never-married,3,181337,10th,Other,Other,0,0,20,39,0
19,Male,White,Never-married,3,383637,HS-grad,Private,Other-service,0,0,20,39,0
35,Male,White,Never-married,1,188888,Bachelors,Private,Sales,0,0,40,39,1
50,Male,White,Married-civ-spouse,0,43764,Doctorate,Private,Prof-specialty,15024,0,50,39,1
41,Male,Black,Married-civ-spouse,0,317539,Some-college,Private,Craft-repair,0,0,40,39,0
20,Female,White,Never-married,3,216563,Some-college,Private,Other-service,0,0,20,39,0
57,Female,White,Divorced,1,343447,HS-grad,Local-gov,Protective-serv,0,0,40,39,0
25,Male,White,Never-married,1,184698,10th,Private,Machine-op-inspct,0,0,40,6,0
40,Male,White,Married-civ-spouse,0,99651,Some-college,Self-emp-not-inc,Prof-specialty,0,0,60,39,0
38,Male,White,Divorced,1,51100,Bachelors,Private,Exec-managerial,3325,0,40,39,0
41,Female,White,Divorced,4,97277,Assoc-voc,Self-emp-not-inc,Other-service,0,0,10,39,0
37,Female,White,Divorced,1,44780,Assoc-acdm,Private,Exec-managerial,0,0,40,39,0
44,Male,White,Married-civ-spouse,0,215304,Bachelors,Private,Prof-specialty,0,0,45,39,1
50,Male,White,Married-civ-spouse,0,158294,Assoc-voc,Private,Tech-support,3103,0,40,39,1
48,Male,White,Married-civ-spouse,0,273402,7th-8th,Local-gov,Transport-moving,0,1902,40,39,0
74,Female,White,Widowed,1,236012,7th-8th,State-gov,Handlers-cleaners,0,0,20,39,0
38,Male,White,Married-civ-spouse,0,173208,Masters,Private,Prof-specialty,0,0,25,39,0
38,Male,White,Married-civ-spouse,0,73471,Some-college,Private,Sales,0,0,50,39,0
26,Male,White,Never-married,1,211596,Masters,Federal-gov,Prof-specialty,0,0,40,39,0
56,Female,White,Divorced,1,117148,7th-8th,Private,Machine-op-inspct,0,0,40,39,0
31,Male,White,Married-civ-spouse,0,137681,Some-college,Private,Other-service,0,0,40,39,0
21,Female,Asian-Pac-Islander,Never-married,1,153718,Some-college,Private,Other-service,0,0,25,39,0
64,Male,White,Married-civ-spouse,0,105748,HS-grad,State-gov,Farming-fishing,0,0,40,39,0
48,Male,White,Married-civ-spouse,0,179337,HS-grad,Self-emp-not-inc,Craft-repair,0,0,60,9,0
48,Male,White,Married-civ-spouse,0,192791,HS-grad,Private,Machine-op-inspct,0,0,40,39,0
25,Male,White,Never-married,2,208117,Bachelors,Private,Prof-specialty,0,0,40,39,0
43,Female,White,Never-married,1,323627,Some-college,Local-gov,Exec-managerial,0,0,12,39,0
23,Male,Asian-Pac-Islander,Never-married,2,154210,Some-college,Private,Adm-clerical,0,0,14,33,0
38,Male,White,Married-civ-spouse,0,359001,Assoc-voc,Private,Prof-specialty,0,0,42,39,0
37,Female,Black,Divorced,4,256723,Some-college,Private,Adm-clerical,0,0,35,39,0
57,Female,White,Separated,1,230899,5th-6th,Private,Machine-op-inspct,0,0,40,39,0
42,Female,Black,Separated,4,197522,Some-college,Private,Machine-op-inspct,0,0,40,39,0
28,Male,White,Never-married,1,217200,HS-grad,Private,Machine-op-inspct,0,0,50,39,0
20,Male,White,Never-married,3,117767,Some-college,Private,Adm-clerical,0,0,25,39,0
42,Female,White,Married-civ-spouse,5,93770,HS-grad,Private,Machine-op-inspct,0,0,40,39,1
30,Male,White,Married-civ-spouse,0,169496,Masters,Private,Other-service,0,0,15,39,1
33,Female,White,Never-married,3,134886,Some-college,Private,Adm-clerical,99999,0,30,39,1
45,Male,White,Married-civ-spouse,0,140644,HS-grad,Private,Sales,0,0,50,39,1
34,Female,White,Widowed,1,207383,Masters,Local-gov,Prof-specialty,0,0,40,39,0
69,Male,White,Married-civ-spouse,0,361561,Prof-school,Private,Prof-specialty,0,0,3,39,0
22,Male,White,Never-married,2,308205,5th-6th,Private,Farming-fishing,0,0,40,26,0
42,Male,White,Married-civ-spouse,0,185413,Bachelors,Private,Exec-managerial,0,0,40,39,0
52,Female,White,Separated,1,189728,HS-grad,State-gov,Other-service,0,0,35,39,0
33,Male,Other,Married-spouse-absent,4,348618,5th-6th,Private,Transport-moving,0,0,20,8,0
49,Female,White,Never-married,1,173584,Bachelors,Local-gov,Prof-specialty,0,0,50,39,0
23,Female,White,Never-married,3,117789,Bachelors,Private,Exec-managerial,0,0,40,39,0
49,Male,White,Married-civ-spouse,0,44671,Assoc-acdm,Self-emp-inc,Craft-repair,0,0,40,39,1
20,Male,Amer-Indian-Eskimo,Never-married,3,34862,Some-college,Other,Other,0,0,72,39,0
45,Male,White,Never-married,3,175958,9th,Local-gov,Other-service,0,0,40,39,0
53,Male,White,Never-married,1,166368,Some-college,Private,Craft-repair,0,0,40,39,0
35,Male,White,Never-married,1,205584,5th-6th,Federal-gov,Craft-repair,0,0,40,26,0
29,Male,White,Married-civ-spouse,0,58522,HS-grad,Private,Craft-repair,0,0,40,39,0
36,Male,White,Married-civ-spouse,0,34378,Assoc-voc,Self-emp-not-inc,Farming-fishing,3908,0,75,39,0
23,Male,White,Never-married,3,172232,HS-grad,Private,Tech-support,0,0,50,39,0
50,Male,White,Married-civ-spouse,0,190333,Prof-school,Self-emp-inc,Prof-specialty,99999,0,55,39,1
51,Male,White,Married-civ-spouse,0,103257,Prof-school,Self-emp-not-inc,Prof-specialty,0,0,40,39,0
23,Female,White,Never-married,3,82497,Some-college,Private,Sales,0,0,28,39,0
40,Male,White,Married-civ-spouse,0,187376,Some-college,Private,Sales,0,0,60,39,1
74,Male,White,Married-civ-spouse,0,97167,HS-grad,Private,Other-service,0,0,15,39,0
28,Male,White,Never-married,1,142712,Bachelors,Private,Exec-managerial,0,0,50,39,1
24,Female,White,Never-married,1,88095,Some-college,Private,Machine-op-inspct,0,0,24,26,0
22,Male,White,Never-married,3,117779,Bachelors,Private,Prof-specialty,0,0,40,39,0
43,Female,White,Married-civ-spouse,5,35662,Doctorate,Self-emp-inc,Prof-specialty,0,0,70,39,1
56,Male,White,Married-civ-spouse,0,170217,HS-grad,Self-emp-not-inc,Farming-fishing,0,0,45,39,0
46,Male,White,Married-civ-spouse,0,175925,Some-college,Private,Farming-fishing,0,0,40,39,0
23,Female,White,Never-married,1,157331,Bachelors,Local-gov,Prof-specialty,0,0,40,39,0
33,Male,White,Married-civ-spouse,0,379798,HS-grad,Private,Craft-repair,0,0,40,39,0
59,Male,White,Married-civ-spouse,0,253062,Prof-school,Self-emp-inc,Prof-specialty,0,0,55,39,1
43,Male,White,Married-spouse-absent,1,235556,Some-college,Private,Sales,0,0,45,26,0
51,Male,White,Married-civ-spouse,0,102828,Assoc-voc,Private,Handlers-cleaners,0,0,40,12,0
33,Female,Asian-Pac-Islander,Divorced,1,192286,Some-college,Private,Adm-clerical,0,0,52,39,0
44,Female,White,Never-married,1,367749,Bachelors,Private,Prof-specialty,0,0,45,26,0
74,Female,White,Widowed,1,272667,Assoc-acdm,Other,Other,0,0,20,39,0
26,Female,White,Never-married,1,135845,Some-college,Private,Sales,0,0,37,39,0
56,Male,White,Married-civ-spouse,0,177271,Assoc-voc,Private,Tech-support,0,0,40,39,1
37,Male,White,Separated,4,223732,Some-college,Other,Other,0,0,40,39,0
45,Male,White,Divorced,1,543922,Masters,Private,Transport-moving,14344,0,48,39,1
57,Male,White,Married-civ-spouse,0,437281,Some-college,Self-emp-not-inc,Tech-support,0,0,38,39,1
56,Male,White,Married-civ-spouse,0,103948,11th,Private,Transport-moving,0,0,40,39,0
28,Male,White,Never-married,1,292536,Some-college,Private,Transport-moving,0,0,50,39,0
23,Male,Asian-Pac-Islander,Never-married,3,83891,HS-grad,Private,Sales,0,0,40,39,0
39,Male,White,Married-civ-spouse,0,177277,HS-grad,Private,Machine-op-inspct,0,0,45,39,1
28,Female,White,Never-married,2,222005,HS-grad,Other,Other,0,0,40,26,0
44,Male,White,Married-civ-spouse,0,191256,HS-grad,Private,Machine-op-inspct,0,0,40,39,0
45,Male,White,Married-civ-spouse,0,114459,HS-grad,Private,Craft-repair,0,0,50,39,1
31,Male,White,Married-civ-spouse,0,187560,HS-grad,Private,Prof-specialty,15024,0,40,39,1
26,Male,White,Never-married,1,59306,Bachelors,Private,Sales,0,0,40,39,0
21,Male,White,Never-married,3,409230,Some-college,Self-emp-not-inc,Adm-clerical,0,0,30,39,0
25,Male,White,Married-civ-spouse,0,162687,12th,Private,Craft-repair,0,0,40,39,1
23,Male,White,Never-married,1,194247,Some-college,Private,Sales,0,0,40,39,0
39,Male,White,Never-married,2,231491,HS-grad,Private,Handlers-cleaners,0,0,40,39,0
25,Female,White,Never-married,3,212800,Some-college,Private,Sales,0,0,40,39,0
37,Male,White,Married-civ-spouse,0,188069,HS-grad,Private,Machine-op-inspct,0,0,40,39,0
48,Female,White,Never-married,1,345006,Bachelors,Private,Prof-specialty,0,0,45,26,0
44,Female,Asian-Pac-Islander,Never-married,1,90688,HS-grad,Private,Machine-op-inspct,0,0,45,25,0
30,Male,White,Married-civ-spouse,0,59496,Some-college,Private,Transport-moving,0,0,40,39,0
50,Male,White,Married-civ-spouse,0,105010,HS-grad,Self-emp-not-inc,Farming-fishing,0,2051,20,39,0
50,Male,Black,Married-civ-spouse,0,126566,HS-grad,Private,Handlers-cleaners,0,0,40,39,0
30,Female,White,Divorced,3,19847,Some-college,Private,Tech-support,0,0,40,39,0
19,Female,White,Married-spouse-absent,3,240468,Some-college,Private,Sales,0,1602,40,39,0
20,Female,White,Never-married,3,125010,HS-grad,Private,Other-service,0,0,30,39,0
26,Male,White,Married-civ-spouse,0,206983,Prof-school,Federal-gov,Prof-specialty,0,0,60,4,0
23,Female,White,Never-married,3,91733,Bachelors,Private,Tech-support,3325,0,40,39,0
34,Male,White,Divorced,3,226443,HS-grad,Private,Adm-clerical,0,0,40,39,0
20,Female,White,Never-married,3,275357,Assoc-voc,Private,Tech-support,0,0,25,39,0
52,Female,White,Married-civ-spouse,5,100226,Bachelors,Local-gov,Adm-clerical,0,0,40,39,1
23,Female,White,Never-married,3,259496,HS-grad,Private,Machine-op-inspct,0,0,40,39,0
36,Male,White,Married-civ-spouse,0,184655,HS-grad,Private,Machine-op-inspct,0,0,48,39,0
30,Male,White,Never-married,1,337494,Assoc-acdm,Private,Machine-op-inspct,0,0,48,39,0
30,Male,Asian-Pac-Islander,Married-civ-spouse,0,302149,Bachelors,Private,Sales,0,0,40,19,0
55,Male,White,Married-civ-spouse,0,170287,Some-college,Private,Prof-specialty,0,0,40,31,1
49,Male,White,Married-civ-spouse,0,193366,HS-grad,Private,Craft-repair,0,0,40,39,0
54,Male,White,Married-civ-spouse,0,185846,Masters,Local-gov,Prof-specialty,0,1977,40,39,1
53,Male,White,Married-civ-spouse,0,108083,7th-8th,Private,Farming-fishing,0,0,45,39,0
35,Male,White,Married-civ-spouse,0,144937,HS-grad,Private,Craft-repair,0,0,42,39,0
34,Male,White,Divorced,1,234537,Assoc-acdm,Private,Sales,0,0,40,39,0
35,Female,White,Never-married,1,252897,Assoc-acdm,Private,Adm-clerical,14344,0,40,39,1
21,Male,White,Never-married,3,174714,Assoc-acdm,Private,Adm-clerical,0,0,35,39,0
22,Male,White,Never-married,3,188274,HS-grad,Private,Transport-moving,0,0,40,39,0
34,Female,White,Never-married,1,158040,Bachelors,Private,Exec-managerial,0,0,45,39,0
26,Male,White,Married-civ-spouse,0,211497,Some-college,Local-gov,Prof-specialty,0,0,40,39,0
37,Male,White,Never-married,1,184655,HS-grad,Self-emp-not-inc,Craft-repair,0,0,35,39,0
27,Female,White,Divorced,4,184078,Assoc-voc,Private,Adm-clerical,0,0,40,39,0
62,Male,White,Divorced,3,113080,7th-8th,Private,Craft-repair,0,0,40,39,0
53,Female,Black,Widowed,4,251804,5th-6th,Other,Other,0,0,30,39,0
26,Male,White,Never-married,2,245628,Some-college,Private,Adm-clerical,0,0,40,26,0
31,Female,White,Married-civ-spouse,5,180551,HS-grad,Private,Adm-clerical,0,0,40,39,1
40,Male,White,Married-civ-spouse,0,548664,HS-grad,Self-emp-not-inc,Craft-repair,0,0,15,39,0
47,Female,Black,Married-civ-spouse,5,204900,HS-grad,Federal-gov,Prof-specialty,0,0,40,39,0
26,Female,White,Never-married,1,162872,Assoc-acdm,Private,Prof-specialty,0,0,40,39,0
21,Female,White,Married-civ-spouse,5,206681,11th,Other,Other,0,0,40,39,0
65,Male,White,Married-civ-spouse,0,105252,HS-grad,Private,Tech-support,0,0,40,39,1
41,Male,White,Married-civ-spouse,0,173682,Assoc-voc,Private,Craft-repair,0,0,43,39,1
42,Male,White,Married-civ-spouse,0,98061,Assoc-voc,Self-emp-not-inc,Exec-managerial,0,0,50,39,0
59,Male,White,Divorced,4,398626,Doctorate,State-gov,Prof-specialty,25236,0,45,39,1
48,Male,White,Married-civ-spouse,0,148995,Masters,Private,Exec-managerial,0,0,40,39,1
46,Female,Black,Divorced,4,164379,Bachelors,Private,Sales,0,0,35,39,1
22,Female,Black,Never-married,3,121144,Bachelors,Local-gov,Prof-specialty,0,0,18,39,0
38,Male,White,Married-civ-spouse,0,125933,Masters,Federal-gov,Prof-specialty,0,0,40,20,1
30,Female,White,Divorced,1,248588,12th,Private,Other-service,0,0,40,39,0
63,Male,White,Married-civ-spouse,0,88653,Some-college,Private,Prof-specialty,0,0,40,0,0
28,Female,Black,Married-civ-spouse,5,210945,Assoc-acdm,Private,Adm-clerical,0,0,35,14,0
27,Female,White,Divorced,1,160178,Some-college,Private,Adm-clerical,0,0,38,39,0
42,Female,White,Widowed,4,143046,HS-grad,Local-gov,Transport-moving,0,0,40,39,0
36,Male,White,Never-married,1,176544,Some-college,Private,Other-service,0,0,48,39,0
45,Male,Asian-Pac-Islander,Married-civ-spouse,0,160724,HS-grad,Private,Craft-repair,0,0,40,40,0
50,Male,White,Married-civ-spouse,0,128143,Bachelors,Private,Exec-managerial,0,0,50,39,1
20,Female,White,Divorced,3,352139,Some-college,Private,Other-service,0,0,29,39,0
23,Female,White,Never-married,1,194723,Bachelors,Private,Adm-clerical,0,0,40,39,0
64,Female,White,Separated,1,148606,10th,Private,Other-service,0,0,35,39,0
44,Male,White,Married-civ-spouse,0,98211,Bachelors,Private,Transport-moving,0,0,55,39,0
47,Male,White,Married-spouse-absent,2,162595,Some-college,Local-gov,Craft-repair,0,0,45,39,0
35,Female,White,Never-married,1,80771,Masters,State-gov,Prof-specialty,0,0,40,39,0
32,Male,White,Married-civ-spouse,0,168854,Bachelors,Private,Sales,0,1848,50,39,1
38,Female,White,Never-married,1,30509,Masters,Local-gov,Prof-specialty,0,1669,55,39,0
43,Female,White,Married-civ-spouse,5,175669,Some-college,Federal-gov,Adm-clerical,0,0,40,39,0
24,Female,Black,Never-married,3,267843,Bachelors,Private,Prof-specialty,0,0,35,39,0
38,Male,White,Divorced,1,217054,Some-college,Self-emp-not-inc,Farming-fishing,0,0,40,39,0
58,Female,White,Divorced,1,154537,Bachelors,Self-emp-not-inc,Other-service,0,0,20,39,0
28,Male,White,Married-civ-spouse,0,221317,Some-college,Private,Handlers-cleaners,0,0,40,26,0
38,Male,White,Married-civ-spouse,0,107303,HS-grad,Private,Craft-repair,0,0,40,39,0
48,Female,White,Widowed,4,238726,HS-grad,Private,Adm-clerical,0,0,40,39,0
47,Male,White,Divorced,1,329144,Some-college,Private,Prof-specialty,0,0,48,39,1
81,Male,White,Married-civ-spouse,0,129338,7th-8th,Private,Transport-moving,0,0,10,39,0
47,Female,White,Divorced,1,155124,Assoc-voc,Private,Prof-specialty,0,1669,40,39,0
40,Male,White,Never-married,1,99679,Prof-school,Local-gov,Exec-managerial,0,0,60,39,1
40,Female,White,Never-married,1,163215,Bachelors,Federal-gov,Prof-specialty,0,0,40,0,0
22,Female,White,Never-married,3,214399,Some-college,Private,Sales,0,0,30,39,0
54,Male,White,Married-civ-spouse,0,98051,Some-college,Self-emp-inc,Sales,0,0,54,39,1
19,Male,White,Never-married,3,105460,Some-college,Other,Other,0,0,20,9,0
43,Female,White,Married-civ-spouse,5,109912,Bachelors,Other,Other,0,0,7,39,1
39,Male,White,Married-civ-spouse,0,272950,Bachelors,Private,Craft-repair,0,0,45,39,1
47,Female,White,Married-civ-spouse,5,183486,Bachelors,Local-gov,Prof-specialty,0,0,50,39,1
44,Male,White,Married-civ-spouse,0,187720,Some-college,Self-emp-inc,Sales,0,0,50,39,1
23,Male,White,Never-married,1,233626,Bachelors,Private,Sales,0,0,25,39,0
40,Male,White,Divorced,1,225823,Some-college,Private,Craft-repair,0,0,60,39,0
36,Female,Black,Divorced,3,243666,HS-grad,State-gov,Adm-clerical,0,0,40,39,0
40,Male,White,Married-civ-spouse,0,170108,Masters,Private,Prof-specialty,0,0,40,39,0
32,Male,White,Married-civ-spouse,0,136480,Bachelors,Private,Sales,0,0,60,39,1
49,Male,White,Married-civ-spouse,0,105614,10th,Private,Machine-op-inspct,0,0,50,39,0
20,Female,White,Never-married,3,225811,HS-grad,Private,Sales,0,0,23,39,0
69,Male,White,Married-civ-spouse,0,229418,HS-grad,Private,Transport-moving,0,0,40,39,0
30,Male,White,Married-civ-spouse,0,314310,Bachelors,Federal-gov,Prof-specialty,0,0,40,39,1
27,Male,Black,Never-married,1,404421,Some-college,Private,Handlers-cleaners,0,0,40,39,0
18,Female,White,Never-married,3,118376,Some-college,Private,Other-service,0,0,15,39,0
40,Male,Asian-Pac-Islander,Married-spouse-absent,1,121956,Bachelors,Private,Prof-specialty,13550,0,40,1,1
33,Female,White,Never-married,1,251521,Bachelors,Local-gov,Exec-managerial,0,0,50,39,0
23,Female,White,Never-married,1,67958,Some-college,Private,Other-service,0,0,30,39,0
29,Female,White,Married-civ-spouse,5,130045,7th-8th,Private,Other-service,0,0,40,39,0
34,Female,White,Divorced,3,141118,Masters,Private,Prof-specialty,0,0,60,39,1
42,Male,White,Married-civ-spouse,0,201522,Bachelors,Self-emp-not-inc,Sales,0,0,60,39,0
50,Male,White,Married-civ-spouse,0,24790,HS-grad,State-gov,Handlers-cleaners,0,0,40,39,0
27,Female,Asian-Pac-Islander,Never-married,1,90692,Assoc-voc,Private,Other-service,0,0,40,30,0
50,Female,White,Divorced,4,234657,Some-college,Private,Adm-clerical,0,0,40,39,0
52,Female,Asian-Pac-Islander,Married-civ-spouse,5,126978,HS-grad,Private,Machine-op-inspct,0,0,40,3,0
26,Male,White,Never-married,1,158810,Bachelors,Private,Prof-specialty,0,0,70,39,0
45,Male,White,Married-civ-spouse,0,142719,Bachelors,Self-emp-inc,Exec-managerial,0,0,40,39,1
30,Male,White,Never-married,2,113364,HS-grad,Private,Machine-op-inspct,0,0,40,40,0
36,Male,White,Never-married,1,110866,Bachelors,Local-gov,Prof-specialty,0,0,50,39,0
19,Male,White,Never-married,1,358631,HS-grad,Private,Adm-clerical,0,0,25,39,0
34,Female,White,Never-married,4,193344,Some-college,Private,Adm-clerical,0,0,40,11,0
50,Male,White,Divorced,4,100109,Bachelors,Private,Exec-managerial,0,0,45,39,1
18,Female,White,Never-married,3,309634,11th,Private,Other-service,0,0,22,39,0
30,Male,White,Married-civ-spouse,0,169020,Bachelors,Local-gov,Prof-specialty,0,0,40,39,0
28,Female,White,Married-civ-spouse,5,96219,Bachelors,Private,Other-service,0,0,15,39,0
60,Male,White,Married-civ-spouse,0,88055,Some-college,Self-emp-not-inc,Craft-repair,0,0,24,39,0
23,Male,White,Never-married,3,283499,HS-grad,State-gov,Protective-serv,0,0,40,39,0
44,Male,White,Married-civ-spouse,0,112517,Masters,Private,Tech-support,0,0,20,39,1
27,Female,White,Never-married,3,288341,HS-grad,Private,Machine-op-inspct,0,0,32,39,0
70,Female,White,Widowed,1,176493,Some-college,Local-gov,Adm-clerical,0,0,17,39,0
63,Male,White,Married-civ-spouse,0,30813,Masters,Private,Prof-specialty,0,0,50,39,1
41,Female,White,Never-married,1,210094,HS-grad,State-gov,Other-service,0,0,40,39,0
27,Female,Black,Never-married,3,127833,HS-grad,Private,Adm-clerical,0,0,40,39,0
46,Female,White,Divorced,4,44706,Bachelors,Federal-gov,Prof-specialty,0,0,50,39,1
33,Female,White,Never-married,1,408813,Bachelors,Private,Adm-clerical,0,0,50,39,0
36,Male,White,Divorced,4,210452,Bachelors,Private,Prof-specialty,0,0,45,39,0
31,Female,White,Divorced,4,118901,Bachelors,Private,Adm-clerical,0,0,45,39,0
32,Male,Asian-Pac-Islander,Married-civ-spouse,0,245482,HS-grad,Private,Machine-op-inspct,0,0,40,0,0
53,Male,White,Married-civ-spouse,0,231472,Doctorate,State-gov,Prof-specialty,0,0,40,39,1
40,Male,Black,Married-civ-spouse,0,226388,HS-grad,Private,Craft-repair,0,0,40,39,0
29,Female,White,Married-civ-spouse,5,29732,Bachelors,Private,Prof-specialty,0,0,24,39,0
59,Female,White,Divorced,1,113203,HS-grad,Private,Adm-clerical,0,0,40,39,0
57,Male,Asian-Pac-Islander,Divorced,3,85815,HS-grad,Other,Other,0,0,20,39,0
23,Male,White,Never-married,4,315065,Some-college,Private,Other-service,0,0,35,26,0
27,Female,White,Married-civ-spouse,5,19395,Some-college,Private,Handlers-cleaners,0,0,35,39,0
61,Male,Asian-Pac-Islander,Married-civ-spouse,0,81132,5th-6th,Private,Handlers-cleaners,7298,0,40,30,1
59,Female,White,Divorced,1,243226,10th,Private,Machine-op-inspct,0,0,40,39,0
51,Male,Black,Divorced,1,159910,Bachelors,Private,Exec-managerial,10520,0,40,39,1
23,Female,Asian-Pac-Islander,Never-married,1,162593,Bachelors,Private,Adm-clerical,0,0,40,39,0
39,Male,White,Married-civ-spouse,0,122353,Bachelors,Self-emp-not-inc,Exec-managerial,0,0,40,39,0
31,Male,White,Married-civ-spouse,0,334346,Bachelors,Federal-gov,Exec-managerial,0,0,40,39,1
42,Male,White,Divorced,3,263608,Some-college,Private,Craft-repair,0,0,40,39,0
39,Female,White,Divorced,4,99065,Some-college,Private,Exec-managerial,0,0,39,39,0
54,Female,Black,Married-civ-spouse,2,96710,HS-grad,Private,Priv-house-serv,0,0,20,39,0
44,Male,White,Divorced,1,115411,Some-college,Private,Machine-op-inspct,0,0,40,39,0
29,Male,White,Married-civ-spouse,0,94892,Some-college,Private,Prof-specialty,0,0,40,39,0
38,Male,White,Married-civ-spouse,0,200220,HS-grad,Private,Craft-repair,0,0,40,39,0
38,Female,White,Separated,4,34996,Some-college,Private,Other-service,0,0,40,39,0
33,Female,White,Married-civ-spouse,5,118941,Bachelors,Private,Exec-managerial,0,0,40,39,1
31,Male,White,Married-civ-spouse,0,87418,Assoc-voc,Private,Exec-managerial,0,0,40,39,0
35,Male,White,Married-civ-spouse,0,261382,Bachelors,Private,Sales,0,0,50,39,0
34,Female,White,Never-married,1,345259,Doctorate,Federal-gov,Prof-specialty,0,0,99,39,0
39,Female,White,Married-civ-spouse,5,119421,Bachelors,Local-gov,Prof-specialty,0,0,42,39,0
27,Female,Amer-Indian-Eskimo,Never-married,1,66824,Bachelors,Local-gov,Prof-specialty,3325,0,43,39,0
61,Female,White,Widowed,4,159908,11th,State-gov,Other-service,0,0,32,39,1
29,Male,White,Never-married,3,132686,Prof-school,Self-emp-not-inc,Prof-specialty,0,0,50,22,1
29,Male,White,Married-civ-spouse,0,56630,Assoc-voc,Private,Adm-clerical,0,0,40,39,0
44,Female,White,Divorced,4,128354,Masters,Private,Exec-managerial,0,0,40,39,0
27,Male,White,Never-married,1,36851,Bachelors,Private,Machine-op-inspct,0,0,41,39,0
36,Male,White,Never-married,1,206521,HS-grad,Private,Machine-op-inspct,0,0,40,39,0
47,Male,White,Married-civ-spouse,0,199058,HS-grad,Private,Craft-repair,0,0,40,39,1
49,Male,White,Never-married,1,105449,Bachelors,Private,Priv-house-serv,0,0,25,39,0
37,Male,White,Married-civ-spouse,0,183735,HS-grad,Self-emp-not-inc,Prof-specialty,3137,0,30,39,0
40,Male,White,Married-civ-spouse,0,326310,Some-college,Private,Craft-repair,0,0,44,39,0
42,Female,White,Never-married,3,65372,Some-college,Private,Adm-clerical,0,0,40,39,0
20,Female,White,Never-married,3,406641,Some-college,Private,Adm-clerical,0,0,35,39,0
49,Male,White,Married-civ-spouse,0,193366,Masters,Private,Exec-managerial,0,0,65,39,1
53,Male,White,Married-civ-spouse,0,79324,HS-grad,Private,Craft-repair,0,0,40,39,1
39,Male,White,Married-civ-spouse,0,211440,HS-grad,Private,Transport-moving,0,0,55,39,1
51,Female,Black,Married-civ-spouse,5,166461,Doctorate,Local-gov,Prof-specialty,0,0,40,39,1
24,Female,White,Never-married,3,177287,12th,Private,Other-service,0,0,38,39,0
27,Female,White,Never-married,3,153546,Bachelors,Self-emp-not-inc,Prof-specialty,0,0,40,39,0
38,Female,White,Separated,1,177121,Some-college,Private,Other-service,0,0,58,39,0
33,Male,Asian-Pac-Islander,Married-civ-spouse,0,355856,Assoc-acdm,Private,Sales,0,0,60,39,0
25,Male,White,Never-married,1,180778,HS-grad,Private,Craft-repair,0,0,75,39,0
41,Female,White,Divorced,4,81054,Some-college,Local-gov,Exec-managerial,0,0,25,39,0
39,Female,Asian-Pac-Islander,Married-civ-spouse,5,70240,Some-college,Private,Sales,0,0,40,30,0
58,Male,Amer-Indian-Eskimo,Married-spouse-absent,4,97969,1st-4th,Other,Other,0,0,40,39,0
28,Male,White,Never-married,3,338376,Bachelors,Private,Prof-specialty,0,0,40,39,0
35,Male,White,Divorced,1,100375,10th,Private,Craft-repair,0,0,60,39,0
33,Female,White,Separated,4,180551,Some-college,Private,Adm-clerical,0,0,40,39,0
20,Female,White,Never-married,3,200450,7th-8th,Private,Machine-op-inspct,0,0,52,39,0
51,Female,White,Divorced,1,136224,Bachelors,Private,Adm-clerical,0,0,40,39,0
45,Male,White,Never-married,1,110171,HS-grad,Private,Handlers-cleaners,0,0,40,39,0
23,Female,White,Never-married,3,173945,Bachelors,State-gov,Prof-specialty,0,0,27,39,0
28,Female,Asian-Pac-Islander,Married-spouse-absent,1,173800,Bachelors,Other,Other,0,0,10,36,0
61,Male,White,Married-civ-spouse,0,179743,HS-grad,Private,Craft-repair,0,2051,20,39,0
32,Male,White,Married-civ-spouse,0,147284,Assoc-voc,Private,Sales,0,0,50,39,1
33,Male,White,Never-married,1,174789,Some-college,Private,Machine-op-inspct,0,0,40,39,0
49,Male,White,Married-civ-spouse,0,296892,HS-grad,Other,Other,0,0,40,33,0
22,Female,Black,Separated,4,244771,11th,Other,Other,0,0,40,39,0
54,Male,White,Divorced,1,150999,Some-college,Private,Machine-op-inspct,0,0,60,39,0
45,Female,White,Divorced,4,289230,Bachelors,Private,Prof-specialty,0,0,48,39,1
48,Female,White,Never-married,4,377140,5th-6th,Private,Priv-house-serv,0,0,35,27,0
75,Female,White,Married-spouse-absent,1,30599,Masters,Self-emp-not-inc,Prof-specialty,0,0,50,39,0
62,Female,White,Widowed,1,181063,10th,Other,Other,0,0,30,39,0
45,Female,Black,Divorced,1,116360,HS-grad,Private,Other-service,0,0,35,39,0
23,Female,Amer-Indian-Eskimo,Never-married,4,178207,Some-college,Private,Handlers-cleaners,0,0,35,39,0
28,Female,White,Separated,4,189765,Some-college,State-gov,Adm-clerical,0,0,50,39,0
55,Male,White,Married-civ-spouse,0,208019,5th-6th,Private,Machine-op-inspct,0,0,40,26,0
25,Female,White,Never-married,1,124111,HS-grad,Private,Other-service,0,0,38,39,0
41,Female,White,Never-married,3,180272,Masters,State-gov,Prof-specialty,0,0,35,39,0
61,Male,Black,Married-civ-spouse,0,315977,HS-grad,Self-emp-not-inc,Transport-moving,0,0,40,39,0
43,Female,White,Never-married,1,170230,Masters,Private,Tech-support,0,0,40,39,0
22,Female,White,Never-married,1,615367,Bachelors,Private,Sales,0,0,60,39,0
35,Male,White,Never-married,1,377798,Bachelors,Private,Prof-specialty,0,0,50,39,1
30,Male,White,Separated,1,232475,HS-grad,Private,Craft-repair,0,0,40,39,0
26,Male,White,Married-civ-spouse,0,98155,HS-grad,Private,Exec-managerial,0,0,40,39,0
50,Male,White,Married-civ-spouse,0,204447,Masters,Private,Exec-managerial,15024,0,65,39,1
30,Male,White,Married-spouse-absent,1,180656,Some-college,Private,Craft-repair,0,0,40,0,0
27,Female,White,Divorced,3,252506,Some-college,Private,Exec-managerial,0,0,40,39,0
18,Male,White,Never-married,3,126125,HS-grad,Private,Other-service,0,0,20,39,0
25,Male,White,Married-civ-spouse,0,335005,Some-college,Private,Protective-serv,3137,0,40,39,0
17,Male,White,Never-married,3,163494,10th,Private,Sales,0,0,30,39,0
62,Male,White,Widowed,1,103344,Bachelors,Private,Exec-managerial,10520,0,50,39,1
56,Male,White,Married-civ-spouse,0,161662,Bachelors,Private,Exec-managerial,0,0,42,39,1
61,Female,White,Divorced,4,280088,7th-8th,Private,Machine-op-inspct,0,0,40,39,0
19,Female,White,Never-married,1,198320,HS-grad,Private,Other-service,0,0,45,39,0
35,Female,White,Divorced,4,144322,HS-grad,Private,Machine-op-inspct,0,0,40,39,0
59,Male,White,Married-civ-spouse,0,90290,Some-college,Private,Prof-specialty,0,0,34,39,0
30,Female,White,Never-married,1,280069,Some-college,Private,Sales,0,0,48,39,0
47,Female,White,Never-married,4,45857,HS-grad,Private,Adm-clerical,0,0,40,39,0
47,Female,Black,Divorced,1,115358,HS-grad,Private,Machine-op-inspct,0,0,40,39,0
32,Male,White,Never-married,1,167990,Masters,Private,Exec-managerial,14084,0,40,39,1
68,Male,White,Married-civ-spouse,0,196782,7th-8th,Other,Other,0,0,30,39,0
19,Male,White,Never-married,3,405526,HS-grad,Private,Handlers-cleaners,0,0,40,39,0
40,Female,White,Divorced,3,196234,HS-grad,Local-gov,Craft-repair,0,0,40,33,0
28,Male,Black,Married-civ-spouse,0,416577,HS-grad,Private,Craft-repair,2829,0,40,39,0
27,Female,White,Never-married,1,204515,Bachelors,Private,Tech-support,0,0,36,39,0
30,Male,White,Married-civ-spouse,0,149531,HS-grad,Private,Craft-repair,0,0,50,39,0
38,Male,White,Married-civ-spouse,0,177154,HS-grad,Private,Other-service,0,0,40,39,0
25,Female,White,Never-married,3,134821,HS-grad,Private,Adm-clerical,0,0,40,39,0
42,Female,White,Married-civ-spouse,5,185602,HS-grad,Private,Exec-managerial,0,0,40,39,1
19,Female,White,Never-married,3,693066,12th,Private,Other-service,0,0,15,39,0
55,Male,White,Married-civ-spouse,0,153484,Masters,Private,Exec-managerial,0,1977,50,39,1
19,Female,White,Never-married,3,188669,Some-college,Private,Sales,0,0,25,39,0
28,Male,White,Married-civ-spouse,0,219705,Bachelors,Self-emp-inc,Exec-managerial,5013,0,55,39,0
38,Male,White,Married-civ-spouse,0,181716,12th,Private,Craft-repair,0,0,48,39,0
28,Male,White,Married-civ-spouse,0,180271,Bachelors,Local-gov,Handlers-cleaners,0,0,65,39,1
65,Male,White,Married-civ-spouse,0,210381,Bachelors,Self-emp-inc,Exec-managerial,99999,0,65,39,1
39,Male,White,Married-civ-spouse,0,409189,5th-6th,Private,Other-service,0,0,40,26,0
34,Male,White,Divorced,1,226883,HS-grad,Private,Craft-repair,0,0,40,39,0
17,Male,White,Never-married,3,277541,11th,Private,Sales,0,0,5,39,0
19,Male,White,Never-married,3,283945,Some-college,Private,Adm-clerical,0,0,25,39,0
59,Female,Black,Widowed,4,171328,10th,Local-gov,Other-service,0,0,30,39,0
44,Male,White,Married-civ-spouse,0,211531,Some-college,Private,Exec-managerial,0,0,50,39,0
66,Female,Asian-Pac-Islander,Never-married,1,78855,HS-grad,Private,Adm-clerical,0,0,40,39,0
48,Male,White,Married-civ-spouse,0,122086,HS-grad,State-gov,Protective-serv,0,0,40,39,0
23,Female,White,Never-married,3,95989,Some-college,Private,Other-service,0,0,30,39,0
45,Male,White,Married-civ-spouse,0,192793,Some-college,Local-gov,Protective-serv,0,0,40,39,1
26,Female,White,Never-married,1,89648,Bachelors,Private,Exec-managerial,0,0,50,39,0
32,Female,Asian-Pac-Islander,Married-civ-spouse,2,288229,Some-college,Private,Sales,0,0,40,12,0
20,Female,White,Never-married,3,299399,Some-college,Private,Sales,0,0,20,39,0
37,Female,White,Married-civ-spouse,5,134367,Bachelors,Private,Exec-managerial,0,0,37,39,1
28,Female,White,Never-married,1,271936,Some-college,Private,Exec-managerial,0,0,35,39,0
29,Male,White,Never-married,4,100219,Assoc-acdm,Private,Machine-op-inspct,0,0,45,39,0
19,Female,White,Never-married,3,66838,Some-college,Private,Sales,0,0,9,39,0
33,Male,White,Separated,1,243674,HS-grad,Private,Tech-support,0,0,46,39,0
24,Female,White,Married-civ-spouse,5,279472,Some-college,Private,Machine-op-inspct,7298,0,48,39,1
21,Female,White,Never-married,4,33831,HS-grad,Private,Adm-clerical,0,0,40,39,0
38,Male,White,Married-civ-spouse,0,187870,Bachelors,Private,Prof-specialty,7298,0,50,39,1
33,Male,White,Married-civ-spouse,0,246038,Bachelors,Private,Prof-specialty,0,0,40,39,1
28,Male,White,Married-civ-spouse,0,109621,Assoc-acdm,Private,Transport-moving,0,0,40,39,0
55,Male,White,Married-civ-spouse,0,199067,HS-grad,Private,Craft-repair,0,0,40,39,1
31,Male,White,Married-civ-spouse,0,256362,Bachelors,Self-emp-inc,Sales,3908,0,50,39,0
24,Female,White,Never-married,1,86153,Some-college,Private,Adm-clerical,0,0,40,39,0
27,Male,White,Never-married,1,280618,Masters,State-gov,Prof-specialty,0,0,40,39,0
43,Female,White,Separated,4,173728,Bachelors,Private,Prof-specialty,0,0,40,39,0
26,Male,White,Married-civ-spouse,0,22328,Bachelors,Private,Sales,0,0,40,39,1
38,Male,White,Married-civ-spouse,0,156728,Bachelors,Private,Sales,0,0,40,39,1
30,Male,White,Never-married,1,455995,11th,Self-emp-not-inc,Craft-repair,0,0,45,39,1
36,Male,Black,Never-married,1,75073,Some-college,Private,Craft-repair,0,0,55,39,0
21,Male,White,Never-married,1,185357,HS-grad,Private,Adm-clerical,0,0,50,39,0
36,Female,White,Divorced,1,231082,Bachelors,Private,Prof-specialty,0,0,50,39,0
33,Female,White,Married-spouse-absent,4,31481,Bachelors,Private,Other-service,0,0,24,39,0
45,Male,White,Married-civ-spouse,0,331643,Some-college,Private,Craft-repair,0,0,40,39,1
54,Male,White,Married-civ-spouse,0,36480,HS-grad,Private,Sales,15024,0,50,39,1
19,Male,White,Never-married,1,97261,12th,Private,Handlers-cleaners,0,0,40,39,0
29,Male,White,Divorced,1,166210,Some-college,Private,Tech-support,0,0,55,39,0
24,Female,White,Never-married,1,72143,Bachelors,Private,Sales,0,0,20,39,0
36,Male,White,Married-civ-spouse,0,186035,Prof-school,Self-emp-not-inc,Sales,0,0,30,39,1
72,Female,White,Widowed,1,33404,10th,Private,Adm-clerical,0,0,20,39,0
24,Female,White,Never-married,1,225515,Bachelors,Private,Exec-managerial,0,0,40,39,0
58,Male,White,Divorced,1,21626,Assoc-voc,Self-emp-inc,Sales,2202,0,56,39,0
27,Male,White,Never-married,1,107458,Bachelors,Private,Prof-specialty,0,0,40,39,0
41,Male,White,Married-civ-spouse,0,408498,HS-grad,Self-emp-not-inc,Exec-managerial,0,0,50,39,0
53,Female,White,Widowed,1,196278,Some-college,Private,Sales,0,0,40,39,0
65,Female,Asian-Pac-Islander,Widowed,1,79272,Some-college,Other,Other,0,0,6,39,0
25,Male,White,Never-married,3,179059,Bachelors,Local-gov,Prof-specialty,0,0,40,39,0
35,Male,White,Married-civ-spouse,0,241998,Bachelors,Private,Exec-managerial,0,0,45,39,1
21,Male,White,Never-married,3,30039,Some-college,Private,Prof-specialty,0,0,40,39,0
21,Male,White,Never-married,3,197200,Some-college,Private,Machine-op-inspct,0,0,40,39,0
37,Male,White,Married-civ-spouse,0,31023,Some-college,Local-gov,Other-service,0,0,40,39,0
22,Female,White,Never-married,3,99697,HS-grad,Private,Handlers-cleaners,0,0,40,39,0
18,Female,White,Never-married,3,192409,12th,Private,Other-service,0,0,25,39,0
22,Male,White,Married-civ-spouse,0,164922,HS-grad,Private,Other-service,0,0,40,39,0
44,Male,White,Married-civ-spouse,0,198282,Masters,Private,Exec-managerial,15024,0,40,39,1
35,Male,White,Married-civ-spouse,0,164526,HS-grad,Private,Other-service,0,0,40,41,1
21,Female,Black,Never-married,2,228395,Some-college,Private,Sales,0,0,20,39,0
27,Female,White,Never-married,3,278581,Bachelors,Private,Sales,0,0,40,39,0
31,Male,White,Married-civ-spouse,0,243442,HS-grad,Private,Adm-clerical,0,0,50,39,0
35,Male,Asian-Pac-Islander,Married-civ-spouse,0,163392,Some-college,Private,Transport-moving,0,0,40,0,0
39,Female,White,Married-civ-spouse,5,65716,Assoc-acdm,Self-emp-not-inc,Adm-clerical,0,0,40,39,1
59,Female,White,Married-civ-spouse,5,99131,HS-grad,Private,Adm-clerical,0,0,40,39,0
51,Male,Amer-Indian-Eskimo,Married-civ-spouse,0,78631,Some-college,Self-emp-not-inc,Exec-managerial,0,0,60,39,0
29,Male,White,Married-civ-spouse,0,131088,Some-college,Private,Exec-managerial,0,0,40,39,0
41,Female,Black,Divorced,1,42346,Some-college,Local-gov,Other-service,0,0,24,39,0
40,Male,White,Separated,4,116103,Some-college,Private,Craft-repair,4934,0,47,39,1
33,Female,Black,Divorced,4,319560,Assoc-voc,Federal-gov,Craft-repair,0,0,40,39,1
28,Male,White,Never-married,1,33895,Bachelors,Private,Sales,0,0,45,39,0
27,Female,Black,Never-married,4,401508,HS-grad,Private,Other-service,0,0,40,39,0
73,Male,White,Widowed,1,161251,HS-grad,Self-emp-not-inc,Craft-repair,0,0,24,39,0
32,Female,Black,Never-married,1,191777,Masters,Private,Adm-clerical,0,0,40,39,0
43,Male,White,Married-civ-spouse,0,266324,HS-grad,Private,Craft-repair,0,1902,99,39,1
50,Male,White,Married-civ-spouse,0,172175,Prof-school,Local-gov,Prof-specialty,0,0,40,39,1
26,Male,White,Never-married,3,248612,Bachelors,Private,Prof-specialty,0,0,30,39,0
20,Female,Asian-Pac-Islander,Never-married,1,285295,Some-college,Private,Machine-op-inspct,0,0,40,0,0
67,Male,White,Married-civ-spouse,0,127543,10th,Self-emp-not-inc,Farming-fishing,2414,0,80,39,0
31,Male,White,Married-civ-spouse,0,31740,Assoc-voc,Self-emp-inc,Farming-fishing,0,0,55,39,0
37,Male,White,Married-civ-spouse,0,19899,HS-grad,Private,Craft-repair,15024,0,45,39,1
43,Male,White,Never-married,3,132393,HS-grad,Private,Handlers-cleaners,0,0,40,31,0
32,Male,White,Married-civ-spouse,0,209900,Bachelors,Local-gov,Prof-specialty,0,0,65,39,1
46,Female,White,Divorced,1,73434,Masters,Private,Exec-managerial,0,0,45,39,0
31,Male,White,Married-civ-spouse,0,273818,Some-college,Private,Other-service,0,0,55,26,0
35,Female,White,Never-married,1,397307,Masters,Private,Exec-managerial,0,0,55,39,0
28,Male,White,Never-married,2,214689,Bachelors,Private,Handlers-cleaners,0,0,25,39,0
48,Female,Asian-Pac-Islander,Divorced,4,56975,HS-grad,Self-emp-inc,Sales,0,0,84,0,0
63,Male,Black,Separated,1,319121,11th,Other,Other,0,0,40,39,0
41,Male,White,Married-civ-spouse,0,306495,HS-grad,Private,Farming-fishing,0,0,40,39,0
53,Male,White,Separated,4,192386,HS-grad,Private,Transport-moving,0,0,45,39,0
56,Male,White,Married-civ-spouse,0,220187,Some-college,Self-emp-not-inc,Other-service,0,0,45,39,1
58,Female,Black,Married-spouse-absent,4,136982,HS-grad,State-gov,Other-service,0,0,40,16,0
23,Male,White,Never-married,1,35633,Some-college,Private,Sales,0,0,40,39,0
19,Female,White,Never-married,3,196119,HS-grad,Private,Sales,0,0,35,39,0
57,Male,White,Separated,1,107617,HS-grad,Self-emp-inc,Farming-fishing,0,0,60,39,1
18,Female,White,Never-married,3,264924,Some-college,Other,Other,0,0,40,39,0
39,Female,White,Never-married,4,215095,11th,Private,Prof-specialty,0,0,30,33,0
19,Male,Asian-Pac-Islander,Never-married,2,165306,Some-college,Private,Tech-support,0,0,40,40,0
34,Male,White,Never-married,1,154227,Some-college,Self-emp-inc,Sales,0,0,75,39,0
40,Male,Asian-Pac-Islander,Married-civ-spouse,0,121772,Assoc-voc,Private,Craft-repair,0,0,40,0,1
41,Female,White,Divorced,4,93885,Some-college,Private,Sales,0,0,48,39,0
40,Male,White,Married-civ-spouse,0,155972,HS-grad,Private,Transport-moving,0,0,60,39,1
41,Male,White,Married-civ-spouse,0,32016,HS-grad,Self-emp-inc,Sales,0,0,62,39,0
33,Male,White,Never-married,1,86492,HS-grad,Private,Transport-moving,0,0,87,39,0
22,Female,White,Never-married,1,206974,Bachelors,Private,Sales,0,0,40,39,0
32,Male,White,Divorced,4,197867,Assoc-voc,Self-emp-not-inc,Sales,0,0,50,39,0
43,Male,White,Divorced,1,186916,Masters,Federal-gov,Protective-serv,0,0,60,39,1
52,Female,White,Divorced,2,111700,Some-college,Private,Sales,0,0,20,39,1
45,Female,Black,Never-married,1,116255,HS-grad,Private,Exec-managerial,0,0,40,39,0
32,Male,White,Married-civ-spouse,0,195447,Bachelors,Self-emp-inc,Sales,0,0,45,39,0
24,Male,White,Never-married,1,287988,Bachelors,Federal-gov,Armed-Forces,0,0,40,39,0
47,Male,White,Married-civ-spouse,0,198660,Bachelors,Local-gov,Prof-specialty,0,0,40,39,1
55,Male,Asian-Pac-Islander,Married-civ-spouse,2,240988,9th,Private,Machine-op-inspct,0,0,40,30,0
46,Male,White,Never-married,1,45288,Bachelors,Private,Other-service,0,0,40,39,0
30,Male,White,Married-civ-spouse,0,326104,HS-grad,Local-gov,Protective-serv,0,0,40,39,1
51,Male,Asian-Pac-Islander,Married-civ-spouse,0,160724,Bachelors,Self-emp-not-inc,Sales,0,2415,40,3,1
22,Female,Black,Never-married,3,183257,Some-college,Private,Sales,0,0,20,39,0
54,Male,White,Married-civ-spouse,0,197975,5th-6th,Private,Sales,0,0,51,39,0
23,Male,White,Never-married,1,322674,Some-college,Private,Handlers-cleaners,0,0,40,39,0
38,Male,White,Never-married,1,60313,HS-grad,Private,Craft-repair,0,0,40,39,0
90,Female,White,Widowed,1,77053,HS-grad,Other,Other,0,4356,40,39,0
45,Male,White,Married-civ-spouse,0,33234,Bachelors,Self-emp-not-inc,Sales,0,0,40,39,1
34,Male,White,Married-civ-spouse,0,192259,Prof-school,Self-emp-not-inc,Prof-specialty,0,0,35,39,1
28,Male,White,Never-married,3,119793,HS-grad,Private,Sales,0,0,60,39,0
29,Female,Black,Never-married,1,220692,Assoc-voc,Private,Exec-managerial,0,0,40,39,0
30,Male,White,Married-civ-spouse,0,488720,Assoc-voc,Private,Handlers-cleaners,0,0,40,26,0
34,Male,White,Married-civ-spouse,0,36385,Masters,Private,Prof-specialty,0,0,45,39,1
63,Male,White,Married-civ-spouse,0,106648,HS-grad,Self-emp-not-inc,Other-service,0,0,12,39,0
48,Female,White,Married-civ-spouse,5,382242,Doctorate,Self-emp-inc,Exec-managerial,0,0,40,39,1
32,Female,White,Never-married,1,115631,Some-college,Private,Adm-clerical,4101,0,50,39,0
29,Male,White,Never-married,1,211482,Bachelors,Private,Prof-specialty,0,0,50,39,1
42,Female,White,Divorced,4,236323,HS-grad,Private,Craft-repair,0,0,40,39,0
48,Male,White,Married-civ-spouse,0,302612,Masters,Self-emp-inc,Other-service,0,0,40,39,0
19,Female,White,Never-married,3,60412,Some-college,State-gov,Adm-clerical,0,0,15,39,0
30,Male,White,Married-civ-spouse,0,164190,Assoc-voc,Private,Prof-specialty,5178,0,52,39,1
32,Male,White,Never-married,1,126838,HS-grad,Private,Craft-repair,0,0,40,39,0
57,Male,White,Married-civ-spouse,0,257200,Some-college,Self-emp-inc,Exec-managerial,0,0,40,39,1
51,Female,White,Separated,4,182543,1st-4th,Other,Other,0,0,40,26,0
57,Female,White,Married-civ-spouse,5,46699,HS-grad,Private,Adm-clerical,0,0,40,39,0
31,Male,White,Never-married,3,304212,Some-college,Self-emp-inc,Exec-managerial,0,0,45,39,0
24,Female,White,Never-married,1,190293,Bachelors,Private,Prof-specialty,0,0,40,39,0
56,Female,Asian-Pac-Islander,Widowed,4,93415,HS-grad,State-gov,Adm-clerical,0,0,40,39,0
41,Male,White,Married-civ-spouse,0,252986,Some-college,Private,Craft-repair,0,0,48,39,1
34,Male,Black,Married-civ-spouse,0,209213,HS-grad,Private,Machine-op-inspct,0,0,40,0,0
33,Male,White,Married-civ-spouse,0,26543,Assoc-voc,Federal-gov,Tech-support,0,0,40,39,1
40,Female,White,Separated,4,75363,Some-college,Private,Exec-managerial,0,0,40,39,0
58,Male,White,Married-civ-spouse,0,371064,HS-grad,Private,Farming-fishing,0,0,20,39,0
34,Male,White,Married-civ-spouse,0,108116,Bachelors,Private,Prof-specialty,0,0,50,39,1
73,Female,White,Widowed,1,127858,Some-college,Federal-gov,Tech-support,3273,0,40,39,0
40,Male,White,Divorced,1,374764,Some-college,Private,Handlers-cleaners,0,0,40,39,0
38,Female,White,Married-civ-spouse,5,343642,HS-grad,State-gov,Prof-specialty,0,0,40,39,1
39,Male,White,Married-civ-spouse,0,329980,Bachelors,Self-emp-inc,Sales,0,2415,60,39,1
22,Male,White,Never-married,3,249727,Some-college,Private,Transport-moving,0,0,20,39,0
17,Female,White,Never-married,3,48703,11th,Other,Other,0,0,30,39,0
27,Female,White,Never-married,1,146460,Some-college,Private,Machine-op-inspct,0,0,40,39,0
35,Female,Asian-Pac-Islander,Never-married,1,276153,Bachelors,Private,Tech-support,4650,0,40,39,0
41,Male,White,Married-civ-spouse,0,129865,HS-grad,Self-emp-not-inc,Other-service,0,0,60,39,0
19,Male,White,Never-married,3,344858,HS-grad,Without-pay,Farming-fishing,0,0,20,39,0
27,Male,White,Married-civ-spouse,0,279608,5th-6th,Private,Farming-fishing,0,0,40,26,0
43,Female,White,Never-married,4,178976,HS-grad,Private,Adm-clerical,0,0,40,39,0
26,Female,Asian-Pac-Islander,Never-married,1,102420,Bachelors,Private,Sales,0,0,40,35,0
29,Male,White,Married-civ-spouse,0,50028,Some-college,Private,Other-service,0,0,40,39,0
27,Male,White,Never-married,1,163942,HS-grad,Private,Craft-repair,0,0,35,21,0
37,Male,White,Married-civ-spouse,0,111129,Some-college,Self-emp-not-inc,Craft-repair,0,0,45,39,0
27,Female,White,Never-married,3,150080,Bachelors,Private,Exec-managerial,0,0,40,39,0
52,Male,White,Married-civ-spouse,0,146711,Bachelors,Private,Prof-specialty,0,0,50,39,1
26,Female,White,Divorced,1,117217,Bachelors,Private,Other-service,0,0,45,39,0
27,Male,Asian-Pac-Islander,Never-married,4,173800,Masters,Other,Other,0,0,20,36,0
60,Female,Black,Widowed,1,227468,Some-college,Private,Protective-serv,0,0,40,39,0
53,Male,Black,Married-civ-spouse,0,87158,HS-grad,Private,Craft-repair,0,0,40,39,0
23,Female,White,Never-married,1,267955,Some-college,Private,Sales,0,0,40,39,0
36,Male,White,Never-married,1,93225,Bachelors,Private,Craft-repair,0,0,35,39,0
52,Female,White,Divorced,1,146565,Assoc-acdm,Local-gov,Other-service,4865,0,30,39,0
19,Female,White,Never-married,3,52114,Some-college,Other,Other,0,0,10,39,0
55,Male,White,Never-married,4,113398,Some-college,Federal-gov,Adm-clerical,0,0,40,39,0
46,Male,White,Married-civ-spouse,0,122206,HS-grad,Self-emp-not-inc,Exec-managerial,0,0,50,39,0
24,Male,White,Never-married,3,142022,Some-college,Private,Handlers-cleaners,0,0,50,39,0
49,Male,White,Divorced,1,53893,HS-grad,Private,Transport-moving,0,0,40,39,0
55,Male,White,Married-civ-spouse,0,392325,Bachelors,Self-emp-inc,Sales,99999,0,60,39,1
31,Female,Black,Separated,4,216827,HS-grad,Private,Other-service,0,0,40,39,0
46,Female,Other,Widowed,4,308334,1st-4th,Private,Other-service,0,0,30,26,0
30,Male,White,Married-civ-spouse,0,137606,HS-grad,Private,Transport-moving,5013,0,40,39,0
65,Male,White,Married-civ-spouse,0,226215,Bachelors,Self-emp-not-inc,Sales,0,0,15,39,0
48,Male,White,Married-civ-spouse,0,193188,Bachelors,Self-emp-inc,Exec-managerial,0,0,40,39,1
60,Male,White,Married-civ-spouse,0,160155,Bachelors,Other,Other,0,0,12,39,0
75,Female,White,Widowed,1,314209,Assoc-voc,Private,Adm-clerical,0,0,20,4,0
56,Male,White,Widowed,1,178033,Some-college,Private,Exec-managerial,4416,0,60,39,0
36,Male,White,Married-civ-spouse,0,246449,Some-college,Private,Exec-managerial,0,0,60,39,1
38,Male,White,Married-civ-spouse,0,186934,HS-grad,Private,Machine-op-inspct,0,0,40,39,0
58,Female,White,Divorced,1,183870,HS-grad,Private,Adm-clerical,0,0,40,39,0
51,Male,White,Married-civ-spouse,0,338620,Masters,Private,Exec-managerial,15024,0,60,39,1
77,Male,White,Married-civ-spouse,0,84979,Doctorate,Self-emp-inc,Farming-fishing,20051,0,40,39,1
28,Male,White,Divorced,3,200819,7th-8th,Other,Other,0,0,84,39,0
32,Female,White,Married-civ-spouse,5,116365,HS-grad,Private,Adm-clerical,0,0,20,39,0
73,Female,White,Widowed,2,267408,HS-grad,Private,Sales,0,0,15,39,0
22,Female,Black,Married-spouse-absent,4,229997,Some-college,Other,Other,0,0,40,39,0
20,Female,White,Never-married,1,42279,Some-college,Private,Exec-managerial,0,0,40,39,0
62,Male,White,Married-civ-spouse,0,152148,9th,Private,Other-service,0,0,40,39,0
47,Female,White,Divorced,4,161950,HS-grad,Private,Other-service,0,0,32,39,0
17,Male,White,Never-married,3,120068,11th,Private,Handlers-cleaners,0,0,17,39,0
49,Male,White,Married-civ-spouse,0,175109,Some-college,State-gov,Prof-specialty,0,0,50,39,1
55,Male,White,Married-civ-spouse,0,133201,Masters,Local-gov,Exec-managerial,0,0,50,39,0
34,Male,White,Never-married,3,154120,HS-grad,Self-emp-inc,Farming-fishing,0,0,55,39,0
40,Female,White,Never-married,1,224910,HS-grad,Private,Machine-op-inspct,0,0,40,39,0
19,Female,White,Never-married,3,135162,Some-college,State-gov,Adm-clerical,0,0,10,39,0
31,Female,White,Never-married,3,176410,HS-grad,Private,Other-service,0,0,38,39,0
43,Female,White,Divorced,2,48882,HS-grad,Private,Adm-clerical,0,0,40,39,0
46,Male,White,Divorced,1,170850,Bachelors,Private,Machine-op-inspct,0,1590,40,0,0
21,Female,White,Never-married,3,191497,Some-college,Private,Sales,0,0,20,39,0
27,Male,White,Divorced,1,105189,HS-grad,Federal-gov,Adm-clerical,4865,0,50,39,0
32,Male,White,Never-married,1,154950,Prof-school,Private,Prof-specialty,0,0,40,39,0
18,Male,White,Never-married,3,337046,10th,Private,Other-service,0,0,40,39,0
47,Male,White,Married-civ-spouse,0,57534,Some-college,Private,Craft-repair,0,0,40,39,1
62,Female,Black,Widowed,4,174201,9th,Private,Other-service,0,0,25,39,0
38,Male,White,Married-civ-spouse,0,165930,HS-grad,Private,Craft-repair,0,0,40,39,0
32,Male,White,Married-civ-spouse,0,116539,Bachelors,Private,Exec-managerial,0,1887,55,39,1
53,Female,White,Never-married,1,156843,Masters,Private,Prof-specialty,0,1564,54,39,1
37,Male,White,Married-civ-spouse,0,186191,HS-grad,Private,Other-service,0,0,45,0,0
43,Male,White,Married-civ-spouse,0,150533,Assoc-acdm,Self-emp-inc,Exec-managerial,0,0,50,39,0
44,Female,White,Married-civ-spouse,5,83286,Masters,Local-gov,Prof-specialty,0,0,40,39,1
25,Male,White,Married-civ-spouse,0,206600,12th,Private,Machine-op-inspct,0,0,40,8,0
36,Female,White,Divorced,1,460437,9th,Private,Sales,0,0,40,39,0
33,Female,White,Divorced,4,180551,HS-grad,Private,Exec-managerial,0,0,40,39,0
19,Male,Asian-Pac-Islander,Never-married,3,70982,Assoc-voc,Private,Other-service,0,0,16,39,0
21,Female,White,Never-married,1,198992,HS-grad,Private,Sales,0,0,33,39,0
55,Male,White,Divorced,4,125000,Masters,Private,Exec-managerial,0,0,40,39,1
24,Male,White,Married-civ-spouse,0,159567,Some-college,Private,Machine-op-inspct,0,0,40,39,0
47,Female,White,Separated,4,107460,HS-grad,Private,Exec-managerial,0,0,37,39,0
42,Female,White,Divorced,4,106698,Some-college,Private,Other-service,0,0,32,39,0
29,Female,White,Divorced,3,385092,Some-college,Private,Prof-specialty,0,0,36,39,0
46,Female,White,Divorced,1,140219,Masters,Local-gov,Prof-specialty,8614,0,55,39,1
37,Male,White,Divorced,1,278924,HS-grad,Private,Sales,0,0,40,39,0
47,Male,White,Married-civ-spouse,0,134671,Some-college,Local-gov,Exec-managerial,0,0,40,39,0
37,Male,White,Married-civ-spouse,0,110713,HS-grad,Private,Sales,0,0,50,39,1
45,Male,White,Married-civ-spouse,0,175958,Prof-school,Private,Exec-managerial,0,0,40,39,1
39,Female,Black,Never-married,4,370795,HS-grad,Private,Adm-clerical,0,0,40,39,0
40,Male,White,Married-civ-spouse,0,165309,Some-college,Private,Transport-moving,0,0,43,39,0
47,Female,White,Never-married,4,178309,9th,Private,Other-service,0,0,50,39,0
63,Male,White,Married-civ-spouse,0,183608,10th,Private,Exec-managerial,0,0,40,39,0
44,Male,White,Married-civ-spouse,0,191712,Masters,Self-emp-inc,Prof-specialty,0,2415,55,39,1
36,Male,White,Married-civ-spouse,0,163237,Assoc-acdm,Private,Adm-clerical,0,0,40,39,1
34,Female,White,Separated,4,157886,Assoc-acdm,Private,Other-service,0,0,40,39,0
61,Male,White,Married-civ-spouse,0,51170,HS-grad,Private,Craft-repair,0,0,55,39,0
30,Female,White,Married-civ-spouse,5,101697,Bachelors,Other,Other,0,0,20,39,0
35,Female,White,Divorced,4,35626,Some-college,State-gov,Adm-clerical,0,0,15,39,0
57,Male,White,Married-civ-spouse,0,300104,5th-6th,Other,Other,7298,0,84,39,1
45,Female,White,Divorced,4,129387,Assoc-acdm,Private,Tech-support,0,0,40,0,0
61,Female,Black,Divorced,3,181081,HS-grad,Federal-gov,Adm-clerical,0,0,20,39,0
29,Male,White,Married-civ-spouse,0,420054,HS-grad,Private,Machine-op-inspct,0,0,40,39,0
34,Male,Black,Never-married,3,400416,11th,Private,Machine-op-inspct,0,0,45,39,0
32,Male,White,Never-married,1,732102,Bachelors,Private,Exec-managerial,0,0,40,39,0
41,Male,White,Married-civ-spouse,0,27305,HS-grad,Self-emp-not-inc,Farming-fishing,7688,0,40,39,1
48,Female,White,Separated,4,209182,Preschool,Private,Other-service,0,0,40,8,0
33,Male,White,Divorced,1,229716,HS-grad,Private,Adm-clerical,0,0,38,39,0
37,Female,White,Married-civ-spouse,5,254973,HS-grad,Private,Handlers-cleaners,0,0,40,39,1
55,Female,White,Divorced,1,188917,HS-grad,Private,Handlers-cleaners,0,0,40,39,0
31,Female,White,Never-married,4,30290,HS-grad,Self-emp-not-inc,Other-service,0,0,40,39,0
22,Male,White,Never-married,3,270436,HS-grad,Private,Other-service,0,0,40,39,0
23,Female,White,Never-married,3,189924,Some-college,Private,Other-service,0,0,40,39,0
36,Female,White,Married-civ-spouse,5,461337,Some-college,Private,Adm-clerical,0,0,40,39,0
45,Male,White,Married-civ-spouse,0,377757,9th,Private,Transport-moving,0,0,40,39,0
27,Male,White,Married-civ-spouse,0,358636,Some-college,Private,Craft-repair,2829,0,70,39,0
45,Female,White,Divorced,1,119904,HS-grad,Private,Tech-support,0,0,50,39,1
23,Male,White,Never-married,1,233472,Bachelors,Private,Exec-managerial,0,0,40,39,0
38,Male,White,Married-civ-spouse,0,276559,HS-grad,Private,Exec-managerial,7688,0,70,39,1
81,Female,Black,Widowed,1,114670,9th,Private,Priv-house-serv,2062,0,5,39,0
26,Male,White,Married-civ-spouse,0,152452,Bachelors,Private,Tech-support,0,0,50,39,0
31,Male,Black,Never-married,3,359249,Assoc-voc,Private,Protective-serv,0,0,40,39,0
53,Male,White,Married-civ-spouse,0,98829,Bachelors,Self-emp-not-inc,Prof-specialty,0,0,50,39,0
50,Male,White,Married-civ-spouse,0,287598,Some-college,Self-emp-inc,Craft-repair,0,0,70,39,0
36,Female,White,Never-married,1,188972,Some-college,Private,Prof-specialty,0,0,40,39,0
55,Female,White,Divorced,1,89182,12th,Private,Machine-op-inspct,0,0,40,22,0
29,Male,White,Married-civ-spouse,0,134331,10th,Private,Craft-repair,0,0,40,39,0
49,Female,Black,Never-married,4,420282,Some-college,Federal-gov,Adm-clerical,0,0,40,39,0
17,Female,Asian-Pac-Islander,Never-married,3,197850,11th,Private,Adm-clerical,0,0,24,39,0
49,Male,White,Married-civ-spouse,0,195949,HS-grad,Federal-gov,Machine-op-inspct,0,0,40,39,0
44,Male,White,Married-civ-spouse,0,227065,Bachelors,Private,Exec-managerial,0,0,40,39,1
33,Male,White,Married-civ-spouse,0,204494,Some-college,Private,Exec-managerial,0,0,56,39,1
41,Male,White,Married-civ-spouse,0,221947,Some-college,Private,Exec-managerial,0,1887,50,39,1
44,Male,White,Married-civ-spouse,0,138975,HS-grad,Self-emp-not-inc,Craft-repair,0,0,55,39,0
42,Male,White,Married-civ-spouse,0,141558,Masters,Private,Prof-specialty,0,0,60,39,0
63,Female,White,Divorced,1,102412,HS-grad,Private,Sales,0,0,40,39,0
72,Male,Asian-Pac-Islander,Married-civ-spouse,0,76860,HS-grad,Other,Other,0,0,1,39,0
31,Male,Black,Never-married,1,217962,12th,Private,Handlers-cleaners,0,0,40,0,0
29,Female,White,Never-married,1,79481,Some-college,Private,Tech-support,0,0,40,39,0
38,Male,Asian-Pac-Islander,Married-civ-spouse,0,320451,Masters,Private,Prof-specialty,0,0,40,0,0
20,Male,White,Never-married,4,315877,HS-grad,Private,Other-service,0,2001,40,39,0
51,Male,White,Never-married,1,673764,Masters,Private,Prof-specialty,27828,0,40,39,1
65,Female,White,Widowed,4,243569,Some-college,Private,Other-service,0,0,24,39,0
59,Female,White,Divorced,4,214052,5th-6th,Private,Machine-op-inspct,0,0,40,39,0
55,Male,Black,Married-civ-spouse,0,132887,HS-grad,Private,Transport-moving,3411,0,40,23,0
44,Female,Black,Widowed,4,290521,HS-grad,Private,Exec-managerial,0,0,40,39,0
39,Male,White,Married-civ-spouse,0,84954,Some-college,Private,Sales,2829,0,65,39,0
21,Female,White,Never-married,3,221418,HS-grad,Private,Other-service,0,0,40,39,0
40,Female,White,Never-married,1,205987,Prof-school,Private,Exec-managerial,0,0,40,5,0
21,Female,White,Never-married,3,122348,Some-college,Private,Tech-support,0,0,35,39,0
31,Female,White,Divorced,4,51471,HS-grad,Private,Adm-clerical,0,0,38,39,0
40,Female,White,Divorced,4,197919,Assoc-acdm,Private,Sales,0,0,40,39,0
39,Female,White,Never-married,1,316582,Masters,Local-gov,Prof-specialty,0,0,55,39,0
27,Male,White,Never-married,3,113870,Masters,Self-emp-inc,Transport-moving,0,0,40,39,0
44,Male,White,Married-civ-spouse,0,54310,Masters,Private,Prof-specialty,7298,0,40,39,1
52,Male,Asian-Pac-Islander,Married-civ-spouse,0,74712,HS-grad,Self-emp-inc,Sales,0,0,40,39,1
82,Female,White,Widowed,1,194590,Assoc-voc,Other,Other,0,0,8,39,0
70,Male,White,Married-civ-spouse,0,36311,Bachelors,Self-emp-not-inc,Prof-specialty,20051,0,35,39,1
32,Male,Asian-Pac-Islander,Never-married,1,107218,Bachelors,Private,Adm-clerical,0,0,40,39,0
27,Female,White,Divorced,4,246440,11th,Private,Machine-op-inspct,0,0,40,39,0
31,Male,White,Married-civ-spouse,0,127215,Some-college,Private,Sales,0,0,40,39,0
51,Male,White,Married-civ-spouse,0,231230,Bachelors,Self-emp-inc,Exec-managerial,0,0,25,39,0
35,Female,White,Divorced,4,103966,Masters,Local-gov,Adm-clerical,0,0,41,39,0
35,Male,White,Never-married,3,181020,HS-grad,Private,Handlers-cleaners,0,0,60,39,0
28,Female,White,Married-civ-spouse,5,96219,Bachelors,Self-emp-not-inc,Sales,0,0,5,39,0
31,Female,Black,Never-married,3,184889,HS-grad,Private,Other-service,0,0,20,39,0
23,Female,White,Never-married,3,203353,Bachelors,Local-gov,Prof-specialty,0,0,45,39,0
33,Male,White,Married-civ-spouse,0,112941,HS-grad,Private,Machine-op-inspct,0,0,40,39,1
20,Male,White,Never-married,3,119156,Some-college,Other,Other,0,0,20,39,0
34,Female,White,Married-spouse-absent,1,188682,Bachelors,Local-gov,Prof-specialty,0,0,40,39,0
48,Male,White,Married-civ-spouse,0,79646,11th,Private,Farming-fishing,0,0,50,39,0
24,Male,White,Never-married,4,282202,HS-grad,Private,Other-service,0,0,40,8,0
39,Male,White,Married-spouse-absent,1,186934,Bachelors,Self-emp-inc,Sales,0,0,40,39,0
35,Male,White,Married-civ-spouse,0,334999,HS-grad,Private,Sales,0,0,45,39,0
48,Male,Black,Married-spouse-absent,1,133694,Bachelors,Self-emp-not-inc,Exec-managerial,0,0,40,23,1
46,Male,White,Married-civ-spouse,0,216666,9th,Private,Machine-op-inspct,0,0,40,13,0
50,Male,White,Married-civ-spouse,0,163998,Bachelors,Local-gov,Protective-serv,0,0,44,39,1
44,Female,Other,Married-civ-spouse,5,225879,Some-college,Private,Adm-clerical,0,0,30,26,1
51,Male,White,Divorced,1,332243,Bachelors,Private,Prof-specialty,0,0,45,39,0
58,Male,White,Married-civ-spouse,0,146477,Masters,Private,Exec-managerial,15024,0,40,12,1
50,Male,White,Married-civ-spouse,0,204402,HS-grad,Self-emp-not-inc,Farming-fishing,0,0,84,39,1
31,Female,White,Never-married,4,129761,HS-grad,Private,Exec-managerial,0,0,40,39,0
43,Female,White,Never-married,1,37402,Masters,Private,Exec-managerial,0,0,25,39,0
36,Male,White,Married-civ-spouse,0,139364,Bachelors,Private,Sales,0,0,50,39,1
24,Male,White,Never-married,2,179203,12th,Private,Sales,0,0,55,39,0
48,Male,White,Married-civ-spouse,0,192945,HS-grad,Self-emp-inc,Exec-managerial,7688,0,40,39,1
28,Male,White,Never-married,1,150025,11th,Private,Craft-repair,0,0,40,0,0
49,Female,Asian-Pac-Islander,Divorced,1,72333,Some-college,Private,Adm-clerical,0,0,40,39,0
22,Female,White,Never-married,3,201569,Bachelors,State-gov,Prof-specialty,0,0,20,39,0
25,Male,White,Married-civ-spouse,3,189897,HS-grad,Private,Craft-repair,0,0,40,39,0
32,Male,White,Married-civ-spouse,0,235124,Some-college,Private,Protective-serv,0,0,46,6,0
26,Male,Black,Married-civ-spouse,0,366219,HS-grad,Private,Craft-repair,0,1848,60,39,1
21,Female,White,Never-married,3,35424,Some-college,Private,Sales,0,0,25,39,0
31,Male,White,Never-married,1,197860,HS-grad,Private,Other-service,0,0,40,39,0
41,Male,White,Married-civ-spouse,0,314322,HS-grad,Private,Adm-clerical,0,0,40,39,1
18,Female,White,Never-married,3,57957,HS-grad,Private,Sales,0,0,15,39,0
21,Male,White,Never-married,3,231053,HS-grad,Private,Machine-op-inspct,0,0,30,39,0
45,Female,White,Married-civ-spouse,5,306889,Bachelors,Private,Exec-managerial,0,0,40,39,1
25,Male,White,Never-married,3,196627,11th,Other,Other,0,0,40,39,0
51,Male,White,Married-civ-spouse,0,168539,Bachelors,Local-gov,Exec-managerial,0,0,50,39,1
67,Male,White,Married-civ-spouse,0,132819,Some-college,State-gov,Protective-serv,0,0,41,39,1
47,Female,Black,Married-civ-spouse,5,181342,HS-grad,Private,Handlers-cleaners,0,0,40,39,0
35,Female,White,Separated,4,403037,HS-grad,Private,Adm-clerical,0,0,40,39,0
36,Male,Asian-Pac-Islander,Never-married,1,137421,12th,Private,Transport-moving,0,0,45,0,0
30,Male,White,Married-civ-spouse,0,106742,12th,Self-emp-not-inc,Transport-moving,0,0,75,39,0
38,Male,Black,Married-civ-spouse,0,174571,10th,Private,Craft-repair,0,0,45,39,0
49,Male,White,Married-civ-spouse,0,227800,7th-8th,Private,Prof-specialty,0,0,32,39,0
27,Male,White,Married-civ-spouse,2,144133,Bachelors,Private,Exec-managerial,0,0,50,39,0
58,Male,White,Married-civ-spouse,0,105592,7th-8th,Self-emp-not-inc,Transport-moving,0,0,40,39,1
40,Female,White,Divorced,1,168936,Assoc-voc,Private,Other-service,0,0,32,39,0
60,Female,White,Married-civ-spouse,5,54800,HS-grad,Private,Other-service,0,0,40,39,0
21,Female,White,Never-married,1,314645,Some-college,Other,Other,0,0,43,39,0
21,Male,White,Never-married,3,231866,HS-grad,Private,Farming-fishing,0,0,65,39,0
23,Female,Black,Never-married,3,149396,HS-grad,Private,Adm-clerical,0,0,40,39,0
46,Male,White,Married-civ-spouse,0,79874,Bachelors,Private,Exec-managerial,0,0,53,39,1
20,Female,White,Never-married,3,188300,Some-college,Private,Tech-support,0,0,40,39,0
60,Female,White,Married-civ-spouse,5,376133,HS-grad,Self-emp-inc,Adm-clerical,15024,0,15,39,1
43,Male,White,Married-civ-spouse,0,174051,Bachelors,Private,Craft-repair,0,0,48,39,0
36,Male,White,Never-married,1,77146,Masters,State-gov,Prof-specialty,0,0,40,39,0
29,Male,White,Divorced,3,243875,Assoc-voc,State-gov,Adm-clerical,0,0,40,39,0
78,Male,Asian-Pac-Islander,Married-civ-spouse,0,105586,5th-6th,Private,Transport-moving,0,0,36,39,0
36,Male,White,Married-civ-spouse,0,112497,Bachelors,Private,Tech-support,0,0,40,39,0
32,Female,White,Never-married,4,251612,5th-6th,Other,Other,0,0,45,26,0
22,Male,White,Never-married,3,238831,Some-college,Local-gov,Protective-serv,0,0,40,39,0
40,Male,Other,Married-spouse-absent,3,214891,Bachelors,Private,Transport-moving,0,0,45,0,0
36,Male,White,Married-civ-spouse,0,306646,Bachelors,Private,Exec-managerial,0,0,55,39,1
74,Male,White,Widowed,1,181508,HS-grad,Federal-gov,Other-service,0,0,17,39,0
26,Female,White,Married-civ-spouse,5,515025,10th,Private,Handlers-cleaners,0,0,40,39,0
71,Male,White,Married-civ-spouse,0,138145,9th,Private,Other-service,0,0,40,39,0
31,Male,White,Married-civ-spouse,0,114691,HS-grad,Private,Machine-op-inspct,0,0,40,39,1
34,Male,White,Divorced,1,80933,HS-grad,Self-emp-not-inc,Farming-fishing,0,0,40,39,0
25,Female,White,Married-spouse-absent,1,210095,11th,Private,Handlers-cleaners,0,0,40,26,0
47,Male,White,Married-civ-spouse,0,265097,HS-grad,Self-emp-not-inc,Transport-moving,0,0,45,39,1
55,Male,White,Married-civ-spouse,0,185459,Masters,Private,Sales,0,0,50,39,1
58,Female,White,Divorced,4,142158,Bachelors,Private,Exec-managerial,0,0,35,39,0
26,Male,White,Married-civ-spouse,0,212748,HS-grad,Private,Transport-moving,0,0,40,39,0
32,Male,White,Married-civ-spouse,0,111567,HS-grad,State-gov,Craft-repair,0,0,49,39,1
47,Male,White,Divorced,1,49298,HS-grad,Private,Sales,0,0,50,39,0
39,Male,White,Married-civ-spouse,0,194404,Masters,Private,Prof-specialty,7688,0,40,39,1
47,Male,White,Married-civ-spouse,0,34248,Assoc-voc,Private,Sales,0,0,40,39,1
21,Male,White,Never-married,3,218957,11th,Private,Craft-repair,0,0,45,39,0
59,Male,White,Married-civ-spouse,0,293971,Some-college,Federal-gov,Tech-support,0,0,40,39,1
64,Male,White,Married-civ-spouse,0,116620,Masters,Local-gov,Prof-specialty,0,0,25,39,0
38,Female,White,Divorced,4,190776,Assoc-acdm,Private,Craft-repair,0,0,40,39,0
23,Male,Asian-Pac-Islander,Never-married,3,184400,10th,Private,Transport-moving,0,0,30,0,0
21,Female,Black,Never-married,4,688355,HS-grad,Private,Adm-clerical,0,0,40,39,0
38,Male,White,Married-civ-spouse,0,32916,Assoc-voc,Private,Craft-repair,0,0,55,39,1
40,Male,White,Never-married,1,287079,HS-grad,Private,Farming-fishing,0,0,55,39,0
40,Male,White,Never-married,2,184655,Assoc-acdm,Private,Other-service,0,0,25,39,0
36,Male,White,Never-married,1,143385,HS-grad,Private,Craft-repair,0,0,40,39,0
17,Female,White,Never-married,3,56536,11th,Private,Sales,1055,0,18,19,0
49,Male,White,Married-civ-spouse,0,250733,HS-grad,Private,Craft-repair,0,0,46,39,0
23,Female,White,Never-married,3,227594,Bachelors,Private,Prof-specialty,0,0,38,39,0
43,Male,White,Married-civ-spouse,0,233865,HS-grad,Local-gov,Exec-managerial,0,0,40,39,1
31,Male,White,Never-married,1,329874,Some-college,Private,Adm-clerical,0,0,40,39,0
36,Male,White,Divorced,1,73023,HS-grad,Private,Craft-repair,0,0,55,39,0
26,Male,Other,Married-civ-spouse,0,292353,7th-8th,Private,Machine-op-inspct,0,0,40,39,0
35,Female,White,Married-civ-spouse,5,217605,HS-grad,Private,Handlers-cleaners,0,0,40,39,0
39,Female,White,Divorced,4,327435,HS-grad,Local-gov,Craft-repair,0,0,40,39,0
27,Female,White,Divorced,3,146719,HS-grad,Private,Sales,0,0,35,39,0
32,Male,White,Married-civ-spouse,0,195602,Bachelors,Private,Sales,0,1977,45,39,1
51,Male,White,Married-civ-spouse,0,20795,HS-grad,Federal-gov,Transport-moving,7688,0,40,39,1
30,Male,White,Married-civ-spouse,0,84119,Some-college,Private,Craft-repair,0,2051,40,39,0
43,Male,Asian-Pac-Islander,Married-civ-spouse,0,125833,Bachelors,Private,Adm-clerical,0,0,40,40,0
44,Male,White,Married-civ-spouse,0,104196,Masters,Private,Exec-managerial,0,0,45,39,1
28,Male,White,Married-civ-spouse,0,201861,Some-college,Private,Machine-op-inspct,0,0,45,39,0
43,Female,White,Never-married,4,222971,5th-6th,Private,Machine-op-inspct,0,0,40,26,0
49,Male,White,Married-civ-spouse,0,269527,Masters,Local-gov,Prof-specialty,7298,0,40,39,1
42,Male,White,Married-civ-spouse,0,245307,Bachelors,Local-gov,Exec-managerial,0,1977,48,39,1
41,Male,White,Married-civ-spouse,0,94113,Prof-school,Self-emp-inc,Prof-specialty,0,0,60,39,1
40,Male,White,Married-civ-spouse,0,200574,Assoc-acdm,Private,Tech-support,0,0,44,39,0
27,Male,White,Married-civ-spouse,0,265314,HS-grad,Private,Transport-moving,0,0,45,39,1
35,Male,White,Married-civ-spouse,0,222989,HS-grad,Private,Transport-moving,0,0,30,39,0
22,Female,White,Never-married,3,34747,HS-grad,Private,Other-service,0,0,35,39,0
31,Male,White,Married-civ-spouse,0,177675,Bachelors,Self-emp-not-inc,Prof-specialty,0,0,40,39,1
76,Male,White,Married-civ-spouse,0,211574,10th,Other,Other,0,0,1,39,0
37,Female,White,Divorced,4,108293,Assoc-acdm,State-gov,Prof-specialty,0,0,38,39,0
32,Female,Black,Never-married,4,188245,11th,Private,Priv-house-serv,0,0,40,39,0
27,Male,White,Never-married,1,271603,7th-8th,Private,Other-service,0,0,24,0,0
46,Female,White,Widowed,4,162030,HS-grad,Private,Adm-clerical,0,0,43,39,0
18,Male,White,Never-married,3,174202,HS-grad,Self-emp-inc,Transport-moving,0,0,60,39,0
25,Female,White,Never-married,1,252752,Some-college,Private,Transport-moving,0,0,45,39,0
29,Female,White,Never-married,3,114158,Bachelors,Private,Exec-managerial,3325,0,10,39,0
46,Female,White,Widowed,4,160647,Bachelors,Private,Tech-support,0,0,38,39,0
42,Male,White,Married-civ-spouse,0,123838,Prof-school,Self-emp-inc,Prof-specialty,0,1977,50,39,1
34,Female,White,Divorced,4,120959,Some-college,Private,Adm-clerical,0,0,40,39,0
35,Female,White,Married-civ-spouse,5,182467,Assoc-voc,Private,Craft-repair,0,0,44,39,0
48,Male,White,Married-civ-spouse,0,185291,Bachelors,Other,Other,0,0,6,39,0
17,Female,White,Never-married,3,153035,10th,Private,Sales,0,0,20,39,0
34,Female,White,Divorced,4,182218,Assoc-voc,Private,Prof-specialty,0,0,40,39,0
29,Female,White,Married-civ-spouse,5,44921,HS-grad,Other,Other,0,0,40,39,0
34,Male,White,Married-civ-spouse,0,27153,HS-grad,Private,Transport-moving,0,0,40,39,0
38,Male,White,Married-civ-spouse,0,186934,Some-college,Private,Craft-repair,0,0,45,39,0
44,Male,White,Married-civ-spouse,0,197462,HS-grad,Private,Machine-op-inspct,0,0,40,39,0
39,Male,White,Married-civ-spouse,0,80324,Some-college,Private,Exec-managerial,0,1977,62,39,1
36,Female,White,Divorced,1,178222,Bachelors,Local-gov,Prof-specialty,0,0,60,39,0
39,Male,White,Married-civ-spouse,0,30916,Some-college,Federal-gov,Exec-managerial,0,1902,50,39,1
64,Male,White,Married-civ-spouse,0,31993,7th-8th,Local-gov,Protective-serv,0,0,10,39,0
48,Male,White,Divorced,1,139212,Some-college,Self-emp-not-inc,Craft-repair,0,0,40,39,0
76,Male,White,Married-civ-spouse,0,174309,Masters,Self-emp-not-inc,Craft-repair,0,0,10,39,0
17,Male,Black,Never-married,3,143868,9th,Private,Other-service,0,0,40,39,0
28,Male,White,Married-civ-spouse,0,204074,Masters,Private,Prof-specialty,0,0,48,39,0
20,Male,White,Never-married,1,231981,Some-college,Private,Transport-moving,0,0,32,39,0
32,Female,White,Never-married,1,98656,Masters,Private,Exec-managerial,0,0,40,39,0
38,Male,White,Married-civ-spouse,0,206951,HS-grad,Self-emp-inc,Exec-managerial,0,0,65,39,0
24,Male,White,Never-married,4,37440,Bachelors,Self-emp-not-inc,Farming-fishing,0,0,50,39,0
31,Male,White,Married-civ-spouse,0,189759,Masters,Private,Sales,0,0,40,39,1
40,Female,Black,Widowed,4,205175,HS-grad,Private,Machine-op-inspct,0,0,37,39,0
20,Female,White,Never-married,3,176321,12th,Private,Adm-clerical,0,0,40,26,0
35,Male,White,Never-married,4,98389,Some-college,Other,Other,0,0,10,39,0
40,Male,White,Married-civ-spouse,0,199900,Assoc-acdm,Private,Exec-managerial,0,1848,55,39,1
24,Male,White,Never-married,1,243368,Preschool,Private,Farming-fishing,0,0,36,26,0
29,Female,White,Married-civ-spouse,5,376302,Assoc-voc,Local-gov,Tech-support,0,0,35,27,1
36,Female,Black,Never-married,4,305714,HS-grad,Local-gov,Other-service,0,0,70,39,0
22,Female,White,Never-married,4,351952,Some-college,Private,Prof-specialty,0,0,20,39,0
39,Male,White,Married-civ-spouse,0,174343,9th,Private,Craft-repair,0,0,40,39,0
32,Male,White,Married-civ-spouse,0,281030,HS-grad,Private,Machine-op-inspct,0,0,40,39,0
39,Male,White,Married-civ-spouse,0,191161,Some-college,Private,Craft-repair,0,0,40,39,0
44,Male,White,Never-married,1,320277,Bachelors,Private,Prof-specialty,0,0,40,39,0
19,Female,White,Never-married,3,104844,Some-college,Private,Sales,0,0,15,39,0
39,Female,White,Married-civ-spouse,5,110426,Assoc-acdm,Private,Exec-managerial,15024,0,45,39,1
35,Male,White,Married-civ-spouse,0,49020,Masters,Private,Exec-managerial,0,0,60,39,1
41,Male,White,Married-civ-spouse,0,150755,Doctorate,Private,Exec-managerial,15024,0,50,2,1
52,Male,White,Married-civ-spouse,0,22428,Bachelors,Federal-gov,Protective-serv,0,0,60,39,1
65,Female,White,Widowed,1,398001,HS-grad,Private,Adm-clerical,0,0,20,39,0
24,Male,Asian-Pac-Islander,Never-married,1,289886,11th,Local-gov,Other-service,0,0,45,39,0
40,Male,White,Never-married,1,408229,1st-4th,Private,Other-service,0,0,45,8,0
35,Male,White,Married-civ-spouse,0,189404,Some-college,Self-emp-inc,Sales,0,1740,40,39,0
23,Male,White,Never-married,3,314819,HS-grad,Local-gov,Transport-moving,0,0,40,39,0
50,Female,White,Separated,4,207246,Some-college,Self-emp-inc,Exec-managerial,0,0,75,39,0
41,Female,White,Married-civ-spouse,5,168324,Some-college,Private,Adm-clerical,0,0,40,39,1
37,Female,Black,Separated,4,253420,HS-grad,Private,Other-service,0,0,25,39,0
22,Female,White,Married-civ-spouse,2,399087,5th-6th,Private,Machine-op-inspct,0,0,40,26,0
26,Male,White,Married-civ-spouse,0,256000,Prof-school,Private,Prof-specialty,99999,0,60,39,1
56,Male,White,Never-married,1,285730,Masters,Private,Prof-specialty,0,0,66,39,0
31,Female,White,Divorced,4,32406,Some-college,Private,Craft-repair,0,0,20,39,0
50,Male,White,Married-civ-spouse,0,136913,HS-grad,Self-emp-inc,Farming-fishing,0,0,50,39,0
35,Male,White,Married-civ-spouse,0,668319,Bachelors,Local-gov,Exec-managerial,0,1740,80,39,0
34,Male,White,Married-civ-spouse,0,153927,HS-grad,Private,Craft-repair,0,0,40,39,0
21,Male,White,Never-married,3,99199,Masters,State-gov,Transport-moving,0,0,15,39,0
26,Male,White,Married-civ-spouse,0,137795,Bachelors,Self-emp-not-inc,Exec-managerial,0,0,20,39,0
29,Male,White,Married-civ-spouse,0,308136,Some-college,Private,Craft-repair,0,0,40,39,0
52,Male,White,Married-civ-spouse,0,108435,Masters,Private,Exec-managerial,0,1902,50,12,1
28,Female,White,Never-married,1,157624,Bachelors,Private,Adm-clerical,0,0,40,39,0
47,Male,White,Married-civ-spouse,0,216657,HS-grad,Self-emp-not-inc,Farming-fishing,0,0,60,39,0
20,Male,White,Never-married,3,236769,Some-college,Private,Handlers-cleaners,0,0,40,39,0
33,Male,White,Married-civ-spouse,0,341187,Bachelors,Private,Exec-managerial,0,0,50,39,1
25,Male,White,Never-married,1,242700,Some-college,Private,Transport-moving,10520,0,50,39,1
27,Male,White,Married-civ-spouse,0,297296,HS-grad,Private,Craft-repair,0,0,40,39,0
31,Female,White,Separated,4,403468,Some-college,Private,Other-service,0,0,50,26,0
22,Male,White,Married-civ-spouse,0,219086,Some-college,Private,Sales,0,0,55,39,0
43,Female,Black,Never-married,4,211860,HS-grad,Private,Other-service,0,0,24,39,0
25,Male,White,Married-civ-spouse,0,262664,Bachelors,State-gov,Protective-serv,0,0,40,39,1
47,Male,White,Married-civ-spouse,0,33710,Bachelors,Private,Exec-managerial,3103,0,60,39,1
39,Female,White,Divorced,4,301568,Some-college,Private,Sales,0,0,40,39,0
30,Female,White,Divorced,4,98733,Some-college,Private,Machine-op-inspct,0,0,20,39,0
58,Female,White,Divorced,1,196643,HS-grad,Private,Sales,0,0,15,39,0
18,Male,White,Never-married,2,40293,HS-grad,Self-emp-not-inc,Farming-fishing,0,0,40,39,0
58,Male,White,Married-civ-spouse,0,280309,Assoc-acdm,Private,Exec-managerial,5178,0,60,39,1
61,Male,White,Married-civ-spouse,0,72442,11th,Private,Other-service,0,0,40,39,1
35,Female,White,Divorced,4,208165,HS-grad,Private,Exec-managerial,0,0,50,39,0
49,Female,White,Married-civ-spouse,5,158685,HS-grad,Self-emp-inc,Adm-clerical,0,2377,40,39,1
42,Male,Black,Married-civ-spouse,0,280410,HS-grad,Private,Other-service,0,0,40,14,0
74,Male,White,Divorced,2,192413,Prof-school,Self-emp-not-inc,Prof-specialty,0,0,40,39,0
33,Male,White,Married-civ-spouse,0,259301,Some-college,Private,Transport-moving,0,0,41,39,0
37,Female,Black,Never-married,1,421633,Masters,Private,Exec-managerial,0,0,40,39,1
29,Male,White,Never-married,1,274010,Some-college,Private,Prof-specialty,0,0,45,39,0
63,Female,White,Widowed,4,34098,10th,Private,Farming-fishing,0,0,56,39,0
34,Male,White,Married-civ-spouse,0,220840,5th-6th,Private,Farming-fishing,0,0,40,26,0
50,Male,White,Married-civ-spouse,0,177705,Some-college,Local-gov,Adm-clerical,0,1740,48,39,0
28,Male,White,Never-married,1,419740,Bachelors,Local-gov,Prof-specialty,0,0,52,39,0
51,Female,White,Divorced,1,129177,HS-grad,Private,Adm-clerical,0,0,38,39,0
25,Male,White,Never-married,3,22546,Bachelors,Private,Transport-moving,0,0,60,39,0
34,Male,White,Married-civ-spouse,0,184942,11th,Private,Transport-moving,0,0,50,39,0
40,Male,White,Married-civ-spouse,0,146908,HS-grad,Private,Prof-specialty,0,1902,40,39,1
34,Female,White,Divorced,4,101517,Some-college,Local-gov,Adm-clerical,0,0,35,39,0
42,Male,White,Divorced,1,46094,Bachelors,Local-gov,Transport-moving,0,0,33,39,0
36,Male,White,Married-civ-spouse,0,186415,HS-grad,Private,Handlers-cleaners,0,0,65,39,0
62,Female,White,Widowed,1,26966,Some-college,Private,Adm-clerical,0,0,40,39,0
44,Male,White,Married-civ-spouse,0,171484,10th,Private,Machine-op-inspct,0,0,40,39,1
44,Male,White,Married-civ-spouse,0,242619,Some-college,Private,Machine-op-inspct,0,0,40,39,0
43,Male,White,Married-civ-spouse,0,25005,Masters,Federal-gov,Handlers-cleaners,5013,0,12,39,0
53,Female,White,Married-civ-spouse,5,124076,Doctorate,Private,Prof-specialty,99999,0,37,39,1
68,Male,White,Widowed,1,67791,Some-college,Private,Sales,0,0,40,39,0
27,Male,Black,Never-married,1,469705,HS-grad,Federal-gov,Craft-repair,0,1980,40,39,0
37,Male,White,Married-civ-spouse,0,212900,HS-grad,Private,Craft-repair,0,0,40,39,0
51,Male,White,Married-civ-spouse,0,72436,HS-grad,Federal-gov,Exec-managerial,0,0,57,39,1
43,Female,White,Never-married,1,101950,Masters,Private,Exec-managerial,0,0,45,39,0
60,Female,White,Divorced,1,106850,10th,Private,Machine-op-inspct,0,0,40,39,0
56,Female,White,Married-civ-spouse,5,100776,HS-grad,Private,Sales,0,0,50,39,0
58,Female,White,Widowed,1,293399,11th,Private,Machine-op-inspct,0,0,40,39,0
24,Female,White,Never-married,3,163665,Bachelors,Private,Other-service,0,0,40,39,0
47,Male,White,Married-civ-spouse,0,121124,9th,Private,Machine-op-inspct,0,0,40,39,0
41,Female,White,Married-civ-spouse,5,176663,HS-grad,State-gov,Adm-clerical,0,0,40,39,0
20,Female,White,Separated,3,344492,HS-grad,Private,Sales,0,0,26,39,0
38,Female,White,Divorced,1,335104,Bachelors,Private,Prof-specialty,0,0,35,39,0
19,Female,White,Never-married,3,276973,Some-college,Local-gov,Prof-specialty,0,0,20,39,0
34,Female,White,Never-married,1,434463,Bachelors,Private,Machine-op-inspct,0,0,39,39,0
47,Male,White,Married-civ-spouse,0,256866,HS-grad,Private,Transport-moving,0,0,48,39,0
29,Male,White,Married-civ-spouse,0,160731,HS-grad,Private,Craft-repair,0,0,45,39,1
45,Male,White,Married-civ-spouse,0,54190,Masters,Local-gov,Prof-specialty,0,0,50,39,1
47,Male,White,Married-civ-spouse,0,328610,HS-grad,Local-gov,Craft-repair,0,0,40,39,0
40,Female,White,Divorced,4,213019,HS-grad,Private,Sales,0,0,30,39,0
51,Male,White,Never-married,4,35295,HS-grad,Self-emp-not-inc,Farming-fishing,0,0,45,39,0
41,Male,White,Married-civ-spouse,0,69333,HS-grad,Private,Craft-repair,0,0,45,39,1
31,Female,White,Married-civ-spouse,5,109428,Assoc-acdm,Private,Adm-clerical,0,1740,40,39,0
53,Female,White,Divorced,1,103995,Bachelors,Local-gov,Prof-specialty,0,1876,54,39,0
43,Male,Asian-Pac-Islander,Married-civ-spouse,0,180303,Bachelors,Private,Exec-managerial,0,0,50,39,1
33,Male,White,Married-civ-spouse,0,159574,7th-8th,Private,Adm-clerical,0,0,45,39,0
21,Female,White,Never-married,1,29810,HS-grad,Private,Other-service,0,0,50,39,0
37,Male,White,Married-civ-spouse,0,143058,10th,Private,Craft-repair,0,0,50,39,0
35,Male,White,Divorced,4,183898,HS-grad,Private,Craft-repair,2354,0,40,39,0
26,Female,White,Never-married,3,103700,Some-college,Private,Tech-support,0,0,40,39,0
36,Male,White,Married-civ-spouse,0,261382,Masters,Private,Sales,15024,0,45,39,1
37,Male,White,Married-civ-spouse,0,291518,Bachelors,Self-emp-inc,Craft-repair,15024,0,55,39,1
22,Female,White,Never-married,1,46645,Bachelors,Private,Prof-specialty,0,0,9,39,0
27,Male,White,Divorced,1,269444,HS-grad,Private,Handlers-cleaners,0,0,40,39,0
51,Male,White,Married-civ-spouse,0,162944,HS-grad,Private,Craft-repair,0,0,40,39,0
38,Male,White,Married-civ-spouse,0,127961,Some-college,Self-emp-not-inc,Machine-op-inspct,0,0,45,39,1
22,Male,White,Never-married,1,153516,Bachelors,Private,Prof-specialty,0,0,40,39,0
41,Male,White,Married-civ-spouse,0,133060,Assoc-acdm,Federal-gov,Prof-specialty,0,0,40,39,1
30,Male,White,Married-civ-spouse,0,261319,7th-8th,Local-gov,Transport-moving,0,0,40,39,0
20,Female,White,Never-married,1,190429,Some-college,Private,Other-service,0,0,40,39,0
30,Male,White,Never-married,2,504725,10th,Private,Sales,0,0,18,13,0
40,Male,White,Married-civ-spouse,0,193524,Some-college,Self-emp-inc,Farming-fishing,0,0,40,39,1
43,Male,White,Married-civ-spouse,0,240124,Assoc-voc,Private,Craft-repair,0,0,40,39,0
33,Male,White,Married-civ-spouse,0,511517,HS-grad,Private,Prof-specialty,0,0,40,39,0
35,Male,White,Married-civ-spouse,0,280966,Some-college,Private,Sales,0,0,40,39,0
25,Male,White,Never-married,3,441210,HS-grad,Private,Prof-specialty,0,0,40,39,0
31,Male,White,Married-civ-spouse,0,108464,Assoc-acdm,Federal-gov,Tech-support,0,0,40,39,0
31,Male,Asian-Pac-Islander,Married-civ-spouse,0,56510,Some-college,Private,Craft-repair,0,0,40,39,0
23,Female,White,Never-married,3,201682,Bachelors,Self-emp-inc,Adm-clerical,0,0,35,39,0
81,Male,White,Married-civ-spouse,0,136063,HS-grad,Self-emp-not-inc,Exec-managerial,0,0,30,39,0
46,Male,Black,Divorced,4,501671,10th,Private,Machine-op-inspct,0,0,40,39,0
30,Female,White,Married-civ-spouse,5,311913,HS-grad,Local-gov,Adm-clerical,0,0,40,39,1
40,Female,White,Divorced,4,337456,HS-grad,Private,Protective-serv,0,0,40,39,0
23,Female,White,Never-married,1,289982,HS-grad,Private,Sales,0,0,40,39,0
41,Male,White,Married-civ-spouse,0,180138,Bachelors,Private,Exec-managerial,0,0,50,20,1
41,Female,White,Married-civ-spouse,5,277390,Bachelors,Other,Other,0,0,30,39,1
17,Male,White,Never-married,3,167878,11th,Private,Other-service,0,0,20,39,0
48,Male,White,Married-civ-spouse,0,138970,Bachelors,Private,Exec-managerial,0,0,45,39,1
29,Male,White,Married-civ-spouse,0,149211,Bachelors,Private,Tech-support,0,0,40,39,0
21,Male,White,Married-civ-spouse,0,109952,10th,Private,Machine-op-inspct,0,0,50,39,0
23,Male,White,Never-married,3,549349,Some-college,Private,Tech-support,0,0,40,39,0
56,Male,White,Never-married,3,197114,HS-grad,Private,Handlers-cleaners,0,0,28,39,0
34,Male,White,Married-civ-spouse,0,35644,Some-college,Private,Craft-repair,0,0,40,39,1
65,Male,White,Married-civ-spouse,0,258561,Bachelors,Private,Other-service,0,0,20,39,0
29,Female,White,Divorced,4,452205,HS-grad,Private,Other-service,0,0,36,39,0
20,Male,White,Never-married,2,238917,HS-grad,Private,Craft-repair,0,0,40,8,0
35,Male,Amer-Indian-Eskimo,Never-married,4,107233,HS-grad,Local-gov,Adm-clerical,0,0,55,39,0
32,Male,Other,Married-civ-spouse,0,381583,HS-grad,Private,Craft-repair,0,0,40,39,0
28,Male,White,Never-married,2,356089,Bachelors,Local-gov,Prof-specialty,0,0,50,39,0
40,Female,White,Married-civ-spouse,5,237671,Some-college,Private,Tech-support,0,0,40,39,1
38,Male,White,Married-civ-spouse,0,497788,HS-grad,Private,Craft-repair,0,0,50,39,0
63,Male,White,Married-civ-spouse,0,275034,Bachelors,Private,Sales,0,1740,35,39,0
20,Male,White,Never-married,3,424034,Some-college,Other,Other,0,0,15,39,0
30,Male,White,Never-married,1,247328,Some-college,Local-gov,Adm-clerical,0,0,40,39,0
46,Male,White,Married-civ-spouse,0,321327,Some-college,Private,Transport-moving,7298,0,45,39,1
36,Female,Black,Separated,3,282602,Assoc-voc,Local-gov,Adm-clerical,0,0,40,39,0
18,Male,White,Never-married,3,115258,11th,Other,Other,0,0,12,39,0
29,Female,White,Divorced,4,167716,HS-grad,Private,Other-service,0,0,99,39,0
30,Female,Black,Separated,4,242122,HS-grad,State-gov,Adm-clerical,0,0,40,39,0
45,Male,White,Married-civ-spouse,0,201127,Some-college,Federal-gov,Prof-specialty,0,0,56,39,1
20,Male,Black,Never-married,3,164441,HS-grad,Private,Other-service,0,0,40,39,0
48,Male,White,Married-civ-spouse,0,377757,10th,Private,Sales,0,0,70,39,0
34,Female,White,Divorced,4,105493,Masters,Private,Prof-specialty,0,0,40,39,0
61,Male,White,Married-civ-spouse,0,116230,Bachelors,Other,Other,0,0,40,39,1
22,Male,White,Never-married,1,316509,HS-grad,Private,Craft-repair,0,0,50,39,0
65,Female,White,Divorced,1,196174,10th,Private,Handlers-cleaners,0,0,28,39,0
52,Male,White,Married-civ-spouse,0,177727,10th,Self-emp-inc,Sales,4064,0,45,39,0
19,Male,White,Never-married,3,162094,HS-grad,Private,Machine-op-inspct,0,0,40,39,0
53,Male,White,Divorced,1,71772,Doctorate,Private,Prof-specialty,0,0,50,39,0
22,Male,White,Never-married,3,192017,HS-grad,Private,Adm-clerical,0,0,40,39,0
52,Male,White,Married-civ-spouse,0,254211,Masters,Self-emp-inc,Prof-specialty,15024,0,60,39,1
54,Male,Black,Separated,4,378747,10th,Private,Transport-moving,0,0,45,39,1
44,Male,White,Married-civ-spouse,0,377018,Assoc-voc,Private,Craft-repair,0,0,40,39,1
31,Female,White,Separated,4,165148,HS-grad,Private,Exec-managerial,0,0,12,39,0
36,Male,Black,Never-married,1,201769,11th,Private,Protective-serv,13550,0,40,39,1
25,Male,White,Never-married,2,188488,HS-grad,Private,Machine-op-inspct,0,0,40,39,0
34,Female,White,Divorced,4,19847,HS-grad,Private,Adm-clerical,0,0,40,39,0
33,Female,White,Never-married,1,124407,Bachelors,Private,Prof-specialty,0,0,40,39,0
47,Male,White,Married-civ-spouse,0,212120,HS-grad,Self-emp-inc,Craft-repair,0,0,40,39,1
30,Male,White,Never-married,4,157289,11th,Other,Other,0,0,40,39,0
77,Female,White,Widowed,1,71676,Some-college,Self-emp-not-inc,Adm-clerical,0,1944,1,39,0
19,Female,White,Never-married,3,97189,Some-college,Private,Sales,0,0,22,39,0
25,Male,White,Married-civ-spouse,0,219987,Assoc-acdm,Other,Other,0,0,13,39,0
58,Male,Asian-Pac-Islander,Married-civ-spouse,0,137547,Bachelors,Private,Other-service,0,0,40,35,0
36,Male,White,Married-civ-spouse,0,268292,HS-grad,Private,Craft-repair,0,0,41,39,0
30,Male,White,Never-married,3,164190,Prof-school,Self-emp-not-inc,Prof-specialty,0,0,40,39,0
22,Female,White,Never-married,3,226327,Some-college,Private,Adm-clerical,0,0,40,39,0
50,Male,White,Married-civ-spouse,0,168212,Masters,Private,Craft-repair,0,1902,45,39,1
37,Male,White,Never-married,1,29145,Assoc-voc,Private,Other-service,0,0,40,39,0
21,Female,White,Never-married,3,151158,Some-college,Private,Prof-specialty,0,0,25,39,0
22,Female,Black,Never-married,4,401335,Some-college,Private,Other-service,0,0,30,39,0
44,Male,White,Married-civ-spouse,0,161819,HS-grad,Private,Machine-op-inspct,0,0,40,39,1
50,Female,White,Divorced,1,344621,HS-grad,Private,Machine-op-inspct,0,0,40,39,0
47,Male,White,Married-civ-spouse,0,112791,HS-grad,Private,Protective-serv,0,0,40,39,0
30,Male,White,Never-married,1,203488,Some-college,Private,Craft-repair,0,0,44,39,0
36,Male,White,Married-civ-spouse,0,361888,HS-grad,Private,Transport-moving,0,0,45,39,1
52,Female,White,Divorced,1,224198,HS-grad,Private,Sales,0,0,48,39,0
42,Male,White,Married-civ-spouse,0,116632,Doctorate,Private,Prof-specialty,0,0,45,39,1
38,Male,White,Separated,4,103456,Bachelors,Private,Prof-specialty,0,0,40,39,0
19,Female,White,Never-married,3,237455,HS-grad,Private,Handlers-cleaners,0,0,25,39,0
29,Male,White,Never-married,2,164711,Some-college,Private,Handlers-cleaners,0,0,40,39,0
32,Female,White,Married-spouse-absent,1,257068,Some-college,Private,Transport-moving,0,0,37,39,0
38,Male,White,Married-civ-spouse,0,99146,Bachelors,Self-emp-inc,Exec-managerial,15024,0,80,39,1
49,Male,White,Married-civ-spouse,0,59612,Some-college,Private,Sales,0,0,44,39,0
19,Male,White,Never-married,3,117444,HS-grad,Private,Craft-repair,0,0,40,39,0
40,Male,White,Married-civ-spouse,0,79531,Bachelors,Private,Exec-managerial,0,0,75,39,1
58,Male,White,Married-civ-spouse,0,215190,11th,Private,Other-service,0,0,20,39,0
59,Male,White,Married-civ-spouse,0,165315,Bachelors,Self-emp-not-inc,Prof-specialty,99999,0,43,39,1
31,Male,White,Married-civ-spouse,0,150324,HS-grad,Local-gov,Craft-repair,0,0,40,39,0
25,Male,White,Never-married,4,220284,HS-grad,Private,Transport-moving,0,0,40,26,0
22,Female,White,Never-married,3,157332,Some-college,State-gov,Other-service,0,0,15,39,0
41,Male,White,Married-civ-spouse,0,116520,Doctorate,State-gov,Prof-specialty,0,0,40,39,1
40,Female,White,Never-married,1,130834,Some-college,Private,Adm-clerical,0,0,40,39,0
81,Female,White,Married-civ-spouse,5,247232,10th,Self-emp-inc,Exec-managerial,2936,0,28,39,0
17,Female,White,Never-married,3,47425,11th,Private,Other-service,0,0,15,39,0
43,Male,White,Married-civ-spouse,0,64112,Some-college,Self-emp-not-inc,Farming-fishing,0,0,50,39,0
37,Male,White,Married-civ-spouse,0,312232,Bachelors,Local-gov,Protective-serv,5178,0,40,39,1
63,Male,White,Never-married,1,125954,HS-grad,Private,Machine-op-inspct,2174,0,40,39,0
54,Female,White,Widowed,4,198546,Masters,Private,Adm-clerical,0,0,38,39,0
23,Male,White,Married-civ-spouse,0,40060,Some-college,Private,Handlers-cleaners,0,0,40,39,0
25,Female,Asian-Pac-Islander,Never-married,2,226891,Assoc-voc,Private,Other-service,0,0,40,0,0
33,Female,Black,Married-civ-spouse,5,376483,Bachelors,Private,Adm-clerical,0,0,30,39,0
40,Female,White,Divorced,4,341204,Some-college,Private,Exec-managerial,1831,0,30,39,0
36,Female,White,Divorced,4,146412,Some-college,Private,Adm-clerical,0,0,40,39,0
25,Male,White,Married-civ-spouse,0,27142,Some-college,Federal-gov,Exec-managerial,0,0,40,39,1
42,Male,White,Married-civ-spouse,0,190044,Bachelors,State-gov,Exec-managerial,15024,0,50,39,1
26,Male,White,Never-married,3,37918,HS-grad,Self-emp-not-inc,Farming-fishing,0,0,60,39,0
34,Male,White,Married-civ-spouse,0,153942,Assoc-voc,Private,Sales,0,0,40,39,0
25,Male,White,Married-civ-spouse,0,131463,Bachelors,Private,Prof-specialty,0,0,40,39,0
44,Male,White,Married-civ-spouse,0,336513,Some-college,Private,Prof-specialty,0,0,45,39,0
23,Male,White,Never-married,3,163090,Assoc-acdm,Private,Sales,0,0,20,39,0
27,Male,White,Separated,2,202206,11th,Private,Farming-fishing,0,0,40,33,0
17,Male,White,Never-married,3,32607,10th,Private,Farming-fishing,0,0,20,39,0
22,Male,White,Married-civ-spouse,0,233624,HS-grad,Private,Craft-repair,0,0,43,39,0
42,Female,White,Widowed,1,182342,Some-college,Private,Exec-managerial,0,0,55,39,0
52,Male,White,Married-civ-spouse,0,343440,Some-college,Private,Prof-specialty,0,0,40,39,0
23,Male,White,Never-married,4,62278,HS-grad,Private,Craft-repair,0,0,40,39,0
28,Male,White,Married-civ-spouse,0,299422,7th-8th,Private,Handlers-cleaners,0,0,40,26,0
36,Female,Asian-Pac-Islander,Divorced,2,152744,Bachelors,Private,Sales,0,0,40,35,0
40,Male,White,Divorced,1,201764,HS-grad,Private,Craft-repair,0,0,40,39,0
34,Female,White,Never-married,4,340458,12th,Private,Adm-clerical,0,0,40,39,0
18,Male,White,Never-married,3,376647,HS-grad,Private,Handlers-cleaners,2176,0,25,39,0
47,Female,Black,Divorced,1,159550,HS-grad,Private,Adm-clerical,0,0,40,39,0
20,Female,White,Never-married,1,236592,12th,Private,Prof-specialty,0,0,35,22,0
19,Male,White,Never-married,3,213024,12th,Private,Handlers-cleaners,0,0,40,39,0
35,Male,White,Married-civ-spouse,0,129597,Some-college,Private,Sales,0,0,46,39,0
39,Male,White,Married-civ-spouse,0,24106,Some-college,Private,Sales,0,0,40,30,1
43,Male,White,Divorced,1,262233,Bachelors,Federal-gov,Exec-managerial,0,0,40,39,1
41,Male,White,Divorced,1,190290,HS-grad,Self-emp-not-inc,Craft-repair,0,0,40,39,0
21,Female,White,Never-married,2,119474,HS-grad,Private,Other-service,0,0,40,39,0
33,Female,Black,Divorced,4,913447,Some-college,State-gov,Other-service,0,0,40,39,0
60,Male,White,Married-civ-spouse,0,199085,10th,Private,Machine-op-inspct,0,0,40,39,0
44,Female,White,Separated,1,216411,Assoc-voc,Private,Prof-specialty,0,0,40,6,0
36,Female,Black,Divorced,4,204590,Bachelors,Private,Prof-specialty,0,213,40,39,0
24,Female,Amer-Indian-Eskimo,Never-married,2,26671,HS-grad,Other,Other,0,0,40,39,0
57,Male,White,Married-civ-spouse,0,265099,Prof-school,Private,Prof-specialty,0,0,60,39,0
39,Female,Black,Divorced,4,247733,HS-grad,Private,Priv-house-serv,0,0,16,39,0
19,Male,White,Married-civ-spouse,3,316797,7th-8th,Private,Handlers-cleaners,0,0,45,26,0
47,Male,White,Married-civ-spouse,0,188610,HS-grad,Self-emp-inc,Machine-op-inspct,0,0,48,39,0
60,Male,White,Married-civ-spouse,0,198170,Bachelors,Private,Exec-managerial,0,0,45,39,1
66,Male,Black,Never-married,2,107112,7th-8th,Other,Other,0,0,30,39,0
36,Male,Black,Married-civ-spouse,0,247750,HS-grad,Private,Transport-moving,0,0,45,39,0
41,Male,White,Married-civ-spouse,0,67671,Masters,Local-gov,Prof-specialty,0,0,50,39,0
52,Male,White,Married-civ-spouse,0,108083,Masters,Local-gov,Prof-specialty,0,0,50,39,1
44,Female,Black,Divorced,4,218062,Some-college,Federal-gov,Adm-clerical,0,0,40,39,0
40,Male,White,Never-married,1,209833,HS-grad,Private,Craft-repair,0,0,40,39,0
41,Male,Asian-Pac-Islander,Married-civ-spouse,0,169104,Bachelors,Private,Craft-repair,0,0,40,0,1
32,Female,White,Married-civ-spouse,5,169955,Some-college,Private,Other-service,0,0,36,33,0
38,Male,White,Never-married,1,133454,Assoc-acdm,Private,Craft-repair,0,0,40,39,0
30,Female,White,Never-married,1,87561,Assoc-acdm,Private,Tech-support,0,0,40,39,0
34,Female,Black,Never-married,4,202822,Masters,Private,Tech-support,0,0,40,0,0
69,Female,White,Divorced,1,148694,HS-grad,Other,Other,0,0,40,39,0
40,Male,White,Married-civ-spouse,0,377018,Bachelors,State-gov,Prof-specialty,0,0,60,39,1
18,Female,White,Never-married,3,184016,11th,Private,Sales,0,0,20,39,0
30,Female,White,Never-married,3,189620,Bachelors,Private,Prof-specialty,0,0,40,31,0
31,Male,White,Married-civ-spouse,0,207505,Doctorate,State-gov,Prof-specialty,0,1977,70,39,1
28,Male,White,Married-civ-spouse,0,190836,HS-grad,Private,Craft-repair,3411,0,40,39,0
46,Male,White,Married-civ-spouse,0,181363,Assoc-acdm,Private,Exec-managerial,0,0,40,39,1
53,Male,Black,Married-civ-spouse,0,159876,HS-grad,Self-emp-not-inc,Craft-repair,3103,0,72,39,0
47,Male,White,Divorced,4,144351,HS-grad,Private,Craft-repair,0,625,40,39,0
65,Female,White,Widowed,1,129426,Some-college,Private,Adm-clerical,0,0,40,39,0
20,Male,White,Never-married,3,196643,HS-grad,Private,Handlers-cleaners,0,0,40,39,0
31,Male,White,Never-married,3,118966,HS-grad,Private,Craft-repair,0,0,18,39,0
25,Male,White,Never-married,1,44861,HS-grad,Private,Other-service,0,0,40,39,0
30,Female,White,Never-married,1,207301,HS-grad,Private,Sales,0,1980,40,39,0
58,Female,Black,Divorced,4,183893,Some-college,Private,Adm-clerical,0,0,40,39,0
41,Male,White,Never-married,1,384236,Assoc-voc,Local-gov,Other-service,0,0,40,39,0
46,Male,Black,Married-civ-spouse,0,125457,Masters,Local-gov,Prof-specialty,0,0,38,39,1
34,Male,White,Never-married,4,187203,Assoc-acdm,Private,Sales,0,0,50,39,0
23,Male,Other,Married-civ-spouse,0,223231,HS-grad,Private,Machine-op-inspct,0,0,40,26,0
20,Male,White,Never-married,3,220115,HS-grad,Other,Other,0,0,12,39,0
32,Female,White,Divorced,1,294121,Assoc-acdm,Private,Machine-op-inspct,0,0,50,39,0
49,Male,White,Married-civ-spouse,0,233059,Assoc-voc,Federal-gov,Craft-repair,0,0,40,39,0
44,Male,White,Married-civ-spouse,0,755858,HS-grad,Private,Craft-repair,0,0,70,39,1
32,Male,White,Married-civ-spouse,0,295282,HS-grad,Private,Craft-repair,0,0,48,39,0
40,Female,White,Divorced,4,34540,Masters,Local-gov,Prof-specialty,0,0,44,39,0
28,Female,White,Never-married,1,263128,Some-college,Private,Adm-clerical,0,0,60,39,0
18,Male,White,Never-married,3,183824,12th,Private,Other-service,0,0,30,39,0
43,Male,White,Married-civ-spouse,0,225165,HS-grad,Self-emp-inc,Sales,0,0,55,39,1
19,Female,White,Never-married,3,208506,Some-college,Private,Exec-managerial,0,0,28,39,0
48,Male,White,Never-married,1,273828,5th-6th,Private,Handlers-cleaners,0,0,40,26,0
30,Male,Asian-Pac-Islander,Never-married,1,182771,Bachelors,Private,Other-service,0,0,15,3,0
41,Male,White,Divorced,4,204682,HS-grad,Private,Craft-repair,2174,0,40,24,0
41,Female,Black,Never-married,4,95168,HS-grad,Private,Machine-op-inspct,0,0,40,39,0
35,Male,White,Married-civ-spouse,0,178322,Assoc-voc,Private,Sales,0,0,50,11,1
44,Male,White,Married-civ-spouse,0,37618,HS-grad,Self-emp-not-inc,Farming-fishing,0,0,40,39,1
36,Female,White,Never-married,1,214816,HS-grad,Private,Craft-repair,0,0,40,39,0
52,Female,White,Divorced,4,132973,HS-grad,Private,Adm-clerical,0,0,38,39,0
79,Female,White,Widowed,1,172220,7th-8th,Private,Priv-house-serv,2964,0,30,39,0
24,Male,White,Divorced,1,117210,HS-grad,Self-emp-not-inc,Craft-repair,0,0,50,39,0
26,Female,White,Never-married,1,50103,Some-college,Private,Sales,0,0,40,39,0
47,Male,White,Married-civ-spouse,0,431515,Assoc-voc,Private,Craft-repair,0,0,40,39,1
28,Male,White,Married-civ-spouse,0,278736,5th-6th,Private,Machine-op-inspct,0,0,40,26,0
19,Male,White,Never-married,3,299050,Some-college,Private,Adm-clerical,0,0,20,39,0
48,Male,White,Married-civ-spouse,0,159726,HS-grad,Private,Transport-moving,0,0,55,39,1
32,Male,White,Married-civ-spouse,0,117963,HS-grad,Private,Handlers-cleaners,0,0,45,39,0
37,Male,White,Married-civ-spouse,0,196123,Masters,Self-emp-inc,Exec-managerial,0,0,70,39,1
60,Male,White,Married-civ-spouse,0,143932,HS-grad,Private,Craft-repair,0,0,40,39,0
25,Female,White,Never-married,3,179953,Masters,Private,Prof-specialty,2597,0,31,39,0
49,Male,White,Widowed,4,102359,9th,Local-gov,Handlers-cleaners,0,2231,40,39,1
34,Female,White,Separated,4,177733,9th,Private,Machine-op-inspct,0,0,35,6,0
28,Male,White,Married-civ-spouse,0,30070,Bachelors,Private,Sales,0,0,50,39,0
23,Male,White,Never-married,4,204641,10th,Private,Handlers-cleaners,0,0,50,39,0
40,Male,Asian-Pac-Islander,Married-civ-spouse,0,298635,Masters,Federal-gov,Tech-support,0,1902,40,30,1
40,Female,White,Married-civ-spouse,5,78036,Assoc-voc,Federal-gov,Prof-specialty,0,0,65,39,1
53,Male,White,Divorced,1,321865,Prof-school,Self-emp-not-inc,Prof-specialty,0,0,60,39,1
63,Female,White,Widowed,1,50349,HS-grad,Private,Other-service,0,0,34,39,0
59,Male,White,Married-civ-spouse,0,232672,Masters,Private,Exec-managerial,0,0,40,39,1
28,Female,Black,Separated,4,291374,HS-grad,Other,Other,0,0,30,39,0
60,Male,Amer-Indian-Eskimo,Married-civ-spouse,0,27037,HS-grad,State-gov,Protective-serv,0,0,40,39,1
33,Female,White,Divorced,1,98995,10th,Private,Handlers-cleaners,0,0,36,39,0
51,Male,White,Never-married,1,231181,Some-college,Private,Machine-op-inspct,0,0,21,39,0
43,Male,White,Married-civ-spouse,0,227734,Assoc-voc,Local-gov,Transport-moving,0,0,22,39,0
21,Male,White,Never-married,1,317175,HS-grad,Private,Transport-moving,0,0,60,39,0
58,Female,Black,Divorced,4,126991,HS-grad,Private,Other-service,0,0,20,39,0
40,Male,White,Married-civ-spouse,0,233130,7th-8th,Private,Craft-repair,0,0,40,8,0
37,Male,White,Married-civ-spouse,0,112497,Prof-school,Private,Prof-specialty,0,0,50,39,1
32,Male,White,Married-civ-spouse,0,194740,Bachelors,Private,Sales,0,1902,40,39,1
46,Male,White,Married-civ-spouse,0,173243,Some-college,Private,Tech-support,5178,0,40,39,1
46,Male,White,Married-civ-spouse,0,33794,Some-college,Private,Prof-specialty,0,0,10,39,0
42,Male,White,Married-civ-spouse,0,460214,Some-college,Federal-gov,Adm-clerical,0,0,40,39,1
27,Male,White,Married-civ-spouse,0,200500,7th-8th,Private,Transport-moving,0,0,45,39,0
45,Female,White,Separated,3,252208,HS-grad,State-gov,Adm-clerical,0,0,40,39,0
24,Female,White,Divorced,1,32616,Bachelors,Other,Other,0,0,40,39,0
68,Male,Black,Widowed,1,133758,7th-8th,Other,Other,0,0,10,39,0
23,Female,White,Never-married,3,216811,HS-grad,Private,Machine-op-inspct,0,0,16,39,0
19,Male,White,Never-married,3,238474,11th,Private,Machine-op-inspct,0,0,40,39,0
20,Male,White,Never-married,3,138768,HS-grad,Private,Transport-moving,0,0,30,39,0
34,Male,White,Divorced,1,177304,10th,Other,Other,0,0,40,4,0
49,Male,White,Married-civ-spouse,0,251180,7th-8th,Private,Transport-moving,2407,0,50,39,0
38,Female,Black,Never-married,4,380543,HS-grad,Private,Other-service,0,0,30,39,0
74,Female,Black,Widowed,1,101590,Prof-school,Private,Adm-clerical,0,0,20,39,0
20,Male,White,Never-married,3,118462,HS-grad,Private,Handlers-cleaners,0,0,43,39,0
17,Male,Other,Never-married,2,168203,7th-8th,Private,Farming-fishing,0,0,40,26,0
52,Female,White,Divorced,1,194259,HS-grad,Private,Sales,0,0,40,11,0
18,Male,White,Never-married,1,74539,10th,Private,Sales,0,0,20,39,0
33,Female,White,Married-civ-spouse,5,226629,Some-college,Private,Other-service,0,0,35,39,0
23,Male,White,Never-married,1,183358,HS-grad,Private,Craft-repair,0,0,40,33,0
26,Female,Asian-Pac-Islander,Never-married,1,71009,Bachelors,Private,Prof-specialty,0,0,40,30,0
41,Female,White,Divorced,1,214985,HS-grad,State-gov,Exec-managerial,0,0,40,39,0
43,Male,Amer-Indian-Eskimo,Married-civ-spouse,0,161226,Bachelors,Private,Machine-op-inspct,0,0,40,39,0
29,Female,White,Never-married,1,196420,HS-grad,Private,Exec-managerial,0,0,45,39,0
25,Male,White,Never-married,1,255004,10th,Private,Craft-repair,0,0,40,39,0
31,Female,White,Widowed,1,221167,Bachelors,Private,Other-service,0,0,30,39,0
26,Male,Black,Never-married,1,314177,HS-grad,Private,Sales,0,0,40,39,0
90,Male,White,Married-civ-spouse,0,84553,HS-grad,Private,Machine-op-inspct,0,0,40,39,0
28,Female,White,Never-married,3,137898,Assoc-acdm,Private,Sales,0,0,35,39,0
19,Male,White,Never-married,3,371827,HS-grad,Other,Other,0,0,40,32,0
30,Female,White,Never-married,1,197058,Assoc-acdm,Private,Prof-specialty,0,0,40,39,0
34,Female,White,Married-civ-spouse,5,255693,HS-grad,Private,Adm-clerical,0,0,20,39,0
58,Male,White,Married-civ-spouse,0,137506,HS-grad,Private,Machine-op-inspct,0,0,40,39,0
31,Male,White,Never-married,2,91964,Some-college,Private,Adm-clerical,0,0,40,39,0
54,Male,White,Married-civ-spouse,0,171924,HS-grad,Private,Transport-moving,0,0,70,39,0
22,Male,White,Divorced,1,122346,HS-grad,Private,Craft-repair,0,0,40,39,0
50,Male,White,Married-civ-spouse,0,145409,Bachelors,Private,Prof-specialty,15024,0,40,39,1
30,Male,White,Never-married,3,89735,HS-grad,Private,Craft-repair,0,1504,40,39,0
26,Female,Black,Never-married,2,358124,HS-grad,Private,Other-service,0,0,40,39,0
56,Female,White,Never-married,1,85018,HS-grad,Private,Adm-clerical,0,0,40,39,0
53,Male,Other,Married-spouse-absent,1,223696,12th,Private,Handlers-cleaners,0,0,56,6,0
47,Female,White,Married-civ-spouse,5,119199,Some-college,Self-emp-not-inc,Adm-clerical,0,0,35,39,1
27,Female,White,Never-married,3,229223,Some-college,Local-gov,Protective-serv,0,0,40,39,1
48,Female,White,Separated,4,210424,HS-grad,Private,Adm-clerical,914,0,40,39,0
17,Male,Black,Never-married,3,154398,11th,Private,Other-service,0,0,16,14,0
24,Male,White,Never-married,2,127753,12th,Private,Craft-repair,0,0,40,39,0
41,Female,White,Never-married,1,58930,Bachelors,State-gov,Prof-specialty,0,0,40,39,0
48,Male,Asian-Pac-Islander,Married-civ-spouse,2,350440,Some-college,Private,Craft-repair,0,0,40,1,1
37,Male,White,Married-civ-spouse,0,161141,Some-college,Private,Craft-repair,0,0,40,39,1
53,Male,Black,Married-civ-spouse,0,86600,HS-grad,Local-gov,Other-service,0,0,40,39,0
17,Male,White,Never-married,3,368700,11th,Self-emp-not-inc,Farming-fishing,0,0,10,39,0
22,Female,White,Never-married,3,207940,Some-college,Private,Handlers-cleaners,0,0,36,39,0
47,Male,White,Married-civ-spouse,0,103743,7th-8th,State-gov,Transport-moving,0,0,40,39,0
37,Male,White,Never-married,3,325538,HS-grad,Private,Exec-managerial,0,0,60,0,0
58,Male,White,Married-civ-spouse,0,312131,Masters,Private,Sales,0,0,40,39,0
51,Male,White,Married-civ-spouse,0,193720,HS-grad,Private,Craft-repair,0,0,42,39,0
24,Female,White,Never-married,1,128477,Masters,Private,Prof-specialty,0,0,40,39,0
44,Male,White,Never-married,1,193755,Assoc-acdm,Local-gov,Protective-serv,0,0,40,39,0
21,Female,White,Never-married,3,143604,Some-college,Private,Other-service,0,0,29,0,0
54,Male,White,Married-civ-spouse,0,294991,10th,Private,Handlers-cleaners,0,0,40,39,0
40,Male,White,Never-married,1,82161,Bachelors,Private,Adm-clerical,0,0,40,39,0
44,Male,Black,Married-civ-spouse,0,268804,HS-grad,Other,Other,0,0,30,39,0
36,Female,White,Never-married,3,411797,Bachelors,Private,Prof-specialty,0,0,35,39,1
31,Male,White,Married-civ-spouse,0,351141,HS-grad,Federal-gov,Tech-support,0,0,40,39,0
49,Male,White,Married-civ-spouse,0,105444,12th,Private,Machine-op-inspct,0,0,39,39,0
25,Female,White,Never-married,3,60828,Some-college,Self-emp-not-inc,Farming-fishing,0,0,50,39,0
42,Female,Black,Divorced,4,51795,HS-grad,Other,Other,0,0,32,39,0
19,Female,White,Never-married,3,165505,Some-college,Private,Sales,0,0,20,39,0
35,Male,White,Married-civ-spouse,0,56201,Some-college,Private,Farming-fishing,0,0,40,26,0
35,Male,White,Married-civ-spouse,0,153976,HS-grad,Self-emp-inc,Exec-managerial,0,0,60,39,0
24,Male,Black,Never-married,3,200679,HS-grad,Private,Farming-fishing,0,0,50,39,0
48,Male,White,Married-civ-spouse,0,159854,1st-4th,Private,Other-service,0,0,40,39,0
46,Female,Black,Never-married,3,166181,Some-college,Private,Adm-clerical,0,0,36,39,0
43,Male,White,Married-civ-spouse,0,369468,Bachelors,Federal-gov,Prof-specialty,0,0,40,39,1
35,Male,White,Married-civ-spouse,0,140752,HS-grad,State-gov,Craft-repair,0,0,40,39,0
47,Male,White,Married-civ-spouse,0,323798,Prof-school,Private,Prof-specialty,15024,0,55,39,1
67,Female,White,Widowed,1,335979,HS-grad,Private,Sales,991,0,18,39,0
58,Male,White,Married-civ-spouse,0,301867,HS-grad,Private,Farming-fishing,0,0,40,39,0
36,Female,White,Divorced,4,41490,Some-college,Private,Adm-clerical,0,0,40,39,0
59,Female,White,Widowed,1,99131,Masters,Private,Exec-managerial,0,0,40,39,1
38,Male,White,Married-civ-spouse,0,203482,7th-8th,Other,Other,0,0,45,39,0
36,Male,White,Married-civ-spouse,0,160035,Some-college,Private,Exec-managerial,0,0,55,39,1
42,Male,White,Never-married,1,184105,Some-college,Private,Farming-fishing,0,0,28,39,0
26,Male,White,Married-civ-spouse,0,359327,Some-college,Private,Sales,0,0,50,0,0
18,Male,White,Never-married,3,79443,9th,Private,Machine-op-inspct,0,0,40,26,0
50,Male,White,Never-married,1,192654,10th,Self-emp-not-inc,Craft-repair,0,0,25,39,0
65,Female,White,Divorced,4,149811,HS-grad,Private,Adm-clerical,0,2206,59,2,0
59,Male,White,Married-civ-spouse,0,116442,Some-college,Private,Machine-op-inspct,0,0,50,39,0
50,Female,White,Divorced,1,485710,Doctorate,Private,Prof-specialty,0,0,50,39,0
54,Male,White,Married-civ-spouse,0,156877,HS-grad,Private,Craft-repair,0,0,40,12,0
35,Male,White,Married-civ-spouse,0,189878,Masters,Self-emp-not-inc,Sales,0,0,40,39,1
17,Female,White,Never-married,3,154908,10th,Private,Other-service,0,0,10,39,0
30,Male,White,Separated,1,303867,HS-grad,Private,Transport-moving,0,0,44,39,0
31,Female,White,Never-married,4,243773,9th,Private,Other-service,0,0,20,39,0
34,Male,White,Married-civ-spouse,0,426431,Bachelors,Self-emp-not-inc,Craft-repair,0,0,40,39,0
43,Female,White,Never-married,1,410867,Doctorate,Federal-gov,Prof-specialty,0,0,50,39,1
39,Female,White,Married-civ-spouse,5,203204,Assoc-acdm,Private,Adm-clerical,0,0,25,39,1
52,Male,White,Married-civ-spouse,0,192386,Masters,Federal-gov,Exec-managerial,5013,0,40,39,0
42,Female,White,Divorced,1,178074,HS-grad,Private,Adm-clerical,0,0,40,39,0
47,Female,Black,Never-married,4,266281,11th,Private,Machine-op-inspct,6849,0,40,39,0
33,Female,White,Married-civ-spouse,5,119829,HS-grad,Local-gov,Adm-clerical,0,0,60,39,0
26,Female,White,Never-married,1,417941,Bachelors,Private,Exec-managerial,0,0,40,39,0
40,Female,White,Divorced,4,346964,HS-grad,Private,Tech-support,0,0,40,39,0
27,Male,White,Married-civ-spouse,0,198188,HS-grad,Private,Adm-clerical,2580,0,45,39,0
36,Female,White,Married-civ-spouse,5,348022,10th,Private,Other-service,0,0,24,39,0
60,Male,White,Divorced,4,101110,Assoc-voc,Local-gov,Prof-specialty,0,0,40,39,1
46,Female,Black,Married-civ-spouse,5,177305,Assoc-voc,Other,Other,0,0,35,39,1
27,Female,White,Never-married,3,114158,Assoc-voc,Private,Adm-clerical,0,0,35,39,0
50,Male,White,Married-civ-spouse,0,251240,Masters,Self-emp-inc,Sales,0,0,40,39,1
72,Female,White,Widowed,1,268861,7th-8th,Private,Other-service,0,0,99,0,0
81,Female,White,Widowed,1,137018,HS-grad,Self-emp-not-inc,Adm-clerical,0,0,20,39,0
49,Male,White,Married-civ-spouse,0,66385,HS-grad,Private,Sales,5013,0,40,39,0
21,Female,White,Never-married,3,132243,Assoc-acdm,Private,Other-service,0,0,5,39,0
28,Male,White,Never-married,1,37088,Bachelors,Self-emp-inc,Sales,0,0,50,39,0
75,Female,White,Widowed,1,222789,Bachelors,Other,Other,0,0,6,39,0
66,Female,White,Divorced,1,160995,10th,Other,Other,1086,0,20,39,0
52,Female,White,Divorced,4,177465,HS-grad,Private,Sales,0,0,25,39,0
34,Male,White,Never-married,1,34374,Some-college,Private,Other-service,0,0,50,39,0
22,Male,White,Never-married,3,234641,HS-grad,Private,Transport-moving,0,0,40,39,0
53,Male,White,Married-civ-spouse,0,72257,Some-college,Private,Exec-managerial,0,0,55,39,0
43,Male,White,Married-civ-spouse,0,122749,HS-grad,Private,Craft-repair,0,0,55,39,0
40,Female,White,Never-married,1,56795,Masters,Federal-gov,Exec-managerial,14084,0,55,39,1
39,Male,White,Married-civ-spouse,0,153976,Some-college,Private,Craft-repair,0,0,52,39,1
33,Female,White,Never-married,1,243678,Some-college,State-gov,Tech-support,0,0,40,39,0
46,Male,White,Married-civ-spouse,0,197836,HS-grad,Self-emp-not-inc,Farming-fishing,0,1672,50,39,0
25,Male,White,Never-married,3,183575,11th,Private,Craft-repair,0,0,40,39,0
19,Male,White,Never-married,3,124486,12th,Private,Other-service,0,1602,20,39,0
24,Female,White,Never-married,3,182812,Some-college,Private,Adm-clerical,3325,0,52,6,0
46,Male,White,Married-civ-spouse,0,168796,Bachelors,Self-emp-inc,Sales,0,0,55,39,0
57,Male,White,Married-civ-spouse,0,27385,Bachelors,Self-emp-not-inc,Sales,0,0,10,39,0
64,Male,White,Married-civ-spouse,0,149698,Prof-school,Self-emp-not-inc,Prof-specialty,0,0,40,39,1
40,Male,White,Married-civ-spouse,0,119101,Some-college,Private,Craft-repair,5178,0,40,39,1
29,Male,White,Never-married,1,79387,Bachelors,Private,Exec-managerial,0,0,50,39,1
35,Male,White,Married-civ-spouse,0,195744,HS-grad,Private,Other-service,0,0,40,39,0
30,Male,White,Never-married,3,185177,11th,Private,Handlers-cleaners,0,0,49,39,0
51,Male,White,Married-civ-spouse,0,156802,HS-grad,Self-emp-not-inc,Farming-fishing,3103,0,60,39,1
42,Female,White,Never-married,1,180032,Masters,Private,Prof-specialty,0,0,40,39,0
31,Male,White,Married-civ-spouse,0,407930,7th-8th,Private,Handlers-cleaners,0,0,40,39,0
60,Male,White,Married-civ-spouse,0,224097,HS-grad,Private,Craft-repair,0,0,40,39,0
44,Male,White,Married-civ-spouse,0,351228,HS-grad,State-gov,Adm-clerical,0,0,40,39,0
51,Male,White,Married-civ-spouse,0,163921,Bachelors,Private,Transport-moving,0,0,56,39,1
35,Male,Black,Married-civ-spouse,0,250504,HS-grad,Federal-gov,Adm-clerical,0,0,60,39,1
34,Male,White,Divorced,1,232475,Some-college,Private,Exec-managerial,0,0,50,39,0
25,Male,White,Never-married,4,213412,Bachelors,Private,Tech-support,0,0,40,39,0
26,Male,White,Married-civ-spouse,0,205570,HS-grad,Local-gov,Craft-repair,0,0,40,39,0
30,Male,Black,Married-civ-spouse,0,363032,HS-grad,Local-gov,Protective-serv,0,0,40,39,0
53,Female,White,Widowed,4,188067,Some-college,Self-emp-inc,Sales,0,0,40,39,0
31,Male,White,Married-civ-spouse,0,124020,Assoc-acdm,State-gov,Tech-support,0,0,40,39,1
74,Male,White,Married-civ-spouse,0,192290,10th,Private,Adm-clerical,0,0,20,39,0
21,Male,White,Separated,2,118657,HS-grad,Private,Machine-op-inspct,0,0,40,39,0
60,Male,White,Married-civ-spouse,0,282660,7th-8th,Self-emp-not-inc,Craft-repair,0,0,40,39,0
65,Female,White,Widowed,2,87164,11th,Private,Sales,0,0,20,39,0
21,Female,White,Never-married,3,362589,Bachelors,Private,Other-service,0,0,20,39,0
90,Female,White,Separated,1,175444,7th-8th,Other,Other,0,0,15,39,0
32,Female,White,Never-married,3,292592,HS-grad,Private,Other-service,0,0,35,39,0
47,Male,White,Married-civ-spouse,0,191978,Some-college,Private,Exec-managerial,0,0,40,39,1
50,Male,Black,Divorced,1,558490,HS-grad,Private,Adm-clerical,0,0,40,39,0
35,Male,White,Married-civ-spouse,0,31023,Bachelors,Private,Sales,0,0,45,39,0
57,Male,White,Never-married,1,32365,Some-college,Private,Protective-serv,0,0,40,39,0
32,Female,White,Married-spouse-absent,4,128016,HS-grad,Private,Other-service,0,0,20,39,0
47,Male,White,Married-civ-spouse,0,202322,5th-6th,Private,Handlers-cleaners,0,0,40,26,0
22,Male,White,Never-married,1,310152,Some-college,Private,Transport-moving,0,0,40,39,0
39,Male,White,Married-civ-spouse,0,218490,Bachelors,Private,Sales,0,1848,40,39,1
60,Male,White,Married-civ-spouse,0,220342,11th,Self-emp-not-inc,Farming-fishing,0,0,35,39,0
51,Male,White,Married-civ-spouse,0,176969,HS-grad,Private,Machine-op-inspct,0,0,48,39,0
40,Male,White,Never-married,3,165815,Some-college,Self-emp-not-inc,Craft-repair,0,0,40,39,0
41,Male,Black,Never-married,1,215479,Some-college,Private,Transport-moving,0,0,43,39,0
32,Male,White,Never-married,1,118457,Bachelors,Local-gov,Prof-specialty,0,0,55,39,0
29,Male,Black,Never-married,1,199499,Assoc-voc,Private,Other-service,0,0,40,39,0
47,Female,White,Widowed,4,192984,Some-college,Private,Adm-clerical,0,0,40,39,0
22,Male,White,Never-married,3,251073,9th,Private,Other-service,0,0,50,39,0
48,Male,White,Married-civ-spouse,0,148995,Masters,Private,Prof-specialty,0,0,55,39,1
62,Male,White,Married-civ-spouse,0,247483,Some-college,Private,Sales,0,0,40,39,1
40,Female,White,Never-married,1,36885,Some-college,Federal-gov,Adm-clerical,0,0,50,39,0
45,Female,White,Never-married,3,88265,HS-grad,Private,Machine-op-inspct,0,0,40,39,0
48,Male,White,Married-spouse-absent,1,349986,Assoc-voc,Private,Prof-specialty,0,0,40,39,0
31,Male,White,Married-civ-spouse,0,323055,HS-grad,Private,Transport-moving,0,0,50,39,1
62,Male,White,Married-civ-spouse,0,378239,Masters,Other,Other,0,0,2,39,1
20,Male,White,Never-married,3,416103,Some-college,Private,Handlers-cleaners,0,0,40,39,0
38,Female,White,Divorced,1,40319,Some-college,Private,Exec-managerial,0,0,42,39,0
46,Male,White,Married-civ-spouse,0,193047,HS-grad,Private,Exec-managerial,0,0,40,39,1
39,Male,White,Never-married,1,117381,HS-grad,Private,Tech-support,0,0,62,9,0
57,Male,White,Married-civ-spouse,0,52267,Masters,Local-gov,Exec-managerial,0,0,50,39,1
60,Male,Other,Married-civ-spouse,0,252413,Some-college,Private,Craft-repair,0,0,32,39,1
18,Female,White,Never-married,3,205218,11th,Private,Sales,0,0,20,39,0
39,Male,White,Never-married,1,235485,Assoc-acdm,Federal-gov,Exec-managerial,0,0,42,39,0
25,Male,White,Married-civ-spouse,0,282631,HS-grad,Self-emp-not-inc,Craft-repair,0,0,40,39,0
58,Male,White,Married-civ-spouse,0,319733,HS-grad,Federal-gov,Transport-moving,0,0,70,39,0
42,Male,White,Married-civ-spouse,0,24982,Some-college,Private,Craft-repair,7688,0,40,39,1
44,Male,White,Married-civ-spouse,0,160574,HS-grad,Private,Craft-repair,0,0,65,39,1
37,Female,White,Divorced,4,166339,Some-college,Private,Tech-support,0,0,40,39,0
53,Male,White,Married-civ-spouse,0,104501,Doctorate,State-gov,Prof-specialty,0,0,40,0,1
68,Female,White,Widowed,1,186350,HS-grad,Private,Exec-managerial,0,0,10,39,1
51,Male,White,Married-civ-spouse,0,289436,Bachelors,Private,Exec-managerial,0,0,60,39,1
37,Male,White,Married-civ-spouse,0,329980,Some-college,Private,Craft-repair,0,0,40,39,0
24,Male,White,Never-married,3,118023,Some-college,Private,Handlers-cleaners,0,0,30,39,0
35,Male,White,Married-civ-spouse,0,356838,Some-college,Private,Tech-support,2829,0,55,31,0
25,Male,White,Never-married,3,106377,Some-college,Private,Adm-clerical,0,0,40,39,0
49,Male,White,Married-civ-spouse,0,332355,HS-grad,Private,Exec-managerial,0,0,40,39,0
31,Male,White,Married-civ-spouse,0,288566,Bachelors,Private,Tech-support,0,0,43,39,1
60,Female,White,Married-civ-spouse,5,166330,HS-grad,Private,Adm-clerical,0,0,40,39,0
44,Male,White,Married-civ-spouse,0,67671,Some-college,Private,Handlers-cleaners,0,0,40,39,0
27,Female,White,Never-married,1,124680,Masters,Local-gov,Prof-specialty,0,0,40,39,0
25,Male,White,Never-married,3,103358,Some-college,Private,Machine-op-inspct,0,0,40,19,0
42,Male,White,Married-civ-spouse,0,321086,Masters,Other,Other,0,0,50,39,0
30,Female,White,Never-married,1,96851,Some-college,Other,Other,0,1719,25,39,0
39,Male,White,Divorced,1,509060,Some-college,Private,Other-service,0,0,40,39,0
40,Male,White,Married-civ-spouse,0,321758,HS-grad,Private,Sales,0,0,40,39,1
43,Female,Black,Never-married,1,302041,HS-grad,Private,Adm-clerical,0,0,40,39,0
34,Female,White,Divorced,1,124569,Some-college,Private,Adm-clerical,0,0,40,39,0
36,Female,Black,Never-married,1,139703,HS-grad,Private,Adm-clerical,0,0,40,39,0
40,Female,Black,Never-married,1,91949,Doctorate,State-gov,Prof-specialty,0,0,40,39,0
44,Male,White,Never-married,1,221172,HS-grad,Private,Craft-repair,0,0,30,39,0
33,Male,White,Married-civ-spouse,0,324546,Some-college,Private,Machine-op-inspct,0,0,39,39,0
65,Female,White,Married-civ-spouse,5,180280,Some-college,Private,Exec-managerial,0,0,40,39,0
28,Female,White,Never-married,1,181776,Some-college,Private,Adm-clerical,0,0,40,39,0
25,Female,Black,Never-married,2,198813,Bachelors,Local-gov,Adm-clerical,0,0,40,39,0
72,Male,White,Married-spouse-absent,4,97304,HS-grad,Private,Machine-op-inspct,2346,0,40,0,0
34,Female,White,Never-married,1,200192,Some-college,Private,Other-service,0,0,40,39,0
23,Male,White,Never-married,1,214635,HS-grad,Private,Craft-repair,0,0,40,39,0
70,Male,Asian-Pac-Islander,Divorced,1,235781,Some-college,Private,Farming-fishing,0,0,40,40,0
81,Male,White,Married-civ-spouse,0,122651,Some-college,Private,Sales,0,0,15,39,0
28,Female,White,Never-married,4,67386,HS-grad,Private,Other-service,0,0,40,39,0
40,Male,White,Married-civ-spouse,0,125776,Assoc-voc,Private,Adm-clerical,0,0,40,39,1
67,Male,White,Married-civ-spouse,0,160158,Some-college,State-gov,Farming-fishing,0,0,8,39,0
26,Female,White,Never-married,1,189219,Assoc-acdm,Private,Adm-clerical,0,0,8,39,0
50,Male,Asian-Pac-Islander,Married-civ-spouse,0,104849,Prof-school,Self-emp-inc,Prof-specialty,0,0,40,19,0
28,Male,White,Married-civ-spouse,0,84547,Bachelors,Private,Tech-support,0,0,40,39,1
23,Female,White,Separated,4,146499,HS-grad,Private,Machine-op-inspct,0,0,48,39,0
23,Male,White,Never-married,3,133355,Some-college,Private,Adm-clerical,0,0,15,39,0
20,Female,White,Never-married,3,169600,Some-college,Private,Prof-specialty,2176,0,12,39,0
49,Male,White,Married-civ-spouse,0,203039,11th,State-gov,Adm-clerical,0,0,40,39,0
39,Male,White,Married-civ-spouse,0,327164,Masters,Local-gov,Exec-managerial,0,0,45,39,0
65,Male,White,Married-civ-spouse,0,90377,Assoc-voc,Private,Farming-fishing,6767,0,60,39,0
25,Female,White,Never-married,2,188507,7th-8th,Private,Machine-op-inspct,0,0,40,6,0
56,Male,White,Divorced,1,271795,11th,Private,Craft-repair,0,0,49,39,0
35,Male,White,Married-civ-spouse,0,376455,Some-college,Private,Exec-managerial,15024,0,60,39,1
33,Male,White,Never-married,1,129707,Some-college,Federal-gov,Exec-managerial,0,0,50,39,0
28,Female,Asian-Pac-Islander,Married-civ-spouse,2,162551,7th-8th,Private,Machine-op-inspct,0,0,48,3,0
45,Male,White,Married-civ-spouse,0,47314,Some-college,Private,Craft-repair,0,1902,40,0,1
51,Male,White,Married-civ-spouse,0,99064,Assoc-voc,Private,Craft-repair,5013,0,40,39,0
60,Female,Black,Widowed,1,190682,Assoc-voc,State-gov,Other-service,0,0,37,39,0
51,Female,Black,Divorced,4,43909,HS-grad,Other,Other,0,0,40,39,0
32,Male,White,Never-married,2,158002,Some-college,Private,Machine-op-inspct,0,0,55,7,0
51,Male,Black,Divorced,1,147015,Some-college,Other,Other,0,0,50,39,0
41,Male,White,Divorced,1,116493,HS-grad,Private,Craft-repair,13550,0,44,39,1
56,Female,White,Separated,1,28729,11th,Private,Machine-op-inspct,0,0,40,39,0
32,Male,White,Married-civ-spouse,0,124052,HS-grad,Self-emp-inc,Sales,0,0,50,39,0
43,Male,White,Married-civ-spouse,0,50646,HS-grad,Private,Craft-repair,0,0,70,39,0
49,Male,White,Married-civ-spouse,0,329144,Some-college,Local-gov,Protective-serv,0,0,44,39,1
28,Male,White,Never-married,1,203710,Bachelors,Private,Machine-op-inspct,0,0,40,39,0
33,Female,Asian-Pac-Islander,Never-married,3,88913,Some-college,Federal-gov,Adm-clerical,0,0,40,39,0
30,Female,White,Married-civ-spouse,5,29522,Some-college,Private,Sales,0,0,40,39,0
23,Male,Black,Never-married,1,343553,11th,Other,Other,0,0,40,39,0
19,Male,White,Never-married,3,255161,HS-grad,Private,Sales,0,0,25,39,0
21,Male,White,Never-married,3,88926,Some-college,Private,Prof-specialty,0,0,10,39,0
40,Female,White,Divorced,4,105862,Bachelors,Local-gov,Prof-specialty,5455,0,40,39,0
42,Male,Black,Separated,4,212737,9th,Private,Craft-repair,0,0,40,39,0
36,Male,White,Married-civ-spouse,0,112271,HS-grad,Private,Transport-moving,0,0,40,39,0
82,Male,White,Married-civ-spouse,0,130329,7th-8th,Self-emp-inc,Farming-fishing,0,0,50,39,0
43,Female,White,Divorced,1,260696,Masters,Self-emp-not-inc,Prof-specialty,0,0,20,39,0
39,Male,White,Divorced,1,114544,Bachelors,Private,Exec-managerial,0,0,45,39,1
45,Male,White,Married-civ-spouse,0,285060,Bachelors,Private,Exec-managerial,0,0,50,39,1
38,Male,White,Married-civ-spouse,0,129102,HS-grad,Private,Exec-managerial,0,0,50,39,0
29,Male,Black,Married-civ-spouse,0,203797,Some-college,Private,Exec-managerial,0,0,40,39,0
20,Male,White,Never-married,3,337639,Some-college,Private,Sales,0,0,40,39,0
44,Female,White,Divorced,3,112797,9th,Private,Other-service,0,0,50,39,0
27,Male,White,Never-married,1,114967,Bachelors,Private,Tech-support,0,0,40,39,0
42,Male,White,Married-civ-spouse,0,33795,HS-grad,Self-emp-not-inc,Craft-repair,0,0,45,39,0
32,Male,White,Married-civ-spouse,0,29933,HS-grad,Private,Machine-op-inspct,5178,0,40,39,1
42,Female,White,Never-married,1,142424,Assoc-voc,Private,Adm-clerical,0,0,40,39,0
23,Male,White,Married-civ-spouse,0,528616,5th-6th,Private,Other-service,0,0,40,26,0
46,Female,Black,Divorced,1,125492,Bachelors,Private,Prof-specialty,0,0,40,39,0
20,Male,White,Never-married,1,219262,11th,Private,Craft-repair,0,0,60,39,0
36,Male,White,Divorced,1,343476,HS-grad,Private,Craft-repair,0,0,30,39,0
56,Female,White,Widowed,4,87584,HS-grad,Private,Other-service,0,0,40,39,0
48,Female,Asian-Pac-Islander,Divorced,4,118831,HS-grad,Private,Handlers-cleaners,0,0,40,35,0
81,Male,White,Married-civ-spouse,0,89015,HS-grad,Other,Other,0,0,18,39,0
37,Male,White,Married-civ-spouse,0,112497,Masters,Private,Exec-managerial,0,0,40,39,1
18,Male,White,Never-married,3,219841,11th,Private,Handlers-cleaners,0,0,12,39,0
31,Female,White,Divorced,3,69056,HS-grad,Private,Other-service,0,0,15,39,0
33,Female,White,Married-civ-spouse,5,267404,HS-grad,Private,Craft-repair,0,0,40,39,0
27,Female,White,Never-married,1,188189,Some-college,Private,Tech-support,0,0,30,39,0
48,Male,White,Married-civ-spouse,0,164964,HS-grad,Private,Machine-op-inspct,0,0,40,39,0
38,Female,White,Married-civ-spouse,5,187983,Prof-school,Private,Sales,0,0,40,39,0
55,Male,White,Married-civ-spouse,0,199067,Bachelors,Private,Exec-managerial,15024,0,42,39,1
33,Female,Black,Divorced,4,63079,HS-grad,Private,Adm-clerical,0,0,40,39,0
26,Male,White,Never-married,1,248612,Bachelors,Private,Exec-managerial,0,0,70,39,1
36,Male,White,Married-civ-spouse,0,61299,Some-college,Local-gov,Craft-repair,0,0,40,39,0
26,Male,White,Married-civ-spouse,0,205428,Some-college,Private,Sales,0,0,45,39,0
39,Male,White,Never-married,1,129573,Bachelors,Federal-gov,Adm-clerical,0,1741,40,39,0
55,Female,White,Divorced,1,283635,Prof-school,Self-emp-not-inc,Prof-specialty,0,0,35,39,0
24,Male,White,Never-married,3,119156,HS-grad,Private,Handlers-cleaners,0,0,40,39,0
55,Female,White,Widowed,1,158641,HS-grad,Private,Adm-clerical,0,0,40,39,0
41,Male,White,Separated,3,248406,HS-grad,Local-gov,Transport-moving,0,0,40,39,0
45,Male,Black,Separated,3,144354,9th,Other,Other,0,0,40,39,0
73,Male,White,Married-civ-spouse,0,247355,HS-grad,Private,Transport-moving,0,0,16,2,0
49,Male,White,Married-civ-spouse,0,115613,9th,Private,Other-service,0,0,40,39,0
24,Male,White,Separated,3,277700,Some-college,Self-emp-not-inc,Handlers-cleaners,0,0,45,39,0
35,Male,White,Married-civ-spouse,0,166416,Bachelors,Private,Exec-managerial,0,0,50,39,1
50,Male,White,Married-civ-spouse,0,102615,HS-grad,Private,Exec-managerial,0,1902,40,39,1
48,Male,White,Married-civ-spouse,0,249935,HS-grad,Private,Transport-moving,0,0,44,39,0
19,Female,White,Never-married,1,189574,HS-grad,Private,Other-service,0,0,30,39,0
67,Male,White,Married-civ-spouse,0,129188,Doctorate,Other,Other,20051,0,5,39,1
23,Male,White,Never-married,1,146399,Bachelors,Other,Other,0,0,55,39,0
26,Male,White,Married-civ-spouse,0,143068,Some-college,Private,Exec-managerial,2407,0,50,39,0
63,Male,White,Married-civ-spouse,0,167967,Masters,Private,Handlers-cleaners,0,0,46,39,0
42,Female,White,Never-married,1,174112,Masters,Private,Prof-specialty,0,0,40,39,0
43,Male,White,Married-civ-spouse,0,152958,HS-grad,Self-emp-not-inc,Exec-managerial,0,0,35,39,1
31,Female,White,Never-married,1,236487,Bachelors,Local-gov,Prof-specialty,0,0,40,11,0
56,Male,White,Married-civ-spouse,0,225267,HS-grad,Private,Prof-specialty,0,0,40,39,0
18,Male,White,Never-married,3,301948,HS-grad,Private,Protective-serv,34095,0,3,39,0
32,Male,White,Married-civ-spouse,0,180284,10th,Private,Craft-repair,0,0,40,39,1
53,Male,Black,Married-civ-spouse,0,608184,HS-grad,Local-gov,Transport-moving,0,0,40,39,1
45,Male,White,Married-civ-spouse,0,202496,Bachelors,Private,Handlers-cleaners,0,0,37,39,0
23,Male,Asian-Pac-Islander,Never-married,3,106957,11th,Private,Craft-repair,14344,0,40,40,1
58,Male,Asian-Pac-Islander,Married-civ-spouse,0,81973,Some-college,Federal-gov,Tech-support,0,1485,40,39,1
55,Male,White,Married-civ-spouse,0,124808,Assoc-voc,Private,Prof-specialty,0,1977,50,11,1
32,Male,White,Never-married,3,119124,Bachelors,Private,Prof-specialty,0,0,40,39,0
63,Male,White,Married-civ-spouse,0,383058,Bachelors,Private,Sales,0,1848,40,39,1
30,Female,White,Divorced,3,378723,Some-college,Private,Adm-clerical,0,0,55,39,0
21,Male,White,Never-married,3,249727,HS-grad,Private,Other-service,0,0,22,39,0
32,Female,White,Divorced,1,48014,Some-college,Self-emp-not-inc,Other-service,0,0,35,39,0
61,Male,White,Married-civ-spouse,0,208919,Masters,Private,Sales,0,0,60,39,1
30,Male,White,Never-married,1,224377,HS-grad,Private,Craft-repair,0,0,40,39,0
39,Male,White,Married-civ-spouse,0,167482,HS-grad,Private,Other-service,0,0,60,39,1
21,Male,White,Never-married,1,107895,Some-college,Private,Adm-clerical,0,0,35,39,0
47,Female,White,Divorced,4,229394,11th,Self-emp-not-inc,Exec-managerial,0,0,55,39,0
58,Female,White,Divorced,1,259216,9th,Local-gov,Other-service,0,0,40,39,0
54,Male,White,Married-civ-spouse,0,204325,Some-college,Local-gov,Protective-serv,0,0,52,39,0
23,Male,White,Never-married,1,204653,HS-grad,Private,Handlers-cleaners,0,0,72,6,0
49,Male,White,Divorced,4,26502,Bachelors,Self-emp-inc,Prof-specialty,6497,0,45,39,0
45,Male,White,Married-civ-spouse,0,120131,HS-grad,Self-emp-inc,Craft-repair,0,0,50,39,1
36,Male,White,Married-civ-spouse,0,28996,HS-grad,Local-gov,Transport-moving,0,0,40,39,0
37,Female,White,Never-married,3,194630,Masters,Federal-gov,Exec-managerial,0,0,40,39,0
29,Male,White,Married-civ-spouse,0,217200,HS-grad,Private,Craft-repair,0,0,40,39,0
51,Female,White,Divorced,1,215647,HS-grad,Private,Prof-specialty,0,0,43,39,0
71,Male,White,Married-civ-spouse,0,66624,Bachelors,Self-emp-inc,Exec-managerial,0,2392,60,39,1
61,Male,Black,Divorced,1,149620,Some-college,Private,Other-service,0,0,40,39,0
35,Male,White,Married-civ-spouse,0,133935,Bachelors,Federal-gov,Craft-repair,0,0,40,39,1
24,Male,White,Never-married,1,237386,Some-college,Private,Exec-managerial,0,0,42,39,0
36,Male,White,Divorced,1,102945,Assoc-voc,Private,Craft-repair,0,0,40,39,0
38,Female,White,Never-married,4,273640,HS-grad,Private,Other-service,0,0,40,39,0
34,Male,Black,Married-civ-spouse,0,278378,HS-grad,State-gov,Transport-moving,0,0,40,39,0
43,Female,White,Married-civ-spouse,5,124436,Some-college,Private,Prof-specialty,0,0,40,39,1
35,Male,Black,Married-civ-spouse,0,152734,Some-college,Private,Protective-serv,0,0,40,0,0
43,Male,White,Divorced,1,33521,Bachelors,Self-emp-not-inc,Prof-specialty,0,0,70,39,1
29,Male,White,Married-civ-spouse,0,367329,HS-grad,Private,Machine-op-inspct,0,0,40,39,0
26,Male,White,Never-married,1,34402,Bachelors,Private,Adm-clerical,0,0,45,39,0
84,Male,White,Widowed,1,368925,5th-6th,Other,Other,0,0,15,39,0
45,Male,White,Married-civ-spouse,0,127678,Assoc-voc,Local-gov,Protective-serv,0,0,60,39,1
27,Male,White,Married-civ-spouse,0,185647,HS-grad,Private,Machine-op-inspct,0,0,50,39,1
20,Male,White,Never-married,3,333505,HS-grad,Private,Adm-clerical,0,0,30,27,0
32,Male,White,Divorced,3,188246,HS-grad,Private,Craft-repair,0,0,40,39,0
29,Female,White,Never-married,3,337693,5th-6th,Private,Other-service,0,0,40,8,0
47,Male,White,Married-civ-spouse,0,216999,HS-grad,Private,Sales,0,0,45,39,0
51,Male,White,Married-civ-spouse,0,135102,HS-grad,Self-emp-not-inc,Transport-moving,0,0,65,39,0
30,Female,White,Never-married,1,186420,Bachelors,Other,Other,0,0,40,39,0
36,Male,White,Married-civ-spouse,0,41017,Some-college,Private,Exec-managerial,0,0,52,39,1
41,Female,White,Never-married,4,102085,HS-grad,Private,Machine-op-inspct,0,0,40,39,0
43,Male,White,Married-civ-spouse,0,185832,Some-college,Private,Machine-op-inspct,0,0,48,39,1
43,Female,White,Divorced,4,96421,Bachelors,Private,Prof-specialty,0,0,24,28,0
41,Female,White,Divorced,2,200652,9th,Private,Other-service,0,0,35,39,0
30,Female,White,Never-married,4,236993,Some-college,Private,Adm-clerical,0,0,30,39,0
21,Female,White,Never-married,1,309348,Some-college,Local-gov,Adm-clerical,594,0,4,39,0
28,Male,White,Married-civ-spouse,1,107236,12th,Self-emp-not-inc,Craft-repair,0,0,40,39,0
51,Male,White,Never-married,1,174824,HS-grad,Self-emp-not-inc,Farming-fishing,8614,0,40,39,1
29,Female,White,Never-married,3,140830,HS-grad,Private,Other-service,0,0,40,39,0
38,Male,White,Married-civ-spouse,0,107909,Bachelors,Self-emp-inc,Sales,0,0,40,39,1
23,Female,White,Never-married,1,50341,Masters,Private,Sales,0,0,20,39,0
42,Male,White,Married-civ-spouse,0,188693,Some-college,Private,Craft-repair,0,0,40,39,0
53,Male,White,Married-civ-spouse,0,162381,1st-4th,Private,Transport-moving,0,0,50,39,0
52,Male,White,Married-civ-spouse,0,124793,12th,Local-gov,Craft-repair,0,0,40,39,0
40,Male,White,Married-civ-spouse,0,89413,HS-grad,Self-emp-not-inc,Craft-repair,0,1672,40,39,0
52,Male,White,Married-civ-spouse,0,138611,HS-grad,Self-emp-not-inc,Sales,7688,0,55,39,1
22,Male,White,Married-spouse-absent,1,347867,HS-grad,Private,Sales,0,1719,40,39,0
28,Male,White,Married-civ-spouse,0,181659,HS-grad,Private,Machine-op-inspct,0,0,40,39,0
34,Female,White,Divorced,4,258170,HS-grad,Private,Exec-managerial,0,0,38,39,0
37,Female,White,Divorced,4,270278,HS-grad,State-gov,Adm-clerical,0,0,12,33,0
37,Male,White,Married-civ-spouse,0,160402,Bachelors,State-gov,Prof-specialty,0,0,55,39,1
20,Male,White,Never-married,3,190273,12th,Private,Other-service,0,0,35,39,0
32,Male,White,Never-married,3,183356,HS-grad,Private,Craft-repair,0,0,40,39,0
68,Male,White,Married-civ-spouse,0,195868,Bachelors,Private,Sales,20051,0,40,39,1
41,Female,White,Married-civ-spouse,5,237452,Bachelors,Private,Prof-specialty,0,0,15,5,1
33,Male,White,Never-married,3,232475,Some-college,Private,Sales,0,0,45,39,0
41,Female,White,Divorced,1,282964,Some-college,Private,Adm-clerical,0,0,40,39,0
25,Female,Amer-Indian-Eskimo,Never-married,1,267044,Some-college,Private,Adm-clerical,0,0,20,39,0
45,Male,White,Married-civ-spouse,0,364563,HS-grad,Local-gov,Transport-moving,0,0,40,39,1
23,Female,White,Never-married,3,210443,Bachelors,Private,Prof-specialty,0,0,40,39,0
33,Female,Black,Divorced,4,428271,HS-grad,Federal-gov,Adm-clerical,0,0,35,39,0
28,Female,White,Never-married,1,107411,Bachelors,Private,Prof-specialty,0,0,35,39,0
35,Female,White,Separated,1,187053,Bachelors,Self-emp-inc,Prof-specialty,0,0,50,39,0
55,Male,White,Married-civ-spouse,0,289257,Some-college,Private,Craft-repair,0,0,40,39,0
33,Male,White,Married-civ-spouse,0,208405,Masters,Private,Prof-specialty,0,0,50,39,1
37,Male,Asian-Pac-Islander,Married-civ-spouse,0,245482,HS-grad,Private,Transport-moving,0,0,40,0,0
31,Female,White,Widowed,4,213771,HS-grad,Other,Other,0,0,36,39,0
53,Male,White,Never-married,1,215572,HS-grad,Private,Craft-repair,0,0,40,39,0
45,Female,White,Widowed,1,162410,Some-college,Federal-gov,Tech-support,0,0,45,39,1
39,Male,White,Married-civ-spouse,0,128392,HS-grad,Private,Machine-op-inspct,0,1887,40,39,1
43,Male,White,Divorced,4,160369,10th,Self-emp-not-inc,Farming-fishing,0,0,25,39,0
56,Male,White,Married-civ-spouse,0,68658,Some-college,State-gov,Exec-managerial,0,0,40,39,1
19,Male,White,Never-married,3,183589,Some-college,Private,Transport-moving,0,0,25,39,0
32,Male,White,Married-civ-spouse,0,226267,Some-college,Private,Adm-clerical,0,0,40,26,0
34,Male,White,Married-civ-spouse,0,149507,HS-grad,Private,Craft-repair,0,0,55,39,1
53,Male,White,Married-civ-spouse,0,135840,Bachelors,Private,Prof-specialty,0,0,55,39,1
47,Male,White,Married-civ-spouse,0,249585,Some-college,Self-emp-not-inc,Craft-repair,0,0,30,39,0
61,Male,Black,Married-civ-spouse,0,107438,7th-8th,Private,Transport-moving,0,1651,40,39,0
44,Male,Asian-Pac-Islander,Married-civ-spouse,0,68729,Bachelors,Federal-gov,Exec-managerial,0,0,40,39,1
20,Female,White,Never-married,3,215232,Some-college,Private,Exec-managerial,0,0,10,39,0
38,Male,White,Married-civ-spouse,0,344480,HS-grad,Self-emp-not-inc,Craft-repair,4064,0,40,39,0
36,Female,White,Married-civ-spouse,5,201519,Bachelors,Private,Exec-managerial,0,0,40,39,1
51,Male,White,Married-civ-spouse,0,194097,HS-grad,Private,Protective-serv,0,0,40,39,0
55,Male,White,Married-civ-spouse,0,176904,10th,Private,Transport-moving,0,0,50,39,0
50,Male,White,Divorced,1,176609,Some-college,Private,Other-service,0,0,45,39,0
42,Female,White,Divorced,3,102085,HS-grad,Private,Other-service,0,0,15,39,0
32,Male,White,Married-civ-spouse,0,45796,Some-college,Private,Farming-fishing,0,0,60,39,0
39,Male,White,Divorced,3,106297,HS-grad,Local-gov,Adm-clerical,0,0,42,39,0
21,Male,White,Never-married,3,142766,Some-college,State-gov,Other-service,0,0,10,39,0
25,Male,White,Never-married,2,51498,12th,Private,Other-service,0,0,40,39,0
35,Male,White,Married-civ-spouse,0,190895,Some-college,Private,Prof-specialty,0,0,60,39,0
29,Male,White,Married-civ-spouse,0,188278,Some-college,Local-gov,Prof-specialty,0,0,40,39,0
70,Female,White,Widowed,4,170428,Bachelors,Private,Prof-specialty,0,0,20,33,0
48,Male,White,Married-civ-spouse,0,123075,Doctorate,Private,Prof-specialty,0,0,45,39,1
24,Female,Asian-Pac-Islander,Married-spouse-absent,1,123160,Masters,State-gov,Prof-specialty,0,0,10,3,0
48,Female,White,Divorced,1,265083,10th,Private,Sales,0,0,38,39,0
18,Female,White,Never-married,3,243313,HS-grad,Private,Sales,0,0,40,39,0
44,Female,Asian-Pac-Islander,Never-married,1,81853,HS-grad,Private,Sales,0,0,40,39,0
45,Male,White,Widowed,4,277434,Assoc-acdm,Private,Tech-support,0,0,40,39,1
24,Female,White,Divorced,1,174461,Assoc-acdm,Private,Other-service,0,0,22,39,0
47,Male,White,Married-civ-spouse,0,138342,11th,Local-gov,Transport-moving,3411,0,40,8,0
45,Male,White,Married-civ-spouse,0,304973,HS-grad,Local-gov,Protective-serv,0,0,78,39,1
22,Male,Black,Never-married,3,236330,Some-college,Other,Other,0,1721,20,39,0
46,Female,White,Married-civ-spouse,5,324561,Masters,Local-gov,Prof-specialty,0,0,45,39,1
34,Male,Black,Married-civ-spouse,0,318886,HS-grad,Private,Farming-fishing,0,0,40,39,0
38,Female,Black,Divorced,4,139180,Bachelors,Private,Prof-specialty,15020,0,45,39,1
47,Female,White,Married-civ-spouse,5,51835,Prof-school,Private,Prof-specialty,0,1902,60,16,1
23,Female,White,Never-married,1,103632,HS-grad,Private,Adm-clerical,0,0,40,39,0
30,Female,White,Separated,1,156718,Some-college,Private,Adm-clerical,0,0,40,39,0
19,Male,White,Never-married,1,63918,Some-college,Private,Adm-clerical,0,0,40,39,0
28,Male,White,Married-civ-spouse,0,132686,Bachelors,Private,Exec-managerial,0,0,55,39,0
50,Female,White,Divorced,1,271160,Some-college,Private,Sales,0,0,40,39,0
40,Male,Black,Separated,1,225978,Some-college,Private,Exec-managerial,0,0,40,39,0
33,Female,Black,Never-married,4,73296,HS-grad,State-gov,Other-service,1831,0,40,39,0
54,Female,White,Separated,2,185042,1st-4th,Private,Priv-house-serv,0,0,40,26,0
76,Female,White,Widowed,4,84755,Some-college,Other,Other,0,0,40,39,0
37,Male,White,Married-civ-spouse,0,328466,Some-college,Self-emp-inc,Exec-managerial,0,0,50,39,1
35,Male,White,Never-married,3,207568,10th,Private,Other-service,0,0,40,39,0
23,Female,White,Never-married,1,197207,Bachelors,Private,Prof-specialty,0,0,40,39,0
25,Female,White,Never-married,4,178960,11th,Other,Other,0,0,40,39,0
46,Male,White,Married-civ-spouse,0,261059,Masters,Private,Prof-specialty,0,1977,50,39,1
27,Male,White,Never-married,1,428030,Bachelors,Private,Craft-repair,0,0,50,39,0
24,Male,White,Married-civ-spouse,0,125905,HS-grad,Private,Craft-repair,0,0,40,39,0
44,Male,Black,Married-civ-spouse,0,286750,Some-college,Private,Transport-moving,0,0,40,39,0
51,Female,Black,Separated,1,244572,HS-grad,Private,Other-service,0,0,37,39,0
28,Female,White,Never-married,3,298696,Bachelors,Private,Adm-clerical,0,0,40,39,0
27,Female,White,Never-married,3,191177,Some-college,Private,Adm-clerical,0,0,40,39,0
33,Male,White,Married-civ-spouse,0,254935,Some-college,Local-gov,Protective-serv,0,0,45,39,0
64,Male,White,Married-civ-spouse,0,64101,12th,Other,Other,0,0,24,39,0
44,Male,White,Married-civ-spouse,0,163985,Prof-school,Self-emp-not-inc,Prof-specialty,0,0,32,39,1
17,Male,White,Never-married,3,239947,11th,Private,Adm-clerical,0,0,40,39,0
20,Female,Asian-Pac-Islander,Never-married,4,147171,Some-college,Private,Adm-clerical,0,0,40,40,0
22,Male,White,Never-married,2,202745,HS-grad,Private,Machine-op-inspct,0,0,55,39,0
27,Female,White,Divorced,3,188519,HS-grad,Private,Sales,0,0,40,39,0
20,Male,White,Never-married,1,104981,HS-grad,Private,Sales,0,0,40,39,0
39,Male,White,Separated,1,192337,Bachelors,Private,Sales,0,0,50,39,0
22,Male,White,Never-married,2,239954,Some-college,Private,Adm-clerical,0,0,40,39,0
60,Male,White,Married-civ-spouse,0,193038,Some-college,Self-emp-not-inc,Farming-fishing,0,0,15,39,0
38,Male,White,Married-civ-spouse,0,208358,Assoc-voc,Private,Sales,0,0,40,39,0
41,Male,White,Married-civ-spouse,0,279914,Some-college,Private,Adm-clerical,0,0,45,39,1
64,Male,White,Married-civ-spouse,0,80333,HS-grad,Self-emp-inc,Exec-managerial,0,0,40,39,1
25,Male,Black,Never-married,1,50053,HS-grad,Private,Other-service,0,0,40,24,0
25,Female,White,Never-married,1,397317,Assoc-acdm,Private,Prof-specialty,0,0,40,39,0
50,Female,White,Never-married,3,133963,Bachelors,Local-gov,Prof-specialty,0,0,40,39,1
32,Male,White,Married-civ-spouse,0,152109,HS-grad,Private,Craft-repair,0,0,48,39,0
27,Male,White,Never-married,3,223529,Assoc-voc,Local-gov,Adm-clerical,0,0,43,39,0
38,Male,Black,Married-civ-spouse,0,257416,9th,Private,Transport-moving,0,0,40,39,0
30,Female,Black,Never-married,3,227886,HS-grad,Private,Exec-managerial,0,0,35,23,0
53,Male,Black,Married-civ-spouse,0,225768,Assoc-voc,Private,Craft-repair,0,0,40,39,1
59,Male,White,Married-civ-spouse,0,127728,Some-college,Private,Tech-support,0,0,40,39,1
18,Male,White,Never-married,3,190325,11th,Private,Craft-repair,0,0,30,39,0
42,Male,White,Married-civ-spouse,0,125155,HS-grad,Local-gov,Protective-serv,0,0,90,39,0
80,Female,White,Widowed,1,249983,7th-8th,Private,Other-service,0,0,24,39,0
34,Male,White,Married-civ-spouse,0,50178,Some-college,State-gov,Exec-managerial,0,0,38,39,0
42,Female,White,Divorced,4,118686,Some-college,Private,Prof-specialty,0,0,20,39,0
43,Female,Black,Never-married,4,174196,HS-grad,Private,Other-service,0,0,40,39,0
54,Male,White,Married-civ-spouse,0,103179,HS-grad,Self-emp-not-inc,Transport-moving,0,0,60,39,1
45,Female,White,Widowed,4,146497,Some-college,Private,Exec-managerial,0,0,55,39,0
41,Male,White,Married-civ-spouse,0,213416,5th-6th,Other,Other,0,0,32,26,0
66,Female,Black,Separated,1,193132,9th,Private,Other-service,0,0,30,39,0
35,Male,White,Married-civ-spouse,0,202027,Bachelors,Private,Handlers-cleaners,7298,0,35,39,1
63,Female,White,Widowed,1,150389,Bachelors,Other,Other,0,0,40,39,1
26,Male,White,Never-married,3,90277,HS-grad,Private,Adm-clerical,0,0,40,0,0
43,Male,White,Never-married,1,351576,Bachelors,Private,Sales,0,0,50,39,1
47,Male,White,Married-civ-spouse,0,170850,Bachelors,Private,Tech-support,0,0,48,39,0
47,Female,White,Married-civ-spouse,5,182752,HS-grad,Self-emp-not-inc,Adm-clerical,0,0,35,20,0
52,Female,Black,Never-married,1,145081,7th-8th,Private,Machine-op-inspct,0,0,40,39,0
37,Male,White,Married-civ-spouse,0,99374,10th,Private,Transport-moving,0,0,55,39,0
44,Female,White,Divorced,4,336906,Some-college,Private,Adm-clerical,0,0,40,39,0
27,Male,White,Never-married,3,332785,HS-grad,Local-gov,Protective-serv,0,0,38,39,0
34,Female,White,Never-married,1,198634,Assoc-voc,Private,Adm-clerical,0,0,40,39,0
19,Male,White,Never-married,3,169853,HS-grad,Local-gov,Craft-repair,0,0,40,39,0
58,Male,White,Married-civ-spouse,0,289364,Some-college,Private,Exec-managerial,7688,0,45,39,1
28,Female,White,Never-married,4,111520,11th,Private,Machine-op-inspct,0,0,40,27,0
34,Male,White,Married-civ-spouse,0,349148,Some-college,Self-emp-not-inc,Craft-repair,0,0,40,39,0
39,Male,Asian-Pac-Islander,Divorced,1,123983,Bachelors,Private,Sales,0,0,40,3,0
46,Male,White,Married-civ-spouse,0,65535,Bachelors,Local-gov,Exec-managerial,0,0,48,39,1
35,Male,White,Never-married,1,184655,Bachelors,Private,Prof-specialty,0,0,40,39,0
43,Male,White,Married-civ-spouse,0,170721,Some-college,Self-emp-not-inc,Craft-repair,0,0,20,39,0
72,Female,White,Widowed,1,165622,Some-college,Private,Adm-clerical,0,0,25,39,0
41,Female,White,Divorced,4,343121,HS-grad,Private,Adm-clerical,0,0,36,39,0
47,Male,Black,Married-civ-spouse,0,274720,5th-6th,Private,Other-service,0,0,40,23,0
36,Female,Asian-Pac-Islander,Married-civ-spouse,5,288585,HS-grad,Self-emp-not-inc,Other-service,0,0,20,35,0
33,Male,Black,Married-civ-spouse,0,252168,HS-grad,Private,Transport-moving,0,0,40,39,0
51,Male,White,Married-civ-spouse,0,115025,HS-grad,Private,Craft-repair,0,0,40,39,0
46,Male,White,Married-civ-spouse,0,106255,Some-college,Private,Craft-repair,0,0,40,39,0
54,Female,White,Widowed,4,178251,Assoc-acdm,Private,Adm-clerical,0,0,30,39,0
40,Male,White,Married-civ-spouse,0,77247,12th,Private,Craft-repair,0,0,50,39,1
31,Male,White,Married-civ-spouse,0,172304,Some-college,Private,Craft-repair,0,0,50,39,1
40,Female,Black,Divorced,1,291808,HS-grad,Private,Protective-serv,0,0,40,39,0
24,Female,White,Never-married,3,126613,Bachelors,Private,Prof-specialty,0,0,8,39,0
34,Male,White,Married-civ-spouse,0,305619,HS-grad,Private,Craft-repair,0,0,40,39,1
41,Male,White,Married-civ-spouse,0,188615,Some-college,Private,Craft-repair,0,0,40,39,1
22,Female,Black,Never-married,4,254547,Some-college,Private,Exec-managerial,0,0,40,23,0
63,Male,White,Married-civ-spouse,0,226422,HS-grad,Private,Craft-repair,0,0,40,39,0
24,Male,Asian-Pac-Islander,Never-married,1,34246,Bachelors,Local-gov,Prof-specialty,0,0,40,39,0
46,Female,White,Never-married,1,169042,10th,Private,Other-service,0,0,25,7,0
49,Male,Black,Married-civ-spouse,0,174981,Masters,Local-gov,Exec-managerial,0,0,47,39,1
42,Male,White,Never-married,1,328239,Some-college,Private,Other-service,0,0,40,39,0
25,Female,White,Never-married,3,193820,Masters,Private,Prof-specialty,0,0,40,39,0
24,Male,White,Married-civ-spouse,0,60783,Some-college,Private,Transport-moving,0,0,70,39,1
22,Female,White,Never-married,1,64292,HS-grad,Private,Tech-support,0,0,40,39,0
58,Male,White,Married-civ-spouse,0,109567,Doctorate,State-gov,Prof-specialty,0,0,1,39,1
36,Male,White,Married-civ-spouse,0,146311,9th,Private,Machine-op-inspct,0,0,40,39,0
24,Female,Black,Never-married,3,205844,Bachelors,Private,Exec-managerial,0,0,65,39,0
90,Male,Asian-Pac-Islander,Married-civ-spouse,0,187749,Assoc-acdm,Local-gov,Adm-clerical,0,0,20,30,0
19,Male,White,Never-married,3,184121,HS-grad,Private,Other-service,0,0,20,39,0
59,Male,White,Never-married,1,195467,Masters,Federal-gov,Exec-managerial,0,0,40,39,0
52,Male,White,Married-civ-spouse,0,289436,Doctorate,Self-emp-not-inc,Prof-specialty,0,0,60,39,1
27,Male,White,Never-married,1,28848,Bachelors,State-gov,Prof-specialty,0,0,9,39,0
57,Male,White,Divorced,1,204816,Masters,Private,Prof-specialty,0,0,30,39,0
29,Female,White,Married-civ-spouse,5,375078,7th-8th,Private,Other-service,0,0,40,26,0
55,Male,Other,Married-civ-spouse,0,135803,Bachelors,Private,Exec-managerial,0,1579,35,19,0
71,Male,Black,Separated,4,494223,Some-college,Self-emp-not-inc,Sales,0,1816,2,39,0
25,Male,White,Never-married,3,49092,Bachelors,Private,Other-service,0,0,40,39,0
31,Male,Amer-Indian-Eskimo,Divorced,4,94991,HS-grad,Local-gov,Other-service,0,0,40,39,0
21,Male,White,Never-married,3,314165,Some-college,Private,Sales,0,0,40,4,0
44,Female,White,Widowed,4,115896,Assoc-voc,Self-emp-not-inc,Prof-specialty,0,0,40,39,0
35,Male,White,Married-civ-spouse,0,190387,Bachelors,Self-emp-not-inc,Farming-fishing,0,0,45,39,0
52,Male,White,Married-civ-spouse,0,284329,Some-college,Private,Craft-repair,0,0,45,39,1
54,Female,White,Widowed,4,220055,Bachelors,Private,Sales,0,0,40,39,0
46,Male,White,Married-civ-spouse,0,177407,HS-grad,Self-emp-not-inc,Sales,0,0,50,39,0
38,Male,White,Never-married,1,37778,HS-grad,Self-emp-not-inc,Farming-fishing,0,0,60,39,0
27,Male,White,Married-civ-spouse,0,303954,Bachelors,Private,Sales,0,0,45,39,0
24,Female,White,Never-married,3,399449,Bachelors,Private,Sales,0,0,40,39,0
35,Male,White,Married-civ-spouse,0,241001,HS-grad,Private,Machine-op-inspct,0,0,44,39,0
27,Male,White,Never-married,1,419146,5th-6th,Private,Other-service,0,0,75,26,0
40,Male,White,Married-civ-spouse,0,205195,Assoc-acdm,Private,Sales,0,0,60,39,1
49,Male,Black,Never-married,2,133917,Assoc-voc,Private,Sales,0,0,40,0,0
42,Female,Black,Separated,4,126098,HS-grad,Private,Craft-repair,0,0,40,39,0
69,Female,White,Widowed,1,76939,HS-grad,Private,Exec-managerial,0,0,40,39,0
22,Female,White,Divorced,4,184543,Some-college,Private,Adm-clerical,0,0,40,39,0
19,Female,White,Never-married,3,28145,HS-grad,Private,Other-service,0,0,52,39,0
40,Male,White,Divorced,1,367533,HS-grad,Private,Craft-repair,0,0,40,39,0
34,Male,White,Never-married,4,94235,Bachelors,Private,Craft-repair,0,0,40,39,0
28,Male,White,Married-civ-spouse,0,130856,Bachelors,Private,Prof-specialty,0,0,40,39,1
45,Female,White,Married-spouse-absent,1,230979,Some-college,Private,Adm-clerical,0,0,40,39,0
52,Female,White,Widowed,4,78012,HS-grad,Private,Sales,0,1762,40,39,0
38,Female,Black,Never-married,3,439592,Some-college,Private,Other-service,0,0,40,39,0
26,Female,White,Married-civ-spouse,5,473625,HS-grad,Private,Other-service,0,0,30,39,0
43,Male,White,Separated,4,180599,Bachelors,Private,Exec-managerial,8614,0,40,39,1
25,Female,White,Never-married,3,153841,Some-college,Private,Adm-clerical,0,0,40,39,0
27,Female,White,Never-married,1,194472,HS-grad,Private,Priv-house-serv,0,0,60,39,0
61,Male,White,Married-civ-spouse,0,123991,Some-college,Private,Handlers-cleaners,0,0,20,39,0
39,Female,Black,Divorced,4,172855,HS-grad,Private,Adm-clerical,0,0,40,39,0
40,Male,White,Married-civ-spouse,0,184018,Assoc-voc,State-gov,Machine-op-inspct,0,0,38,39,1
90,Male,White,Married-civ-spouse,0,227796,Masters,Local-gov,Exec-managerial,20051,0,60,39,1
46,Female,Black,Separated,4,236827,9th,Local-gov,Other-service,0,0,40,39,0
21,Female,White,Never-married,3,143604,HS-grad,Private,Adm-clerical,0,0,40,39,0
47,Male,White,Married-civ-spouse,0,106255,Some-college,Private,Craft-repair,0,0,40,39,0
29,Male,White,Married-civ-spouse,0,289991,Masters,Local-gov,Prof-specialty,0,0,50,39,0
68,Female,White,Never-married,1,50351,Masters,Private,Adm-clerical,6360,0,20,39,0
32,Male,White,Married-civ-spouse,0,207668,Bachelors,Private,Exec-managerial,15024,0,45,39,1
23,Male,White,Never-married,1,216889,HS-grad,Private,Handlers-cleaners,0,0,40,39,0
18,Female,White,Never-married,3,152182,10th,Local-gov,Protective-serv,0,0,6,39,0
22,Male,White,Never-married,3,306593,HS-grad,Private,Craft-repair,0,0,40,39,0
39,Male,White,Married-civ-spouse,0,211154,HS-grad,Private,Transport-moving,0,0,55,39,0
56,Male,White,Married-civ-spouse,0,204816,Some-college,Private,Exec-managerial,0,0,40,39,1
40,Male,Black,Never-married,1,70761,Assoc-acdm,Private,Tech-support,0,0,40,39,0
64,Female,White,Widowed,1,187601,Some-college,Private,Adm-clerical,0,0,40,39,0
18,Male,White,Never-married,3,165532,12th,Private,Other-service,0,0,15,39,0
26,Female,White,Never-married,1,169323,Masters,State-gov,Prof-specialty,0,0,40,39,0
40,Male,White,Married-civ-spouse,0,193995,HS-grad,Private,Other-service,0,0,30,39,0
21,Male,White,Never-married,3,207103,HS-grad,Private,Handlers-cleaners,0,0,40,39,0
61,Female,White,Divorced,4,248448,7th-8th,Private,Other-service,0,0,40,39,0
25,Female,White,Never-married,3,185942,Masters,Private,Prof-specialty,0,0,40,39,1
48,Female,White,Married-civ-spouse,5,166634,Bachelors,Federal-gov,Adm-clerical,7688,0,40,39,1
40,Female,White,Divorced,4,191982,Assoc-voc,Private,Prof-specialty,0,0,40,39,1
26,Male,White,Married-civ-spouse,0,101027,HS-grad,Private,Sales,0,0,48,39,0
49,Male,Asian-Pac-Islander,Never-married,1,33673,12th,Private,Transport-moving,0,0,35,39,0
73,Male,White,Married-civ-spouse,0,90557,11th,Other,Other,0,0,8,39,0
24,Male,White,Never-married,1,403671,Some-college,Private,Machine-op-inspct,0,0,40,39,0
32,Male,White,Married-civ-spouse,0,130304,HS-grad,Private,Prof-specialty,0,1485,48,39,0
27,Male,White,Married-civ-spouse,0,131298,10th,Self-emp-not-inc,Craft-repair,0,0,48,39,0
48,Male,White,Divorced,1,143542,HS-grad,Private,Transport-moving,0,0,40,39,0
37,Female,White,Never-married,3,98725,Bachelors,Local-gov,Tech-support,0,0,42,39,0
31,Female,White,Divorced,4,161631,Some-college,State-gov,Adm-clerical,0,0,40,39,0
55,Male,White,Married-civ-spouse,0,226875,HS-grad,Private,Sales,4064,0,40,39,0
21,Female,White,Never-married,3,203914,Some-college,Private,Other-service,0,0,10,39,0
22,Female,Black,Never-married,3,237811,Assoc-acdm,Local-gov,Adm-clerical,0,0,35,14,0
62,Male,White,Never-married,1,161460,Bachelors,Private,Farming-fishing,0,0,30,39,0
59,Male,White,Divorced,1,255822,HS-grad,Self-emp-inc,Exec-managerial,0,0,60,39,0
36,Male,White,Married-civ-spouse,0,114059,Bachelors,Private,Exec-managerial,0,0,45,39,0
34,Male,Asian-Pac-Islander,Married-civ-spouse,0,303187,Bachelors,Private,Prof-specialty,0,0,40,0,1
62,Male,White,Divorced,1,120939,Some-college,Self-emp-not-inc,Sales,0,0,40,39,0
57,Female,White,Divorced,4,268252,HS-grad,Local-gov,Adm-clerical,0,0,62,39,0
39,Female,White,Married-civ-spouse,5,111499,Assoc-acdm,Local-gov,Adm-clerical,0,0,20,39,1
41,Male,Black,Married-civ-spouse,0,201435,HS-grad,Local-gov,Transport-moving,0,0,40,39,0
25,Female,Black,Never-married,3,148460,HS-grad,Private,Adm-clerical,4416,0,40,33,0
42,Male,Black,Divorced,1,1125613,HS-grad,Local-gov,Other-service,0,0,40,39,0
52,Female,White,Divorced,1,424012,Some-college,Federal-gov,Exec-managerial,0,0,40,39,0
19,Female,White,Never-married,1,35865,Some-college,Private,Other-service,0,0,30,39,0
53,Male,White,Married-civ-spouse,0,287192,1st-4th,Local-gov,Other-service,0,0,32,26,0
35,Male,White,Married-civ-spouse,0,385847,Some-college,Private,Craft-repair,0,0,40,39,0
17,Male,White,Never-married,3,25051,10th,Private,Other-service,0,0,16,39,0
21,Male,White,Married-civ-spouse,0,203003,10th,Private,Craft-repair,0,0,40,39,0
18,Female,White,Never-married,3,169882,Some-college,Other,Other,594,0,15,39,0
28,Male,White,Never-married,1,185127,Some-college,Private,Sales,0,0,40,39,0
23,Male,Other,Never-married,3,481175,Some-college,Private,Exec-managerial,0,0,24,29,0
46,Male,White,Married-civ-spouse,0,169699,HS-grad,Private,Craft-repair,0,0,40,39,0
23,Male,White,Married-civ-spouse,0,434467,Some-college,Private,Tech-support,0,0,42,39,0
21,Male,White,Never-married,4,203055,Some-college,Private,Machine-op-inspct,0,0,40,39,0
33,Male,White,Married-civ-spouse,0,290614,HS-grad,State-gov,Other-service,0,0,40,39,0
17,Male,White,Never-married,3,57723,11th,Private,Sales,0,0,30,39,0
45,Male,White,Married-civ-spouse,0,188694,HS-grad,Self-emp-not-inc,Exec-managerial,0,0,40,39,0
18,Male,White,Never-married,2,127273,11th,Private,Other-service,0,0,20,39,0
30,Male,Asian-Pac-Islander,Never-married,4,268575,HS-grad,Private,Craft-repair,0,0,40,40,0
41,Male,White,Married-civ-spouse,0,233130,Some-college,Private,Craft-repair,0,0,40,39,1
24,Female,White,Never-married,3,128061,HS-grad,Private,Other-service,594,0,15,39,0
22,Female,Black,Separated,4,347530,HS-grad,Private,Other-service,0,0,35,39,0
40,Male,White,Married-civ-spouse,0,409922,Some-college,Private,Prof-specialty,7298,0,40,39,1
47,Male,White,Married-civ-spouse,0,174533,Some-college,Self-emp-not-inc,Craft-repair,0,0,40,39,0
22,Male,White,Never-married,3,163870,HS-grad,Private,Machine-op-inspct,0,0,40,39,0
47,Male,White,Married-civ-spouse,0,242391,Prof-school,Self-emp-not-inc,Prof-specialty,15024,0,40,39,1
47,Male,White,Married-civ-spouse,0,108510,10th,Private,Sales,0,0,65,39,0
35,Male,Black,Married-civ-spouse,0,75855,Masters,Private,Prof-specialty,7298,0,40,0,1
33,Male,White,Married-civ-spouse,0,56701,Bachelors,Private,Prof-specialty,15024,0,75,39,1
32,Female,White,Married-civ-spouse,5,335427,Bachelors,Other,Other,0,0,20,39,1
17,Female,White,Never-married,3,73145,9th,Private,Craft-repair,0,0,16,39,0
23,Female,White,Never-married,1,198996,HS-grad,Private,Adm-clerical,0,0,40,39,0
19,Female,White,Never-married,2,536725,Some-college,State-gov,Adm-clerical,0,0,15,24,0
43,Female,Asian-Pac-Islander,Married-civ-spouse,5,128212,5th-6th,Private,Machine-op-inspct,0,0,40,40,1
28,Male,White,Married-civ-spouse,0,206125,Some-college,Private,Craft-repair,0,0,40,39,0
24,Male,White,Never-married,3,314823,HS-grad,Private,Sales,0,0,40,6,0
21,Female,White,Never-married,3,204425,Some-college,State-gov,Exec-managerial,0,0,20,39,0
62,Male,White,Married-civ-spouse,0,176839,Bachelors,Private,Tech-support,0,0,38,39,0
41,Female,Black,Never-married,1,279297,HS-grad,Private,Sales,0,0,60,39,0
52,Male,White,Married-civ-spouse,0,165278,HS-grad,Self-emp-not-inc,Transport-moving,0,0,22,39,0
58,Female,White,Divorced,1,142326,Bachelors,Private,Prof-specialty,0,0,50,39,0
38,Male,Asian-Pac-Islander,Married-civ-spouse,0,396595,Some-college,Private,Craft-repair,0,0,40,39,1
26,Female,White,Never-married,1,233933,10th,Self-emp-not-inc,Prof-specialty,0,0,32,39,0
29,Female,Asian-Pac-Islander,Never-married,1,161478,Bachelors,Private,Adm-clerical,0,0,40,24,0
31,Male,White,Never-married,1,190228,Masters,Local-gov,Exec-managerial,0,0,45,39,0
24,Female,Asian-Pac-Islander,Never-married,3,73928,Assoc-voc,Private,Adm-clerical,0,0,20,39,0
33,Female,White,Married-civ-spouse,5,168030,Some-college,Private,Prof-specialty,7298,0,21,39,1
17,Female,White,Never-married,3,158762,10th,Other,Other,0,0,20,39,0
61,Male,White,Married-civ-spouse,0,220342,7th-8th,Self-emp-not-inc,Transport-moving,0,0,30,39,0
26,Female,Black,Never-married,4,188343,HS-grad,Other,Other,0,0,40,39,0
62,Male,White,Married-civ-spouse,0,211408,Assoc-voc,Private,Tech-support,0,0,40,39,1
42,Male,White,Married-civ-spouse,0,90693,Bachelors,Self-emp-inc,Exec-managerial,0,0,70,39,0
17,Female,White,Never-married,3,148194,11th,Local-gov,Adm-clerical,0,0,12,39,0
39,Male,Black,Married-civ-spouse,0,160808,Some-college,Self-emp-not-inc,Other-service,0,0,40,39,0
67,Male,White,Married-civ-spouse,0,209137,Bachelors,Other,Other,0,0,40,39,0
57,Male,White,Married-civ-spouse,0,199768,HS-grad,Self-emp-inc,Sales,0,1902,30,39,1
40,Female,White,Married-civ-spouse,5,183096,9th,Local-gov,Other-service,0,0,40,41,1
52,Male,White,Married-civ-spouse,0,154521,HS-grad,Federal-gov,Adm-clerical,0,0,44,39,1
30,Male,White,Married-civ-spouse,0,235271,Bachelors,Local-gov,Protective-serv,0,0,40,39,1
25,Male,White,Married-civ-spouse,0,512771,9th,Private,Transport-moving,0,0,45,39,0
53,Female,White,Divorced,1,113176,HS-grad,Private,Sales,2597,0,40,39,0
48,Female,White,Separated,4,102597,Some-college,Private,Adm-clerical,0,0,44,39,0
26,Male,Black,Married-civ-spouse,0,288959,HS-grad,Private,Sales,0,0,36,39,0
59,Female,White,Widowed,1,114401,HS-grad,Local-gov,Other-service,0,1504,19,39,0
44,Female,Black,Divorced,4,111275,HS-grad,Private,Machine-op-inspct,0,0,56,39,0
24,Female,White,Married-civ-spouse,5,178255,Some-college,Private,Priv-house-serv,0,0,40,0,0
24,Male,Asian-Pac-Islander,Never-married,1,83374,Some-college,Self-emp-not-inc,Prof-specialty,0,0,30,39,1
24,Male,White,Never-married,1,175069,Bachelors,Other,Other,0,0,50,39,0
39,Male,White,Divorced,1,126336,HS-grad,State-gov,Prof-specialty,0,0,40,39,0
31,Female,White,Never-married,1,193132,Bachelors,Private,Tech-support,0,0,42,39,0
36,Female,White,Divorced,4,182013,Some-college,Private,Tech-support,0,0,40,39,0
34,Male,White,Divorced,1,96245,HS-grad,Private,Farming-fishing,0,0,40,39,0
46,Male,White,Married-civ-spouse,0,133169,Assoc-voc,Private,Craft-repair,0,0,40,39,0
19,Female,White,Divorced,1,167816,HS-grad,Local-gov,Exec-managerial,0,0,35,39,0
54,Female,Black,Separated,4,123592,HS-grad,State-gov,Adm-clerical,3887,0,35,39,0
27,Female,White,Never-married,1,155382,Some-college,Private,Other-service,0,0,25,39,0
27,Male,White,Married-civ-spouse,0,423250,Some-college,Private,Exec-managerial,0,0,60,39,0
44,Female,White,Divorced,4,201924,Bachelors,Private,Sales,0,0,35,39,0
50,Male,White,Married-civ-spouse,0,548361,Bachelors,Private,Tech-support,0,0,20,39,1
47,Male,White,Married-civ-spouse,0,119939,HS-grad,Private,Craft-repair,0,0,40,39,1
33,Male,White,Never-married,1,192644,HS-grad,Other,Other,0,0,40,39,0
54,Male,White,Married-civ-spouse,0,338620,Masters,Private,Exec-managerial,0,0,52,39,1
41,Female,White,Married-civ-spouse,5,178002,HS-grad,Private,Adm-clerical,0,0,40,39,1
49,Male,Black,Never-married,1,151107,HS-grad,Private,Craft-repair,0,0,40,39,0
33,Male,White,Never-married,1,191385,Bachelors,Private,Prof-specialty,0,0,40,2,0
47,Male,Black,Never-married,1,272182,Some-college,Local-gov,Adm-clerical,0,0,40,39,0
21,Male,White,Never-married,2,250647,Some-college,Private,Adm-clerical,0,0,30,27,0
42,Male,White,Married-civ-spouse,0,158555,10th,Private,Exec-managerial,0,0,40,39,0
47,Female,White,Divorced,4,166634,Some-college,Private,Exec-managerial,0,0,40,11,0
22,Female,White,Never-married,1,167868,HS-grad,Private,Sales,0,0,30,39,0
18,Female,White,Never-married,3,214989,Some-college,Other,Other,0,1602,24,39,0
32,Male,White,Married-civ-spouse,0,209691,Bachelors,Self-emp-inc,Craft-repair,0,0,50,2,0
57,Female,White,Never-married,1,255109,HS-grad,Private,Exec-managerial,0,0,45,39,0
26,Female,White,Married-civ-spouse,5,132661,HS-grad,Private,Exec-managerial,5013,0,40,39,0
29,Male,Black,Never-married,3,376680,HS-grad,Private,Tech-support,0,0,40,39,0
33,Female,White,Divorced,4,117983,10th,Private,Other-service,0,0,45,39,0
40,Female,White,Never-married,4,26880,Some-college,Federal-gov,Adm-clerical,0,0,40,39,0
33,Female,Black,Divorced,1,178506,HS-grad,Private,Adm-clerical,0,0,40,39,0
22,Female,White,Never-married,3,211968,Bachelors,Private,Adm-clerical,0,0,40,39,0
49,Male,White,Married-civ-spouse,0,54772,HS-grad,Private,Craft-repair,3103,0,45,39,1
35,Male,White,Married-civ-spouse,0,107125,Bachelors,Private,Prof-specialty,0,0,16,39,1
73,Female,White,Married-spouse-absent,1,84390,Assoc-voc,Other,Other,0,0,32,39,0
35,Female,White,Never-married,4,170263,Some-college,Private,Tech-support,0,0,40,39,0
39,Male,White,Married-civ-spouse,0,287031,Masters,Local-gov,Prof-specialty,0,0,45,39,1
33,Female,White,Divorced,3,278514,HS-grad,Private,Craft-repair,0,0,42,39,0
34,Male,White,Never-married,1,242984,HS-grad,Private,Adm-clerical,0,0,48,39,0
21,Female,White,Never-married,1,108670,HS-grad,Private,Prof-specialty,0,0,40,39,0
54,Male,White,Married-civ-spouse,0,146551,HS-grad,Private,Adm-clerical,0,0,54,39,1
56,Male,White,Married-civ-spouse,0,195668,10th,Private,Other-service,0,0,35,5,1
52,Male,White,Married-civ-spouse,0,108211,7th-8th,Other,Other,0,0,40,39,0
19,Female,Black,Never-married,3,109928,11th,Private,Sales,0,0,35,39,0
23,Female,White,Never-married,3,167692,Some-college,Private,Adm-clerical,0,0,20,39,0
38,Female,Black,Divorced,4,224584,Some-college,Private,Sales,0,0,40,39,0
21,Male,Black,Never-married,3,177711,HS-grad,Private,Transport-moving,0,0,40,39,0
34,Male,White,Married-civ-spouse,0,108247,Prof-school,Self-emp-not-inc,Prof-specialty,0,0,55,39,1
26,Male,White,Never-married,1,284078,Some-college,Private,Adm-clerical,0,0,40,39,0
24,Male,White,Married-civ-spouse,0,194654,HS-grad,Private,Protective-serv,0,0,40,39,0
41,Male,White,Divorced,1,44006,Assoc-voc,Self-emp-not-inc,Farming-fishing,0,0,40,39,0
24,Male,White,Married-civ-spouse,0,255474,11th,Private,Sales,0,0,40,39,0
37,Female,White,Divorced,2,207887,Bachelors,Federal-gov,Exec-managerial,0,0,50,39,0
25,Male,White,Married-civ-spouse,0,394503,Some-college,Private,Sales,0,0,40,39,0
40,Female,White,Never-married,1,341835,HS-grad,Private,Exec-managerial,0,0,45,39,0
56,Male,White,Divorced,1,176280,HS-grad,Self-emp-not-inc,Other-service,0,0,50,39,0
28,Male,White,Married-civ-spouse,0,111900,Assoc-acdm,Private,Sales,0,0,30,39,0
63,Male,White,Married-civ-spouse,0,122442,12th,Private,Craft-repair,0,0,40,39,0
48,Male,White,Married-civ-spouse,0,193047,HS-grad,Other,Other,0,0,40,39,1
25,Female,White,Never-married,1,167835,Bachelors,Private,Exec-managerial,3325,0,40,39,0
23,Male,White,Married-civ-spouse,0,117767,Bachelors,Private,Sales,0,0,40,39,0
56,Male,White,Married-civ-spouse,0,181220,Bachelors,Private,Sales,0,0,40,39,1
47,Male,White,Married-civ-spouse,0,200808,12th,Local-gov,Adm-clerical,0,0,35,33,0
35,Female,White,Divorced,1,101509,Some-college,Private,Exec-managerial,0,0,40,39,0
42,Male,White,Married-civ-spouse,0,105804,11th,State-gov,Farming-fishing,0,0,40,39,0
47,Female,Black,Married-civ-spouse,5,193285,HS-grad,Private,Other-service,5013,0,40,39,0
52,Male,White,Married-civ-spouse,0,71344,Masters,State-gov,Prof-specialty,0,0,40,39,0
63,Female,Asian-Pac-Islander,Widowed,2,106910,5th-6th,Private,Other-service,0,0,19,30,0
60,Female,White,Widowed,4,188236,10th,Private,Tech-support,0,0,40,39,0
52,Female,Black,Married-civ-spouse,5,89951,12th,Other,Other,0,0,40,39,1
19,Female,White,Never-married,3,160033,Some-college,Private,Protective-serv,0,0,30,39,0
32,Male,Other,Married-civ-spouse,0,173314,Assoc-voc,Self-emp-not-inc,Prof-specialty,0,0,60,39,0
46,Female,Black,Married-civ-spouse,5,114797,HS-grad,Private,Machine-op-inspct,0,0,36,39,0
42,Male,White,Married-civ-spouse,0,150533,Some-college,Private,Exec-managerial,7298,0,52,39,1
49,Female,White,Divorced,4,106554,Bachelors,Local-gov,Prof-specialty,0,0,40,39,1
21,Male,Amer-Indian-Eskimo,Never-married,3,245572,9th,Private,Other-service,0,0,40,39,0
42,Male,Black,Married-civ-spouse,0,267138,Some-college,Local-gov,Craft-repair,0,0,40,39,0
19,Male,White,Never-married,1,184207,Some-college,Private,Sales,0,0,40,39,0
45,Male,White,Married-civ-spouse,0,111979,HS-grad,Private,Handlers-cleaners,0,0,40,39,0
52,Male,White,Divorced,4,46788,Bachelors,Private,Craft-repair,0,0,25,39,0
64,Male,White,Divorced,4,164876,HS-grad,Local-gov,Transport-moving,0,0,20,39,0
39,Male,White,Married-civ-spouse,0,76417,Masters,Private,Prof-specialty,0,0,40,39,1
27,Male,White,Never-married,1,249315,Some-college,Private,Sales,0,0,44,39,0
44,Female,White,Divorced,4,77313,HS-grad,Private,Adm-clerical,0,0,40,39,0
63,Female,White,Divorced,1,339473,Some-college,Private,Sales,0,0,60,39,0
46,Male,White,Married-civ-spouse,0,285335,Some-college,Self-emp-inc,Sales,0,0,60,39,1
28,Male,White,Married-civ-spouse,0,34452,Prof-school,Local-gov,Prof-specialty,0,0,40,39,0
60,Male,White,Married-civ-spouse,0,142494,10th,Self-emp-inc,Craft-repair,0,0,40,39,0
19,Female,White,Never-married,3,37085,Some-college,Other,Other,0,0,30,39,0
21,Female,White,Never-married,1,434102,Some-college,Private,Adm-clerical,0,0,40,39,0
37,Male,White,Married-civ-spouse,0,282951,HS-grad,Private,Prof-specialty,0,0,40,39,0
34,Male,White,Never-married,1,177639,Assoc-acdm,Self-emp-not-inc,Craft-repair,0,0,40,39,0
62,Male,Black,Married-civ-spouse,0,132917,Some-college,Private,Transport-moving,0,0,20,39,0
52,Male,White,Married-civ-spouse,0,185407,HS-grad,Private,Craft-repair,0,0,40,0,0
43,Male,Black,Divorced,1,219307,9th,Private,Transport-moving,0,0,40,39,0
35,Male,White,Married-civ-spouse,0,62669,Some-college,Private,Exec-managerial,0,0,55,39,1
25,Male,White,Never-married,1,509866,HS-grad,Private,Transport-moving,0,0,78,39,0
60,Male,White,Married-civ-spouse,0,239576,Masters,Private,Transport-moving,0,0,10,39,0
63,Male,White,Married-civ-spouse,0,194638,HS-grad,Self-emp-not-inc,Craft-repair,0,0,32,39,0
37,Female,White,Divorced,4,257588,HS-grad,Local-gov,Adm-clerical,0,0,40,39,0
23,Male,White,Never-married,3,210526,HS-grad,Private,Adm-clerical,0,0,40,39,0
48,Male,White,Married-civ-spouse,0,149640,HS-grad,Private,Transport-moving,0,0,40,39,0
28,Female,White,Divorced,4,115971,Some-college,Private,Adm-clerical,0,0,40,39,0
27,Male,White,Never-married,1,184477,12th,Private,Other-service,0,0,40,39,0
30,Male,White,Divorced,1,209691,7th-8th,Private,Transport-moving,0,0,40,39,0
44,Male,White,Married-civ-spouse,0,44822,Some-college,Federal-gov,Craft-repair,0,0,40,39,0
51,Male,White,Married-civ-spouse,0,94432,HS-grad,Self-emp-not-inc,Farming-fishing,0,0,55,39,1
19,Male,White,Never-married,2,181020,11th,Private,Handlers-cleaners,0,0,30,39,0
46,Male,White,Married-civ-spouse,0,132912,HS-grad,Private,Sales,0,0,45,39,1
70,Male,White,Married-civ-spouse,0,133536,HS-grad,Other,Other,0,0,28,39,0
21,Female,White,Never-married,3,213041,HS-grad,Private,Adm-clerical,0,0,40,5,0
42,Female,White,Married-civ-spouse,5,76280,HS-grad,Private,Exec-managerial,0,0,40,39,0
34,Male,White,Married-civ-spouse,0,117503,Bachelors,State-gov,Adm-clerical,0,0,20,22,0
18,Female,Other,Never-married,3,74054,11th,Private,Sales,0,0,20,0,0
65,Male,White,Married-civ-spouse,0,178771,HS-grad,Self-emp-inc,Exec-managerial,0,0,40,39,0
40,Male,White,Divorced,1,217120,10th,Private,Craft-repair,0,0,50,39,0
56,Male,White,Married-civ-spouse,0,437727,9th,Private,Sales,0,0,40,39,0
46,Male,White,Married-civ-spouse,0,344415,Masters,Federal-gov,Armed-Forces,0,1887,40,39,1
65,Female,White,Widowed,1,31924,Some-college,Private,Adm-clerical,0,0,15,39,0
36,Male,White,Married-civ-spouse,0,37931,HS-grad,State-gov,Protective-serv,0,0,48,39,1
74,Male,White,Separated,1,117017,Some-college,State-gov,Sales,0,0,16,39,0
60,Female,White,Divorced,1,188236,HS-grad,Other,Other,0,0,40,39,0
53,Female,Black,Married-civ-spouse,5,224894,5th-6th,Private,Priv-house-serv,0,0,10,14,0
43,Male,White,Married-civ-spouse,0,304175,Masters,Private,Prof-specialty,0,0,50,39,1
24,Male,White,Never-married,2,125031,HS-grad,Private,Handlers-cleaners,0,0,40,39,0
60,Male,White,Married-civ-spouse,0,187794,HS-grad,Self-emp-not-inc,Transport-moving,3103,0,60,39,1
24,Female,White,Never-married,4,86065,HS-grad,Private,Transport-moving,0,0,40,26,0
32,Male,White,Married-civ-spouse,0,111746,Some-college,Self-emp-inc,Craft-repair,0,0,40,39,0
31,Male,White,Separated,4,182237,10th,Private,Transport-moving,0,0,40,39,0
25,Male,White,Never-married,3,211424,Bachelors,Private,Exec-managerial,0,0,40,39,0
58,Male,White,Never-married,1,243929,Bachelors,Federal-gov,Prof-specialty,0,0,48,39,0
22,Female,White,Never-married,1,363219,Some-college,Private,Other-service,0,0,20,39,0
34,Male,White,Married-civ-spouse,0,287315,Some-college,Private,Exec-managerial,0,0,55,39,1
49,Male,White,Married-civ-spouse,0,61885,11th,Private,Craft-repair,0,0,40,39,0
49,Female,White,Divorced,1,184986,HS-grad,Private,Other-service,0,0,40,39,0
38,Male,White,Married-civ-spouse,0,204527,HS-grad,Private,Craft-repair,0,0,50,39,0
51,Female,White,Married-civ-spouse,5,219599,HS-grad,Private,Machine-op-inspct,0,0,40,39,0
44,Male,White,Married-civ-spouse,0,205822,Some-college,Private,Sales,0,0,40,39,1
19,Female,Black,Never-married,3,178811,HS-grad,Private,Machine-op-inspct,0,0,20,39,0
38,Male,Black,Married-civ-spouse,0,161463,Some-college,Federal-gov,Other-service,0,0,40,39,0
41,Male,Black,Married-civ-spouse,0,207578,Assoc-acdm,Private,Exec-managerial,0,0,50,19,1
50,Male,White,Divorced,1,138852,Some-college,Private,Craft-repair,4650,0,22,39,0
39,Male,White,Married-civ-spouse,0,317434,HS-grad,Private,Craft-repair,0,0,40,39,0
67,Female,White,Married-civ-spouse,5,39100,HS-grad,Other,Other,0,0,5,39,0
59,Male,White,Married-civ-spouse,0,189721,Bachelors,Private,Handlers-cleaners,0,0,40,22,1
46,Female,White,Separated,1,35406,7th-8th,Private,Other-service,0,0,32,39,0
32,Female,White,Never-married,3,190577,Bachelors,State-gov,Prof-specialty,0,0,40,39,0
33,Male,White,Married-civ-spouse,0,285131,HS-grad,Private,Craft-repair,0,0,40,39,0
49,Male,White,Married-civ-spouse,0,278322,HS-grad,Private,Craft-repair,0,0,40,39,1
44,Male,White,Divorced,1,236746,Masters,Private,Exec-managerial,10520,0,45,39,1
41,Female,White,Married-civ-spouse,5,128354,Bachelors,Private,Tech-support,0,0,25,39,1
59,Male,White,Married-civ-spouse,0,41258,Bachelors,Self-emp-not-inc,Prof-specialty,0,0,50,39,0
20,Female,White,Never-married,3,27049,Some-college,Private,Exec-managerial,0,0,20,39,0
37,Male,White,Married-civ-spouse,0,162164,HS-grad,Self-emp-inc,Craft-repair,0,0,40,39,0
21,Male,White,Never-married,3,118693,Some-college,Private,Handlers-cleaners,0,0,40,39,0
28,Male,White,Married-civ-spouse,0,223751,Some-college,Private,Adm-clerical,0,0,40,39,1
42,Male,White,Married-civ-spouse,0,44402,Bachelors,Private,Sales,0,0,60,39,0
48,Male,Black,Married-civ-spouse,0,180446,10th,Private,Machine-op-inspct,0,0,40,39,0
33,Male,White,Never-married,1,142675,Bachelors,Private,Handlers-cleaners,0,0,30,39,0
41,Male,White,Married-civ-spouse,0,187322,HS-grad,Private,Machine-op-inspct,0,0,48,39,0
59,Male,White,Married-civ-spouse,0,132717,10th,State-gov,Farming-fishing,0,0,40,39,0
19,Female,White,Never-married,3,187724,Some-college,Private,Other-service,0,0,25,39,0
69,Male,White,Married-civ-spouse,0,41419,7th-8th,Private,Other-service,0,0,20,39,0
29,Female,White,Married-civ-spouse,5,89813,HS-grad,Private,Machine-op-inspct,0,0,40,34,0
30,Male,White,Married-civ-spouse,0,214993,HS-grad,Private,Craft-repair,0,0,40,39,0
39,Male,White,Married-civ-spouse,0,53926,Bachelors,Private,Prof-specialty,0,0,40,39,0
33,Female,White,Divorced,4,111994,Some-college,State-gov,Adm-clerical,0,0,45,39,0
29,Male,Other,Married-civ-spouse,0,159479,HS-grad,Private,Transport-moving,0,0,55,39,0
71,Male,White,Widowed,4,176986,HS-grad,Other,Other,0,0,24,39,0
31,Male,White,Married-civ-spouse,0,352465,Some-college,Private,Exec-managerial,15024,0,50,39,1
42,Female,White,Married-civ-spouse,5,183241,Masters,Private,Prof-specialty,0,0,45,39,1
37,Female,Asian-Pac-Islander,Married-civ-spouse,5,130620,12th,Private,Sales,0,0,33,0,0
47,Male,White,Married-civ-spouse,0,192835,HS-grad,Private,Adm-clerical,0,0,50,39,1
29,Male,Asian-Pac-Islander,Never-married,3,82393,HS-grad,Private,Machine-op-inspct,0,0,40,11,0
19,Male,White,Never-married,1,340567,1st-4th,Private,Handlers-cleaners,0,0,55,26,0
54,Male,Asian-Pac-Islander,Married-civ-spouse,0,225599,Masters,Private,Prof-specialty,7298,0,40,19,1
22,Female,White,Never-married,1,200318,Assoc-acdm,Private,Adm-clerical,0,0,15,39,0
38,Female,White,Divorced,1,133963,Bachelors,Private,Prof-specialty,0,0,50,39,1
32,Male,White,Never-married,3,496743,Bachelors,Private,Prof-specialty,0,0,40,39,0
26,Female,White,Never-married,1,124111,Assoc-acdm,Private,Prof-specialty,0,0,36,39,0
74,Female,White,Divorced,1,161387,HS-grad,Private,Handlers-cleaners,0,0,16,39,0
65,Male,Asian-Pac-Islander,Married-civ-spouse,0,90907,5th-6th,Private,Other-service,0,0,40,39,0
38,Female,Black,Never-married,4,149455,HS-grad,State-gov,Other-service,0,0,40,39,0
34,Female,White,Separated,3,259705,Some-college,State-gov,Exec-managerial,0,0,40,39,0
24,Male,White,Never-married,3,216129,HS-grad,Private,Adm-clerical,0,0,40,39,0
23,Male,Black,Married-civ-spouse,0,278254,HS-grad,Private,Machine-op-inspct,0,0,45,39,0
38,Female,White,Divorced,4,190174,HS-grad,Federal-gov,Prof-specialty,0,0,40,39,0
28,Female,Black,Never-married,3,161290,Some-college,Other,Other,0,0,40,39,0
20,Male,White,Never-married,3,55465,HS-grad,Private,Other-service,0,0,35,39,0
25,Female,White,Separated,4,34161,12th,Other,Other,0,0,30,39,0
23,Male,White,Never-married,1,212617,Bachelors,Private,Other-service,0,0,66,7,0
33,Female,Black,Never-married,2,150657,Bachelors,State-gov,Prof-specialty,0,0,40,39,0
35,Male,Black,Divorced,3,491000,Assoc-voc,Private,Prof-specialty,0,0,40,39,0
37,Female,White,Divorced,1,95855,11th,Private,Handlers-cleaners,0,0,40,39,0
22,Male,White,Never-married,3,283969,HS-grad,Private,Machine-op-inspct,0,0,40,26,0
37,Male,White,Married-civ-spouse,0,203828,9th,Private,Transport-moving,0,0,65,39,0
64,Male,White,Married-civ-spouse,0,133144,HS-grad,Private,Transport-moving,0,0,16,39,0
21,Female,White,Never-married,3,151790,Some-college,State-gov,Adm-clerical,0,0,30,39,0
47,Female,White,Divorced,4,247676,Masters,Local-gov,Prof-specialty,5455,0,45,39,0
36,Male,White,Separated,1,101833,Bachelors,Local-gov,Prof-specialty,0,0,40,39,0
74,Male,White,Married-civ-spouse,0,204840,5th-6th,Other,Other,0,0,56,26,0
27,Female,White,Married-civ-spouse,5,91501,HS-grad,Private,Tech-support,0,0,40,39,0
60,Male,White,Married-civ-spouse,0,31577,Assoc-voc,Private,Tech-support,0,0,40,39,0
27,Male,White,Married-civ-spouse,0,236246,Assoc-acdm,Private,Exec-managerial,0,0,40,39,0
50,Male,White,Married-civ-spouse,0,158294,Prof-school,Self-emp-inc,Prof-specialty,99999,0,80,39,1
59,Male,White,Married-civ-spouse,0,409842,Masters,Other,Other,0,0,20,39,0
42,Male,White,Divorced,1,37869,Some-college,Private,Machine-op-inspct,0,1590,40,39,0
28,Male,White,Never-married,3,31778,Bachelors,Private,Handlers-cleaners,0,0,40,39,0
51,Male,Black,Married-civ-spouse,0,282549,HS-grad,Private,Machine-op-inspct,3137,0,40,39,0
37,Female,White,Divorced,4,385452,10th,Private,Craft-repair,0,0,40,39,0
29,Male,White,Never-married,1,253003,HS-grad,Private,Handlers-cleaners,0,0,16,39,0
48,Male,White,Married-civ-spouse,0,219021,Prof-school,Self-emp-not-inc,Prof-specialty,0,0,35,39,1
37,Male,White,Married-civ-spouse,0,160920,Some-college,Private,Sales,0,0,45,39,0
56,Male,Black,Married-civ-spouse,0,92444,Some-college,Private,Exec-managerial,0,0,50,39,1
28,Male,White,Married-civ-spouse,0,52636,Masters,State-gov,Exec-managerial,0,0,40,39,0
45,Female,White,Divorced,1,98265,HS-grad,Other,Other,0,0,40,39,0
41,Female,White,Divorced,4,165309,Bachelors,Private,Adm-clerical,0,0,40,39,0
27,Male,Amer-Indian-Eskimo,Married-civ-spouse,3,90270,Assoc-acdm,Other,Other,0,0,40,39,0
20,Female,Black,Married-spouse-absent,3,227554,Some-college,Private,Sales,0,0,18,39,0
43,Male,White,Married-civ-spouse,0,271665,HS-grad,Self-emp-not-inc,Sales,0,0,45,39,0
19,Female,Black,Never-married,3,182355,Some-college,Private,Adm-clerical,0,0,20,39,0
59,Male,White,Divorced,1,117751,Assoc-acdm,Other,Other,0,0,8,39,0
42,Male,White,Married-civ-spouse,0,319016,HS-grad,Private,Transport-moving,2885,0,45,39,0
29,Male,White,Married-civ-spouse,0,169662,HS-grad,Self-emp-not-inc,Craft-repair,0,0,40,39,0
22,Male,White,Never-married,1,157541,Some-college,State-gov,Prof-specialty,0,0,10,39,0
41,Male,White,Married-civ-spouse,0,339682,5th-6th,Other,Other,0,0,40,26,0
42,Male,White,Married-civ-spouse,0,236021,HS-grad,Private,Craft-repair,0,0,40,0,1
51,Male,White,Divorced,4,95329,Masters,Private,Protective-serv,0,0,40,39,0
43,Male,White,Married-civ-spouse,0,110355,HS-grad,Self-emp-not-inc,Transport-moving,0,0,45,39,0
44,Female,White,Widowed,4,163331,Some-college,Private,Adm-clerical,0,0,32,39,0
28,Male,Black,Never-married,3,51961,Some-college,Private,Tech-support,0,0,24,39,0
65,Female,White,Married-civ-spouse,5,209831,Assoc-voc,Private,Adm-clerical,0,0,40,39,0
42,Male,White,Married-civ-spouse,0,228320,Some-college,Private,Tech-support,0,0,50,39,1
31,Male,White,Divorced,1,113364,HS-grad,Self-emp-not-inc,Craft-repair,0,0,60,39,0
26,Male,White,Married-civ-spouse,0,256737,11th,Private,Transport-moving,0,0,40,39,0
20,Female,White,Never-married,1,296618,HS-grad,Private,Sales,0,0,30,39,0
27,Female,White,Never-married,3,366066,Assoc-acdm,Private,Sales,0,0,40,39,0
79,Female,Black,Widowed,1,144533,HS-grad,Other,Other,0,0,30,39,0
37,Female,Black,Never-married,2,315291,Bachelors,Private,Adm-clerical,0,0,40,39,0
33,Male,White,Married-spouse-absent,1,180656,Some-college,Private,Craft-repair,0,0,40,0,0
34,Male,White,Married-spouse-absent,4,346034,12th,Private,Handlers-cleaners,0,0,35,26,0
33,Male,White,Divorced,1,213887,HS-grad,Private,Farming-fishing,0,0,40,39,0
37,Male,White,Married-civ-spouse,0,193815,Assoc-acdm,Private,Prof-specialty,0,0,45,39,1
21,Male,White,Never-married,2,138768,Some-college,Private,Sales,0,0,40,39,0
50,Male,White,Married-civ-spouse,0,129956,HS-grad,Private,Craft-repair,0,0,48,39,1
52,Female,White,Separated,2,177366,HS-grad,Private,Other-service,0,0,20,39,0
27,Female,White,Never-married,1,365916,Assoc-acdm,State-gov,Exec-managerial,0,0,58,39,0
33,Male,White,Separated,1,91811,HS-grad,Private,Transport-moving,0,0,40,39,0
42,Male,White,Married-civ-spouse,0,121718,Some-college,Private,Adm-clerical,0,0,40,11,0
27,Male,White,Married-civ-spouse,0,129624,Bachelors,Private,Exec-managerial,0,0,40,39,1
31,Male,White,Married-civ-spouse,0,109055,HS-grad,Private,Farming-fishing,3137,0,45,39,0
59,Male,White,Married-civ-spouse,0,233312,Some-college,Private,Craft-repair,0,0,40,39,1
26,Female,White,Never-married,1,41521,HS-grad,Private,Other-service,0,0,35,39,0
36,Male,White,Married-civ-spouse,0,115700,HS-grad,Private,Sales,0,0,50,39,0
22,Female,Black,Never-married,4,177107,Assoc-voc,Private,Prof-specialty,0,0,35,39,0
39,Male,White,Never-married,1,316211,Bachelors,Private,Prof-specialty,0,0,40,39,1
24,Male,White,Never-married,3,109307,HS-grad,Private,Sales,0,0,45,39,0
50,Female,Black,Separated,1,138358,10th,Private,Adm-clerical,0,0,47,23,0
70,Male,White,Married-civ-spouse,0,139889,Some-college,Self-emp-not-inc,Farming-fishing,2653,0,70,39,0
31,Male,White,Married-civ-spouse,0,145377,Bachelors,Private,Sales,0,0,60,39,0
28,Male,White,Married-civ-spouse,0,216178,HS-grad,Private,Sales,0,0,40,39,0
61,Male,White,Never-married,1,133164,7th-8th,Private,Other-service,0,0,48,39,0
22,Male,White,Never-married,3,121070,Some-college,Other,Other,0,0,35,39,0
25,Male,White,Married-civ-spouse,0,204338,10th,Private,Craft-repair,0,0,40,26,0
57,Male,White,Married-civ-spouse,0,56480,HS-grad,Self-emp-not-inc,Exec-managerial,0,0,1,39,0
57,Male,White,Widowed,1,73309,HS-grad,Self-emp-not-inc,Craft-repair,0,0,55,39,1
30,Female,White,Married-civ-spouse,5,234824,HS-grad,State-gov,Other-service,0,0,72,39,0
45,Male,White,Married-civ-spouse,0,149218,Bachelors,Self-emp-not-inc,Farming-fishing,0,0,77,39,0
22,Male,White,Married-civ-spouse,0,357612,HS-grad,Self-emp-not-inc,Craft-repair,0,0,60,39,0
25,Male,White,Never-married,1,187653,HS-grad,Private,Handlers-cleaners,0,0,48,39,0
25,Male,White,Never-married,1,168403,Bachelors,Private,Prof-specialty,0,1741,40,39,0
61,Female,White,Widowed,4,102191,Masters,Self-emp-inc,Exec-managerial,0,0,99,39,0
38,Male,White,Married-civ-spouse,3,133586,HS-grad,Private,Protective-serv,0,0,45,39,0
22,Male,Black,Never-married,3,219941,Some-college,Other,Other,0,0,40,39,0
43,Male,White,Married-civ-spouse,0,184018,Assoc-acdm,Private,Prof-specialty,0,0,50,39,0
46,Male,Black,Married-civ-spouse,0,153254,HS-grad,Private,Machine-op-inspct,0,0,40,39,0
26,Male,White,Never-married,3,167350,HS-grad,Private,Transport-moving,0,0,50,39,0
25,Male,White,Never-married,4,204338,HS-grad,Private,Farming-fishing,0,0,30,0,0
39,Male,White,Married-civ-spouse,0,185624,Some-college,Private,Machine-op-inspct,0,0,50,39,0
39,Female,White,Married-civ-spouse,5,178948,HS-grad,Self-emp-not-inc,Farming-fishing,0,0,50,39,0
32,Male,White,Married-civ-spouse,0,125856,Assoc-acdm,Private,Exec-managerial,0,0,60,39,1
63,Female,White,Widowed,4,158199,1st-4th,Private,Machine-op-inspct,0,0,44,32,0
72,Male,White,Married-civ-spouse,0,157593,Bachelors,Private,Sales,1455,0,6,39,0
19,Female,Black,Never-married,3,188008,Some-college,Private,Sales,0,0,20,39,0
39,Male,White,Separated,1,203070,HS-grad,Local-gov,Protective-serv,0,0,40,39,0
35,Male,White,Married-civ-spouse,0,212465,HS-grad,Private,Craft-repair,0,0,40,39,1
37,Female,White,Married-civ-spouse,5,192251,10th,Self-emp-not-inc,Other-service,2635,0,40,39,0
56,Female,White,Married-spouse-absent,1,39380,Some-college,Self-emp-not-inc,Farming-fishing,27828,0,20,39,1
17,Male,White,Never-married,3,148522,11th,Private,Other-service,0,1721,15,39,0
30,Male,White,Married-civ-spouse,0,227146,Bachelors,Private,Sales,0,0,40,39,1
61,Male,White,Married-civ-spouse,0,176753,HS-grad,Local-gov,Farming-fishing,0,0,48,39,0
36,Female,White,Divorced,4,218542,Some-college,Private,Craft-repair,0,0,40,39,0
43,Male,White,Married-civ-spouse,0,243580,Bachelors,Private,Prof-specialty,0,0,40,39,1
46,Male,White,Married-civ-spouse,0,33842,Some-college,Private,Transport-moving,3103,0,40,39,1
27,Male,White,Never-married,1,113635,HS-grad,Private,Craft-repair,0,0,35,21,0
32,Male,White,Married-civ-spouse,0,209691,Bachelors,Private,Sales,0,0,42,39,1
59,Male,White,Never-married,3,105363,HS-grad,State-gov,Adm-clerical,0,0,40,39,0
35,Female,White,Never-married,1,162358,Bachelors,Private,Exec-managerial,0,0,50,39,1
19,Male,White,Never-married,2,38294,HS-grad,Private,Handlers-cleaners,2597,0,40,39,0
31,Female,White,Separated,4,310773,Some-college,Private,Sales,0,0,40,26,0
24,Female,Black,Never-married,4,488541,Some-college,Private,Other-service,0,0,35,39,0
62,Female,White,Divorced,1,311495,Some-college,Private,Exec-managerial,0,0,40,39,0
51,Male,White,Married-civ-spouse,0,138852,HS-grad,Private,Other-service,7298,0,40,8,1
39,Male,White,Married-civ-spouse,0,216256,Bachelors,Private,Exec-managerial,0,0,60,22,1
36,Female,White,Never-married,1,357720,Assoc-voc,Local-gov,Prof-specialty,0,0,40,39,0
33,Male,White,Married-civ-spouse,0,239781,Preschool,Private,Farming-fishing,0,0,40,26,0
37,Male,White,Married-civ-spouse,0,126675,Some-college,Private,Exec-managerial,0,0,57,39,0
61,Female,White,Widowed,2,24046,HS-grad,Self-emp-not-inc,Other-service,0,0,40,39,0
23,Male,White,Divorced,1,282579,Assoc-voc,Local-gov,Tech-support,0,0,56,39,0
27,Female,Amer-Indian-Eskimo,Married-civ-spouse,5,145784,Some-college,Private,Adm-clerical,0,0,45,39,0
37,Male,White,Divorced,1,184964,Masters,Private,Exec-managerial,0,0,45,39,1
49,Male,Black,Never-married,1,52590,HS-grad,Other,Other,0,0,40,39,0
19,Male,White,Never-married,2,277695,9th,Private,Farming-fishing,0,0,16,26,0
19,Female,White,Never-married,1,100790,HS-grad,Private,Prof-specialty,0,0,40,39,0
42,Male,White,Married-civ-spouse,0,126003,HS-grad,Private,Tech-support,0,0,40,39,1
39,Male,White,Married-civ-spouse,0,142707,Assoc-voc,Private,Machine-op-inspct,0,0,40,39,0
53,Female,Black,Widowed,1,225339,Some-college,Federal-gov,Adm-clerical,0,0,40,39,0
66,Female,Black,Widowed,1,157942,HS-grad,Local-gov,Transport-moving,0,0,40,39,0
44,Male,Black,Married-civ-spouse,0,286750,Bachelors,Private,Exec-managerial,0,0,50,39,1
38,Female,White,Married-civ-spouse,5,110426,Doctorate,State-gov,Prof-specialty,7688,0,40,0,1
41,Male,White,Married-civ-spouse,0,112507,10th,Private,Transport-moving,0,0,60,39,0
30,Male,White,Married-civ-spouse,0,312667,HS-grad,Private,Transport-moving,0,0,40,39,0
23,Male,White,Married-civ-spouse,0,109952,Some-college,Private,Craft-repair,0,0,60,39,0
32,Female,White,Separated,4,283268,10th,Private,Other-service,0,0,42,39,0
19,Male,White,Never-married,1,224849,HS-grad,Private,Sales,0,0,35,39,0
37,Male,White,Married-civ-spouse,0,258037,HS-grad,Self-emp-not-inc,Transport-moving,0,0,45,5,1
31,Male,White,Never-married,1,58582,Some-college,Private,Craft-repair,0,0,46,39,0
24,Male,White,Married-civ-spouse,0,461678,Some-college,Private,Farming-fishing,0,0,50,39,1
49,Male,White,Married-civ-spouse,0,165953,HS-grad,Private,Machine-op-inspct,0,1902,40,39,0
47,Male,White,Married-civ-spouse,0,82797,Bachelors,Private,Prof-specialty,0,0,50,39,0
63,Male,White,Married-civ-spouse,0,401531,1st-4th,Other,Other,0,0,35,39,0
26,Male,Black,Married-civ-spouse,0,276075,Some-college,Federal-gov,Adm-clerical,0,0,40,39,0
24,Male,Black,Never-married,1,493034,HS-grad,Self-emp-inc,Other-service,13550,0,50,39,1
55,Male,White,Married-civ-spouse,0,209535,Masters,Local-gov,Prof-specialty,0,0,40,39,1
44,Male,White,Divorced,4,325159,Some-college,Self-emp-not-inc,Farming-fishing,0,0,40,39,0
37,Female,White,Never-married,1,526968,Masters,Private,Prof-specialty,0,0,38,39,1
60,Male,White,Married-civ-spouse,0,238913,Bachelors,Private,Sales,0,0,46,39,1
25,Male,White,Married-civ-spouse,3,218667,5th-6th,Private,Handlers-cleaners,0,0,40,39,0
51,Female,White,Divorced,4,136121,Assoc-voc,Private,Adm-clerical,0,0,38,39,0
33,Male,Black,Never-married,3,400416,10th,Private,Other-service,0,0,20,39,0
31,Male,White,Married-civ-spouse,0,259425,HS-grad,Private,Craft-repair,0,0,40,39,1
50,Female,White,Widowed,4,145717,HS-grad,Private,Adm-clerical,0,0,35,39,0
63,Female,White,Married-civ-spouse,5,346975,Bachelors,Private,Prof-specialty,7688,0,36,39,1
44,Female,White,Divorced,1,476391,Some-college,Private,Farming-fishing,0,0,40,39,0
23,Female,White,Never-married,3,125106,Bachelors,Private,Prof-specialty,0,0,40,39,0
19,Female,White,Never-married,3,206599,Some-college,Private,Adm-clerical,0,0,16,39,0
36,Female,White,Divorced,3,199947,Some-college,Private,Machine-op-inspct,0,0,30,39,0
43,Male,White,Married-civ-spouse,0,147269,10th,Self-emp-not-inc,Craft-repair,0,0,60,0,0
38,Male,White,Never-married,1,257250,HS-grad,Self-emp-not-inc,Farming-fishing,0,0,52,39,0
53,Male,White,Married-civ-spouse,0,172991,Some-college,Private,Sales,0,0,25,39,0
43,Male,White,Divorced,1,212847,Some-college,Private,Machine-op-inspct,0,0,40,39,0
27,Male,Other,Never-married,2,176761,HS-grad,Private,Craft-repair,0,0,40,27,0
32,Female,Black,Divorced,4,360593,HS-grad,Private,Sales,0,0,30,39,0
56,Male,White,Married-civ-spouse,0,282023,Masters,Private,Prof-specialty,0,0,40,39,1
23,Male,White,Never-married,3,205653,Bachelors,Private,Handlers-cleaners,0,0,30,39,0
29,Male,White,Married-civ-spouse,0,253856,Bachelors,Private,Transport-moving,0,0,20,39,0
23,Male,White,Never-married,3,96748,Some-college,State-gov,Prof-specialty,0,0,10,39,0
51,Male,White,Married-civ-spouse,0,334273,HS-grad,Private,Craft-repair,0,0,40,39,0
39,Male,White,Married-civ-spouse,0,305597,HS-grad,Private,Craft-repair,0,0,40,39,1
20,Male,Black,Never-married,3,347935,Some-college,Federal-gov,Protective-serv,0,0,40,39,0
38,Male,White,Married-civ-spouse,0,169104,Masters,Private,Exec-managerial,0,0,60,39,1
54,Male,White,Divorced,4,288992,10th,Private,Prof-specialty,14344,0,68,39,1
18,Male,White,Never-married,3,331511,Some-college,Other,Other,0,0,30,39,0
20,Male,White,Never-married,3,102607,HS-grad,Private,Handlers-cleaners,0,0,30,39,0
36,Male,Black,Married-civ-spouse,0,311255,HS-grad,Private,Machine-op-inspct,0,0,40,14,0
27,Female,White,Never-married,4,341504,Some-college,Private,Adm-clerical,0,0,40,39,0
33,Female,Black,Married-civ-spouse,5,185336,Assoc-voc,Private,Adm-clerical,0,0,40,39,0
29,Male,White,Married-civ-spouse,0,161155,Assoc-acdm,Private,Prof-specialty,0,0,50,39,0
30,Male,White,Married-civ-spouse,0,80933,HS-grad,Private,Craft-repair,0,0,40,39,0
18,Female,White,Never-married,3,111256,HS-grad,Private,Adm-clerical,0,0,20,39,0
46,Male,Black,Married-civ-spouse,0,415051,Some-college,Private,Sales,0,0,60,39,1
24,Female,Black,Never-married,3,229553,HS-grad,Private,Other-service,0,0,20,0,0
17,Female,White,Never-married,3,167658,12th,Private,Sales,0,0,6,39,0
25,Female,White,Never-married,1,176077,Masters,State-gov,Prof-specialty,0,0,37,39,0
51,Male,White,Divorced,4,165001,Masters,Self-emp-not-inc,Exec-managerial,25236,0,50,39,1
35,Female,White,Divorced,4,23892,HS-grad,Federal-gov,Prof-specialty,0,0,40,39,0
18,Female,White,Never-married,3,89478,Some-college,Private,Sales,0,0,20,39,0
34,Male,White,Married-civ-spouse,0,203488,Bachelors,Private,Sales,15024,0,40,39,1
22,Male,White,Never-married,1,314525,Bachelors,Private,Prof-specialty,0,0,40,39,0
39,Male,White,Married-civ-spouse,0,382859,HS-grad,Federal-gov,Craft-repair,0,0,40,39,1
26,Male,White,Never-married,1,485117,Assoc-acdm,Private,Craft-repair,0,0,40,39,0
33,Female,White,Separated,4,554986,Some-college,Private,Exec-managerial,0,0,40,39,0
26,Male,Black,Married-civ-spouse,0,385278,HS-grad,Private,Exec-managerial,0,0,60,39,0
44,Female,Black,Never-married,1,128676,Some-college,Private,Adm-clerical,0,0,40,39,0
54,Male,White,Married-civ-spouse,0,311020,HS-grad,Private,Other-service,0,0,50,39,0
61,Male,White,Married-spouse-absent,1,226989,Some-college,Other,Other,0,0,40,39,0
41,Male,White,Divorced,1,162140,HS-grad,Private,Craft-repair,0,2339,40,39,0
39,Male,White,Married-civ-spouse,0,127772,HS-grad,Private,Sales,3103,0,44,39,1
21,Male,White,Married-civ-spouse,0,238917,5th-6th,Private,Other-service,0,0,40,26,0
23,Male,White,Never-married,3,399022,HS-grad,Private,Other-service,0,0,35,39,0
56,Male,White,Married-civ-spouse,0,238582,Some-college,Local-gov,Craft-repair,0,0,41,39,1
35,Male,Asian-Pac-Islander,Never-married,3,140915,Bachelors,Private,Sales,0,1590,40,35,0
54,Male,White,Married-civ-spouse,0,421561,Some-college,Private,Prof-specialty,0,0,40,39,1
28,Male,White,Married-civ-spouse,0,211920,HS-grad,Local-gov,Protective-serv,0,0,40,39,0
73,Male,White,Married-civ-spouse,0,161027,5th-6th,Local-gov,Protective-serv,0,0,20,39,0
30,Male,White,Married-civ-spouse,0,36069,Assoc-acdm,Private,Sales,0,0,40,39,0
31,Male,White,Married-civ-spouse,0,81030,Doctorate,Self-emp-not-inc,Prof-specialty,0,0,40,39,1
33,Male,White,Married-civ-spouse,0,155781,Some-college,Self-emp-inc,Craft-repair,0,0,60,0,0
40,Male,White,Married-civ-spouse,0,209547,Bachelors,Private,Sales,0,1977,60,39,1
32,Male,White,Married-civ-spouse,0,408328,7th-8th,Private,Craft-repair,0,0,40,39,0
39,Female,White,Divorced,3,80680,Some-college,Private,Machine-op-inspct,0,0,40,39,0
43,Female,Black,Married-spouse-absent,1,198203,Some-college,Private,Other-service,0,0,40,39,0
36,Male,Asian-Pac-Islander,Married-civ-spouse,0,116138,HS-grad,Private,Prof-specialty,0,0,40,1,0
32,Female,Black,Never-married,4,232855,HS-grad,Private,Machine-op-inspct,0,0,40,39,0
37,Male,White,Divorced,1,271013,HS-grad,Private,Handlers-cleaners,0,0,40,39,0
34,Female,White,Separated,1,215382,Masters,Self-emp-inc,Prof-specialty,4787,0,40,39,1
54,Male,Asian-Pac-Islander,Married-civ-spouse,0,349340,Preschool,Private,Craft-repair,0,0,40,19,0
51,Male,White,Married-civ-spouse,0,146767,Bachelors,Private,Prof-specialty,0,0,40,39,1
44,Male,White,Married-civ-spouse,0,210013,HS-grad,Private,Transport-moving,0,0,40,39,1
50,Male,White,Married-civ-spouse,0,34067,Assoc-voc,Private,Exec-managerial,0,0,50,39,1
63,Male,White,Married-civ-spouse,0,391121,7th-8th,Self-emp-not-inc,Farming-fishing,0,0,30,39,0
35,Female,Black,Divorced,4,153535,HS-grad,Private,Handlers-cleaners,0,0,36,39,0
33,Male,White,Married-civ-spouse,0,195576,HS-grad,Private,Exec-managerial,4386,0,60,39,0
17,Male,Black,Never-married,3,341395,10th,Other,Other,0,0,20,39,0
23,Female,White,Never-married,1,330571,Bachelors,Private,Prof-specialty,0,0,16,39,0
57,Male,White,Married-civ-spouse,0,102058,Masters,Self-emp-not-inc,Prof-specialty,0,0,40,39,1
51,Female,White,Married-spouse-absent,4,57698,HS-grad,Private,Other-service,0,0,40,39,0
47,Male,Black,Married-civ-spouse,0,379118,7th-8th,Private,Craft-repair,0,0,60,39,1
67,Male,White,Widowed,4,223257,HS-grad,Federal-gov,Other-service,0,0,40,39,0
30,Female,White,Separated,4,101345,HS-grad,Local-gov,Other-service,0,0,26,39,0
22,Female,White,Never-married,3,187052,HS-grad,Private,Adm-clerical,0,0,40,39,0
50,Female,White,Married-civ-spouse,5,117496,HS-grad,Local-gov,Adm-clerical,7298,0,30,39,1
20,Female,White,Never-married,3,161708,Some-college,Private,Sales,0,0,35,39,0
30,Female,White,Married-civ-spouse,5,200192,Some-college,Private,Other-service,0,0,45,39,0
35,Male,White,Married-civ-spouse,0,97277,Prof-school,Self-emp-not-inc,Prof-specialty,0,0,65,39,1
40,Female,Black,Never-married,4,216116,9th,Private,Machine-op-inspct,0,0,40,14,0
33,Male,White,Never-married,1,182246,HS-grad,Private,Prof-specialty,0,0,40,39,0
17,Female,White,Never-married,3,258872,11th,Other,Other,0,0,5,39,0
30,Male,White,Married-civ-spouse,0,235271,Bachelors,Private,Sales,0,0,40,39,1
39,Female,White,Divorced,4,191524,HS-grad,Private,Adm-clerical,0,0,40,39,0
38,Male,White,Never-married,1,195744,Bachelors,Private,Other-service,0,0,48,39,0
25,Male,White,Never-married,1,206600,10th,Private,Other-service,0,0,24,27,0
29,Male,White,Married-civ-spouse,0,111900,Some-college,Private,Farming-fishing,0,0,40,39,0
56,Male,White,Married-civ-spouse,0,35723,7th-8th,Self-emp-inc,Craft-repair,0,0,50,39,1
31,Female,White,Never-married,4,234976,11th,Private,Adm-clerical,0,0,48,39,0
34,Male,White,Married-civ-spouse,0,195860,HS-grad,Private,Craft-repair,0,0,40,39,0
56,Male,White,Married-civ-spouse,0,107165,HS-grad,Private,Handlers-cleaners,0,0,18,39,0
29,Male,White,Married-civ-spouse,0,172865,HS-grad,Private,Machine-op-inspct,0,0,50,39,0
25,Male,Black,Never-married,1,207342,Some-college,Federal-gov,Exec-managerial,0,0,40,39,0
34,Male,White,Divorced,3,204991,Some-college,Private,Exec-managerial,0,0,44,39,0
22,Male,White,Never-married,1,385540,10th,Private,Other-service,0,0,40,26,0
42,Female,Black,Widowed,1,42346,HS-grad,Private,Exec-managerial,0,0,35,39,0
56,Female,White,Divorced,4,78090,Some-college,Self-emp-not-inc,Sales,0,0,48,39,0
18,Male,White,Never-married,3,387871,10th,Other,Other,0,0,30,39,0
40,Male,White,Never-married,1,191196,Masters,Private,Exec-managerial,0,0,40,39,0
53,Female,Black,Widowed,1,167170,HS-grad,Private,Machine-op-inspct,0,0,40,39,0
52,Male,White,Never-married,1,279129,Some-college,Private,Prof-specialty,0,0,37,39,1
33,Male,Asian-Pac-Islander,Divorced,1,162312,HS-grad,Private,Sales,0,0,45,24,0
35,Male,Asian-Pac-Islander,Never-married,1,124483,Bachelors,Private,Sales,0,0,50,0,1
39,Female,Black,Separated,4,189385,Some-college,State-gov,Exec-managerial,0,0,30,39,0
25,Male,White,Never-married,1,273876,Bachelors,Private,Sales,0,0,65,39,0
33,Female,White,Married-civ-spouse,5,118941,Bachelors,Private,Exec-managerial,0,0,32,39,1
44,Male,White,Married-civ-spouse,0,69333,Bachelors,Self-emp-inc,Craft-repair,0,0,50,39,1
36,Female,White,Divorced,4,749636,Some-college,Private,Adm-clerical,0,0,40,39,0
54,Male,White,Married-civ-spouse,0,174655,HS-grad,Private,Adm-clerical,0,0,40,39,0
57,Male,White,Married-civ-spouse,0,34297,7th-8th,Self-emp-not-inc,Craft-repair,0,0,40,39,1
56,Female,White,Never-married,1,188856,Bachelors,Private,Exec-managerial,8614,0,55,39,1
37,Male,White,Never-married,1,40955,Bachelors,Private,Prof-specialty,0,0,30,39,0
48,Female,White,Never-married,1,39464,Masters,Local-gov,Prof-specialty,0,0,52,39,0
21,Male,White,Never-married,3,417668,HS-grad,Private,Handlers-cleaners,0,0,36,39,0
34,Male,White,Married-civ-spouse,0,148207,Some-college,Private,Exec-managerial,0,0,65,39,1
21,Male,Black,Never-married,2,213015,HS-grad,Private,Handlers-cleaners,2176,0,40,39,0
39,Female,White,Divorced,1,388023,HS-grad,Private,Exec-managerial,0,0,38,39,0
29,Male,White,Married-civ-spouse,0,33798,HS-grad,Self-emp-not-inc,Transport-moving,0,0,45,39,0
54,Male,White,Married-civ-spouse,0,457237,Masters,Private,Sales,0,0,40,39,0
32,Male,White,Married-civ-spouse,0,99309,HS-grad,Self-emp-inc,Exec-managerial,0,0,40,39,1
23,Male,White,Never-married,3,117767,HS-grad,Private,Other-service,0,0,35,39,0
36,Male,White,Divorced,1,179468,HS-grad,Private,Craft-repair,0,0,40,39,0
19,Female,White,Never-married,3,210308,Some-college,Local-gov,Adm-clerical,0,1721,30,39,0
49,Male,White,Married-civ-spouse,0,28334,Some-college,Private,Exec-managerial,0,0,45,39,1
58,Female,White,Married-civ-spouse,5,210673,Some-college,Private,Adm-clerical,0,0,40,39,1
33,Female,White,Married-civ-spouse,5,159442,Bachelors,Private,Other-service,0,0,40,39,0
42,Male,White,Married-civ-spouse,0,165599,HS-grad,Private,Handlers-cleaners,0,0,40,39,1
28,Female,White,Never-married,1,232782,Some-college,Private,Adm-clerical,0,0,40,39,0
60,Male,White,Married-civ-spouse,0,162347,Prof-school,Private,Exec-managerial,0,1902,40,39,1
45,Male,Black,Married-civ-spouse,0,289353,HS-grad,Private,Transport-moving,0,0,24,39,0
54,Male,White,Married-civ-spouse,0,185407,HS-grad,Private,Craft-repair,7688,0,40,39,1
32,Male,White,Married-civ-spouse,0,208291,HS-grad,Private,Sales,0,0,50,39,0
63,Male,White,Married-civ-spouse,0,30270,7th-8th,Private,Sales,0,0,40,39,0
22,Male,Amer-Indian-Eskimo,Never-married,1,29444,12th,Private,Farming-fishing,0,0,50,39,0
22,Male,White,Never-married,3,57827,Some-college,Other,Other,0,0,40,39,0
36,Male,White,Married-civ-spouse,0,153066,Some-college,Private,Craft-repair,0,0,50,39,1
41,Male,White,Married-civ-spouse,0,111772,Assoc-acdm,Self-emp-not-inc,Craft-repair,0,1887,40,39,1
42,Male,White,Married-civ-spouse,0,201520,HS-grad,Self-emp-not-inc,Craft-repair,0,0,45,39,0
30,Male,White,Never-married,1,207668,Bachelors,Private,Tech-support,0,0,60,18,0
57,Female,White,Widowed,1,89182,HS-grad,Private,Adm-clerical,0,0,40,39,0
43,Female,White,Divorced,1,83827,HS-grad,Private,Machine-op-inspct,0,0,24,39,0
30,Male,White,Never-married,1,319280,Some-college,Federal-gov,Craft-repair,0,0,40,39,0
27,Male,White,Married-civ-spouse,0,168107,Bachelors,Private,Craft-repair,0,0,40,39,0
41,Male,White,Divorced,1,197558,Bachelors,State-gov,Exec-managerial,0,0,40,39,0
49,Male,White,Married-civ-spouse,0,185385,Assoc-acdm,Private,Sales,0,0,45,39,0
28,Female,White,Married-civ-spouse,3,194472,Some-college,Private,Adm-clerical,0,0,40,39,0
32,Female,Black,Never-married,3,105938,HS-grad,Private,Machine-op-inspct,0,1602,20,39,0
35,Male,White,Never-married,1,185366,Bachelors,Private,Sales,0,0,50,39,0
47,Female,Black,Married-spouse-absent,1,229646,HS-grad,Federal-gov,Adm-clerical,0,0,40,33,0
31,Male,White,Married-civ-spouse,0,183043,Masters,Private,Exec-managerial,0,1977,48,39,1
48,Female,Asian-Pac-Islander,Married-spouse-absent,2,114561,Bachelors,Private,Prof-specialty,0,0,36,30,1
58,Female,White,Never-married,1,150031,Some-college,Other,Other,0,0,40,39,0
43,Male,White,Married-civ-spouse,0,175485,Some-college,Self-emp-inc,Exec-managerial,0,0,40,39,0
46,Male,Black,Divorced,3,35136,10th,Private,Adm-clerical,0,0,40,39,0
43,Male,White,Married-civ-spouse,0,190403,Bachelors,Private,Other-service,0,0,40,39,0
38,Male,White,Married-civ-spouse,0,210610,Assoc-acdm,Private,Tech-support,0,0,40,39,1
19,Male,White,Never-married,2,264593,Some-college,Private,Sales,0,0,40,39,0
63,Male,White,Married-civ-spouse,0,420629,Assoc-voc,Self-emp-not-inc,Other-service,0,0,45,39,0
29,Male,White,Never-married,1,86613,1st-4th,Private,Other-service,0,0,20,8,0
42,Male,Amer-Indian-Eskimo,Married-civ-spouse,0,23813,Some-college,Self-emp-inc,Prof-specialty,2885,0,30,39,0
44,Male,White,Married-civ-spouse,0,33121,Some-college,Self-emp-not-inc,Farming-fishing,0,0,72,39,0
56,Male,White,Married-civ-spouse,0,174351,12th,Private,Craft-repair,0,0,40,22,0
43,Male,White,Never-married,1,115932,Bachelors,Private,Sales,0,0,60,39,1
36,Female,White,Divorced,4,207157,Some-college,Private,Other-service,0,0,40,26,0
17,Male,White,Never-married,3,34019,11th,Private,Other-service,0,0,20,39,0
35,Male,White,Married-civ-spouse,0,184655,HS-grad,Self-emp-inc,Sales,0,0,62,39,0
19,Female,White,Never-married,3,286469,Some-college,Private,Sales,0,0,30,39,0
25,Female,White,Never-married,1,178326,Some-college,Private,Sales,0,0,40,39,0
41,Female,Asian-Pac-Islander,Divorced,4,88913,Assoc-acdm,State-gov,Prof-specialty,0,0,36,39,0
44,Male,White,Married-civ-spouse,0,90021,HS-grad,Self-emp-not-inc,Craft-repair,0,0,30,39,0
34,Male,White,Never-married,1,140092,HS-grad,Private,Tech-support,0,0,40,39,0
23,Female,White,Never-married,1,163665,HS-grad,Private,Exec-managerial,0,0,32,39,0
49,Male,White,Married-civ-spouse,0,168337,5th-6th,Private,Craft-repair,0,0,40,39,0
29,Male,White,Married-civ-spouse,0,389713,Assoc-voc,Private,Craft-repair,0,0,40,39,1
35,Male,White,Married-civ-spouse,0,257042,Some-college,Private,Prof-specialty,0,0,50,39,0
38,Male,White,Married-civ-spouse,0,223237,Masters,Local-gov,Prof-specialty,0,0,40,39,1
27,Male,Asian-Pac-Islander,Never-married,3,152246,HS-grad,Private,Machine-op-inspct,0,0,40,30,0
51,Male,White,Married-civ-spouse,0,186303,Bachelors,Private,Sales,0,0,40,39,1
24,Male,White,Married-civ-spouse,0,54560,HS-grad,Private,Transport-moving,0,0,45,39,0
26,Female,White,Never-married,1,117833,Bachelors,Local-gov,Prof-specialty,4865,0,35,39,0
42,Male,White,Married-civ-spouse,0,121264,Assoc-voc,Private,Prof-specialty,0,0,40,39,1
29,Female,White,Never-married,1,258862,Bachelors,Private,Craft-repair,0,0,45,39,0
36,Female,White,Divorced,4,162256,HS-grad,Private,Exec-managerial,0,0,40,39,0
60,Male,White,Married-civ-spouse,0,114413,Assoc-acdm,Private,Sales,0,0,30,39,0
43,Male,White,Divorced,1,221172,Bachelors,Private,Exec-managerial,0,0,35,39,0
37,Male,White,Separated,1,90881,Some-college,Federal-gov,Exec-managerial,8614,0,55,39,1
59,Male,White,Married-civ-spouse,0,126677,Some-college,Private,Exec-managerial,0,0,50,39,1
22,Female,White,Never-married,3,253310,Bachelors,Private,Exec-managerial,0,0,7,39,0
39,Male,Black,Never-married,3,326566,Some-college,State-gov,Transport-moving,0,0,40,39,0
35,Female,White,Married-civ-spouse,5,143152,Some-college,Private,Adm-clerical,3908,0,27,39,0
31,Male,White,Never-married,1,509364,5th-6th,Private,Machine-op-inspct,0,0,45,26,0
29,Male,White,Never-married,1,271466,Assoc-voc,Private,Prof-specialty,0,0,43,39,0
21,Male,White,Never-married,2,460835,HS-grad,Private,Sales,0,0,45,39,0
53,Male,White,Married-civ-spouse,0,73134,HS-grad,Private,Sales,15024,0,60,39,1
34,Female,White,Never-married,3,104293,Bachelors,Private,Adm-clerical,0,0,40,39,0
35,Female,Asian-Pac-Islander,Never-married,1,285102,Masters,Private,Prof-specialty,0,0,40,36,1
57,Female,White,Divorced,1,220262,Assoc-acdm,Private,Tech-support,0,0,40,39,0
30,Female,White,Never-married,4,402539,HS-grad,Private,Adm-clerical,0,0,40,39,0
38,Female,White,Divorced,4,65706,Some-college,Federal-gov,Exec-managerial,0,0,38,39,0
26,Male,White,Never-married,3,102476,HS-grad,Self-emp-not-inc,Craft-repair,0,0,50,39,0
44,Male,White,Married-civ-spouse,0,210525,Some-college,Private,Transport-moving,0,0,40,39,0
51,Male,White,Married-civ-spouse,0,302847,HS-grad,Private,Craft-repair,0,0,54,39,0
37,Male,White,Never-married,1,60227,Bachelors,State-gov,Adm-clerical,0,0,38,39,0
37,Male,White,Married-civ-spouse,0,49115,Masters,Private,Exec-managerial,0,0,60,39,1
38,Female,White,Divorced,1,64879,Some-college,Private,Sales,0,0,40,39,0
22,Male,Black,Never-married,3,156933,HS-grad,Private,Handlers-cleaners,0,0,25,39,0
47,Male,White,Married-civ-spouse,0,172246,Masters,Local-gov,Prof-specialty,0,0,60,39,1
90,Male,Black,Never-married,1,51744,Masters,Private,Exec-managerial,0,0,50,39,1
56,Male,White,Divorced,3,157486,10th,Self-emp-not-inc,Sales,0,0,40,39,0
48,Female,White,Widowed,4,329778,HS-grad,Private,Other-service,0,0,40,39,0
62,Female,White,Widowed,1,224277,Some-college,Federal-gov,Protective-serv,0,0,40,39,0
23,Male,White,Never-married,1,336010,Bachelors,Local-gov,Adm-clerical,0,0,32,39,0
47,Male,White,Divorced,3,341995,Some-college,Private,Sales,0,0,55,39,0
31,Male,White,Divorced,4,43716,Assoc-voc,Private,Machine-op-inspct,0,0,43,39,0
21,Female,White,Married-civ-spouse,2,207988,HS-grad,Other,Other,0,0,35,39,0
47,Male,Asian-Pac-Islander,Married-civ-spouse,0,243631,Bachelors,Self-emp-not-inc,Prof-specialty,0,0,40,35,0
40,Male,White,Divorced,1,45093,HS-grad,Self-emp-not-inc,Craft-repair,0,0,45,2,0
33,Male,Black,Never-married,1,78707,11th,Private,Other-service,0,0,40,39,0
42,Male,White,Married-civ-spouse,0,121718,HS-grad,Self-emp-not-inc,Craft-repair,0,0,24,39,0
44,Male,White,Divorced,4,187164,HS-grad,Self-emp-not-inc,Transport-moving,0,0,60,39,0
31,Female,White,Married-civ-spouse,5,139822,HS-grad,Private,Adm-clerical,0,0,40,39,1
62,Male,White,Divorced,2,136787,HS-grad,Local-gov,Transport-moving,0,0,40,39,0
31,Male,White,Married-civ-spouse,0,154227,HS-grad,Private,Craft-repair,0,0,43,39,1
33,Female,White,Divorced,4,211699,Some-college,Other,Other,0,0,40,39,0
29,Female,White,Divorced,1,33315,Assoc-acdm,Federal-gov,Adm-clerical,0,0,40,39,0
33,Female,Black,Divorced,4,598802,Some-college,Private,Adm-clerical,0,0,40,39,0
49,Male,White,Married-civ-spouse,0,81654,Prof-school,Private,Prof-specialty,0,0,60,39,1
34,Male,White,Married-civ-spouse,0,112212,HS-grad,Private,Adm-clerical,0,1485,40,39,0
33,Male,White,Married-civ-spouse,0,296282,HS-grad,State-gov,Craft-repair,0,0,40,39,0
36,Male,White,Never-married,3,185325,HS-grad,Private,Other-service,0,0,37,39,0
30,Male,White,Divorced,1,175083,HS-grad,Private,Transport-moving,0,0,52,39,0
39,Male,White,Married-civ-spouse,0,185099,Bachelors,Private,Prof-specialty,0,0,48,39,1
26,Male,White,Married-civ-spouse,0,252565,10th,Private,Craft-repair,0,0,55,39,0
30,Male,White,Never-married,1,333119,Some-college,Private,Craft-repair,0,0,40,39,0
28,Male,White,Married-civ-spouse,0,130856,10th,Private,Craft-repair,0,0,36,39,0
46,Male,White,Married-civ-spouse,0,216414,Masters,Self-emp-inc,Sales,0,1977,60,39,1
49,Male,White,Married-civ-spouse,0,186539,Masters,Local-gov,Protective-serv,0,0,40,39,1
24,Female,White,Married-civ-spouse,5,155818,Some-college,Local-gov,Adm-clerical,0,0,44,39,0
30,Male,White,Never-married,1,189759,Bachelors,Private,Sales,0,0,40,39,0
46,Female,White,Widowed,1,206889,Bachelors,Private,Adm-clerical,0,0,25,39,0
52,Male,White,Married-civ-spouse,0,117295,1st-4th,Private,Exec-managerial,0,0,50,39,1
54,Male,Black,Married-civ-spouse,0,398212,HS-grad,Private,Transport-moving,5013,0,40,39,0
59,Female,Black,Separated,2,171328,HS-grad,Local-gov,Protective-serv,0,2339,40,39,0
59,Female,White,Widowed,4,212448,HS-grad,Federal-gov,Sales,0,0,40,11,0
37,Male,White,Married-civ-spouse,0,187411,Bachelors,Self-emp-not-inc,Transport-moving,0,0,50,0,0
41,Male,White,Never-married,1,209547,HS-grad,Private,Machine-op-inspct,0,0,40,39,0
30,Male,White,Married-civ-spouse,0,103651,11th,Other,Other,0,0,35,39,0
34,Male,White,Married-civ-spouse,0,260560,HS-grad,Private,Machine-op-inspct,0,0,40,39,0
43,Male,White,Married-civ-spouse,0,144778,HS-grad,Local-gov,Exec-managerial,0,0,40,0,0
25,Male,White,Married-civ-spouse,0,282063,7th-8th,Private,Handlers-cleaners,0,0,40,26,0
22,Male,White,Never-married,1,186452,10th,Private,Craft-repair,0,0,30,39,0
31,Male,White,Divorced,1,220690,Some-college,Private,Craft-repair,0,0,80,39,0
81,Female,White,Divorced,1,162882,HS-grad,Other,Other,0,0,35,39,0
33,Male,White,Married-civ-spouse,0,192002,Masters,Private,Exec-managerial,7298,0,60,2,1
59,Male,Amer-Indian-Eskimo,Married-civ-spouse,0,117059,11th,Private,Transport-moving,0,0,40,39,0
34,Male,White,Married-civ-spouse,0,152109,HS-grad,Self-emp-not-inc,Transport-moving,0,0,60,39,0
59,Female,White,Married-civ-spouse,5,154236,HS-grad,Other,Other,7688,0,40,39,1
30,Male,White,Married-civ-spouse,0,115040,HS-grad,Private,Transport-moving,0,0,40,39,0
20,Female,White,Never-married,1,177287,HS-grad,Private,Sales,0,0,38,39,0
57,Male,Black,Married-civ-spouse,0,342906,9th,Private,Sales,0,0,55,39,1
51,Male,White,Married-civ-spouse,0,133336,HS-grad,Private,Tech-support,0,0,40,39,1
53,Male,Other,Married-civ-spouse,0,195813,5th-6th,Private,Craft-repair,5178,0,40,33,1
28,Male,Black,Never-married,1,249870,Prof-school,Private,Prof-specialty,0,0,50,39,0
28,Male,White,Never-married,1,115705,Some-college,Self-emp-inc,Exec-managerial,0,0,50,39,0
45,Female,White,Widowed,4,289468,11th,Private,Other-service,0,0,40,39,0
43,Male,White,Married-civ-spouse,0,160574,Bachelors,Local-gov,Craft-repair,0,0,40,39,0
46,Male,Black,Married-civ-spouse,0,503923,HS-grad,Private,Machine-op-inspct,4386,0,40,39,1
27,Male,White,Married-civ-spouse,2,211032,Preschool,Private,Farming-fishing,41310,0,24,26,0
31,Male,Black,Never-married,1,209213,HS-grad,Self-emp-not-inc,Sales,0,0,40,0,0
49,Male,Asian-Pac-Islander,Married-spouse-absent,1,104455,Bachelors,Private,Other-service,0,0,40,30,0
47,Male,Black,Married-civ-spouse,0,191957,Bachelors,Private,Sales,0,0,40,39,1
39,Male,White,Married-civ-spouse,0,188069,Bachelors,Private,Machine-op-inspct,0,0,40,0,0
23,Male,White,Married-civ-spouse,0,165064,Some-college,Private,Sales,0,0,40,39,0
34,Male,White,Married-civ-spouse,0,96245,HS-grad,Self-emp-not-inc,Machine-op-inspct,0,0,40,39,0
41,Female,White,Never-married,4,37848,HS-grad,Local-gov,Other-service,0,0,25,39,0
43,Female,White,Divorced,4,142030,HS-grad,Other,Other,0,0,40,39,0
34,Male,White,Never-married,1,191291,Some-college,Private,Craft-repair,0,0,40,39,0
42,Male,White,Married-civ-spouse,0,201785,Masters,Private,Sales,0,0,50,39,1
17,Male,White,Never-married,3,183784,10th,Self-emp-inc,Sales,0,0,15,39,0
50,Male,White,Married-civ-spouse,0,128143,Bachelors,Private,Craft-repair,0,1887,50,39,1
18,Male,White,Never-married,3,168740,11th,Private,Handlers-cleaners,0,0,30,39,0
35,Female,Black,Separated,2,247547,HS-grad,Private,Prof-specialty,0,0,40,39,0
18,Female,White,Never-married,3,106780,Some-college,Private,Other-service,0,0,12,39,0
52,Male,White,Married-civ-spouse,0,193116,10th,Private,Transport-moving,0,0,45,39,0
44,Male,White,Married-civ-spouse,0,212760,Bachelors,Self-emp-inc,Exec-managerial,0,0,60,39,1
43,Female,White,Divorced,1,171888,Some-college,Private,Adm-clerical,0,0,40,39,0
33,Female,Black,Married-civ-spouse,5,49593,Some-college,Other,Other,0,0,30,39,0
43,Male,White,Married-civ-spouse,0,260761,HS-grad,Private,Machine-op-inspct,0,0,40,26,0
45,Female,White,Divorced,1,197418,Some-college,Private,Adm-clerical,0,0,48,39,0
27,Male,White,Never-married,1,124953,HS-grad,Private,Other-service,0,1980,40,39,0
60,Male,White,Married-civ-spouse,0,52900,HS-grad,Self-emp-not-inc,Craft-repair,0,0,42,39,1
62,Male,White,Married-civ-spouse,0,56248,Bachelors,Self-emp-inc,Farming-fishing,0,2415,60,39,1
57,Male,White,Married-civ-spouse,0,47857,HS-grad,Private,Transport-moving,0,0,40,39,1
41,Male,Asian-Pac-Islander,Married-civ-spouse,0,173858,HS-grad,Private,Other-service,0,0,40,3,0
20,Female,White,Never-married,1,184678,HS-grad,Private,Sales,0,0,32,39,0
46,Female,White,Married-civ-spouse,5,31432,HS-grad,Private,Adm-clerical,3103,0,52,39,1
37,Male,White,Never-married,1,175720,10th,Private,Handlers-cleaners,0,0,40,39,0
37,Male,Black,Never-married,3,393360,Some-college,Private,Protective-serv,0,0,30,39,0
29,Male,White,Married-civ-spouse,0,178551,HS-grad,Self-emp-not-inc,Craft-repair,0,0,40,39,0
19,Female,White,Never-married,1,28790,Some-college,Private,Other-service,0,0,40,39,0
37,Male,White,Divorced,1,50837,7th-8th,Private,Exec-managerial,0,0,50,39,0
22,Female,Black,Never-married,3,244773,HS-grad,Private,Sales,0,0,15,39,0
22,Female,White,Never-married,2,203182,Bachelors,Private,Exec-managerial,0,0,20,39,0
48,Male,White,Married-civ-spouse,0,200471,Some-college,Self-emp-not-inc,Craft-repair,0,0,40,39,0
44,Male,White,Married-civ-spouse,0,188808,Assoc-voc,Local-gov,Craft-repair,0,0,40,39,1
31,Female,Asian-Pac-Islander,Never-married,2,163003,Assoc-acdm,Private,Prof-specialty,0,0,40,30,0
46,Female,Black,Separated,3,188161,HS-grad,Private,Machine-op-inspct,0,0,40,39,0
37,Male,White,Married-civ-spouse,0,298539,HS-grad,Private,Exec-managerial,0,1902,55,39,1
56,Male,Asian-Pac-Islander,Married-civ-spouse,0,305767,HS-grad,Local-gov,Other-service,0,0,40,3,0
37,Female,Black,Never-married,3,280500,Some-college,Private,Tech-support,0,0,40,39,0
55,Male,White,Married-civ-spouse,0,270859,Bachelors,Federal-gov,Prof-specialty,0,0,40,39,1
50,Male,White,Married-civ-spouse,0,160572,HS-grad,Private,Machine-op-inspct,3137,0,47,39,0
31,Male,White,Married-civ-spouse,0,223046,HS-grad,Private,Transport-moving,0,0,60,39,0
56,Female,White,Separated,4,179625,10th,Private,Other-service,0,0,32,39,0
32,Male,White,Married-civ-spouse,0,400535,HS-grad,Private,Craft-repair,3781,0,40,39,0
43,Male,White,Married-civ-spouse,0,388725,Assoc-acdm,Private,Sales,0,0,40,39,0
21,Female,Black,Never-married,3,246207,Some-college,Private,Adm-clerical,0,0,20,39,0
26,Male,White,Never-married,1,239043,11th,Private,Other-service,0,0,40,39,0
63,Female,White,Married-civ-spouse,5,273010,HS-grad,Private,Adm-clerical,3471,0,40,39,0
42,Male,White,Married-civ-spouse,0,183319,5th-6th,Private,Other-service,0,0,40,8,0
17,Female,White,Never-married,2,329783,10th,Private,Sales,0,0,10,39,0
72,Male,White,Married-civ-spouse,0,116640,Some-college,Private,Prof-specialty,3471,0,20,39,0
25,Female,White,Never-married,3,73895,HS-grad,Private,Other-service,0,0,10,39,0
23,Female,White,Never-married,1,212888,Some-college,Private,Adm-clerical,0,0,40,39,0
39,Male,White,Married-civ-spouse,0,80004,HS-grad,Private,Handlers-cleaners,0,0,40,39,0
21,Female,White,Never-married,3,39943,Some-college,Private,Sales,0,0,20,39,0
41,Female,White,Divorced,4,134524,Assoc-voc,Local-gov,Craft-repair,0,0,45,39,0
37,Male,White,Married-civ-spouse,0,126675,HS-grad,Self-emp-not-inc,Farming-fishing,0,0,60,39,1
50,Male,White,Married-civ-spouse,0,170562,Assoc-acdm,Self-emp-not-inc,Protective-serv,0,0,20,39,0
27,Male,White,Married-civ-spouse,0,44767,HS-grad,Private,Farming-fishing,0,0,40,39,0
19,Male,White,Never-married,3,167140,Some-college,Private,Other-service,0,1602,24,39,0
25,Male,White,Never-married,3,385646,HS-grad,Private,Farming-fishing,0,0,40,39,0
53,Male,Black,Divorced,4,287317,HS-grad,Private,Machine-op-inspct,0,0,32,39,0
37,Female,White,Separated,1,333664,Some-college,Local-gov,Adm-clerical,0,0,40,39,0
34,Male,White,Married-civ-spouse,0,55176,Some-college,Private,Tech-support,0,0,40,39,1
36,Male,White,Divorced,1,297449,Bachelors,Private,Prof-specialty,14084,0,40,39,1
36,Female,Black,Divorced,4,199501,Some-college,Private,Exec-managerial,0,0,38,39,0
41,Male,White,Married-civ-spouse,0,120539,Some-college,Self-emp-not-inc,Machine-op-inspct,3103,0,40,39,1
28,Female,White,Never-married,1,68021,Some-college,Private,Other-service,0,0,30,39,0
24,Female,White,Never-married,3,215115,Bachelors,Federal-gov,Tech-support,0,0,40,0,0
19,Female,White,Never-married,3,343200,Some-college,Private,Sales,0,0,25,39,0
39,Male,Black,Married-spouse-absent,1,59313,12th,Private,Transport-moving,0,0,45,0,0
30,Male,Black,Never-married,3,179112,Bachelors,Private,Prof-specialty,0,0,40,0,0
30,Male,White,Never-married,1,121142,Bachelors,Private,Sales,0,0,40,39,1
46,Male,White,Married-civ-spouse,0,278322,Bachelors,Self-emp-inc,Sales,0,0,45,39,0
32,Male,White,Separated,1,123429,10th,Private,Craft-repair,0,0,40,39,0
24,Female,Black,Never-married,1,163480,Masters,State-gov,Adm-clerical,0,0,40,39,0
50,Male,White,Divorced,3,174102,HS-grad,Private,Craft-repair,0,0,40,33,0
30,Male,White,Never-married,1,54684,Prof-school,Federal-gov,Exec-managerial,0,0,55,0,0
53,Male,White,Divorced,1,281074,HS-grad,State-gov,Exec-managerial,0,1092,40,39,0
40,Male,White,Divorced,1,201495,Bachelors,Private,Protective-serv,0,0,45,39,0
40,Male,White,Married-civ-spouse,0,111067,Bachelors,Private,Handlers-cleaners,0,0,80,39,1
41,Female,White,Divorced,4,188307,HS-grad,Private,Craft-repair,0,0,40,39,0
26,Male,Black,Never-married,3,746432,HS-grad,Private,Handlers-cleaners,0,0,48,39,0
30,Male,White,Never-married,1,287986,Some-college,Private,Handlers-cleaners,0,0,40,39,0
27,Male,Asian-Pac-Islander,Married-civ-spouse,0,100669,Some-college,Private,Craft-repair,0,0,40,30,1
29,Male,White,Married-spouse-absent,1,52199,HS-grad,Private,Protective-serv,0,0,40,39,0
44,Male,White,Divorced,4,244054,Some-college,Federal-gov,Exec-managerial,0,0,60,39,1
33,Male,White,Never-married,1,355996,10th,Private,Handlers-cleaners,0,0,40,39,0
35,Female,White,Divorced,4,264627,11th,Self-emp-not-inc,Exec-managerial,0,0,84,39,0
27,Male,White,Married-civ-spouse,0,224105,HS-grad,Private,Machine-op-inspct,7298,0,40,39,1
36,Female,White,Divorced,1,117312,Assoc-acdm,Private,Tech-support,0,0,60,39,0
19,Female,White,Never-married,3,192773,Some-college,Other,Other,0,0,35,39,0
59,Male,White,Separated,1,212600,Some-college,Local-gov,Protective-serv,0,0,40,39,1
57,Male,White,Married-civ-spouse,0,114495,HS-grad,Private,Exec-managerial,0,0,60,39,0
17,Female,White,Never-married,3,41865,10th,Private,Other-service,0,0,25,39,0
59,Male,White,Married-civ-spouse,0,91384,Bachelors,Private,Adm-clerical,0,0,40,39,0
20,Female,Black,Never-married,3,317443,Some-college,Private,Adm-clerical,0,0,15,39,0
49,Male,White,Married-civ-spouse,0,37353,Masters,Local-gov,Exec-managerial,0,0,40,39,1
32,Male,White,Married-civ-spouse,0,178109,HS-grad,Local-gov,Protective-serv,0,0,43,39,0
28,Male,White,Never-married,3,254989,11th,Self-emp-not-inc,Sales,0,0,40,39,0
54,Male,White,Married-civ-spouse,0,91506,Some-college,Self-emp-not-inc,Sales,0,0,65,39,0
37,Male,White,Married-civ-spouse,0,265038,Prof-school,Local-gov,Prof-specialty,0,0,60,39,1
24,Female,White,Never-married,3,177287,Some-college,Private,Handlers-cleaners,0,0,30,39,0
58,Male,White,Married-civ-spouse,0,115605,Masters,Private,Prof-specialty,0,0,50,39,1
28,Male,White,Married-civ-spouse,0,184831,Some-college,Private,Exec-managerial,0,0,40,39,0
28,Male,White,Married-civ-spouse,0,249362,11th,Private,Transport-moving,0,0,50,39,0
72,Male,White,Married-civ-spouse,0,172407,Prof-school,Self-emp-inc,Prof-specialty,99999,0,50,39,1
36,Male,White,Married-civ-spouse,0,229533,HS-grad,Other,Other,0,0,40,39,0
24,Female,White,Never-married,3,267955,9th,Other,Other,0,0,20,39,0
63,Male,White,Married-civ-spouse,0,179981,HS-grad,Other,Other,0,0,4,39,0
42,Female,Amer-Indian-Eskimo,Widowed,4,152568,HS-grad,Private,Sales,0,0,40,39,0
52,Male,White,Married-civ-spouse,0,67090,HS-grad,Private,Sales,0,0,44,39,0
37,Male,White,Married-civ-spouse,0,259846,Assoc-voc,Private,Adm-clerical,3471,0,40,39,0
43,Female,White,Married-civ-spouse,5,149670,Some-college,Private,Adm-clerical,4064,0,15,39,0
34,Female,White,Never-married,1,30433,Bachelors,Private,Sales,0,0,35,39,0
22,Female,White,Never-married,3,210781,Bachelors,Private,Adm-clerical,0,0,35,39,0
30,Female,White,Divorced,4,161815,Some-college,Private,Other-service,0,0,35,39,0
32,Male,Amer-Indian-Eskimo,Married-civ-spouse,0,245487,5th-6th,Private,Machine-op-inspct,0,0,40,26,0
33,Male,Amer-Indian-Eskimo,Separated,1,356015,HS-grad,Private,Craft-repair,0,0,35,17,0
20,Female,White,Never-married,3,206215,HS-grad,Private,Adm-clerical,0,0,40,39,0
36,Male,Asian-Pac-Islander,Married-civ-spouse,0,269042,HS-grad,Private,Machine-op-inspct,0,0,40,25,0
32,Male,White,Married-civ-spouse,0,231043,HS-grad,Private,Craft-repair,5178,0,48,39,1
31,Male,White,Never-married,1,455995,Some-college,Self-emp-inc,Exec-managerial,0,0,65,39,1
42,Male,White,Married-civ-spouse,0,212894,Assoc-voc,Private,Adm-clerical,2407,0,40,39,0
47,Male,White,Married-civ-spouse,0,192776,Bachelors,Private,Prof-specialty,0,0,50,39,0
33,Female,White,Divorced,4,104509,Some-college,Private,Adm-clerical,0,0,40,39,0
65,Male,White,Married-civ-spouse,0,103153,7th-8th,Local-gov,Exec-managerial,0,1411,40,39,0
33,Female,White,Separated,4,181388,HS-grad,Private,Other-service,0,0,40,39,0
28,Male,White,Married-civ-spouse,0,190836,HS-grad,Self-emp-not-inc,Sales,0,0,50,39,1
40,Male,White,Never-married,1,126701,9th,Private,Transport-moving,0,0,45,39,0
32,Male,White,Married-civ-spouse,0,133503,HS-grad,Private,Adm-clerical,0,0,40,39,0
21,Male,Other,Married-civ-spouse,0,188793,HS-grad,Private,Sales,0,0,35,39,0
39,Male,Asian-Pac-Islander,Married-civ-spouse,0,258276,Bachelors,Private,Tech-support,3137,0,40,0,0
46,Male,White,Married-civ-spouse,0,189498,Bachelors,Private,Prof-specialty,0,1848,45,39,1
59,Male,White,Married-civ-spouse,0,194290,HS-grad,Private,Farming-fishing,0,0,48,39,0
57,Male,White,Married-civ-spouse,0,130714,1st-4th,Private,Handlers-cleaners,0,0,22,39,0
66,Male,White,Divorced,1,306178,10th,Other,Other,2050,0,40,39,0
20,Female,White,Never-married,1,107658,Some-college,Private,Tech-support,0,0,10,2,0
37,Male,White,Married-civ-spouse,0,76893,HS-grad,Private,Craft-repair,0,0,40,39,0
28,Male,White,Married-civ-spouse,0,216965,Some-college,Local-gov,Protective-serv,0,0,40,39,0
24,Female,White,Never-married,1,90046,Some-college,State-gov,Other-service,0,0,40,2,0
36,Female,White,Widowed,1,43701,Some-college,Private,Sales,0,0,20,39,0
34,Male,Black,Never-married,4,52537,HS-grad,Private,Transport-moving,0,0,30,39,0
34,Male,White,Married-civ-spouse,0,149368,Prof-school,Federal-gov,Prof-specialty,0,0,40,39,1
51,Male,White,Married-civ-spouse,0,111939,Bachelors,Private,Prof-specialty,0,0,50,39,1
37,Male,White,Married-civ-spouse,0,112497,Masters,Self-emp-not-inc,Exec-managerial,0,0,50,39,1
27,Male,White,Never-married,3,404998,Assoc-voc,Self-emp-not-inc,Craft-repair,0,0,40,39,0
40,Female,White,Divorced,1,151365,HS-grad,Private,Craft-repair,0,0,40,39,0
50,Male,Black,Divorced,4,210217,Bachelors,Private,Sales,0,0,40,39,0
37,Male,White,Married-civ-spouse,0,365430,Some-college,Local-gov,Adm-clerical,0,0,40,2,1
43,Female,Black,Married-civ-spouse,5,195212,Bachelors,Private,Exec-managerial,0,0,40,0,0
28,Female,White,Never-married,3,78388,10th,Other,Other,0,0,38,39,0
49,Male,White,Married-civ-spouse,0,146268,Some-college,Private,Craft-repair,0,0,40,39,0
45,Male,White,Married-civ-spouse,0,204205,10th,Self-emp-not-inc,Craft-repair,0,0,65,39,0
31,Female,White,Separated,4,323069,HS-grad,Private,Adm-clerical,0,0,20,0,0
32,Male,White,Married-civ-spouse,0,203849,Some-college,Local-gov,Transport-moving,0,0,40,39,0
44,Male,White,Divorced,1,247880,Assoc-voc,Private,Exec-managerial,8614,0,40,39,1
25,Male,White,Divorced,1,486332,HS-grad,Private,Other-service,0,0,40,26,0
33,Female,White,Married-spouse-absent,3,109996,Assoc-acdm,Private,Prof-specialty,0,0,40,39,0
37,Male,White,Married-civ-spouse,0,222450,5th-6th,Private,Machine-op-inspct,0,0,40,26,0
62,Female,White,Widowed,4,102631,Some-college,Self-emp-not-inc,Farming-fishing,0,0,50,39,0
28,Male,White,Never-married,4,73037,10th,Private,Transport-moving,0,0,30,39,0
27,Male,White,Never-married,1,198197,Bachelors,Private,Tech-support,0,0,45,39,0
17,Female,White,Never-married,3,178953,12th,Private,Sales,0,0,20,39,0
25,Female,White,Married-civ-spouse,5,199545,Some-college,Private,Exec-managerial,0,0,15,39,0
50,Male,White,Married-civ-spouse,0,173020,Some-college,State-gov,Craft-repair,0,0,40,39,0
67,Male,White,Married-civ-spouse,0,105252,Masters,Private,Exec-managerial,0,0,40,39,1
41,Male,White,Married-civ-spouse,0,187821,HS-grad,Private,Machine-op-inspct,2885,0,40,39,0
22,Male,White,Never-married,2,160398,Some-college,Private,Sales,0,0,38,39,0
30,Male,White,Married-civ-spouse,0,173005,Some-college,Private,Tech-support,0,0,50,39,1
21,Female,White,Never-married,3,170800,HS-grad,Private,Sales,0,0,30,39,0
22,Female,White,Never-married,2,264874,Some-college,Private,Tech-support,0,0,40,39,0
46,Male,White,Divorced,1,345073,HS-grad,Private,Exec-managerial,0,0,48,39,1
43,Male,White,Married-civ-spouse,0,85995,HS-grad,Private,Sales,0,0,45,39,0
62,Male,White,Married-civ-spouse,0,191118,Some-college,Other,Other,7298,0,40,39,1
28,Male,White,Married-civ-spouse,0,70034,Bachelors,Private,Sales,0,0,45,39,1
38,Male,White,Married-civ-spouse,0,105150,Bachelors,Private,Prof-specialty,0,0,45,39,1
26,Male,White,Married-civ-spouse,0,340787,HS-grad,Private,Prof-specialty,0,0,40,39,0
22,Female,Other,Never-married,1,148431,HS-grad,Private,Adm-clerical,0,0,40,39,0
22,Female,White,Divorced,1,376277,Some-college,Other,Other,0,0,35,39,0
52,Male,White,Married-civ-spouse,0,230767,Bachelors,Self-emp-inc,Exec-managerial,0,1902,60,5,1
46,Male,Black,Married-civ-spouse,0,354962,HS-grad,Local-gov,Machine-op-inspct,0,0,40,39,0
30,Male,Black,Married-civ-spouse,0,177216,Prof-school,Private,Prof-specialty,0,1740,40,14,0
36,Male,Asian-Pac-Islander,Never-married,1,180805,HS-grad,Local-gov,Transport-moving,0,0,40,39,0
35,Female,White,Divorced,1,38905,Some-college,Federal-gov,Adm-clerical,0,0,50,39,0
54,Male,White,Married-civ-spouse,0,146574,HS-grad,Self-emp-inc,Craft-repair,0,0,40,39,1
41,Male,White,Married-spouse-absent,1,149102,HS-grad,Private,Craft-repair,0,0,40,31,0
43,Female,White,Divorced,4,216497,Bachelors,Private,Adm-clerical,0,0,40,11,0
46,Male,White,Married-civ-spouse,0,205100,Assoc-voc,Private,Exec-managerial,0,0,48,39,1
34,Male,White,Married-civ-spouse,0,133861,HS-grad,Other,Other,0,0,25,39,0
18,Male,White,Never-married,3,285013,HS-grad,Private,Sales,0,0,10,39,0
18,Male,White,Never-married,3,95917,HS-grad,Private,Other-service,0,0,25,2,0
34,Male,Black,Divorced,1,182401,Assoc-acdm,Private,Adm-clerical,0,0,40,39,0
32,Male,White,Married-civ-spouse,0,330715,Some-college,Private,Craft-repair,0,0,40,39,0
37,Male,White,Married-civ-spouse,0,289653,Some-college,Federal-gov,Craft-repair,0,0,40,39,0
53,Male,White,Married-civ-spouse,0,324568,11th,Private,Craft-repair,0,0,45,39,0
61,Male,White,Married-civ-spouse,0,54373,Some-college,Private,Sales,0,0,40,39,0
43,Male,White,Married-civ-spouse,0,198316,Some-college,Private,Craft-repair,0,0,40,39,0
67,Male,White,Married-civ-spouse,0,182378,Bachelors,Other,Other,9386,0,60,39,1
32,Male,White,Married-civ-spouse,0,45796,12th,Private,Handlers-cleaners,0,0,40,39,0
32,Male,Black,Married-civ-spouse,0,141410,HS-grad,Private,Machine-op-inspct,0,0,40,39,0
61,Male,White,Married-civ-spouse,0,148577,HS-grad,Self-emp-inc,Sales,0,0,55,39,1
46,Female,White,Divorced,1,98012,Assoc-voc,Private,Adm-clerical,0,0,40,39,0
27,Male,White,Married-civ-spouse,0,145284,HS-grad,Private,Farming-fishing,0,0,40,39,0
23,Female,White,Never-married,4,377121,Some-college,Private,Other-service,0,0,25,39,0
45,Female,White,Married-civ-spouse,5,170846,Assoc-voc,Private,Exec-managerial,0,0,40,39,1
49,Female,White,Never-married,1,343231,Masters,Local-gov,Prof-specialty,0,0,80,39,0
60,Female,White,Divorced,4,44915,Masters,Self-emp-not-inc,Prof-specialty,0,0,10,39,0
43,Male,White,Married-civ-spouse,0,175224,HS-grad,Private,Other-service,0,0,60,27,0
34,Male,Black,Married-civ-spouse,0,277314,Assoc-acdm,Private,Sales,0,1902,50,39,1
23,Male,Black,Never-married,3,280164,HS-grad,Local-gov,Other-service,0,0,32,39,0
37,Female,White,Divorced,4,175130,HS-grad,Private,Adm-clerical,0,0,45,39,0
42,Female,White,Never-married,1,222978,Doctorate,Self-emp-not-inc,Prof-specialty,0,0,45,39,0
32,Female,Black,Never-married,3,267736,Some-college,Private,Adm-clerical,0,0,40,39,0
20,Male,White,Never-married,3,284737,Some-college,Private,Other-service,0,0,20,39,0
28,Male,White,Never-married,1,297735,Prof-school,State-gov,Prof-specialty,0,0,90,39,0
45,Female,Asian-Pac-Islander,Widowed,3,77927,Bachelors,Private,Other-service,0,0,40,30,0
23,Female,White,Divorced,4,123490,11th,Private,Other-service,0,0,35,39,0
23,Female,White,Never-married,3,199452,Some-college,Private,Other-service,0,0,40,39,0
28,Female,White,Never-married,1,350254,1st-4th,Private,Priv-house-serv,0,0,40,26,0
57,Male,White,Married-civ-spouse,0,25124,HS-grad,Self-emp-not-inc,Other-service,0,0,60,39,0
17,Male,White,Never-married,3,28031,9th,Private,Other-service,0,0,16,39,0
54,Female,White,Divorced,1,155755,HS-grad,Other,Other,4416,0,25,39,0
37,Male,White,Married-civ-spouse,0,138192,HS-grad,Private,Craft-repair,0,0,45,39,0
53,Male,White,Married-civ-spouse,0,34368,Some-college,Private,Exec-managerial,0,0,45,39,1
28,Male,White,Married-civ-spouse,0,108569,Bachelors,Private,Prof-specialty,0,0,43,39,0
49,Male,White,Married-civ-spouse,0,110373,Some-college,Federal-gov,Tech-support,0,0,40,39,1
22,Female,White,Never-married,3,234880,Some-college,Private,Adm-clerical,0,0,25,39,0
29,Male,White,Separated,2,31778,HS-grad,Self-emp-inc,Prof-specialty,0,0,25,39,0
41,Male,White,Married-civ-spouse,0,103759,Some-college,Local-gov,Transport-moving,3942,0,40,39,0
59,Male,White,Married-civ-spouse,0,158776,9th,Private,Machine-op-inspct,0,0,40,39,0
24,Female,White,Divorced,3,170070,Assoc-acdm,Private,Other-service,0,0,30,39,0
21,Male,White,Never-married,1,203924,Some-college,Private,Adm-clerical,2597,0,45,39,0
36,Female,Black,Never-married,4,745768,Some-college,Private,Protective-serv,0,0,40,39,0
51,Male,White,Married-civ-spouse,0,170579,HS-grad,Local-gov,Transport-moving,0,0,40,39,1
57,Female,White,Divorced,4,169071,HS-grad,Private,Sales,0,0,28,39,0
24,Male,White,Never-married,3,69640,Bachelors,Private,Sales,0,0,40,39,0
34,Female,White,Divorced,1,227931,Some-college,State-gov,Adm-clerical,0,0,38,39,0
24,Female,White,Divorced,1,291355,Some-college,Private,Adm-clerical,0,0,60,39,0
19,Female,Asian-Pac-Islander,Never-married,1,361341,12th,Private,Prof-specialty,0,0,25,37,0
42,Male,White,Married-civ-spouse,0,204235,Some-college,Private,Prof-specialty,0,0,40,39,1
29,Male,Asian-Pac-Islander,Married-civ-spouse,0,309620,Masters,State-gov,Prof-specialty,0,0,20,36,0
32,Male,White,Never-married,3,205152,Bachelors,Private,Craft-repair,0,0,40,39,0
22,Female,Black,Never-married,4,310380,HS-grad,Private,Adm-clerical,0,0,40,39,0
45,Male,White,Married-civ-spouse,0,81487,Some-college,Federal-gov,Adm-clerical,0,0,40,33,1
30,Male,Black,Married-civ-spouse,0,39386,Some-college,Private,Exec-managerial,0,0,99,39,0
60,Male,White,Married-civ-spouse,0,38622,Some-college,Self-emp-not-inc,Exec-managerial,0,0,40,39,0
28,Male,White,Married-civ-spouse,0,306830,Assoc-acdm,Private,Handlers-cleaners,0,0,40,27,0
41,Female,White,Divorced,4,152636,HS-grad,Private,Craft-repair,0,0,50,39,0
28,Male,White,Never-married,3,221366,Some-college,Private,Craft-repair,0,0,40,39,0
36,Female,White,Married-civ-spouse,5,189670,HS-grad,Private,Machine-op-inspct,0,0,50,39,0
19,Male,White,Never-married,3,89397,HS-grad,Private,Other-service,0,0,40,39,0
32,Male,White,Married-civ-spouse,2,153326,Bachelors,Private,Prof-specialty,0,0,40,39,0
56,Male,White,Divorced,4,175127,HS-grad,Private,Craft-repair,0,0,35,39,0
26,Male,White,Married-civ-spouse,0,50053,Bachelors,Private,Exec-managerial,0,0,55,39,0
61,Female,White,Married-civ-spouse,5,219886,Some-college,Private,Tech-support,0,0,40,39,1
21,Female,White,Never-married,1,26410,HS-grad,Private,Adm-clerical,0,0,40,39,0
43,Male,White,Married-civ-spouse,0,240698,Bachelors,Private,Adm-clerical,0,0,40,39,1
35,Male,White,Never-married,1,409200,Assoc-acdm,Private,Protective-serv,0,0,40,39,0
45,Female,White,Never-married,1,43434,Bachelors,Self-emp-not-inc,Exec-managerial,0,0,40,39,0
64,Male,White,Married-civ-spouse,0,47298,Doctorate,Private,Prof-specialty,0,0,60,39,1
19,Male,White,Never-married,3,310158,Some-college,Private,Transport-moving,0,0,30,39,0
23,Female,White,Never-married,1,76432,Some-college,Private,Adm-clerical,0,0,40,39,0
36,Female,White,Never-married,1,257691,Bachelors,Private,Sales,0,0,20,39,0
27,Female,White,Married-civ-spouse,5,257302,Assoc-acdm,Private,Tech-support,0,0,38,39,0
71,Male,White,Married-civ-spouse,0,181301,HS-grad,Other,Other,0,0,40,39,0
38,Male,White,Married-civ-spouse,0,159179,Some-college,Private,Exec-managerial,0,1902,50,39,1
38,Male,White,Married-civ-spouse,0,108947,Some-college,Self-emp-not-inc,Machine-op-inspct,7688,0,40,39,1
21,Male,White,Never-married,3,216129,HS-grad,Private,Other-service,0,0,35,39,0
42,Male,White,Divorced,1,341638,11th,Private,Craft-repair,0,0,40,39,0
32,Male,White,Married-civ-spouse,0,180603,Bachelors,Private,Sales,0,0,40,39,1
25,Female,White,Never-married,1,188119,HS-grad,Private,Handlers-cleaners,0,0,40,39,0
34,Male,White,Never-married,1,36385,Masters,Private,Prof-specialty,0,2258,50,39,0
56,Male,White,Married-civ-spouse,0,183081,Some-college,Self-emp-not-inc,Sales,0,0,45,39,0
25,Male,White,Never-married,3,305449,Some-college,Self-emp-not-inc,Machine-op-inspct,0,0,40,39,0
33,Male,White,Never-married,1,312055,Bachelors,Private,Exec-managerial,0,0,40,39,0
40,Male,White,Married-civ-spouse,0,179533,HS-grad,Self-emp-not-inc,Transport-moving,0,0,75,39,1
36,Male,White,Married-civ-spouse,0,86459,Assoc-voc,Private,Exec-managerial,0,1887,50,39,1
60,Male,White,Married-civ-spouse,0,81578,9th,Private,Sales,0,0,40,39,0
59,Female,White,Divorced,4,238431,HS-grad,Local-gov,Adm-clerical,0,0,38,39,0
46,Female,White,Divorced,4,268281,Assoc-acdm,Federal-gov,Adm-clerical,0,0,40,39,0
29,Male,White,Never-married,1,382272,Bachelors,State-gov,Craft-repair,0,0,40,39,0
59,Male,White,Married-civ-spouse,0,50223,HS-grad,Private,Craft-repair,0,0,40,39,0
51,Male,White,Never-married,1,306108,Doctorate,Private,Prof-specialty,0,0,40,39,1
30,Male,White,Never-married,1,143766,HS-grad,Private,Other-service,0,0,30,39,0
47,Male,White,Married-civ-spouse,0,284871,Bachelors,Private,Exec-managerial,0,1887,40,39,1
39,Male,White,Never-married,1,114366,Bachelors,State-gov,Prof-specialty,0,0,35,39,0
43,Male,White,Widowed,4,104660,Masters,Private,Exec-managerial,4934,0,40,39,1
49,Female,White,Married-civ-spouse,5,186078,Masters,Private,Prof-specialty,0,0,50,39,1
30,Female,Black,Married-civ-spouse,5,218640,Some-college,State-gov,Prof-specialty,0,0,40,39,1
49,Female,Black,Divorced,3,225124,HS-grad,Private,Other-service,0,0,40,39,0
81,Male,White,Widowed,1,147097,Bachelors,Other,Other,0,0,5,39,0
38,Male,White,Married-civ-spouse,0,32271,Some-college,Private,Craft-repair,0,0,40,39,0
42,Female,Asian-Pac-Islander,Married-civ-spouse,5,157443,Bachelors,Private,Prof-specialty,0,0,27,36,1
38,Female,Black,Married-civ-spouse,5,131461,9th,Private,Other-service,0,0,24,14,0
36,Female,White,Divorced,4,156400,Some-college,Private,Adm-clerical,0,0,40,39,0
62,Male,White,Married-civ-spouse,0,115023,Some-college,Local-gov,Machine-op-inspct,0,0,40,39,0
46,Female,White,Separated,4,309895,Some-college,Private,Adm-clerical,0,0,40,39,0
28,Male,Black,Never-married,3,86615,HS-grad,Local-gov,Other-service,0,0,30,39,0
22,Male,White,Never-married,3,113936,Some-college,Private,Handlers-cleaners,0,0,40,39,0
20,Female,Asian-Pac-Islander,Never-married,3,159297,Some-college,Private,Adm-clerical,0,0,15,39,0
56,Female,White,Widowed,4,242670,Some-college,Local-gov,Adm-clerical,0,0,40,39,0
42,Male,White,Married-civ-spouse,0,182302,HS-grad,Local-gov,Craft-repair,0,0,40,39,0
69,Female,White,Widowed,1,143849,11th,Federal-gov,Adm-clerical,0,0,20,39,0
23,Male,White,Married-civ-spouse,0,126945,Bachelors,Private,Exec-managerial,0,0,40,39,0
49,Male,White,Married-civ-spouse,0,119565,Masters,Self-emp-inc,Sales,0,0,40,39,1
43,Male,Black,Married-civ-spouse,0,184321,10th,Private,Machine-op-inspct,0,1887,40,39,1
28,Male,White,Never-married,1,162343,HS-grad,Private,Other-service,0,0,40,33,0
51,Male,White,Married-civ-spouse,0,175985,HS-grad,Other,Other,0,0,40,39,0
19,Male,White,Never-married,2,243373,12th,Private,Sales,1055,0,40,39,0
23,Female,White,Never-married,1,33423,Some-college,Private,Sales,0,0,30,39,0
38,Female,White,Divorced,4,277022,Some-college,Private,Adm-clerical,0,0,40,4,0
21,Male,White,Never-married,1,145964,12th,Private,Farming-fishing,0,0,40,39,0
20,Male,White,Never-married,2,119156,HS-grad,Federal-gov,Adm-clerical,0,0,20,39,0
19,Male,White,Never-married,3,430471,11th,Private,Handlers-cleaners,0,0,40,39,0
42,Female,White,Married-civ-spouse,5,276218,HS-grad,Private,Sales,0,0,40,39,1
45,Male,White,Married-civ-spouse,0,247869,Bachelors,Private,Prof-specialty,0,0,60,39,1
37,Male,White,Married-civ-spouse,0,22463,Assoc-voc,Private,Craft-repair,0,1977,40,39,1
31,Male,White,Married-civ-spouse,0,211880,Bachelors,Private,Sales,0,0,40,39,0
58,Male,White,Married-civ-spouse,0,129786,10th,Federal-gov,Craft-repair,0,0,40,39,0
37,Male,White,Married-civ-spouse,0,187589,HS-grad,Private,Handlers-cleaners,5178,0,40,39,1
36,Male,White,Married-civ-spouse,0,218689,Masters,Private,Sales,0,1977,50,39,1
28,Female,White,Separated,1,75695,Some-college,Private,Other-service,0,0,60,39,0
42,Male,White,Married-civ-spouse,0,33521,Bachelors,Federal-gov,Prof-specialty,0,0,40,39,0
27,Female,White,Married-spouse-absent,4,42696,HS-grad,Private,Other-service,0,0,40,39,0
21,Female,White,Never-married,3,209067,HS-grad,Private,Other-service,0,0,40,39,0
49,Female,White,Married-civ-spouse,5,101825,Masters,Private,Prof-specialty,0,1977,40,39,1
29,Female,White,Divorced,4,45554,Some-college,Local-gov,Adm-clerical,0,0,40,39,0
26,Male,White,Married-civ-spouse,0,57600,Bachelors,Private,Prof-specialty,0,0,40,39,0
62,Female,White,Married-civ-spouse,5,76720,Bachelors,Local-gov,Prof-specialty,0,0,40,39,0
68,Male,White,Married-civ-spouse,0,117542,HS-grad,Other,Other,1409,0,15,39,0
28,Male,Black,Married-civ-spouse,0,407043,HS-grad,Private,Adm-clerical,0,0,40,39,0
63,Male,White,Married-civ-spouse,0,404547,HS-grad,Self-emp-not-inc,Craft-repair,0,0,30,39,0
39,Male,White,Divorced,1,337898,Bachelors,Private,Exec-managerial,0,0,55,39,0
46,Male,White,Never-married,1,186410,Prof-school,Private,Exec-managerial,0,0,50,39,1
41,Female,White,Divorced,4,101290,HS-grad,Private,Sales,0,0,40,39,0
39,Female,White,Divorced,4,189911,11th,Local-gov,Adm-clerical,0,0,40,39,0
70,Female,White,Divorced,1,184176,HS-grad,Private,Other-service,0,0,28,39,0
28,Female,White,Never-married,3,114158,Bachelors,Private,Prof-specialty,0,0,15,39,0
62,Male,Black,Divorced,1,180162,9th,Local-gov,Protective-serv,0,0,24,39,0
33,Female,White,Never-married,1,188957,Bachelors,Self-emp-not-inc,Sales,0,0,40,39,0
29,Male,White,Married-civ-spouse,0,186733,HS-grad,Private,Craft-repair,0,0,50,39,0
57,Male,Asian-Pac-Islander,Married-civ-spouse,0,182677,Bachelors,Private,Exec-managerial,4508,0,40,35,0
31,Male,White,Married-civ-spouse,0,197860,Some-college,Private,Handlers-cleaners,0,0,40,39,0
22,Male,White,Never-married,3,99543,Some-college,Other,Other,0,0,20,39,0
59,Male,Asian-Pac-Islander,Married-civ-spouse,0,122283,Prof-school,Private,Prof-specialty,99999,0,40,19,1
23,Female,White,Separated,4,274424,11th,Private,Other-service,0,0,40,39,0
25,Male,White,Married-civ-spouse,0,169100,Masters,Private,Exec-managerial,0,0,40,39,0
32,Female,White,Never-married,3,54782,Some-college,Private,Prof-specialty,0,0,40,39,0
29,Female,White,Never-married,1,406826,Bachelors,Private,Prof-specialty,0,0,45,39,0
21,Male,White,Married-civ-spouse,3,548303,HS-grad,Private,Prof-specialty,0,0,40,26,1
27,Male,Other,Never-married,3,113464,1st-4th,Private,Other-service,0,0,35,6,0
33,Male,White,Married-civ-spouse,0,119033,9th,Private,Handlers-cleaners,0,0,40,39,0
27,Female,White,Never-married,1,255582,HS-grad,Private,Machine-op-inspct,0,0,40,39,0
31,Female,White,Never-married,1,50649,Masters,Local-gov,Prof-specialty,0,0,50,39,0
34,Male,White,Divorced,1,114185,Bachelors,Self-emp-not-inc,Transport-moving,0,0,50,0,0
60,Female,White,Widowed,4,255711,Bachelors,Local-gov,Prof-specialty,0,0,60,39,1
32,Female,Amer-Indian-Eskimo,Divorced,4,163530,HS-grad,Private,Other-service,0,0,40,39,0
36,Male,White,Married-civ-spouse,0,114605,Assoc-voc,Private,Adm-clerical,0,0,40,39,1
43,Male,Amer-Indian-Eskimo,Married-civ-spouse,0,239161,Some-college,Private,Sales,0,0,40,39,0
39,Female,White,Divorced,1,148903,HS-grad,Private,Sales,4687,0,50,39,1
34,Female,White,Separated,4,104509,Masters,Local-gov,Prof-specialty,0,0,40,39,0
17,Female,White,Never-married,3,401198,11th,Private,Sales,0,0,15,39,0
37,Female,White,Divorced,1,170408,Assoc-voc,Private,Machine-op-inspct,0,0,30,39,0
19,Female,White,Never-married,1,391329,Some-college,Private,Adm-clerical,0,0,30,39,0
52,Male,White,Married-civ-spouse,0,203392,Some-college,Private,Craft-repair,5013,0,40,39,0
30,Female,White,Married-civ-spouse,5,151989,Assoc-voc,Private,Tech-support,0,0,40,39,0
56,Male,White,Married-civ-spouse,0,277420,Bachelors,Federal-gov,Exec-managerial,0,0,40,33,1
70,Female,White,Widowed,1,158642,HS-grad,Other,Other,2993,0,20,39,0
36,Female,White,Never-married,1,150548,HS-grad,Private,Machine-op-inspct,0,0,30,39,0
47,Female,White,Divorced,4,142061,Some-college,Private,Exec-managerial,0,0,40,39,0
31,Male,White,Married-civ-spouse,0,507875,9th,Private,Machine-op-inspct,0,0,43,39,0
51,Male,Black,Divorced,3,508891,HS-grad,Private,Machine-op-inspct,0,0,40,39,0
44,Male,White,Married-civ-spouse,0,98779,10th,Private,Machine-op-inspct,4386,0,60,39,0
78,Male,White,Married-civ-spouse,0,83511,7th-8th,Other,Other,0,0,40,32,0
21,Male,White,Never-married,1,232569,HS-grad,Private,Handlers-cleaners,0,0,40,39,0
39,Male,Asian-Pac-Islander,Married-civ-spouse,0,271521,Bachelors,Private,Prof-specialty,0,0,48,30,1
39,Male,White,Married-civ-spouse,0,114844,Prof-school,Self-emp-inc,Prof-specialty,99999,0,65,39,1
32,Male,White,Married-civ-spouse,0,158291,HS-grad,Private,Craft-repair,0,0,50,39,1
23,Male,White,Divorced,1,60331,Some-college,Private,Exec-managerial,0,0,50,39,0
51,Male,White,Married-civ-spouse,0,349431,HS-grad,Local-gov,Craft-repair,4386,0,40,39,1
22,Female,White,Never-married,2,406978,Bachelors,Private,Exec-managerial,0,0,40,39,0
46,Male,White,Married-civ-spouse,0,90042,Some-college,Private,Craft-repair,0,0,40,39,1
31,Male,White,Divorced,4,351187,HS-grad,Private,Other-service,0,0,40,39,0
28,Male,Other,Married-civ-spouse,0,309620,Some-college,Private,Sales,0,0,60,0,0
31,Male,White,Divorced,1,182246,HS-grad,Private,Craft-repair,0,0,45,39,0
25,Female,Black,Never-married,3,267431,Bachelors,Private,Prof-specialty,0,0,55,39,0
27,Male,Asian-Pac-Islander,Never-married,3,101709,HS-grad,Private,Sales,0,0,40,39,0
35,Male,White,Married-civ-spouse,0,308691,Masters,Private,Machine-op-inspct,0,0,48,39,0
29,Male,White,Married-civ-spouse,0,134890,Assoc-voc,Private,Farming-fishing,0,0,40,39,1
23,Female,White,Never-married,3,185575,Bachelors,Local-gov,Prof-specialty,0,0,40,39,0
35,Male,White,Divorced,1,202027,Some-college,Self-emp-inc,Exec-managerial,0,0,60,39,0
28,Male,White,Married-civ-spouse,0,288598,HS-grad,Private,Craft-repair,0,0,35,39,0
38,Female,Black,Married-civ-spouse,5,142022,HS-grad,State-gov,Adm-clerical,0,0,40,39,0
20,Female,White,Never-married,1,238685,Some-college,Private,Other-service,0,0,32,39,0
38,Male,White,Never-married,1,164526,Prof-school,Self-emp-not-inc,Prof-specialty,0,2824,45,39,1
78,Male,White,Never-married,1,316261,Bachelors,Self-emp-not-inc,Exec-managerial,99999,0,20,39,1
73,Male,White,Married-civ-spouse,0,192740,Bachelors,Private,Prof-specialty,0,0,30,39,0
24,Female,White,Separated,1,90046,Bachelors,Private,Exec-managerial,0,0,40,39,0
54,Male,White,Married-civ-spouse,0,392502,Some-college,Federal-gov,Prof-specialty,0,0,40,39,1
20,Male,White,Never-married,3,243878,Some-college,Private,Craft-repair,0,0,40,39,0
35,Female,Black,Separated,4,219902,HS-grad,Private,Transport-moving,0,0,48,39,0
20,Male,White,Never-married,1,165097,HS-grad,Private,Craft-repair,0,0,40,39,0
37,Female,White,Divorced,1,240837,HS-grad,Private,Other-service,0,0,30,39,0
60,Male,White,Married-civ-spouse,0,187124,HS-grad,Private,Machine-op-inspct,0,0,40,39,0
33,Male,White,Married-civ-spouse,0,207201,HS-grad,Private,Machine-op-inspct,0,0,55,39,1
17,Female,White,Never-married,2,145258,11th,Other,Other,0,0,25,39,0
38,Male,White,Divorced,1,70995,HS-grad,Private,Prof-specialty,0,0,45,39,0
59,Female,White,Never-married,3,171015,Some-college,Private,Adm-clerical,0,0,34,39,0
22,Female,White,Never-married,1,355686,Some-college,Private,Adm-clerical,0,0,40,39,0
27,Male,White,Never-married,1,162973,Assoc-voc,Local-gov,Protective-serv,0,0,56,39,0
23,Female,White,Never-married,3,342946,11th,Private,Transport-moving,0,0,38,39,0
37,Female,White,Never-married,4,277022,HS-grad,Private,Handlers-cleaners,3887,0,40,27,0
69,Male,White,Separated,1,182451,Bachelors,Self-emp-inc,Exec-managerial,0,0,40,39,0
34,Male,White,Married-civ-spouse,0,27380,Bachelors,Private,Farming-fishing,0,0,50,39,1
29,Male,White,Never-married,3,264961,HS-grad,Private,Craft-repair,0,0,45,39,0
39,Female,White,Married-civ-spouse,5,65738,Some-college,Self-emp-not-inc,Other-service,0,0,15,39,1
69,Male,White,Married-civ-spouse,0,121136,HS-grad,Other,Other,0,0,13,39,0
56,Male,Asian-Pac-Islander,Married-civ-spouse,1,54260,Doctorate,State-gov,Prof-specialty,2885,0,40,3,0
50,Male,White,Married-civ-spouse,0,118058,Some-college,Private,Transport-moving,0,0,50,39,0
32,Female,White,Divorced,3,114288,HS-grad,Private,Prof-specialty,0,0,40,39,0
23,Male,White,Never-married,1,208598,Some-college,Private,Sales,0,0,45,39,0
27,Male,White,Never-married,3,31757,Assoc-voc,Private,Craft-repair,0,0,38,39,0
27,Male,White,Married-civ-spouse,0,163862,HS-grad,Local-gov,Transport-moving,0,0,60,39,0
25,Female,White,Never-married,4,217030,HS-grad,Self-emp-not-inc,Other-service,0,0,30,39,0
65,Female,White,Widowed,2,123484,HS-grad,Other,Other,0,0,25,39,0
54,Female,Black,Never-married,1,198186,HS-grad,State-gov,Other-service,0,0,38,39,0
50,Male,White,Married-civ-spouse,0,108933,9th,Private,Craft-repair,2885,0,40,39,0
43,Male,White,Divorced,1,154538,Assoc-acdm,Private,Craft-repair,0,0,40,39,0
45,Male,White,Married-civ-spouse,0,98092,HS-grad,Private,Sales,0,0,60,39,0
32,Male,White,Married-civ-spouse,0,44675,Doctorate,Private,Prof-specialty,0,0,65,39,1
19,Male,White,Never-married,3,131982,Some-college,Other,Other,0,0,40,39,0
64,Male,White,Divorced,4,69525,HS-grad,Private,Craft-repair,0,0,20,39,0
52,Male,White,Married-civ-spouse,0,89041,HS-grad,Private,Craft-repair,0,0,40,39,0
60,Female,White,Divorced,1,156889,Some-college,Private,Adm-clerical,0,0,40,39,0
44,Male,White,Married-civ-spouse,0,207578,Bachelors,Private,Prof-specialty,0,0,35,39,1
35,Male,White,Married-civ-spouse,0,174856,HS-grad,Private,Transport-moving,2885,0,40,39,0
44,Male,White,Divorced,1,202565,HS-grad,Private,Craft-repair,0,0,45,39,0
40,Male,White,Divorced,3,374137,HS-grad,Private,Adm-clerical,0,0,40,39,0
43,Male,White,Married-civ-spouse,0,150528,Masters,Private,Prof-specialty,0,0,40,39,1
19,Female,White,Never-married,3,184737,HS-grad,Private,Other-service,0,1721,40,39,0
69,Male,White,Married-civ-spouse,0,312653,Some-college,Private,Sales,0,0,25,39,0
24,Male,Black,Never-married,1,208882,HS-grad,Private,Craft-repair,0,0,40,39,0
45,Male,White,Married-civ-spouse,0,60267,HS-grad,Federal-gov,Adm-clerical,0,0,40,39,1
37,Male,White,Never-married,1,126675,HS-grad,Private,Craft-repair,0,0,40,39,0
29,Male,White,Never-married,1,229300,Bachelors,Federal-gov,Prof-specialty,0,0,48,39,0
60,Male,White,Married-civ-spouse,0,114060,Some-college,State-gov,Protective-serv,0,0,40,39,0
25,Male,Black,Never-married,1,324609,HS-grad,Private,Adm-clerical,0,0,40,39,0
40,Male,White,Married-civ-spouse,0,272960,Assoc-acdm,Private,Tech-support,0,0,42,39,1
41,Female,White,Divorced,4,185057,HS-grad,Local-gov,Exec-managerial,0,0,40,39,0
32,Male,Asian-Pac-Islander,Never-married,1,137367,11th,Private,Craft-repair,0,0,40,19,0
21,Female,White,Never-married,1,149704,HS-grad,Other,Other,1055,0,40,39,0
31,Female,White,Never-married,1,259531,Assoc-voc,Private,Adm-clerical,0,0,40,39,0
23,Male,White,Never-married,3,111296,11th,Self-emp-not-inc,Craft-repair,0,0,50,26,0
28,Male,White,Never-married,1,198197,Bachelors,Private,Prof-specialty,0,0,55,39,1
28,Male,White,Never-married,1,70100,Bachelors,State-gov,Prof-specialty,0,0,20,39,0
52,Male,White,Divorced,1,189216,HS-grad,Self-emp-not-inc,Transport-moving,0,0,65,39,0
62,Male,White,Married-civ-spouse,0,129246,HS-grad,Other,Other,0,0,40,39,0
51,Male,White,Married-civ-spouse,0,96062,Assoc-acdm,Self-emp-inc,Sales,0,0,60,39,0
48,Male,White,Married-civ-spouse,0,240629,HS-grad,Private,Craft-repair,0,0,40,22,1
56,Male,White,Married-spouse-absent,1,147989,Some-college,Private,Transport-moving,0,0,40,39,0
45,Male,White,Married-civ-spouse,0,123075,HS-grad,Private,Exec-managerial,0,0,50,39,0
24,Male,White,Never-married,1,172496,Bachelors,Private,Sales,0,0,30,39,0
55,Male,White,Divorced,1,183884,HS-grad,Private,Craft-repair,0,0,45,39,0
30,Male,White,Married-civ-spouse,0,285902,Assoc-acdm,Private,Craft-repair,0,0,40,39,0
39,Male,White,Separated,1,174924,HS-grad,Private,Exec-managerial,14344,0,40,39,1
28,Female,White,Divorced,3,42881,10th,Private,Machine-op-inspct,0,0,40,39,0
36,Female,White,Married-civ-spouse,5,212143,Bachelors,State-gov,Adm-clerical,0,0,20,39,1
22,Female,White,Never-married,1,351381,Assoc-voc,Private,Adm-clerical,0,0,40,39,0
38,Female,White,Divorced,3,298841,HS-grad,Private,Adm-clerical,0,0,40,39,0
19,Male,White,Never-married,3,257343,Some-college,Other,Other,0,0,40,39,0
33,Male,White,Married-civ-spouse,0,336061,HS-grad,Private,Exec-managerial,0,0,50,39,0
33,Male,White,Married-civ-spouse,0,227282,HS-grad,Private,Transport-moving,0,0,60,39,0
18,Male,White,Never-married,3,298133,Some-college,Other,Other,0,0,40,39,0
39,Male,White,Married-civ-spouse,0,336880,HS-grad,Private,Machine-op-inspct,0,0,40,39,1
31,Female,White,Married-civ-spouse,5,168906,Assoc-acdm,Local-gov,Adm-clerical,0,0,35,39,0
30,Male,Asian-Pac-Islander,Married-civ-spouse,0,190912,11th,Private,Handlers-cleaners,0,1651,40,40,0
24,Female,White,Divorced,3,258730,HS-grad,Private,Other-service,0,0,40,24,0
50,Male,White,Never-married,1,181139,Some-college,Private,Farming-fishing,0,0,40,39,0
25,Male,Black,Separated,3,265618,HS-grad,Private,Protective-serv,0,0,40,39,0
61,Male,White,Married-civ-spouse,0,176965,Prof-school,Self-emp-not-inc,Prof-specialty,0,0,50,39,1
35,Male,White,Married-civ-spouse,0,308945,HS-grad,Local-gov,Craft-repair,0,0,40,39,1
26,Female,White,Never-married,3,134888,Bachelors,Private,Tech-support,0,0,35,39,0
18,Male,White,Never-married,3,192399,Some-college,Other,Other,0,0,60,39,0
39,Male,White,Married-civ-spouse,0,186183,HS-grad,Private,Craft-repair,0,0,40,39,1
36,Male,White,Divorced,4,104772,HS-grad,Private,Craft-repair,0,0,48,39,0
46,Male,White,Married-civ-spouse,0,188861,Some-college,Private,Transport-moving,0,0,40,39,0
48,Male,Asian-Pac-Islander,Married-civ-spouse,0,82098,Some-college,Self-emp-not-inc,Exec-managerial,0,0,65,39,0
21,Female,White,Never-married,3,89991,Some-college,Private,Adm-clerical,0,0,40,39,0
28,Female,White,Divorced,4,407672,Some-college,Private,Craft-repair,0,0,40,39,0
41,Female,Black,Widowed,4,252127,Some-college,Other,Other,0,0,20,39,0
36,Female,White,Divorced,4,108997,HS-grad,Private,Adm-clerical,0,0,40,39,0
36,Female,White,Married-civ-spouse,5,188236,HS-grad,Local-gov,Adm-clerical,0,0,40,39,1
23,Male,Black,Married-civ-spouse,0,434894,HS-grad,Private,Handlers-cleaners,0,0,40,39,0
28,Female,White,Divorced,4,253814,HS-grad,Private,Other-service,0,0,35,39,0
35,Female,Black,Married-civ-spouse,5,204590,Assoc-voc,Private,Other-service,0,0,40,39,1
40,Male,Black,Separated,4,182140,HS-grad,Private,Transport-moving,0,0,40,39,0
25,Male,White,Never-married,4,130302,HS-grad,Private,Handlers-cleaners,0,0,40,39,0
30,Male,White,Married-civ-spouse,0,151868,9th,Private,Craft-repair,0,0,40,39,0
62,Male,White,Married-civ-spouse,0,214288,HS-grad,Private,Machine-op-inspct,0,0,40,39,0
38,Male,White,Married-civ-spouse,0,407068,5th-6th,Private,Other-service,0,0,75,26,0
64,Male,White,Married-civ-spouse,0,388625,10th,Self-emp-not-inc,Prof-specialty,0,0,10,39,1
24,Female,White,Never-married,3,211345,Some-college,Private,Other-service,0,0,40,26,0
51,Male,White,Married-civ-spouse,0,176751,Bachelors,Local-gov,Prof-specialty,0,1902,40,39,1
26,Male,White,Never-married,1,108658,HS-grad,Private,Craft-repair,0,0,40,39,0
43,Male,White,Married-civ-spouse,0,152629,HS-grad,Private,Craft-repair,0,0,40,39,1
29,Male,Black,Married-spouse-absent,4,182344,HS-grad,Federal-gov,Other-service,0,0,40,39,0
33,Male,Black,Never-married,1,300681,HS-grad,Local-gov,Other-service,0,0,40,39,0
29,Male,White,Married-civ-spouse,0,100764,Bachelors,Private,Exec-managerial,0,0,45,39,1
18,Female,White,Never-married,3,170183,HS-grad,Private,Other-service,0,0,20,39,0
38,Female,Asian-Pac-Islander,Never-married,1,37683,Prof-school,Federal-gov,Prof-specialty,99999,0,57,2,1
24,Male,White,Never-married,3,140001,HS-grad,Private,Sales,0,0,35,8,0
28,Male,White,Never-married,1,282389,HS-grad,Private,Transport-moving,0,0,60,39,0
26,Male,White,Divorced,1,253899,Bachelors,Self-emp-not-inc,Sales,0,0,40,39,0
31,Female,Black,Never-married,4,159737,10th,Private,Adm-clerical,0,0,40,39,0
23,Male,White,Never-married,1,119665,HS-grad,Private,Adm-clerical,0,0,60,39,0
40,Male,White,Married-civ-spouse,0,30759,Assoc-voc,Self-emp-not-inc,Farming-fishing,0,0,60,39,0
31,Male,White,Never-married,1,183778,Bachelors,Private,Tech-support,0,0,45,39,0
32,Female,White,Never-married,1,182714,HS-grad,Private,Sales,0,0,45,39,0
53,Male,White,Married-civ-spouse,0,77651,HS-grad,State-gov,Craft-repair,0,0,40,39,0
20,Male,White,Married-civ-spouse,0,241752,HS-grad,Private,Machine-op-inspct,0,0,40,39,0
39,Female,White,Married-civ-spouse,5,277886,Bachelors,Private,Sales,0,0,30,39,0
20,Female,Asian-Pac-Islander,Never-married,3,133352,Some-college,Private,Adm-clerical,0,0,40,40,0
28,Female,White,Never-married,1,126129,Some-college,Private,Adm-clerical,0,0,40,39,0
48,Male,White,Divorced,1,326048,Assoc-acdm,Private,Other-service,0,0,44,39,0
43,Female,White,Divorced,4,99185,HS-grad,Private,Adm-clerical,0,0,58,39,0
53,Female,White,Married-civ-spouse,5,283602,Masters,Local-gov,Prof-specialty,15024,0,40,39,1
30,Male,White,Married-civ-spouse,0,110643,Masters,Private,Adm-clerical,4386,0,40,39,1
27,Female,White,Married-civ-spouse,5,311446,HS-grad,Private,Adm-clerical,5178,0,40,39,1
57,Male,Black,Married-civ-spouse,0,61885,HS-grad,Self-emp-inc,Prof-specialty,0,0,60,39,1
37,Female,White,Married-civ-spouse,5,109633,Bachelors,Private,Prof-specialty,0,0,16,39,1
27,Male,White,Never-married,2,380560,HS-grad,Private,Farming-fishing,0,0,40,26,0
48,Male,White,Divorced,1,88564,Some-college,Self-emp-inc,Farming-fishing,0,0,45,39,0
36,Male,White,Married-civ-spouse,0,437909,HS-grad,Private,Machine-op-inspct,0,0,40,39,0
35,Male,Black,Widowed,4,247750,HS-grad,Private,Other-service,0,0,40,39,0
36,Female,White,Married-civ-spouse,5,54229,Assoc-acdm,Private,Exec-managerial,0,0,37,39,0
36,Male,White,Divorced,4,289190,HS-grad,Private,Craft-repair,0,0,40,39,0
23,Male,White,Never-married,1,433669,Assoc-acdm,Private,Adm-clerical,0,0,40,39,0
40,Male,Black,Married-civ-spouse,0,256202,Assoc-voc,Private,Handlers-cleaners,0,0,40,39,0
21,Female,Asian-Pac-Islander,Never-married,2,112137,Some-college,Private,Prof-specialty,0,0,20,35,0
32,Male,White,Separated,1,136204,Masters,Private,Exec-managerial,0,2824,55,39,1
37,Female,White,Never-married,1,48976,Bachelors,Local-gov,Prof-specialty,4865,0,45,39,0
24,Male,White,Never-married,4,223367,11th,Private,Craft-repair,0,0,40,39,0
61,Female,White,Widowed,4,168654,HS-grad,Self-emp-not-inc,Adm-clerical,0,0,20,39,0
44,Male,White,Married-civ-spouse,0,127482,HS-grad,Self-emp-not-inc,Craft-repair,7298,0,50,9,1
21,Female,White,Never-married,3,143604,Some-college,Private,Sales,0,0,8,39,0
30,Male,Asian-Pac-Islander,Married-civ-spouse,0,137613,Masters,State-gov,Prof-specialty,0,0,17,36,0
33,Female,Other,Divorced,3,120201,HS-grad,Private,Adm-clerical,0,0,65,39,0
27,Male,White,Never-married,1,105598,HS-grad,Private,Adm-clerical,0,0,40,39,0
32,Female,White,Married-civ-spouse,5,199963,11th,Private,Machine-op-inspct,0,0,40,39,0
23,Female,White,Never-married,4,197904,HS-grad,Private,Other-service,0,0,35,39,0
47,Female,White,Married-civ-spouse,5,121836,Masters,Private,Adm-clerical,7688,0,38,39,1
31,Female,Black,Separated,4,198953,Some-college,Private,Adm-clerical,0,0,38,39,0
43,Female,White,Never-married,1,186396,9th,Private,Machine-op-inspct,0,0,20,39,0
20,Female,White,Never-married,1,406641,HS-grad,Private,Adm-clerical,0,0,30,39,0
23,Male,White,Never-married,1,409230,Bachelors,Private,Sales,0,0,25,39,0
21,Female,Black,Never-married,3,221157,HS-grad,Private,Other-service,0,0,30,39,0
37,Male,Black,Never-married,4,497300,HS-grad,Private,Other-service,0,0,40,39,0
38,Male,White,Never-married,1,130007,Bachelors,Private,Other-service,0,0,40,39,0
46,Female,White,Married-spouse-absent,1,195023,HS-grad,Private,Machine-op-inspct,0,0,40,4,0
64,Female,White,Never-married,1,256019,Masters,Private,Prof-specialty,0,0,35,39,0
37,Female,White,Married-civ-spouse,5,34173,HS-grad,Local-gov,Other-service,0,0,25,39,0
42,Male,White,Married-civ-spouse,0,255667,Some-college,Private,Craft-repair,0,0,50,39,1
49,Female,White,Divorced,1,166857,9th,Private,Handlers-cleaners,0,0,40,39,0
54,Male,White,Married-civ-spouse,0,82566,Assoc-acdm,Private,Sales,0,0,45,39,0
42,Male,White,Separated,4,195755,HS-grad,Private,Craft-repair,0,0,40,39,0
39,Male,White,Married-civ-spouse,0,387068,HS-grad,Private,Exec-managerial,0,0,40,39,1
74,Male,White,Married-civ-spouse,0,119129,HS-grad,Self-emp-not-inc,Sales,0,2149,20,39,0
36,Male,White,Married-civ-spouse,0,143486,HS-grad,Private,Transport-moving,7298,0,50,39,1
41,Female,White,Married-civ-spouse,5,178983,HS-grad,Private,Adm-clerical,0,0,40,39,0
38,Female,Black,Never-married,3,52596,Some-college,Private,Adm-clerical,0,0,40,39,0
56,Male,Black,Divorced,4,170148,HS-grad,Private,Craft-repair,0,0,40,39,0
32,Male,Black,Married-civ-spouse,0,111836,Some-college,Private,Other-service,0,0,50,39,0
42,Male,White,Never-married,4,180318,10th,Local-gov,Farming-fishing,0,0,35,39,0
25,Male,White,Never-married,1,122075,Bachelors,Private,Exec-managerial,0,0,50,39,0
22,Male,White,Never-married,3,243842,9th,Private,Craft-repair,0,0,40,39,0
63,Male,Asian-Pac-Islander,Married-civ-spouse,0,135339,HS-grad,Private,Adm-clerical,2105,0,40,40,0
58,Male,White,Married-civ-spouse,0,94345,HS-grad,Private,Sales,0,0,40,39,0
34,Male,White,Married-civ-spouse,0,172716,12th,Federal-gov,Armed-Forces,0,0,40,39,0
34,Female,White,Married-civ-spouse,5,114733,Assoc-acdm,Self-emp-inc,Adm-clerical,0,0,36,39,0
22,Female,White,Never-married,3,349368,Bachelors,Private,Exec-managerial,0,0,30,39,0
46,Male,White,Married-civ-spouse,0,265275,Masters,Private,Prof-specialty,0,0,60,39,0
50,Male,White,Married-civ-spouse,0,160107,Masters,Self-emp-inc,Prof-specialty,0,0,55,39,1
36,Male,White,Married-civ-spouse,0,224886,Bachelors,Self-emp-not-inc,Exec-managerial,2407,0,40,39,0
44,Female,Black,Divorced,4,103218,HS-grad,Private,Adm-clerical,0,0,40,39,0
62,Male,White,Married-civ-spouse,0,134768,HS-grad,Private,Transport-moving,0,0,40,39,1
43,Male,White,Married-civ-spouse,0,182757,HS-grad,Private,Craft-repair,0,0,40,39,1
25,Male,Black,Never-married,3,283087,Some-college,Private,Exec-managerial,0,0,40,39,0
42,Male,White,Married-civ-spouse,0,201908,Prof-school,Self-emp-not-inc,Prof-specialty,99999,0,50,39,1
48,Male,Amer-Indian-Eskimo,Married-civ-spouse,0,243631,Some-college,Self-emp-not-inc,Craft-repair,7688,0,40,39,1
23,Female,Asian-Pac-Islander,Never-married,3,161478,Some-college,Private,Other-service,0,0,23,39,0
41,Male,White,Never-married,1,193995,HS-grad,Private,Craft-repair,0,0,44,39,0
60,Male,White,Married-civ-spouse,0,178312,HS-grad,Private,Sales,7298,0,65,39,1
50,Male,White,Married-civ-spouse,0,147629,Masters,Private,Prof-specialty,15024,0,45,39,1
29,Male,White,Married-civ-spouse,0,183627,HS-grad,Private,Machine-op-inspct,3137,0,48,21,0
33,Male,Black,Married-civ-spouse,0,221196,Some-college,Private,Craft-repair,0,0,40,39,0
42,Male,White,Divorced,1,296749,Some-college,Private,Machine-op-inspct,0,0,45,39,0
36,Female,White,Never-married,3,168223,Bachelors,Other,Other,0,0,40,39,0
50,Male,White,Married-civ-spouse,0,89534,HS-grad,Private,Machine-op-inspct,0,0,40,39,0
44,Female,White,Married-civ-spouse,5,175669,11th,Private,Prof-specialty,5178,0,36,39,1
20,Male,White,Never-married,3,137876,Some-college,Other,Other,0,0,40,39,0
53,Male,White,Married-civ-spouse,0,135102,HS-grad,Local-gov,Other-service,0,2002,45,39,0
35,Male,White,Divorced,4,36989,HS-grad,Private,Craft-repair,0,0,40,39,0
22,Male,Black,Never-married,1,514033,HS-grad,Private,Other-service,0,0,80,39,0
23,Female,White,Never-married,1,252153,Some-college,Private,Other-service,0,0,28,39,0
20,Male,White,Never-married,1,105686,HS-grad,Private,Machine-op-inspct,0,0,40,39,0
57,Male,White,Married-civ-spouse,0,140319,HS-grad,Self-emp-inc,Adm-clerical,0,0,50,39,0
30,Male,White,Married-civ-spouse,0,93884,Bachelors,Private,Prof-specialty,0,0,45,39,1
34,Male,White,Married-civ-spouse,0,353881,Assoc-voc,Other,Other,3103,0,60,39,1
28,Female,White,Divorced,4,33035,12th,Self-emp-not-inc,Other-service,0,0,30,39,0
66,Female,White,Widowed,2,185336,HS-grad,Private,Sales,0,0,35,39,0
44,Male,White,Married-civ-spouse,0,264740,Prof-school,Self-emp-not-inc,Prof-specialty,0,0,40,39,1
28,Male,Black,Never-married,2,227778,Assoc-voc,Private,Other-service,0,0,40,39,0
39,Female,White,Separated,4,340091,Some-college,Private,Other-service,0,0,75,39,0
44,Male,White,Married-civ-spouse,0,104973,Masters,Self-emp-not-inc,Farming-fishing,0,0,40,39,1
50,Male,White,Divorced,1,283676,Some-college,Private,Craft-repair,0,0,40,39,0
34,Male,White,Married-civ-spouse,0,208043,Assoc-voc,Private,Prof-specialty,7298,0,45,39,1
67,Male,White,Married-civ-spouse,0,37092,7th-8th,Other,Other,0,0,4,39,0
31,Female,Other,Divorced,1,199655,Masters,Private,Other-service,0,0,30,39,0
64,Female,White,Never-married,1,47462,Some-college,Self-emp-not-inc,Prof-specialty,0,0,35,39,0
74,Female,Other,Widowed,1,89667,Bachelors,Other,Other,0,0,35,39,0
50,Male,White,Married-civ-spouse,0,171924,Bachelors,Private,Prof-specialty,0,0,43,39,1
27,Male,White,Never-married,1,321896,HS-grad,Private,Other-service,0,0,40,39,0
42,Female,Black,Never-married,4,455553,HS-grad,State-gov,Adm-clerical,0,0,40,39,0
31,Male,White,Never-married,1,159589,HS-grad,Private,Other-service,0,0,85,39,0
33,Male,White,Divorced,1,105370,HS-grad,Private,Protective-serv,0,0,70,39,0
32,Male,White,Married-civ-spouse,0,53277,Masters,Private,Exec-managerial,0,0,60,39,1
32,Male,White,Married-civ-spouse,0,46807,HS-grad,Self-emp-inc,Craft-repair,99999,0,40,39,1
46,Male,White,Married-civ-spouse,0,328216,Bachelors,Self-emp-inc,Sales,0,1902,42,0,1
27,Male,White,Married-civ-spouse,0,134152,HS-grad,Private,Machine-op-inspct,0,0,45,39,0
22,Female,White,Divorced,3,190483,Some-college,Private,Sales,0,0,48,20,0
29,Female,White,Divorced,3,107998,HS-grad,Private,Machine-op-inspct,0,0,40,39,0
20,Male,White,Never-married,3,217404,10th,Self-emp-not-inc,Machine-op-inspct,0,0,40,39,0
68,Male,White,Married-civ-spouse,0,211287,Masters,Private,Exec-managerial,0,2392,40,39,1
79,Male,White,Married-civ-spouse,0,183686,Bachelors,Self-emp-inc,Sales,0,0,20,39,1
75,Male,Black,Married-civ-spouse,0,113868,Doctorate,State-gov,Prof-specialty,0,0,20,39,1
49,Male,White,Married-civ-spouse,0,145290,5th-6th,Local-gov,Other-service,0,0,40,39,0
47,Male,White,Separated,1,219632,Assoc-acdm,Local-gov,Exec-managerial,0,1408,40,39,0
24,Male,White,Never-married,2,270872,HS-grad,Private,Craft-repair,594,0,40,0,0
18,Female,White,Never-married,3,177722,HS-grad,Private,Other-service,0,0,20,39,0
58,Male,White,Married-civ-spouse,0,186991,HS-grad,Private,Machine-op-inspct,0,0,40,39,0
45,Male,White,Married-civ-spouse,0,315984,HS-grad,Self-emp-not-inc,Craft-repair,7688,0,50,39,1
46,Male,White,Married-civ-spouse,0,190729,Some-college,Federal-gov,Other-service,0,0,40,39,0
35,Female,Asian-Pac-Islander,Divorced,4,20469,Some-college,Federal-gov,Exec-managerial,0,0,40,30,0
23,Male,White,Never-married,1,246965,Assoc-acdm,Private,Adm-clerical,0,0,12,39,0
46,Male,White,Married-civ-spouse,0,127089,Some-college,Private,Prof-specialty,5178,0,38,39,1
46,Female,White,Married-civ-spouse,5,75256,HS-grad,Private,Priv-house-serv,0,0,40,39,0
61,Male,White,Married-civ-spouse,0,196773,7th-8th,Self-emp-not-inc,Sales,0,0,30,39,1
45,Female,White,Married-civ-spouse,5,53123,11th,Local-gov,Other-service,0,0,25,39,0
28,Male,White,Married-civ-spouse,0,296450,Bachelors,Private,Prof-specialty,0,0,40,39,0
36,Male,White,Divorced,1,376455,Assoc-voc,Private,Craft-repair,0,0,38,39,0
53,Female,White,Divorced,4,95540,Some-college,Private,Adm-clerical,1471,0,40,39,0
23,Female,White,Never-married,1,273206,Bachelors,Private,Adm-clerical,0,0,23,39,0
55,Female,White,Divorced,1,28151,HS-grad,Local-gov,Adm-clerical,0,0,40,39,1
20,Female,White,Separated,4,114813,10th,Other,Other,0,0,40,39,0
20,Female,White,Never-married,3,140764,Some-college,Private,Other-service,0,0,20,39,0
51,Male,White,Married-civ-spouse,0,98791,Some-college,Private,Sales,0,0,40,39,1
37,Female,White,Divorced,1,305259,Assoc-acdm,Private,Exec-managerial,0,0,48,39,0
50,Male,White,Married-civ-spouse,0,158680,Masters,Private,Exec-managerial,0,0,50,39,1
60,Male,White,Married-civ-spouse,0,123218,Some-college,Private,Other-service,0,0,40,39,0
39,Female,White,Never-married,1,181943,Bachelors,Private,Exec-managerial,0,0,35,39,0
62,Male,White,Married-civ-spouse,0,98076,Bachelors,Private,Exec-managerial,0,0,40,39,1
20,Male,White,Married-civ-spouse,0,34568,HS-grad,Private,Craft-repair,3781,0,35,39,0
32,Female,Black,Never-married,1,178623,Assoc-acdm,Private,Sales,0,0,46,38,0
38,Male,White,Married-civ-spouse,0,100375,Prof-school,Private,Prof-specialty,99999,0,60,39,1
19,Female,White,Never-married,3,83930,HS-grad,Private,Other-service,0,0,20,39,0
42,Male,White,Married-civ-spouse,0,52781,Bachelors,Private,Prof-specialty,7688,0,40,39,1
42,Male,White,Divorced,1,74949,Some-college,Private,Prof-specialty,0,0,40,39,0
29,Female,White,Divorced,1,204862,Assoc-acdm,Private,Prof-specialty,0,0,36,39,0
21,Female,White,Never-married,3,124589,HS-grad,Private,Sales,0,0,40,39,0
19,Female,White,Never-married,3,232368,Some-college,Private,Other-service,0,0,35,39,0
29,Female,White,Married-civ-spouse,5,446559,Assoc-acdm,Private,Exec-managerial,0,0,50,39,0
38,Male,White,Married-civ-spouse,0,299036,Bachelors,Self-emp-inc,Sales,0,0,55,39,1
27,Male,White,Never-married,1,301302,Bachelors,Private,Craft-repair,0,0,50,39,0
34,Male,Black,Married-civ-spouse,0,434292,HS-grad,Private,Other-service,0,0,30,39,0
31,Male,White,Married-civ-spouse,0,132601,Some-college,Private,Exec-managerial,0,0,40,39,0
40,Male,White,Married-civ-spouse,0,285787,Assoc-acdm,Private,Tech-support,0,0,40,39,1
23,Male,White,Never-married,4,199336,Assoc-voc,Private,Craft-repair,0,0,50,39,0
41,Female,White,Divorced,4,31221,HS-grad,Private,Other-service,0,0,30,39,0
28,Male,White,Married-civ-spouse,0,186792,Bachelors,Private,Adm-clerical,0,0,40,39,0
41,Male,White,Married-civ-spouse,0,147372,HS-grad,Private,Adm-clerical,0,0,48,39,0
25,Female,Asian-Pac-Islander,Never-married,3,86745,Bachelors,Self-emp-inc,Adm-clerical,0,0,40,39,0
57,Male,White,Married-civ-spouse,0,310320,Bachelors,Federal-gov,Tech-support,0,0,48,39,1
18,Female,White,Never-married,3,123856,11th,Private,Sales,0,0,49,39,0
22,Female,White,Never-married,3,107801,Assoc-voc,Private,Adm-clerical,0,0,40,39,0
34,Male,White,Never-married,1,106014,Some-college,Private,Other-service,0,0,40,39,0
38,Male,White,Married-civ-spouse,0,120985,HS-grad,Self-emp-not-inc,Craft-repair,4386,0,35,39,0
45,Female,White,Divorced,4,154117,HS-grad,State-gov,Exec-managerial,0,0,38,39,1
53,Male,White,Married-civ-spouse,0,279129,Some-college,Self-emp-not-inc,Farming-fishing,0,0,30,39,0
30,Male,White,Married-civ-spouse,0,54608,Assoc-acdm,Private,Prof-specialty,0,0,40,39,0
50,Male,White,Married-civ-spouse,0,222020,HS-grad,Federal-gov,Adm-clerical,0,0,48,39,0
57,Male,White,Married-civ-spouse,0,250201,11th,Private,Other-service,0,0,52,39,0
30,Male,White,Married-civ-spouse,0,319280,HS-grad,Local-gov,Protective-serv,0,0,40,39,1
18,Female,White,Never-married,3,193166,9th,Private,Sales,0,0,42,39,0
32,Male,White,Married-civ-spouse,0,204374,Prof-school,Private,Prof-specialty,0,1977,60,39,1
32,Male,White,Never-married,4,285131,Assoc-acdm,Other,Other,0,0,20,39,0
41,Male,White,Married-civ-spouse,0,47902,Bachelors,Local-gov,Prof-specialty,0,0,45,39,1
33,Male,White,Married-civ-spouse,0,281030,HS-grad,Self-emp-not-inc,Farming-fishing,0,0,94,39,0
33,Male,White,Married-spouse-absent,1,200246,Some-college,Private,Prof-specialty,0,0,40,39,0
37,Female,Black,Never-married,4,223020,Assoc-voc,Local-gov,Other-service,0,0,32,39,0
19,Male,White,Never-married,1,97261,HS-grad,Private,Farming-fishing,0,0,40,39,0
40,Male,Other,Married-spouse-absent,1,215596,Bachelors,Private,Other-service,0,0,40,26,0
21,Male,White,Never-married,3,286824,Some-college,Private,Handlers-cleaners,0,0,12,39,0
38,Male,White,Married-civ-spouse,0,185325,HS-grad,Self-emp-not-inc,Handlers-cleaners,0,0,40,39,1
49,Male,White,Married-civ-spouse,0,314773,Assoc-voc,Private,Prof-specialty,0,0,40,39,0
24,Female,White,Separated,1,374253,HS-grad,Private,Other-service,0,0,55,39,0
24,Male,White,Never-married,1,218678,Some-college,Private,Sales,0,0,49,39,0
53,Male,White,Married-civ-spouse,0,22418,HS-grad,Private,Craft-repair,0,0,40,39,0
38,Male,Black,Never-married,1,53930,10th,Private,Craft-repair,0,0,40,0,0
26,Male,White,Married-spouse-absent,1,322614,Preschool,Private,Machine-op-inspct,0,1719,40,26,0
32,Male,White,Never-married,1,218407,Some-college,Self-emp-inc,Exec-managerial,0,0,70,5,0
42,Male,White,Married-civ-spouse,0,138634,HS-grad,Private,Sales,0,0,40,39,0
26,Male,White,Never-married,3,259505,Some-college,Private,Other-service,0,0,40,39,0
56,Male,White,Married-civ-spouse,0,134286,Some-college,Private,Exec-managerial,0,0,45,39,0
22,Male,White,Never-married,4,298227,HS-grad,Private,Handlers-cleaners,0,0,35,39,0
29,Male,White,Married-civ-spouse,0,309778,Some-college,Federal-gov,Tech-support,0,0,40,39,1
19,Male,White,Never-married,3,41400,HS-grad,Private,Handlers-cleaners,0,0,30,39,0
21,Female,White,Never-married,3,189013,Some-college,Private,Sales,0,0,35,39,0
18,Female,White,Never-married,2,186909,HS-grad,Private,Sales,1055,0,30,39,0
22,Male,White,Never-married,3,250647,Some-college,Private,Adm-clerical,0,0,12,39,0
33,Female,White,Never-married,3,170651,HS-grad,Private,Other-service,1055,0,40,39,0
26,Female,Asian-Pac-Islander,Never-married,3,183224,Some-college,Private,Adm-clerical,0,0,35,39,0
59,Male,White,Married-civ-spouse,0,32552,HS-grad,Self-emp-not-inc,Transport-moving,0,0,48,39,0
59,Male,White,Married-civ-spouse,0,159472,9th,State-gov,Transport-moving,0,0,40,39,0
81,Female,White,Divorced,4,120478,Assoc-voc,Other,Other,0,0,1,0,0
30,Male,White,Divorced,3,121308,Some-college,Private,Sales,0,0,40,39,0
24,Male,Asian-Pac-Islander,Never-married,1,172152,Bachelors,Other,Other,0,0,25,36,0
51,Male,White,Married-civ-spouse,0,313146,HS-grad,Private,Adm-clerical,0,0,40,39,0
37,Male,White,Divorced,1,143912,HS-grad,Private,Transport-moving,0,0,50,39,0
17,Male,White,Never-married,3,271837,Some-college,Private,Craft-repair,0,0,16,39,0
29,Female,Black,Never-married,1,427965,Bachelors,Private,Adm-clerical,0,0,40,39,0
71,Male,White,Widowed,1,149386,HS-grad,Federal-gov,Exec-managerial,0,0,9,39,0
19,Male,White,Never-married,3,144750,Some-college,Private,Adm-clerical,0,0,18,39,0
65,Female,White,Divorced,2,173674,HS-grad,Private,Other-service,0,0,14,39,0
50,Male,White,Married-civ-spouse,0,103063,Bachelors,State-gov,Exec-managerial,0,0,40,39,1
41,Male,White,Married-civ-spouse,0,32185,Masters,Local-gov,Exec-managerial,0,0,40,39,1
18,Male,White,Never-married,3,32059,11th,Private,Handlers-cleaners,0,0,40,39,0
55,Female,White,Married-civ-spouse,5,176046,Masters,Local-gov,Prof-specialty,0,2267,40,39,0
25,Male,White,Never-married,1,157617,HS-grad,State-gov,Exec-managerial,0,0,40,39,0
55,Male,White,Married-civ-spouse,0,191367,HS-grad,Private,Sales,0,0,40,39,0
20,Male,White,Never-married,3,157541,Some-college,Private,Craft-repair,0,0,40,39,0
49,Female,White,Divorced,4,175070,Some-college,Private,Other-service,0,0,40,39,0
44,Male,Asian-Pac-Islander,Divorced,1,123983,Bachelors,Private,Other-service,0,0,40,3,0
38,Male,White,Married-civ-spouse,0,109231,HS-grad,Private,Craft-repair,0,0,40,39,0
25,Male,White,Never-married,1,110138,HS-grad,Private,Other-service,0,0,40,39,0
51,Male,White,Married-civ-spouse,0,167793,Bachelors,Self-emp-inc,Exec-managerial,15024,0,40,39,1
38,Male,White,Married-civ-spouse,0,196123,HS-grad,Private,Craft-repair,0,0,50,39,0
54,Male,White,Married-spouse-absent,4,299324,5th-6th,Private,Machine-op-inspct,0,0,40,26,0
30,Female,White,Married-civ-spouse,5,250499,Some-college,Self-emp-not-inc,Adm-clerical,0,0,55,39,1
23,Female,White,Never-married,3,218899,Bachelors,Private,Sales,0,0,60,39,0
34,Male,White,Married-civ-spouse,0,251421,HS-grad,Private,Craft-repair,0,0,40,39,0
33,Male,Asian-Pac-Islander,Married-civ-spouse,0,139057,Masters,Private,Tech-support,0,0,50,39,1
39,Male,White,Married-civ-spouse,0,208109,HS-grad,Self-emp-not-inc,Transport-moving,0,0,60,39,1
46,Female,White,Divorced,1,81497,HS-grad,Private,Handlers-cleaners,0,0,48,39,0
28,Male,White,Married-civ-spouse,0,373698,12th,Private,Prof-specialty,0,0,45,0,0
24,Female,Black,Never-married,3,117109,Bachelors,Local-gov,Adm-clerical,0,0,27,39,0
42,Male,White,Married-civ-spouse,0,117319,HS-grad,Private,Craft-repair,0,1672,40,39,0
35,Male,White,Married-civ-spouse,0,172571,Bachelors,Private,Prof-specialty,0,0,50,39,0
33,Male,White,Divorced,1,204829,HS-grad,Private,Transport-moving,0,0,45,39,0
37,Female,White,Married-civ-spouse,5,67433,HS-grad,Private,Adm-clerical,0,0,40,39,1
43,Female,White,Married-civ-spouse,5,192712,Some-college,Federal-gov,Prof-specialty,0,0,40,39,1
29,Male,White,Never-married,1,242482,HS-grad,Private,Other-service,0,0,32,39,0
35,Male,White,Married-civ-spouse,0,128876,Some-college,Private,Craft-repair,0,0,40,39,0
32,Male,White,Married-civ-spouse,0,154120,HS-grad,Private,Transport-moving,7298,0,40,39,1
53,Female,Black,Widowed,4,158993,HS-grad,Private,Machine-op-inspct,0,0,38,39,0
68,Male,White,Married-civ-spouse,0,234859,Some-college,Self-emp-not-inc,Other-service,0,0,30,39,0
47,Male,White,Married-civ-spouse,0,350759,HS-grad,Self-emp-inc,Exec-managerial,0,0,40,39,1
49,Male,White,Married-civ-spouse,0,193249,Assoc-acdm,Local-gov,Adm-clerical,0,0,40,39,0
51,Female,White,Divorced,4,139127,Some-college,Self-emp-inc,Exec-managerial,0,0,50,39,0
59,Male,White,Married-civ-spouse,0,70623,7th-8th,Self-emp-not-inc,Sales,0,0,85,39,0
30,Male,White,Married-civ-spouse,0,341051,Masters,Private,Exec-managerial,15024,0,60,39,1
38,Male,White,Married-civ-spouse,0,173968,HS-grad,Private,Craft-repair,0,0,45,39,0
35,Male,Asian-Pac-Islander,Married-civ-spouse,0,176123,10th,Private,Other-service,0,0,60,19,0
25,Male,White,Never-married,1,204536,HS-grad,Private,Craft-repair,0,0,35,39,0
45,Male,White,Married-civ-spouse,0,123088,HS-grad,Self-emp-not-inc,Craft-repair,0,0,50,39,0
44,Male,White,Never-married,4,153489,HS-grad,Private,Other-service,0,0,40,39,0
53,Male,White,Married-civ-spouse,0,290688,HS-grad,Private,Craft-repair,0,0,52,39,1
31,Male,White,Never-married,1,382368,Some-college,Private,Adm-clerical,0,0,40,11,0
51,Male,White,Married-civ-spouse,0,189511,Assoc-voc,Private,Other-service,0,0,50,11,1
59,Male,White,Married-civ-spouse,0,160631,Bachelors,Private,Craft-repair,0,0,60,39,1
41,Male,Amer-Indian-Eskimo,Divorced,1,118721,12th,Private,Adm-clerical,0,0,40,39,0
33,Male,Asian-Pac-Islander,Never-married,1,35309,Bachelors,Private,Exec-managerial,0,0,40,0,0
35,Male,White,Married-civ-spouse,0,281982,Some-college,Private,Prof-specialty,0,0,40,39,1
27,Male,White,Never-married,1,104423,Assoc-acdm,Private,Adm-clerical,0,0,40,39,0
35,Female,White,Divorced,1,114765,Bachelors,Private,Sales,0,0,40,39,0
39,Male,White,Married-civ-spouse,0,168355,HS-grad,Self-emp-inc,Exec-managerial,0,0,70,39,0
28,Male,White,Married-civ-spouse,0,242482,HS-grad,Private,Sales,0,0,40,39,0
64,Male,White,Divorced,1,187656,1st-4th,Other,Other,0,0,40,39,0
20,Male,White,Married-civ-spouse,2,109952,HS-grad,Private,Tech-support,0,0,40,39,0
43,Male,White,Married-civ-spouse,0,343061,7th-8th,Self-emp-not-inc,Farming-fishing,4508,0,40,5,0
47,Female,White,Divorced,4,162494,Some-college,Private,Sales,0,0,45,39,1
19,Female,White,Never-married,3,279968,Some-college,Private,Adm-clerical,0,0,20,39,0
31,Female,White,Married-civ-spouse,5,124569,Some-college,Private,Adm-clerical,0,0,40,39,1
26,Male,Asian-Pac-Islander,Never-married,1,272669,Bachelors,Private,Sales,0,0,20,35,0
69,Male,White,Married-civ-spouse,0,88566,9th,Private,Other-service,1424,0,35,39,0
30,Female,White,Separated,4,270577,HS-grad,Private,Adm-clerical,0,0,40,39,0
64,Male,White,Divorced,4,66634,Bachelors,Private,Exec-managerial,27828,0,50,39,1
22,Female,White,Never-married,3,163205,HS-grad,Local-gov,Other-service,0,0,53,39,0
29,Male,White,Never-married,1,178778,Some-college,Private,Other-service,0,0,40,39,0
26,Female,White,Divorced,4,154604,HS-grad,Private,Sales,0,0,40,39,0
41,Female,White,Married-civ-spouse,5,169023,Bachelors,Self-emp-not-inc,Adm-clerical,7688,0,40,39,1
44,Male,White,Married-civ-spouse,0,179557,HS-grad,Self-emp-not-inc,Exec-managerial,0,1977,45,39,1
51,Male,White,Married-civ-spouse,0,177487,HS-grad,Other,Other,0,0,40,39,0
40,Female,White,Married-civ-spouse,5,124747,HS-grad,Private,Craft-repair,7298,0,40,39,1
37,Female,White,Never-married,1,338033,Masters,Private,Prof-specialty,0,0,40,39,0
24,Male,Other,Never-married,4,187397,Some-college,Local-gov,Protective-serv,1151,0,40,39,0
40,Male,White,Married-civ-spouse,0,104196,Bachelors,Private,Prof-specialty,0,1887,40,39,1
64,Male,White,Married-civ-spouse,0,125684,HS-grad,Private,Craft-repair,0,0,40,39,0
69,Male,White,Widowed,4,165017,HS-grad,Private,Machine-op-inspct,2538,0,40,39,0
44,Male,White,Married-civ-spouse,0,98211,Bachelors,Private,Exec-managerial,0,0,40,39,1
24,Male,White,Never-married,1,42401,Bachelors,Private,Sales,0,0,47,39,0
44,Male,White,Married-civ-spouse,0,171424,Bachelors,Private,Prof-specialty,0,0,40,39,1
23,Male,White,Never-married,3,410439,HS-grad,Private,Adm-clerical,0,0,25,39,0
49,Male,White,Married-civ-spouse,0,168211,HS-grad,Private,Protective-serv,0,0,40,39,1
29,Male,White,Never-married,1,95465,HS-grad,Private,Tech-support,0,0,42,39,0
23,Male,White,Never-married,2,189461,HS-grad,Private,Sales,0,0,55,39,0
37,Female,White,Divorced,4,102936,Bachelors,Local-gov,Prof-specialty,0,0,55,39,0
47,Male,White,Married-civ-spouse,0,165468,HS-grad,Self-emp-not-inc,Machine-op-inspct,7298,0,40,39,1
26,Female,White,Never-married,1,80485,Bachelors,Local-gov,Prof-specialty,0,0,38,39,0
40,Female,Black,Divorced,4,164647,Some-college,Private,Prof-specialty,0,0,38,39,0
62,Male,White,Divorced,1,245491,Bachelors,Self-emp-inc,Sales,99999,0,40,39,1
36,Male,White,Married-civ-spouse,0,175759,Bachelors,Private,Exec-managerial,7298,0,50,39,1
29,Male,White,Divorced,4,116751,Assoc-voc,Local-gov,Protective-serv,0,0,56,39,0
53,Male,White,Married-civ-spouse,0,137428,7th-8th,Private,Transport-moving,0,0,60,39,1
42,Male,White,Married-civ-spouse,0,180985,10th,Local-gov,Handlers-cleaners,99999,0,40,39,1
43,Female,White,Divorced,1,30824,Some-college,State-gov,Adm-clerical,0,0,40,39,0
40,Male,White,Never-married,1,220460,HS-grad,Private,Craft-repair,0,0,40,2,0
31,Female,White,Never-married,1,104509,Bachelors,Private,Sales,0,0,65,39,1
37,Female,Black,Never-married,4,244341,Some-college,Local-gov,Adm-clerical,0,0,40,39,0
19,Female,Asian-Pac-Islander,Never-married,2,20469,HS-grad,Other,Other,0,0,12,35,0
30,Male,Asian-Pac-Islander,Never-married,2,176123,10th,Private,Machine-op-inspct,0,0,40,40,0
27,Male,White,Never-married,1,192236,Bachelors,Private,Prof-specialty,0,0,45,39,0
20,Male,Other,Never-married,1,369678,HS-grad,Other,Other,0,0,43,39,0
55,Male,White,Married-civ-spouse,0,223127,9th,Private,Farming-fishing,0,0,40,39,0
46,Male,White,Married-civ-spouse,0,175428,Masters,Local-gov,Prof-specialty,0,0,40,39,1
36,Male,White,Never-married,1,101481,HS-grad,Local-gov,Adm-clerical,0,0,40,39,0
58,Male,White,Married-civ-spouse,0,159378,HS-grad,Private,Machine-op-inspct,0,0,45,39,1
32,Male,White,Never-married,1,97723,Assoc-voc,Self-emp-not-inc,Craft-repair,0,0,40,39,0
37,Male,Asian-Pac-Islander,Married-civ-spouse,0,22201,Bachelors,Federal-gov,Adm-clerical,7298,0,40,30,1
32,Male,White,Married-civ-spouse,0,275094,Bachelors,Self-emp-inc,Sales,7688,0,55,26,1
41,Female,White,Never-married,3,108713,10th,Private,Sales,0,0,40,39,0
69,Female,White,Widowed,1,130413,Bachelors,Private,Exec-managerial,2346,0,15,39,0
58,Male,White,Married-civ-spouse,0,78141,HS-grad,Private,Craft-repair,0,0,40,39,1
65,Male,White,Married-civ-spouse,0,200749,HS-grad,Other,Other,0,0,25,39,0
39,Female,White,Divorced,1,177728,Masters,Local-gov,Prof-specialty,0,0,40,39,0
45,Male,White,Married-civ-spouse,0,122206,HS-grad,Private,Transport-moving,0,0,40,39,0
29,Male,White,Married-civ-spouse,0,147755,Some-college,Private,Craft-repair,0,1672,40,39,0
58,Female,White,Widowed,1,213975,Assoc-voc,Private,Prof-specialty,0,0,40,39,0
22,Male,White,Never-married,2,113703,Some-college,Private,Sales,0,0,20,39,0
42,Male,White,Married-civ-spouse,0,45363,Assoc-acdm,Private,Prof-specialty,0,0,50,39,0
40,Male,White,Married-civ-spouse,0,27242,HS-grad,Self-emp-not-inc,Farming-fishing,0,0,84,39,0
49,Male,White,Married-civ-spouse,0,182211,9th,Private,Handlers-cleaners,0,0,45,39,0
35,Male,White,Never-married,4,301862,HS-grad,Private,Craft-repair,0,0,50,39,0
28,Female,White,Married-civ-spouse,5,177955,11th,Private,Adm-clerical,0,0,40,26,0
53,Female,White,Divorced,1,195922,Masters,State-gov,Prof-specialty,0,0,40,39,0
67,Female,Black,Divorced,4,64148,Some-college,Private,Other-service,0,0,41,39,0
44,Male,White,Married-civ-spouse,0,151089,HS-grad,Local-gov,Machine-op-inspct,0,0,40,39,0
49,Male,White,Married-civ-spouse,0,133729,Some-college,Private,Other-service,0,0,17,39,0
48,Female,White,Divorced,1,175070,HS-grad,Private,Exec-managerial,0,2258,40,39,1
38,Female,White,Divorced,4,83727,HS-grad,Private,Other-service,0,0,48,39,0
62,Male,White,Married-civ-spouse,0,114060,HS-grad,Local-gov,Transport-moving,0,0,40,39,0
17,Female,White,Never-married,3,198606,11th,Private,Handlers-cleaners,0,0,16,39,0
45,Male,White,Married-civ-spouse,0,223999,9th,Private,Other-service,0,1848,40,39,1
44,Male,White,Married-civ-spouse,0,332401,Prof-school,Private,Prof-specialty,99999,0,65,39,1
31,Male,White,Married-civ-spouse,0,261943,Some-college,Private,Exec-managerial,0,0,40,39,0
34,Male,White,Married-civ-spouse,0,181311,11th,Private,Machine-op-inspct,0,0,40,39,0
34,Male,White,Married-civ-spouse,0,155343,HS-grad,Private,Craft-repair,0,1848,50,39,1
22,Male,White,Never-married,3,198148,Some-college,Private,Adm-clerical,0,0,50,39,0
28,Male,Black,Married-civ-spouse,0,133625,HS-grad,Private,Transport-moving,0,0,40,39,0
38,Male,White,Married-spouse-absent,1,189404,HS-grad,Private,Other-service,0,0,35,0,0
23,Male,White,Never-married,1,116830,12th,Private,Craft-repair,0,0,50,39,0
21,Female,White,Never-married,3,83033,Some-college,Private,Adm-clerical,2176,0,20,39,0
30,Male,White,Married-civ-spouse,0,130021,7th-8th,Private,Craft-repair,2829,0,40,39,0
54,Male,White,Married-civ-spouse,0,420691,1st-4th,Private,Other-service,0,0,40,26,0
57,Male,White,Married-civ-spouse,0,20953,Some-college,Private,Sales,0,1902,40,39,1
34,Male,Asian-Pac-Islander,Married-spouse-absent,1,25322,Bachelors,Private,Machine-op-inspct,0,2339,40,0,0
53,Male,White,Married-civ-spouse,0,123429,Some-college,Private,Exec-managerial,0,0,60,39,1
22,Male,White,Never-married,3,378104,HS-grad,Private,Handlers-cleaners,0,0,40,39,0
24,Male,White,Never-married,1,285457,HS-grad,Private,Other-service,0,0,40,39,0
39,Male,White,Married-civ-spouse,0,248011,Assoc-voc,Private,Machine-op-inspct,5178,0,40,39,1
34,Male,White,Married-civ-spouse,0,340940,Bachelors,Private,Sales,7298,0,60,39,1
48,Female,White,Divorced,3,309895,Some-college,Self-emp-not-inc,Handlers-cleaners,0,0,40,39,0
22,Male,White,Never-married,1,287988,Some-college,Private,Sales,0,0,20,39,0
30,Female,White,Widowed,1,58798,7th-8th,Other,Other,0,0,44,39,0
31,Male,White,Married-civ-spouse,0,348504,Bachelors,Private,Exec-managerial,0,0,50,39,0
44,Male,White,Married-civ-spouse,0,177937,Doctorate,Local-gov,Prof-specialty,0,0,36,39,1
22,Female,Black,Never-married,4,246386,HS-grad,Other,Other,0,0,40,39,0
24,Male,White,Never-married,3,249957,Some-college,Private,Exec-managerial,0,0,40,39,0
50,Male,White,Married-civ-spouse,0,302372,Bachelors,Private,Prof-specialty,0,0,40,39,0
32,Female,Asian-Pac-Islander,Married-civ-spouse,5,112137,Preschool,Private,Machine-op-inspct,4508,0,40,1,0
47,Male,White,Married-civ-spouse,0,99127,Assoc-voc,Other,Other,0,0,40,39,1
55,Male,White,Divorced,1,194290,HS-grad,Private,Craft-repair,0,0,40,39,0
39,Male,White,Never-married,3,252327,7th-8th,Private,Other-service,0,0,40,26,0
63,Male,White,Married-civ-spouse,0,57674,Masters,Local-gov,Prof-specialty,0,0,48,39,0
35,Male,Asian-Pac-Islander,Never-married,1,98283,Prof-school,Private,Prof-specialty,0,0,40,19,1
37,Female,White,Widowed,1,196529,Some-college,Private,Other-service,2354,0,40,0,0
27,Female,White,Never-married,1,198286,Some-college,Private,Other-service,0,0,34,39,0
20,Female,White,Never-married,3,170800,Some-college,Private,Farming-fishing,0,0,40,39,0
46,Male,White,Married-civ-spouse,0,185385,HS-grad,Private,Sales,0,0,65,39,1
40,Male,White,Married-civ-spouse,0,239708,11th,Private,Transport-moving,0,0,55,39,0
22,Male,White,Divorced,1,227626,HS-grad,Private,Transport-moving,0,0,40,39,0
22,Female,Black,Never-married,4,138504,Some-college,Private,Adm-clerical,0,0,30,39,0
17,Male,White,Never-married,1,100828,11th,Private,Other-service,0,0,20,39,0
33,Male,White,Married-civ-spouse,0,281832,Doctorate,Self-emp-inc,Prof-specialty,0,0,40,5,1
57,Male,White,Married-civ-spouse,0,211804,Bachelors,Private,Prof-specialty,3103,0,50,39,1
33,Male,White,Never-married,1,184016,HS-grad,Private,Transport-moving,0,0,40,39,0
23,Male,White,Never-married,3,393248,Some-college,Private,Adm-clerical,0,0,40,39,0
27,Male,White,Never-married,3,322208,Some-college,Local-gov,Transport-moving,0,0,40,39,0
28,Female,White,Separated,4,196630,Assoc-voc,Other,Other,0,0,40,26,0
41,Male,White,Married-civ-spouse,0,115932,Some-college,Private,Exec-managerial,99999,0,50,39,1
63,Male,White,Married-civ-spouse,0,180911,11th,Private,Protective-serv,4386,0,37,39,1
39,Male,White,Married-civ-spouse,0,256997,Bachelors,Local-gov,Craft-repair,0,0,40,39,0
17,Male,White,Never-married,2,161259,10th,Other,Other,0,0,12,39,0
59,Male,White,Married-civ-spouse,0,169982,Some-college,Self-emp-inc,Exec-managerial,15024,0,60,39,1
28,Male,Black,Never-married,3,60726,HS-grad,Other,Other,0,0,40,39,0
53,Female,White,Married-civ-spouse,5,81794,12th,Private,Adm-clerical,0,0,40,39,0
17,Female,White,Never-married,3,52486,11th,Private,Other-service,0,0,12,39,0
31,Female,White,Never-married,1,182539,Some-college,Private,Adm-clerical,0,0,45,39,0
30,Male,White,Married-civ-spouse,0,219110,HS-grad,Private,Craft-repair,0,0,46,39,0
36,Female,Asian-Pac-Islander,Married-civ-spouse,5,130620,HS-grad,Local-gov,Adm-clerical,0,0,40,3,1
53,Male,White,Married-civ-spouse,0,189511,HS-grad,Private,Craft-repair,0,0,40,39,0
73,Male,White,Married-civ-spouse,0,300404,Some-college,Self-emp-not-inc,Sales,0,0,6,39,1
76,Male,White,Married-civ-spouse,0,236878,HS-grad,Self-emp-not-inc,Craft-repair,0,0,30,39,0
43,Male,Black,Separated,1,413760,Some-college,Local-gov,Craft-repair,0,0,40,39,0
38,Female,White,Never-married,1,71701,Assoc-voc,Private,Craft-repair,0,0,40,32,0
20,Female,White,Never-married,1,120572,Some-college,Private,Other-service,0,0,12,39,0
32,Male,White,Never-married,1,40444,Masters,Local-gov,Prof-specialty,0,0,50,39,0
30,Male,White,Married-civ-spouse,0,342709,HS-grad,Private,Handlers-cleaners,0,0,40,39,0
25,Female,Black,Never-married,1,137645,Bachelors,Private,Sales,0,0,40,39,0
20,Male,White,Married-civ-spouse,0,137895,HS-grad,Private,Sales,0,0,45,39,0
43,Male,White,Divorced,1,54611,HS-grad,Private,Transport-moving,0,0,60,39,0
45,Male,White,Married-civ-spouse,0,362883,HS-grad,Private,Craft-repair,5013,0,40,39,0
28,Male,Other,Married-civ-spouse,0,163772,HS-grad,Private,Other-service,0,0,40,39,0
41,Female,White,Divorced,3,66118,Bachelors,Private,Prof-specialty,0,0,40,39,0
33,Female,White,Separated,4,1161363,Some-college,Private,Tech-support,0,0,50,4,0
50,Male,White,Married-civ-spouse,0,343748,Some-college,Self-emp-not-inc,Craft-repair,0,0,35,39,0
37,Female,Amer-Indian-Eskimo,Separated,4,25864,HS-grad,Private,Prof-specialty,0,0,40,39,0
36,Female,White,Never-married,1,263130,Masters,Private,Prof-specialty,0,0,40,39,0
60,Male,White,Married-civ-spouse,0,141580,Masters,Other,Other,0,0,40,39,0
22,Male,White,Married-civ-spouse,0,58222,HS-grad,Private,Craft-repair,0,0,40,39,0
23,Female,White,Separated,3,232512,HS-grad,Other,Other,0,0,40,39,0
23,Female,White,Never-married,1,174754,Some-college,Private,Sales,0,0,30,39,0
39,Male,White,Never-married,1,178815,HS-grad,Private,Sales,0,0,55,39,0
59,Male,White,Never-married,2,175290,7th-8th,Private,Other-service,0,0,32,39,0
52,Male,White,Married-civ-spouse,0,183146,12th,Self-emp-not-inc,Exec-managerial,0,0,50,39,1
43,Female,White,Separated,1,270522,HS-grad,Private,Other-service,0,0,26,39,0
31,Male,White,Married-civ-spouse,0,178449,Prof-school,Local-gov,Prof-specialty,0,0,40,39,1
43,Male,White,Married-civ-spouse,0,117158,Some-college,Private,Craft-repair,0,0,45,39,1
53,Male,White,Married-civ-spouse,0,291755,Some-college,Self-emp-not-inc,Transport-moving,0,0,72,39,0
75,Male,White,Never-married,1,164570,11th,Self-emp-inc,Exec-managerial,0,0,50,39,0
60,Male,White,Married-civ-spouse,0,181196,Some-college,Self-emp-inc,Exec-managerial,0,0,40,39,1
25,Male,White,Never-married,3,47011,Bachelors,Other,Other,0,0,20,39,0
52,Male,White,Married-civ-spouse,0,284129,Some-college,Private,Craft-repair,0,0,40,39,1
48,Female,White,Never-married,1,207817,HS-grad,Private,Other-service,0,0,32,4,0
39,Female,White,Divorced,1,183092,Doctorate,State-gov,Prof-specialty,0,0,40,39,1
38,Female,Black,Divorced,4,506830,Some-college,Federal-gov,Tech-support,0,0,40,39,0
33,Male,White,Never-married,1,69311,HS-grad,Private,Handlers-cleaners,0,0,40,39,0
22,Male,Black,Never-married,1,153323,Some-college,Private,Prof-specialty,0,0,20,39,0
19,Male,White,Never-married,3,278870,Some-college,Private,Handlers-cleaners,0,0,16,39,0
44,Female,White,Divorced,3,171256,Assoc-acdm,Private,Machine-op-inspct,0,0,45,39,0
43,Male,White,Married-civ-spouse,0,144371,HS-grad,Private,Handlers-cleaners,0,0,42,39,1
62,Female,White,Widowed,1,291175,Bachelors,Local-gov,Prof-specialty,0,0,48,39,0
26,Male,White,Married-civ-spouse,0,275703,Some-college,Private,Sales,0,0,40,39,0
64,Male,White,Married-civ-spouse,0,110150,HS-grad,Private,Protective-serv,0,0,40,39,0
44,Female,White,Married-civ-spouse,5,134120,HS-grad,Private,Adm-clerical,0,0,40,39,1
29,Male,White,Divorced,4,132686,HS-grad,Private,Machine-op-inspct,0,0,40,39,0
17,Female,White,Never-married,4,98675,9th,Private,Other-service,0,0,20,39,0
28,Female,White,Never-married,3,103802,Bachelors,Private,Exec-managerial,0,1408,40,0,0
33,Male,White,Married-civ-spouse,0,217235,HS-grad,Private,Sales,0,0,20,39,0
36,Male,White,Married-civ-spouse,0,112264,HS-grad,Private,Transport-moving,0,0,50,39,0
19,Female,White,Married-civ-spouse,5,458558,HS-grad,Private,Craft-repair,0,0,40,39,0
45,Female,Black,Widowed,1,462440,11th,Private,Other-service,0,0,20,39,0
35,Female,White,Divorced,4,316141,Some-college,Private,Prof-specialty,7443,0,40,39,0
31,Male,White,Separated,1,334744,HS-grad,Private,Transport-moving,0,0,40,39,0
40,Female,White,Never-married,1,360884,Some-college,Private,Tech-support,0,0,50,39,1
21,Male,White,Never-married,3,249957,HS-grad,Private,Adm-clerical,0,0,40,39,0
47,Female,White,Divorced,4,221666,Some-college,Private,Tech-support,0,0,40,39,0
47,Female,White,Separated,4,146497,Some-college,Private,Adm-clerical,0,0,16,11,0
23,Female,White,Never-married,3,115326,Some-college,Private,Sales,0,0,20,39,0
33,Female,White,Never-married,1,183557,Assoc-acdm,Private,Prof-specialty,0,0,40,39,0
39,Male,Black,Married-civ-spouse,0,175681,Bachelors,Private,Prof-specialty,0,0,60,0,0
18,Female,White,Married-civ-spouse,5,404085,HS-grad,Private,Adm-clerical,0,0,40,39,0
47,Male,White,Married-civ-spouse,0,26145,Assoc-voc,Self-emp-not-inc,Sales,0,0,40,39,1
37,Male,White,Married-civ-spouse,0,305597,Bachelors,Private,Prof-specialty,0,0,45,39,1
31,Female,White,Married-civ-spouse,5,259120,Some-college,Other,Other,0,0,10,39,0
53,Male,White,Married-civ-spouse,0,181317,HS-grad,Other,Other,0,0,40,39,0
17,Female,White,Never-married,3,25690,10th,Private,Other-service,0,0,10,39,0
37,Male,White,Married-civ-spouse,0,210452,Masters,State-gov,Exec-managerial,0,0,38,39,0
48,Male,Asian-Pac-Islander,Married-civ-spouse,0,119471,Assoc-voc,Private,Other-service,0,0,56,30,1
75,Female,Asian-Pac-Islander,Widowed,2,260543,10th,Other,Other,0,0,1,3,0
26,Male,White,Married-civ-spouse,0,133766,HS-grad,Private,Farming-fishing,0,0,70,39,0
43,Male,White,Divorced,1,188436,Prof-school,Private,Exec-managerial,0,0,40,39,0
45,Female,White,Divorced,1,379393,Some-college,Private,Tech-support,0,0,45,39,0
44,Female,White,Married-spouse-absent,1,203897,Bachelors,Private,Adm-clerical,0,0,40,5,0
24,Male,White,Married-civ-spouse,0,211160,Some-college,Private,Sales,0,0,40,39,0
39,Male,White,Married-civ-spouse,0,33355,HS-grad,Private,Transport-moving,7298,0,48,39,1
48,Male,White,Divorced,1,401333,HS-grad,Private,Sales,0,0,40,39,0
36,Male,White,Never-married,3,344351,HS-grad,Self-emp-not-inc,Transport-moving,0,0,40,39,0
55,Female,Black,Never-married,1,49996,11th,Private,Machine-op-inspct,0,0,40,39,0
38,Male,White,Married-civ-spouse,0,167440,Bachelors,Private,Transport-moving,4508,0,40,39,0
38,Male,White,Married-civ-spouse,0,66686,Assoc-voc,Private,Machine-op-inspct,0,0,40,39,1
19,Female,Black,Never-married,3,175495,HS-grad,Other,Other,0,0,24,39,0
58,Male,White,Married-civ-spouse,0,322013,HS-grad,Private,Craft-repair,0,0,40,39,0
38,Female,White,Married-civ-spouse,5,114835,Bachelors,Self-emp-not-inc,Sales,0,0,60,39,1
36,Male,Black,Never-married,1,226918,Bachelors,Private,Sales,0,0,48,39,0
48,Male,White,Married-civ-spouse,0,51579,Bachelors,Self-emp-inc,Exec-managerial,0,0,60,39,1
46,Female,White,Married-spouse-absent,4,292504,Some-college,Private,Sales,0,0,40,39,0
21,Female,White,Never-married,3,140764,Some-college,State-gov,Adm-clerical,0,0,12,39,0
20,Male,White,Never-married,3,216889,Some-college,Private,Protective-serv,0,0,40,39,0
66,Male,White,Married-civ-spouse,0,68219,9th,Other,Other,0,0,40,39,0
58,Male,White,Married-civ-spouse,0,130454,Some-college,Self-emp-inc,Exec-managerial,0,0,50,39,1
22,Male,White,Married-civ-spouse,0,300871,Some-college,Private,Tech-support,0,0,40,39,0
21,Female,White,Divorced,2,263641,HS-grad,Private,Sales,0,0,40,39,0
31,Male,White,Married-civ-spouse,0,175856,HS-grad,Self-emp-not-inc,Craft-repair,0,0,60,39,0
33,Male,White,Married-civ-spouse,0,143540,HS-grad,Private,Craft-repair,0,0,40,39,0
45,Male,White,Married-civ-spouse,0,97842,Some-college,Private,Machine-op-inspct,0,0,65,39,0
53,Male,White,Married-civ-spouse,0,55139,Masters,Self-emp-inc,Exec-managerial,0,0,40,39,1
19,Female,White,Never-married,3,200136,Some-college,Private,Sales,0,0,20,39,0
41,Male,Black,Married-civ-spouse,0,183009,HS-grad,Local-gov,Transport-moving,0,0,40,39,1
72,Male,White,Married-civ-spouse,0,285408,Prof-school,Self-emp-not-inc,Prof-specialty,0,2246,28,39,1
35,Male,White,Married-civ-spouse,0,239409,10th,Private,Machine-op-inspct,0,0,50,39,0
23,Female,White,Never-married,3,210474,Some-college,Private,Other-service,0,0,20,39,0
56,Male,Black,Divorced,1,157525,Some-college,Local-gov,Protective-serv,0,0,48,39,0
51,Male,White,Married-civ-spouse,0,340588,1st-4th,Private,Other-service,0,0,54,26,0
47,Male,Other,Never-married,1,119471,7th-8th,Self-emp-inc,Craft-repair,0,0,40,0,0
24,Female,White,Never-married,1,210781,Bachelors,Private,Priv-house-serv,0,0,40,10,0
52,Male,White,Married-civ-spouse,0,179951,Prof-school,Self-emp-inc,Exec-managerial,0,0,40,39,0
22,Female,White,Never-married,3,96862,Some-college,State-gov,Adm-clerical,0,0,40,39,0
24,Female,Black,Never-married,3,140027,Some-college,Private,Machine-op-inspct,0,0,45,39,0
19,Female,White,Never-married,3,423863,Some-college,Other,Other,0,0,35,39,0
72,Male,White,Married-spouse-absent,1,194548,Some-college,Other,Other,0,0,3,39,0
17,Male,White,Never-married,2,270942,5th-6th,Private,Other-service,0,0,48,26,0
64,Male,White,Married-civ-spouse,0,166715,Some-college,Private,Exec-managerial,0,0,20,39,0
22,Female,White,Never-married,3,214716,HS-grad,Private,Other-service,0,0,40,39,0
28,Female,White,Never-married,1,56340,Bachelors,Private,Prof-specialty,0,0,20,39,0
41,Male,White,Married-civ-spouse,0,171351,Some-college,Private,Craft-repair,0,0,40,39,0
31,Male,White,Never-married,2,219619,HS-grad,Private,Sales,0,0,48,39,0
19,Male,White,Never-married,3,176570,11th,Private,Machine-op-inspct,0,0,60,39,0
23,Female,Black,Never-married,3,297152,Some-college,Private,Adm-clerical,0,0,25,39,0
51,Male,White,Married-civ-spouse,0,237141,Masters,State-gov,Exec-managerial,0,0,40,39,1
61,Male,White,Married-civ-spouse,0,146788,7th-8th,Private,Transport-moving,0,0,40,39,0
35,Female,White,Never-married,1,317153,HS-grad,Private,Sales,0,0,40,39,0
43,Male,White,Married-civ-spouse,0,75742,Some-college,Private,Transport-moving,0,0,45,39,0
33,Male,Black,Married-spouse-absent,2,293063,Bachelors,Local-gov,Prof-specialty,0,0,40,0,0
45,Male,White,Never-married,1,205424,Bachelors,Private,Prof-specialty,0,0,40,39,1
28,Male,White,Never-married,1,51672,HS-grad,Private,Craft-repair,0,0,35,39,0
36,Male,White,Married-civ-spouse,0,104858,Some-college,Private,Farming-fishing,0,0,56,39,1
25,Female,White,Never-married,1,130557,Bachelors,Private,Adm-clerical,0,0,40,39,0
38,Male,White,Married-civ-spouse,0,478829,Prof-school,Self-emp-inc,Prof-specialty,99999,0,50,39,1
50,Female,White,Divorced,4,98228,HS-grad,Private,Sales,0,0,45,39,0
56,Male,White,Married-civ-spouse,0,178353,Some-college,Private,Prof-specialty,0,0,40,39,1
51,Female,White,Divorced,1,316059,Some-college,Private,Exec-managerial,0,0,36,39,0
28,Female,White,Never-married,1,122922,HS-grad,Private,Exec-managerial,0,0,50,39,0
44,Male,White,Married-civ-spouse,0,38876,HS-grad,Self-emp-not-inc,Farming-fishing,0,0,40,39,0
40,Male,White,Married-civ-spouse,0,206066,HS-grad,Private,Craft-repair,0,0,50,39,0
23,Male,Asian-Pac-Islander,Never-married,1,285004,Bachelors,Private,Sales,0,0,50,36,0
43,Female,Black,Separated,4,216116,Masters,Local-gov,Prof-specialty,0,0,37,39,0
22,Female,White,Never-married,1,183083,Some-college,Private,Machine-op-inspct,0,0,35,39,0
58,Male,White,Married-civ-spouse,0,81642,HS-grad,Self-emp-not-inc,Farming-fishing,0,0,60,39,0
46,Male,White,Married-civ-spouse,0,353012,Doctorate,Self-emp-not-inc,Prof-specialty,0,1902,50,39,1
42,Male,White,Married-civ-spouse,0,162140,Bachelors,Private,Exec-managerial,7298,0,45,39,1
50,Female,White,Married-civ-spouse,5,137253,Bachelors,Private,Adm-clerical,0,0,40,39,1
34,Male,White,Married-civ-spouse,0,303867,Bachelors,Private,Prof-specialty,0,0,40,39,1
20,Female,White,Never-married,3,247794,Assoc-voc,Local-gov,Adm-clerical,0,0,35,39,0
58,Male,White,Married-civ-spouse,0,218724,7th-8th,Private,Farming-fishing,0,0,50,39,0
30,Male,Black,Never-married,1,65920,HS-grad,Private,Exec-managerial,0,0,40,39,0
59,Female,Asian-Pac-Islander,Widowed,2,221336,10th,Private,Other-service,0,0,40,30,0
34,Female,Black,Married-civ-spouse,5,595000,Masters,State-gov,Prof-specialty,0,0,40,39,1
25,Male,White,Never-married,2,170786,9th,Private,Transport-moving,0,0,40,39,0
30,Male,White,Married-civ-spouse,0,122042,Masters,Private,Exec-managerial,0,0,45,39,1
41,Male,White,Married-civ-spouse,0,155767,Some-college,Self-emp-not-inc,Exec-managerial,0,0,50,39,0
53,Female,White,Divorced,4,142411,Assoc-voc,Private,Prof-specialty,0,0,40,39,0
43,Female,White,Married-civ-spouse,5,111949,HS-grad,Private,Other-service,0,0,35,39,0
44,Male,White,Married-civ-spouse,0,190205,7th-8th,Other,Other,0,0,25,39,0
18,Male,White,Never-married,3,146586,HS-grad,Local-gov,Other-service,0,0,60,39,0
31,Male,Black,Divorced,4,174704,HS-grad,Private,Sales,0,0,50,39,0
18,Female,White,Never-married,3,60981,11th,Self-emp-not-inc,Other-service,0,0,4,39,0
29,Male,White,Married-civ-spouse,0,130856,HS-grad,Self-emp-inc,Exec-managerial,0,0,45,39,0
46,Male,White,Separated,1,504725,5th-6th,Private,Handlers-cleaners,0,0,50,26,0
31,Female,White,Married-civ-spouse,5,292592,HS-grad,Private,Machine-op-inspct,0,0,40,39,0
24,Male,White,Never-married,3,114292,9th,Other,Other,0,0,40,39,0
22,Male,White,Never-married,2,290504,HS-grad,Private,Other-service,0,0,40,39,0
46,Female,Asian-Pac-Islander,Divorced,4,275625,Bachelors,Self-emp-not-inc,Other-service,0,0,60,35,1
17,Female,White,Never-married,3,160049,10th,Private,Other-service,0,0,12,39,0
23,Male,Asian-Pac-Islander,Never-married,2,140915,Some-college,Private,Sales,0,0,25,30,0
33,Male,Black,Divorced,1,289046,HS-grad,Other,Other,0,1741,40,39,0
48,Male,White,Married-civ-spouse,0,173243,Doctorate,Private,Prof-specialty,0,0,45,39,1
49,Male,White,Married-civ-spouse,0,31339,HS-grad,Local-gov,Craft-repair,0,0,40,39,0
40,Female,White,Divorced,4,193144,HS-grad,Private,Other-service,0,0,36,39,0
54,Male,White,Married-civ-spouse,0,31533,Masters,Local-gov,Adm-clerical,7298,0,40,39,1
29,Male,White,Married-civ-spouse,0,118337,HS-grad,Private,Transport-moving,0,0,60,39,0
32,Male,White,Married-civ-spouse,0,37232,Prof-school,Self-emp-not-inc,Prof-specialty,7688,0,45,39,1
27,Female,White,Never-married,1,330132,HS-grad,Other,Other,0,0,25,39,0
34,Male,White,Never-married,3,321787,Some-college,Private,Adm-clerical,0,0,40,39,0
31,Male,White,Married-civ-spouse,0,123430,11th,Private,Farming-fishing,0,0,65,26,0
68,Male,White,Married-civ-spouse,0,144056,HS-grad,Private,Adm-clerical,3818,0,40,39,0
52,Female,White,Divorced,1,194788,Masters,Local-gov,Exec-managerial,4787,0,60,39,1
40,Male,Black,Never-married,1,118001,HS-grad,Private,Handlers-cleaners,0,0,40,39,0
68,Male,White,Married-civ-spouse,0,351402,Doctorate,Other,Other,0,0,70,39,0
35,Male,White,Never-married,1,187711,HS-grad,Private,Machine-op-inspct,0,0,40,39,0
51,Male,Black,Married-civ-spouse,0,415287,HS-grad,Private,Machine-op-inspct,0,1902,40,39,1
34,Male,White,Married-civ-spouse,0,115066,Some-college,Private,Exec-managerial,0,0,42,39,1
25,Female,White,Married-civ-spouse,5,374918,12th,Private,Other-service,0,0,40,39,0
21,Female,Black,Never-married,1,152389,Some-college,Private,Other-service,0,0,30,39,0
24,Female,Black,Never-married,1,122234,Some-college,Private,Adm-clerical,0,0,20,0,0
20,Female,White,Never-married,3,133515,Some-college,Other,Other,0,0,15,10,0
24,Female,White,Never-married,1,257621,Bachelors,State-gov,Prof-specialty,0,0,20,39,0
20,Male,White,Never-married,3,22966,Some-college,Private,Other-service,0,0,12,2,0
30,Female,Asian-Pac-Islander,Never-married,3,163003,Bachelors,Private,Exec-managerial,0,0,52,36,0
40,Female,Asian-Pac-Islander,Married-civ-spouse,5,182460,Masters,State-gov,Prof-specialty,0,0,38,3,1
33,Male,White,Married-civ-spouse,0,133503,HS-grad,Private,Sales,0,1977,45,39,1
43,Female,Black,Married-civ-spouse,5,393354,Some-college,Private,Adm-clerical,0,0,38,39,1
39,Male,White,Married-civ-spouse,0,174330,Some-college,Self-emp-not-inc,Craft-repair,0,0,40,39,0
44,Female,White,Divorced,1,133853,Some-college,Private,Exec-managerial,0,0,50,39,0
53,Female,White,Widowed,3,194501,11th,Private,Other-service,0,0,47,39,0
20,Male,White,Never-married,3,114874,Some-college,Private,Adm-clerical,0,0,30,39,0
32,Female,Black,Divorced,1,169837,Assoc-acdm,Local-gov,Exec-managerial,0,0,40,39,0
27,Male,White,Married-civ-spouse,0,159623,Some-college,Private,Sales,0,0,40,39,0
17,Male,White,Never-married,3,106733,11th,Private,Craft-repair,594,0,40,39,0
29,Male,White,Never-married,1,55390,Assoc-acdm,Private,Tech-support,0,0,45,39,0
31,Male,White,Divorced,1,188246,Assoc-acdm,Private,Craft-repair,0,0,50,39,1
54,Female,Black,Divorced,4,249860,11th,Private,Priv-house-serv,0,0,10,39,0
42,Male,White,Married-civ-spouse,0,53727,HS-grad,Federal-gov,Transport-moving,0,0,40,0,0
36,Male,White,Married-civ-spouse,0,220585,Assoc-acdm,Private,Exec-managerial,0,0,50,39,1
33,Male,White,Never-married,1,460408,HS-grad,Private,Sales,3325,0,50,39,0
61,Male,White,Married-civ-spouse,0,128230,7th-8th,Private,Sales,0,0,50,39,1
42,Male,Black,Never-married,2,227466,HS-grad,Private,Other-service,0,0,40,39,0
38,Male,White,Married-civ-spouse,0,326886,Assoc-voc,Private,Exec-managerial,0,0,45,39,1
39,Male,White,Divorced,1,498785,HS-grad,Private,Adm-clerical,0,0,40,39,0
20,Male,White,Never-married,3,308239,Some-college,Private,Other-service,0,0,16,39,0
58,Male,White,Married-civ-spouse,0,234481,10th,Private,Transport-moving,0,0,40,39,0
23,Female,White,Married-spouse-absent,1,54472,Some-college,Private,Other-service,0,0,50,39,0
26,Male,White,Never-married,1,68895,HS-grad,Private,Adm-clerical,0,0,50,26,0
21,Male,White,Never-married,1,129345,Some-college,State-gov,Protective-serv,0,0,40,39,0
32,Female,White,Separated,1,222900,Bachelors,Local-gov,Prof-specialty,0,0,50,39,1
25,Male,White,Married-civ-spouse,0,90730,Bachelors,Local-gov,Prof-specialty,0,1977,40,39,1
45,Male,White,Married-civ-spouse,0,191858,HS-grad,Private,Machine-op-inspct,0,0,45,39,1
34,Male,White,Married-civ-spouse,0,58305,HS-grad,Private,Craft-repair,0,1573,40,39,0
40,Male,Black,Divorced,1,149466,HS-grad,Private,Handlers-cleaners,0,0,35,39,0
50,Male,White,Divorced,1,22418,9th,Private,Transport-moving,0,0,50,39,0
35,Female,White,Married-civ-spouse,5,320084,Bachelors,Other,Other,0,0,55,39,1
47,Male,White,Married-civ-spouse,0,334039,Bachelors,Private,Exec-managerial,7298,0,44,39,1
31,Female,White,Married-civ-spouse,5,207301,HS-grad,Federal-gov,Adm-clerical,0,0,40,39,1
22,Female,White,Never-married,4,318915,HS-grad,Private,Other-service,0,0,40,39,0
17,Female,Black,Never-married,3,659273,11th,Other,Other,0,0,40,38,0
20,Female,White,Never-married,3,400443,HS-grad,Private,Sales,0,0,20,39,0
30,Female,White,Divorced,4,251411,Some-college,Private,Adm-clerical,0,0,40,39,0
22,Female,White,Never-married,3,34616,Some-college,Other,Other,0,0,20,39,0
24,Male,White,Married-civ-spouse,0,235894,HS-grad,Private,Craft-repair,0,0,40,39,0
23,Female,White,Never-married,1,502316,Bachelors,State-gov,Prof-specialty,0,0,40,39,0
38,Male,White,Married-civ-spouse,0,183279,Some-college,Private,Craft-repair,0,0,43,39,0
37,Male,White,Married-civ-spouse,0,175759,Bachelors,Private,Tech-support,0,0,40,39,1
34,Male,White,Married-civ-spouse,0,140011,Prof-school,Self-emp-not-inc,Prof-specialty,0,0,55,39,1
37,Male,White,Married-civ-spouse,0,91711,Bachelors,Private,Exec-managerial,0,0,60,39,1
37,Male,White,Divorced,1,166497,Bachelors,Private,Craft-repair,0,0,35,39,0
35,Male,White,Married-civ-spouse,0,61343,HS-grad,Other,Other,0,0,40,39,0
38,Male,White,Married-civ-spouse,0,248919,11th,Private,Craft-repair,0,0,40,13,0
90,Male,White,Married-civ-spouse,0,87372,Prof-school,Private,Prof-specialty,20051,0,72,39,1
45,Male,White,Married-civ-spouse,0,199590,5th-6th,Private,Transport-moving,0,0,38,26,0
36,Female,White,Divorced,4,265881,HS-grad,Private,Machine-op-inspct,0,0,40,39,0
51,Female,White,Separated,4,208899,Bachelors,Private,Adm-clerical,0,0,40,39,0
35,Male,White,Married-civ-spouse,0,238342,HS-grad,Private,Transport-moving,0,0,40,39,0
26,Male,Asian-Pac-Islander,Never-married,4,332008,Some-college,Private,Craft-repair,0,0,37,36,0
25,Male,White,Never-married,1,326370,Some-college,Private,Adm-clerical,0,0,38,0,0
39,Male,White,Married-civ-spouse,0,188571,Assoc-voc,Self-emp-not-inc,Farming-fishing,0,0,60,39,0
52,Male,White,Married-civ-spouse,0,191529,Some-college,Private,Exec-managerial,0,1740,60,39,0
58,Female,White,Married-civ-spouse,5,354024,HS-grad,Private,Adm-clerical,0,0,40,39,1
21,Male,White,Married-civ-spouse,0,180190,Assoc-voc,Private,Farming-fishing,0,0,46,39,0
24,Female,White,Never-married,3,275421,Some-college,State-gov,Machine-op-inspct,0,0,40,39,0
22,Male,White,Never-married,4,223515,Bachelors,Private,Prof-specialty,0,0,20,39,0
66,Male,White,Married-civ-spouse,0,29431,HS-grad,Private,Sales,0,0,50,39,0
24,Male,White,Separated,1,150084,Some-college,Local-gov,Protective-serv,0,0,60,39,0
56,Male,White,Married-civ-spouse,0,73746,Some-college,Self-emp-not-inc,Exec-managerial,0,0,50,39,1
59,Female,White,Divorced,4,226922,HS-grad,Private,Sales,0,1762,30,39,0
17,Male,White,Never-married,3,100828,Some-college,Private,Adm-clerical,0,0,20,39,0
32,Female,White,Never-married,3,209432,HS-grad,Private,Handlers-cleaners,0,0,40,39,0
29,Female,Amer-Indian-Eskimo,Married-civ-spouse,5,24153,Some-college,Private,Other-service,0,0,40,39,0
24,Male,Black,Never-married,3,279041,HS-grad,Private,Handlers-cleaners,0,0,40,39,0
66,Female,White,Divorced,1,71075,Some-college,State-gov,Exec-managerial,0,0,55,39,0
54,Male,White,Married-civ-spouse,0,77336,HS-grad,Private,Sales,0,0,40,39,0
24,Female,White,Never-married,1,50341,Bachelors,Private,Adm-clerical,0,0,40,39,0
56,Male,White,Married-civ-spouse,0,201822,7th-8th,Private,Handlers-cleaners,0,2002,40,39,0
29,Female,White,Never-married,1,201155,9th,Private,Sales,0,0,48,39,0
34,Male,Black,Never-married,1,306215,Assoc-voc,Private,Handlers-cleaners,0,0,40,39,0
68,Female,White,Widowed,1,152157,HS-grad,Other,Other,0,0,20,39,0
36,Female,Black,Divorced,4,317040,Assoc-voc,Private,Adm-clerical,0,0,54,39,0
44,Female,White,Separated,4,172025,Some-college,Private,Adm-clerical,0,0,38,39,0
31,Male,White,Married-civ-spouse,0,201292,HS-grad,Private,Other-service,0,0,40,39,0
41,Female,White,Separated,4,187336,HS-grad,Private,Adm-clerical,0,0,40,39,0
59,Male,White,Married-civ-spouse,0,117299,HS-grad,Federal-gov,Craft-repair,0,1887,40,39,1
65,Male,White,Married-civ-spouse,0,172949,HS-grad,Without-pay,Transport-moving,2414,0,20,39,0
51,Male,White,Married-civ-spouse,0,24790,Some-college,Self-emp-not-inc,Exec-managerial,0,0,99,39,1
31,Male,White,Married-civ-spouse,0,169002,HS-grad,Private,Handlers-cleaners,0,0,55,39,0
28,Male,White,Never-married,1,398918,HS-grad,Private,Tech-support,0,0,40,39,0
29,Male,White,Married-civ-spouse,0,163265,HS-grad,Private,Transport-moving,0,0,40,39,0
23,Male,Black,Never-married,1,520759,HS-grad,Private,Other-service,0,0,30,39,0
22,Female,White,Never-married,3,184665,HS-grad,Private,Machine-op-inspct,0,0,40,39,0
65,Female,White,Divorced,1,23580,Bachelors,Private,Adm-clerical,0,0,40,39,0
48,Female,White,Married-civ-spouse,5,52240,Assoc-voc,Self-emp-not-inc,Exec-managerial,0,0,25,39,1
34,Female,White,Divorced,4,172579,Assoc-voc,Private,Tech-support,0,0,40,39,0
19,Male,White,Never-married,1,130431,5th-6th,Private,Farming-fishing,0,0,36,26,0
64,Female,White,Married-civ-spouse,5,202738,HS-grad,Local-gov,Adm-clerical,0,0,35,39,0
22,Male,Asian-Pac-Islander,Never-married,3,160120,10th,Private,Transport-moving,0,0,30,39,0
34,Male,White,Married-civ-spouse,0,35595,Assoc-voc,Private,Tech-support,0,0,40,39,0
48,Male,White,Married-civ-spouse,0,107373,7th-8th,Private,Handlers-cleaners,0,0,40,39,0
36,Female,White,Divorced,4,28738,Assoc-acdm,Self-emp-not-inc,Sales,0,0,35,39,0
39,Male,White,Married-civ-spouse,0,107302,HS-grad,Private,Prof-specialty,0,0,45,0,1
38,Female,White,Divorced,4,179262,Some-college,Private,Adm-clerical,0,0,30,39,0
44,Male,White,Never-married,1,110396,Masters,Private,Exec-managerial,14084,0,56,39,1
17,Female,White,Never-married,4,193199,11th,Private,Sales,0,0,12,31,0
27,Male,White,Never-married,1,211032,1st-4th,Private,Craft-repair,0,0,40,26,0
46,Female,Other,Separated,1,119890,Assoc-voc,Federal-gov,Tech-support,0,0,30,39,0
50,Male,White,Married-civ-spouse,0,89041,HS-grad,Private,Craft-repair,15024,0,50,39,1
30,Male,White,Never-married,1,523095,Some-college,Self-emp-not-inc,Craft-repair,0,0,45,39,0
18,Female,White,Never-married,3,139576,HS-grad,Private,Adm-clerical,0,0,40,39,0
39,Male,White,Married-civ-spouse,0,143385,HS-grad,Local-gov,Craft-repair,0,0,40,39,0
40,Male,White,Married-civ-spouse,0,69333,Bachelors,Private,Farming-fishing,0,0,40,39,0
74,Male,White,Married-civ-spouse,0,169303,HS-grad,Other,Other,6767,0,6,39,0
46,Female,White,Separated,4,111163,HS-grad,State-gov,Adm-clerical,0,0,38,39,0
29,Male,White,Married-civ-spouse,0,168221,Bachelors,Self-emp-inc,Exec-managerial,0,1740,70,39,0
20,Male,White,Married-civ-spouse,0,70708,HS-grad,Private,Handlers-cleaners,0,0,60,39,0
47,Male,White,Married-civ-spouse,0,114459,Doctorate,Private,Prof-specialty,0,0,50,39,1
23,Female,White,Never-married,3,200973,HS-grad,Private,Adm-clerical,0,0,40,39,0
